1
46.0000,42.0000,17.0000,66.0000
31.0000,39.0000,18.0000,67.0000
26.0000,42.0000,23.0000,69.0000
29.0000,37.0000,28.0000,71.0000
15.0000,41.0000,20.0000,66.0000
13.0000,41.0000,21.0000,67.0000
32.0000,41.0000,20.0000,70.0000
13.0000,39.0000,28.0000,69.0000
7.4858,34.6543,30.8024,70.4821
5.9178,30.9037,37.3240,73.2494
21.3046,31.8279,32.3683,73.9078
35.8789,36.2226,31.7438,73.8394
49.2421,33.0100,27.0375,72.2943
57.0000,30.0000,23.0000,73.0000
79.0000,30.0000,22.0000,73.0000
93.0000,32.0000,22.0000,74.0000
80.0000,23.0000,31.0000,80.0000
74.0000,24.0000,24.0000,75.0000
79.0000,22.0000,24.0000,75.0000
77.0000,22.0000,23.0000,76.0000
75.0000,26.0000,21.0000,73.0000
77.0000,32.0000,20.0000,74.0000
83.0000,37.0000,21.0000,75.0000
66.0000,41.0000,24.0000,77.0000
66.0000,39.0000,25.0000,75.0000
71.0000,27.0000,27.0000,76.0000
67.0000,20.0000,28.0000,77.0000
59.0000,13.0000,33.0000,77.0000
52.0000,11.0000,24.0000,77.0000
54.1223,13.7146,26.7815,79.0747
65.5372,20.2042,25.8776,77.2338
71.0000,22.0000,34.0000,79.0000
80.0000,18.0000,23.0000,88.0000
93.0000,19.0000,35.0000,80.0000
106.4752,23.5001,30.3851,79.4774
101.7426,20.6342,30.3214,80.3708
99.6155,18.3526,30.5285,80.6588
117.6366,22.4104,31.0045,81.3702
125.2505,24.9171,38.1238,83.1371
134.0000,25.0000,27.0000,81.0000
140.0000,29.0000,22.0000,75.0000
135.0000,26.0000,30.0000,85.0000
127.0000,19.0000,38.0000,92.0000
131.4672,19.4733,41.3533,89.0847
114.9218,20.3675,63.2443,97.8799
77.5065,22.0244,55.9461,95.0802
32.1321,12.6227,93.3270,112.8685
48.9665,19.8781,55.9180,94.5103
21.6434,13.8668,95.2766,114.7487
20.7581,5.0221,96.8006,115.3619
16.0687,1.0000,98.4084,109.4222
2
0
0
0
0
1
96.0000,25.0000,25.0000,79.0000
95.0000,19.0000,26.0000,80.0000
118.0000,15.0000,26.0000,81.0000
127.0000,14.0000,28.0000,80.0000
119.0000,18.0000,29.0000,80.0000
119.0000,26.0000,31.0000,82.0000
121.0000,33.0000,25.0000,79.0000
122.0000,35.0000,24.0000,80.0000
126.0000,41.0000,24.0000,81.0000
136.0000,52.0000,24.0000,81.0000
133.0000,56.0000,25.0000,82.0000
114.0000,53.0000,29.0000,84.0000
118.0000,42.0000,30.0000,85.0000
112.0000,42.0000,31.0000,86.0000
100.0000,48.0000,32.0000,87.0000
90.0000,33.0000,32.0000,88.0000
87.0000,40.0000,29.0000,88.0000
99.0000,47.0000,27.0000,87.0000
108.0000,58.0000,29.0000,87.0000
114.0000,62.0000,32.0000,88.0000
123.0000,57.0000,34.0000,91.0000
135.7756,62.5322,34.7560,92.1194
123.5062,52.6070,35.0287,92.3790
132.0000,49.0000,36.0000,90.0000
142.2564,44.1757,40.1525,92.8672
152.9561,42.0875,36.2421,92.0149
159.5644,42.6263,37.5344,92.7185
169.2608,43.2865,40.5890,96.7239
168.0000,47.0000,33.0000,95.0000
166.0000,46.0000,27.0000,89.0000
165.0000,46.0000,31.0000,95.0000
162.0000,39.0000,34.0000,96.0000
2
0
0
0
0
1
131.0000,39.0000,33.0000,91.0000
140.0000,39.0000,44.0000,97.0000
136.5717,38.6763,51.8375,102.0020
115.0000,48.0000,37.0000,92.0000
112.0000,44.0000,40.0000,93.0000
109.0000,44.0000,43.0000,95.0000
98.0000,33.0000,48.0000,96.0000
2
0
0
0
0
1
168.0000,31.0000,31.0000,92.0000
170.1438,33.7562,30.1644,91.1863
167.3294,35.0996,33.6921,92.3256
163.0643,39.4968,31.8945,90.1992
126.0000,38.0000,41.0000,94.0000
126.0000,37.0000,31.0000,90.0000
116.0000,44.0000,34.0000,93.0000
116.8208,39.8479,38.6902,95.0765
115.1105,38.8488,36.5191,95.5851
112.2078,43.8202,35.8909,96.2464
118.3349,41.1381,36.3475,95.8214
135.9333,42.0845,36.6425,95.8857
142.6215,43.8426,37.1942,97.6304
139.3759,40.6849,35.8143,96.5662
134.9780,38.6847,36.9658,101.5304
137.2487,22.1449,36.9492,98.9490
138.4808,15.7423,36.9446,99.5547
165.9679,16.1224,34.0646,96.5628
169.5542,18.1182,35.2822,99.8484
170.8760,25.8666,35.1701,101.6133
166.4562,30.7445,38.5700,99.3932
162.4265,27.2987,45.8616,100.1670
156.9215,28.4708,43.3239,99.4902
160.5984,31.9684,39.1677,99.0997
146.8568,25.2301,42.5825,99.0207
127.6872,23.5054,50.1644,105.1268
118.5014,17.1695,59.3786,112.3982
131.0000,2.0000,58.0000,119.0000
119.9838,5.7323,64.8338,118.7686
127.0758,5.5378,64.9548,113.1297
125.8091,16.1776,52.6375,111.8805
