1
46.0000,42.0000,17.0000,66.0000
31.0000,39.0000,18.0000,67.0000
26.0000,42.0000,23.0000,69.0000
29.0000,37.0000,29.0000,71.0000
16.0000,36.0000,36.0000,73.0000
14.7744,38.7868,29.6900,70.8683
16.0681,42.0879,26.7833,69.3676
13.0000,39.0000,28.0000,69.0000
20.9886,34.0522,26.7596,71.6076
29.6983,31.5644,27.0950,72.6045
39.0000,32.0000,23.0000,72.0000
55.0000,36.0000,22.0000,72.0000
59.0000,32.0000,22.0000,72.0000
57.0000,30.0000,23.0000,73.0000
79.0000,30.0000,22.0000,73.0000
93.0000,32.0000,22.0000,74.0000
81.0000,25.0000,28.0000,76.0000
73.0000,24.0000,26.0000,76.0000
77.9275,21.5389,28.3048,77.7751
77.0000,22.0000,23.0000,76.0000
74.0000,25.0000,21.0000,75.0000
77.0000,32.0000,20.0000,74.0000
83.0000,37.0000,21.0000,75.0000
66.0000,41.0000,24.0000,77.0000
64.0000,39.0000,33.0000,76.0000
71.0000,27.0000,27.0000,76.0000
67.0000,20.0000,28.0000,77.0000
61.0000,13.0000,26.0000,77.0000
52.0000,11.0000,24.0000,77.0000
54.6223,13.7146,24.7815,78.0747
65.1729,20.1671,25.4858,77.4043
72.0000,22.0000,27.0000,78.0000
78.0000,23.0000,28.0000,78.0000
94.0000,19.0000,28.0000,79.0000
106.0000,19.0000,30.0000,89.0000
101.4642,18.4345,29.3886,84.9230
99.9230,17.3187,30.2288,83.1194
117.9430,21.9353,31.0210,82.6036
126.7001,25.5703,33.1166,80.8870
137.0000,28.0000,22.0000,75.0000
137.0000,26.0000,27.0000,82.0000
140.0000,30.0000,20.0000,75.0000
133.0000,25.0000,43.0000,85.0000
126.3561,18.1678,49.0237,91.4870
109.7106,18.5721,65.3728,99.9376
77.3861,21.9957,55.9200,95.0890
32.5974,12.6534,93.2325,112.7558
47.3646,19.1607,58.4308,96.9640
22.0421,13.3168,95.8406,115.3716
41.7331,12.4479,60.4593,99.0394
2
0
0
0
0
1
105.0000,29.0000,31.0000,82.0000
97.0000,25.0000,29.0000,82.0000
97.0000,19.0000,28.0000,82.0000
117.0000,15.0000,34.0000,84.0000
126.0618,13.6870,37.5670,85.4498
121.2236,19.0978,33.8965,83.6412
125.0000,27.0000,29.0000,82.0000
123.0000,33.0000,29.0000,81.0000
124.0000,35.0000,29.0000,82.0000
128.0000,41.0000,29.0000,82.0000
138.0000,53.0000,29.0000,82.0000
135.0000,56.0000,31.0000,84.0000
116.9193,53.4088,33.8515,85.2867
120.0000,41.0000,34.0000,87.0000
114.0000,42.0000,36.0000,87.0000
102.0000,46.0000,36.0000,91.0000
92.0000,31.0000,37.0000,93.0000
87.6170,38.2260,35.7741,92.1919
99.0710,46.6380,35.3716,90.7879
108.5298,57.1465,36.4099,90.8994
115.8324,61.4096,37.5375,92.0719
126.4657,58.1113,36.9768,91.8053
138.7440,62.9683,37.7632,93.5641
126.3844,52.4869,38.1608,94.9871
135.0663,47.6805,40.5184,94.6980
148.6554,44.9023,40.4533,93.6082
156.1830,42.3990,39.0230,92.4393
162.6093,41.1960,39.7369,94.8217
168.3900,35.5422,50.9784,112.2472
167.7407,40.6213,47.5716,110.1053
163.0000,31.0000,42.0000,122.0000
163.0000,32.0000,44.0000,123.0000
159.0000,25.0000,48.0000,125.0000
154.0000,79.0000,62.0000,137.0000
138.0000,61.0000,69.0000,152.0000
2
0
0
0
0
1
142.0000,40.0000,40.0000,96.0000
120.0000,45.0000,41.0000,94.0000
118.0000,42.0000,34.0000,95.0000
115.0000,41.0000,45.0000,97.0000
104.0000,30.0000,49.0000,98.0000
91.0000,16.0000,51.0000,99.0000
119.0409,16.4440,55.8011,102.7612
121.1161,20.5994,58.4228,103.5388
2
0
0
0
0
1
166.0000,41.0000,31.0000,91.0000
137.0000,43.0000,33.0000,90.0000
131.0000,40.0000,34.0000,92.0000
121.0000,47.0000,36.0000,94.0000
122.3119,43.8807,36.8223,94.9432
120.4961,41.8622,37.1387,95.5115
118.3546,46.9408,34.5269,94.9184
124.9430,44.4352,35.6617,95.9003
140.1294,44.8428,37.5281,96.8788
148.4776,46.5433,37.4171,98.1433
144.9442,42.7178,38.9489,98.8336
139.6721,41.4786,42.0922,99.6312
141.0308,24.3875,41.5680,101.6308
142.8489,19.0359,38.5704,98.6243
168.6113,18.4478,38.3938,99.5502
172.5262,21.0287,37.0773,99.8788
174.8740,29.8451,36.1730,98.1562
170.2234,33.0965,41.4913,101.3293
167.0406,29.9681,42.3435,102.2111
161.2207,30.8870,42.9614,102.2213
163.3922,34.2273,42.6497,101.5251
149.9131,25.9737,48.8902,107.6140
133.0868,25.1886,47.9555,109.6912
124.9108,20.4575,53.6810,114.8809
136.0000,7.0000,56.0000,116.0000
125.4356,9.9464,61.8456,118.1761
129.5296,6.0028,67.9005,122.4651
127.8247,17.6122,61.3037,116.4057
