1
275.0000,67.0000,23.0000,70.0000
275.0000,69.0000,23.0000,70.0000
275.0000,69.0000,23.0000,70.0000
275.0000,69.0000,23.0000,70.0000
275.0000,69.0000,23.0000,70.0000
275.0000,69.0000,23.0000,70.0000
275.0000,70.0000,23.0000,70.0000
275.0000,70.0000,23.0000,70.0000
275.0000,70.0000,23.0000,70.0000
275.0000,70.0000,23.0000,70.0000
275.0000,70.0000,23.0000,70.0000
276.0000,64.0000,23.0000,70.0000
276.0000,64.0000,23.0000,70.0000
276.0000,64.0000,23.0000,70.0000
276.0000,64.0000,23.0000,70.0000
276.0000,64.0000,23.0000,70.0000
283.0000,66.0000,23.0000,70.0000
283.0000,66.0000,23.0000,70.0000
283.0000,66.0000,23.0000,70.0000
283.0000,66.0000,23.0000,70.0000
283.0000,66.0000,23.0000,70.0000
276.0000,66.0000,23.0000,70.0000
276.0000,66.0000,23.0000,70.0000
276.0000,66.0000,23.0000,70.0000
276.0000,66.0000,23.0000,70.0000
276.0000,66.0000,23.0000,70.0000
276.0000,66.0000,23.0000,70.0000
282.0000,67.0000,23.0000,70.0000
282.0000,67.0000,23.0000,70.0000
282.0000,67.0000,23.0000,70.0000
282.0000,67.0000,23.0000,70.0000
282.0000,67.0000,23.0000,70.0000
276.0000,64.0000,23.0000,70.0000
276.0000,64.0000,23.0000,70.0000
276.0000,64.0000,23.0000,70.0000
276.0000,64.0000,23.0000,70.0000
276.0000,64.0000,23.0000,70.0000
275.0000,62.0000,23.0000,70.0000
275.0000,62.0000,23.0000,70.0000
275.0000,62.0000,23.0000,70.0000
275.0000,62.0000,23.0000,70.0000
275.0000,62.0000,23.0000,70.0000
276.0000,62.0000,23.0000,70.0000
276.0000,62.0000,23.0000,70.0000
276.0000,62.0000,23.0000,70.0000
276.0000,62.0000,23.0000,70.0000
276.0000,62.0000,23.0000,70.0000
276.0000,62.0000,23.0000,70.0000
274.0000,58.0000,23.0000,70.0000
274.0000,58.0000,23.0000,70.0000
274.0000,58.0000,23.0000,70.0000
274.0000,58.0000,23.0000,70.0000
274.0000,58.0000,23.0000,70.0000
281.0000,65.0000,23.0000,70.0000
281.0000,65.0000,23.0000,70.0000
281.0000,65.0000,23.0000,70.0000
281.0000,65.0000,23.0000,70.0000
281.0000,65.0000,23.0000,70.0000
283.0000,63.0000,23.0000,70.0000
283.0000,63.0000,23.0000,70.0000
283.0000,63.0000,23.0000,70.0000
283.0000,63.0000,23.0000,70.0000
283.0000,63.0000,23.0000,70.0000
283.0000,63.0000,23.0000,70.0000
282.0000,63.0000,23.0000,70.0000
282.0000,63.0000,23.0000,70.0000
282.0000,63.0000,23.0000,70.0000
282.0000,63.0000,23.0000,70.0000
282.0000,63.0000,23.0000,70.0000
282.0000,64.0000,23.0000,70.0000
282.0000,64.0000,23.0000,70.0000
282.0000,64.0000,23.0000,70.0000
282.0000,64.0000,23.0000,70.0000
282.0000,64.0000,23.0000,70.0000
282.0000,62.0000,23.0000,70.0000
282.0000,62.0000,23.0000,70.0000
282.0000,62.0000,23.0000,70.0000
282.0000,62.0000,23.0000,70.0000
282.0000,62.0000,23.0000,70.0000
282.0000,62.0000,23.0000,70.0000
282.0000,62.0000,23.0000,70.0000
282.0000,62.0000,23.0000,70.0000
282.0000,62.0000,23.0000,70.0000
282.0000,62.0000,23.0000,70.0000
282.0000,62.0000,23.0000,70.0000
281.0000,60.0000,23.0000,70.0000
281.0000,60.0000,23.0000,70.0000
281.0000,60.0000,23.0000,70.0000
281.0000,60.0000,23.0000,70.0000
281.0000,60.0000,23.0000,70.0000
281.0000,60.0000,23.0000,70.0000
279.0000,57.0000,23.0000,70.0000
279.0000,57.0000,23.0000,70.0000
279.0000,57.0000,23.0000,70.0000
279.0000,57.0000,23.0000,70.0000
279.0000,57.0000,23.0000,70.0000
280.0000,59.0000,23.0000,70.0000
280.0000,59.0000,23.0000,70.0000
280.0000,59.0000,23.0000,70.0000
280.0000,59.0000,23.0000,70.0000
280.0000,59.0000,23.0000,70.0000
287.0000,55.0000,23.0000,70.0000
287.0000,55.0000,23.0000,70.0000
287.0000,55.0000,23.0000,70.0000
287.0000,55.0000,23.0000,70.0000
287.0000,55.0000,23.0000,70.0000
287.0000,55.0000,23.0000,70.0000
290.0000,54.0000,23.0000,70.0000
290.0000,54.0000,23.0000,70.0000
290.0000,54.0000,23.0000,70.0000
290.0000,54.0000,23.0000,70.0000
290.0000,54.0000,23.0000,70.0000
288.0000,59.0000,23.0000,70.0000
288.0000,59.0000,23.0000,70.0000
288.0000,59.0000,23.0000,70.0000
288.0000,59.0000,23.0000,70.0000
288.0000,59.0000,23.0000,70.0000
290.0000,59.0000,23.0000,70.0000
290.0000,59.0000,23.0000,70.0000
290.0000,59.0000,23.0000,70.0000
290.0000,59.0000,23.0000,70.0000
290.0000,59.0000,23.0000,70.0000
290.0000,59.0000,23.0000,70.0000
291.0000,54.0000,23.0000,70.0000
291.0000,54.0000,23.0000,70.0000
291.0000,54.0000,23.0000,70.0000
291.0000,54.0000,23.0000,70.0000
291.0000,54.0000,23.0000,70.0000
298.0000,52.0000,23.0000,70.0000
298.0000,52.0000,23.0000,70.0000
298.0000,52.0000,23.0000,70.0000
298.0000,52.0000,23.0000,70.0000
298.0000,52.0000,23.0000,70.0000
298.0000,52.0000,23.0000,70.0000
305.0000,45.0000,23.0000,70.0000
305.0000,45.0000,23.0000,70.0000
305.0000,45.0000,23.0000,70.0000
305.0000,45.0000,23.0000,70.0000
305.0000,45.0000,23.0000,70.0000
311.0000,51.0000,23.0000,70.0000
311.0000,51.0000,23.0000,70.0000
311.0000,51.0000,23.0000,70.0000
311.0000,51.0000,23.0000,70.0000
311.0000,51.0000,23.0000,70.0000
315.0000,56.0000,23.0000,70.0000
315.0000,56.0000,23.0000,70.0000
315.0000,56.0000,23.0000,70.0000
315.0000,56.0000,23.0000,70.0000
315.0000,56.0000,23.0000,70.0000
315.0000,56.0000,23.0000,70.0000
316.0000,51.0000,23.0000,70.0000
316.0000,51.0000,23.0000,70.0000
316.0000,51.0000,23.0000,70.0000
316.0000,51.0000,23.0000,70.0000
316.0000,51.0000,23.0000,70.0000
318.0000,55.0000,23.0000,70.0000
318.0000,55.0000,23.0000,70.0000
318.0000,55.0000,23.0000,70.0000
318.0000,55.0000,23.0000,70.0000
318.0000,55.0000,23.0000,70.0000
316.0000,52.0000,23.0000,70.0000
316.0000,52.0000,23.0000,70.0000
316.0000,52.0000,23.0000,70.0000
316.0000,52.0000,23.0000,70.0000
316.0000,52.0000,23.0000,70.0000
316.0000,52.0000,23.0000,70.0000
316.0000,49.0000,23.0000,70.0000
316.0000,49.0000,23.0000,70.0000
316.0000,49.0000,23.0000,70.0000
316.0000,49.0000,23.0000,70.0000
316.0000,49.0000,23.0000,70.0000
317.0000,46.0000,23.0000,70.0000
317.0000,46.0000,23.0000,70.0000
317.0000,46.0000,23.0000,70.0000
317.0000,46.0000,23.0000,70.0000
317.0000,46.0000,23.0000,70.0000
316.0000,49.0000,23.0000,70.0000
316.0000,49.0000,23.0000,70.0000
316.0000,49.0000,23.0000,70.0000
316.0000,49.0000,23.0000,70.0000
316.0000,49.0000,23.0000,70.0000
317.0000,50.0000,23.0000,70.0000
317.0000,50.0000,23.0000,70.0000
317.0000,50.0000,23.0000,70.0000
317.0000,50.0000,23.0000,70.0000
317.0000,50.0000,23.0000,70.0000
317.0000,50.0000,23.0000,70.0000
318.0000,53.0000,23.0000,70.0000
318.0000,53.0000,23.0000,70.0000
318.0000,53.0000,23.0000,70.0000
318.0000,53.0000,23.0000,70.0000
318.0000,53.0000,23.0000,70.0000
319.0000,49.0000,23.0000,70.0000
319.0000,49.0000,23.0000,70.0000
319.0000,49.0000,23.0000,70.0000
319.0000,49.0000,23.0000,70.0000
319.0000,49.0000,23.0000,70.0000
318.0000,52.0000,23.0000,70.0000
318.0000,52.0000,23.0000,70.0000
318.0000,52.0000,23.0000,70.0000
318.0000,52.0000,23.0000,70.0000
318.0000,52.0000,23.0000,70.0000
318.0000,52.0000,23.0000,70.0000
318.0000,53.0000,23.0000,70.0000
318.0000,53.0000,23.0000,70.0000
318.0000,53.0000,23.0000,70.0000
318.0000,53.0000,23.0000,70.0000
318.0000,53.0000,23.0000,70.0000
315.0000,46.0000,23.0000,70.0000
315.0000,46.0000,23.0000,70.0000
315.0000,46.0000,23.0000,70.0000
315.0000,46.0000,23.0000,70.0000
315.0000,46.0000,23.0000,70.0000
315.0000,44.0000,23.0000,70.0000
315.0000,44.0000,23.0000,70.0000
315.0000,44.0000,23.0000,70.0000
315.0000,44.0000,23.0000,70.0000
315.0000,44.0000,23.0000,70.0000
315.0000,44.0000,23.0000,70.0000
317.0000,39.0000,23.0000,70.0000
317.0000,39.0000,23.0000,70.0000
317.0000,39.0000,23.0000,70.0000
317.0000,39.0000,23.0000,70.0000
317.0000,39.0000,23.0000,70.0000
315.0000,44.0000,23.0000,70.0000
315.0000,44.0000,23.0000,70.0000
315.0000,44.0000,23.0000,70.0000
315.0000,44.0000,23.0000,70.0000
315.0000,44.0000,23.0000,70.0000
318.0000,42.0000,23.0000,70.0000
318.0000,42.0000,23.0000,70.0000
318.0000,42.0000,23.0000,70.0000
318.0000,42.0000,23.0000,70.0000
318.0000,42.0000,23.0000,70.0000
318.0000,42.0000,23.0000,70.0000
317.0000,48.0000,23.0000,70.0000
317.0000,48.0000,23.0000,70.0000
317.0000,48.0000,23.0000,70.0000
317.0000,48.0000,23.0000,70.0000
317.0000,48.0000,23.0000,70.0000
315.0000,42.0000,23.0000,70.0000
315.0000,42.0000,23.0000,70.0000
315.0000,42.0000,23.0000,70.0000
315.0000,42.0000,23.0000,70.0000
315.0000,42.0000,23.0000,70.0000
315.0000,45.0000,23.0000,70.0000
315.0000,45.0000,23.0000,70.0000
315.0000,45.0000,23.0000,70.0000
315.0000,45.0000,23.0000,70.0000
315.0000,45.0000,23.0000,70.0000
315.0000,45.0000,23.0000,70.0000
315.0000,42.0000,23.0000,70.0000
315.0000,42.0000,23.0000,70.0000
315.0000,42.0000,23.0000,70.0000
315.0000,42.0000,23.0000,70.0000
315.0000,42.0000,23.0000,70.0000
314.0000,42.0000,23.0000,70.0000
314.0000,42.0000,23.0000,70.0000
314.0000,42.0000,23.0000,70.0000
314.0000,42.0000,23.0000,70.0000
314.0000,42.0000,23.0000,70.0000
313.0000,42.0000,23.0000,70.0000
313.0000,42.0000,23.0000,70.0000
313.0000,42.0000,23.0000,70.0000
313.0000,42.0000,23.0000,70.0000
313.0000,42.0000,23.0000,70.0000
313.0000,42.0000,23.0000,70.0000
314.0000,38.0000,23.0000,70.0000
314.0000,38.0000,23.0000,70.0000
314.0000,38.0000,23.0000,70.0000
314.0000,38.0000,23.0000,70.0000
314.0000,38.0000,23.0000,70.0000
312.0000,41.0000,23.0000,70.0000
312.0000,41.0000,23.0000,70.0000
312.0000,41.0000,23.0000,70.0000
312.0000,41.0000,23.0000,70.0000
312.0000,41.0000,23.0000,70.0000
314.0000,34.0000,23.0000,70.0000
314.0000,34.0000,23.0000,70.0000
314.0000,34.0000,23.0000,70.0000
314.0000,34.0000,23.0000,70.0000
314.0000,34.0000,23.0000,70.0000
312.0000,41.0000,23.0000,70.0000
312.0000,41.0000,23.0000,70.0000
312.0000,41.0000,23.0000,70.0000
312.0000,41.0000,23.0000,70.0000
312.0000,41.0000,23.0000,70.0000
312.0000,41.0000,23.0000,70.0000
314.0000,44.0000,23.0000,70.0000
314.0000,44.0000,23.0000,70.0000
314.0000,44.0000,23.0000,70.0000
314.0000,44.0000,23.0000,70.0000
314.0000,44.0000,23.0000,70.0000
307.0000,41.0000,23.0000,70.0000
307.0000,41.0000,23.0000,70.0000
307.0000,41.0000,23.0000,70.0000
307.0000,41.0000,23.0000,70.0000
307.0000,41.0000,23.0000,70.0000
314.0000,34.0000,23.0000,70.0000
314.0000,34.0000,23.0000,70.0000
314.0000,34.0000,23.0000,70.0000
314.0000,34.0000,23.0000,70.0000
314.0000,34.0000,23.0000,70.0000
314.0000,34.0000,23.0000,70.0000
315.0000,41.0000,23.0000,70.0000
315.0000,41.0000,23.0000,70.0000
315.0000,41.0000,23.0000,70.0000
315.0000,41.0000,23.0000,70.0000
315.0000,41.0000,23.0000,70.0000
317.0000,36.0000,23.0000,70.0000
317.0000,36.0000,23.0000,70.0000
317.0000,36.0000,23.0000,70.0000
317.0000,36.0000,23.0000,70.0000
317.0000,36.0000,23.0000,70.0000
316.0000,37.0000,23.0000,70.0000
316.0000,37.0000,23.0000,70.0000
316.0000,37.0000,23.0000,70.0000
316.0000,37.0000,23.0000,70.0000
316.0000,37.0000,23.0000,70.0000
317.0000,35.0000,23.0000,70.0000
317.0000,35.0000,23.0000,70.0000
2
0
0
318.0000,35.0000,23.0000,70.0000
0
0
0
0
1
239.0000,52.0000,95.0000,133.0000
240.0000,54.0000,95.0000,133.0000
240.0000,54.0000,95.0000,133.0000
240.0000,54.0000,95.0000,133.0000
240.0000,54.0000,95.0000,133.0000
240.0000,54.0000,95.0000,133.0000
239.0000,53.0000,95.0000,133.0000
239.0000,53.0000,95.0000,133.0000
239.0000,53.0000,95.0000,133.0000
239.0000,53.0000,95.0000,133.0000
239.0000,53.0000,95.0000,133.0000
239.0000,52.0000,95.0000,133.0000
239.0000,52.0000,95.0000,133.0000
239.0000,52.0000,95.0000,133.0000
239.0000,52.0000,95.0000,133.0000
239.0000,52.0000,95.0000,133.0000
241.0000,49.0000,95.0000,133.0000
241.0000,49.0000,95.0000,133.0000
241.0000,49.0000,95.0000,133.0000
241.0000,49.0000,95.0000,133.0000
241.0000,49.0000,95.0000,133.0000
245.0000,47.0000,95.0000,133.0000
245.0000,47.0000,95.0000,133.0000
245.0000,47.0000,95.0000,133.0000
245.0000,47.0000,95.0000,133.0000
245.0000,47.0000,95.0000,133.0000
245.0000,47.0000,95.0000,133.0000
239.0000,48.0000,95.0000,133.0000
239.0000,48.0000,95.0000,133.0000
239.0000,48.0000,95.0000,133.0000
239.0000,48.0000,95.0000,133.0000
239.0000,48.0000,95.0000,133.0000
246.0000,47.0000,95.0000,133.0000
246.0000,47.0000,95.0000,133.0000
246.0000,47.0000,95.0000,133.0000
246.0000,47.0000,95.0000,133.0000
246.0000,47.0000,95.0000,133.0000
242.0000,46.0000,95.0000,133.0000
242.0000,46.0000,95.0000,133.0000
242.0000,46.0000,95.0000,133.0000
242.0000,46.0000,95.0000,133.0000
242.0000,46.0000,95.0000,133.0000
242.0000,46.0000,95.0000,133.0000
248.0000,46.0000,95.0000,133.0000
248.0000,46.0000,95.0000,133.0000
248.0000,46.0000,95.0000,133.0000
248.0000,46.0000,95.0000,133.0000
248.0000,46.0000,95.0000,133.0000
251.0000,45.0000,95.0000,133.0000
251.0000,45.0000,95.0000,133.0000
251.0000,45.0000,95.0000,133.0000
251.0000,45.0000,95.0000,133.0000
251.0000,45.0000,95.0000,133.0000
252.0000,48.0000,95.0000,133.0000
252.0000,48.0000,95.0000,133.0000
252.0000,48.0000,95.0000,133.0000
252.0000,48.0000,95.0000,133.0000
252.0000,48.0000,95.0000,133.0000
252.0000,48.0000,95.0000,133.0000
251.0000,46.0000,95.0000,133.0000
251.0000,46.0000,95.0000,133.0000
251.0000,46.0000,95.0000,133.0000
251.0000,46.0000,95.0000,133.0000
251.0000,46.0000,95.0000,133.0000
255.0000,48.0000,95.0000,133.0000
255.0000,48.0000,95.0000,133.0000
255.0000,48.0000,95.0000,133.0000
255.0000,48.0000,95.0000,133.0000
255.0000,48.0000,95.0000,133.0000
252.0000,45.0000,95.0000,133.0000
252.0000,45.0000,95.0000,133.0000
252.0000,45.0000,95.0000,133.0000
252.0000,45.0000,95.0000,133.0000
252.0000,45.0000,95.0000,133.0000
252.0000,45.0000,95.0000,133.0000
255.0000,50.0000,95.0000,133.0000
255.0000,50.0000,95.0000,133.0000
255.0000,50.0000,95.0000,133.0000
255.0000,50.0000,95.0000,133.0000
255.0000,50.0000,95.0000,133.0000
250.0000,47.0000,95.0000,133.0000
250.0000,47.0000,95.0000,133.0000
250.0000,47.0000,95.0000,133.0000
250.0000,47.0000,95.0000,133.0000
250.0000,47.0000,95.0000,133.0000
243.0000,42.0000,95.0000,133.0000
243.0000,42.0000,95.0000,133.0000
243.0000,42.0000,95.0000,133.0000
243.0000,42.0000,95.0000,133.0000
243.0000,42.0000,95.0000,133.0000
236.0000,44.0000,95.0000,133.0000
236.0000,44.0000,95.0000,133.0000
236.0000,44.0000,95.0000,133.0000
236.0000,44.0000,95.0000,133.0000
236.0000,44.0000,95.0000,133.0000
240.0000,44.0000,95.0000,133.0000
240.0000,44.0000,95.0000,133.0000
240.0000,44.0000,95.0000,133.0000
240.0000,44.0000,95.0000,133.0000
240.0000,44.0000,95.0000,133.0000
236.0000,41.0000,95.0000,133.0000
236.0000,41.0000,95.0000,133.0000
236.0000,41.0000,95.0000,133.0000
236.0000,41.0000,95.0000,133.0000
236.0000,41.0000,95.0000,133.0000
236.0000,41.0000,95.0000,133.0000
236.0000,41.0000,95.0000,133.0000
236.0000,41.0000,95.0000,133.0000
236.0000,41.0000,95.0000,133.0000
236.0000,41.0000,95.0000,133.0000
236.0000,41.0000,95.0000,133.0000
239.0000,42.0000,95.0000,133.0000
239.0000,42.0000,95.0000,133.0000
239.0000,42.0000,95.0000,133.0000
239.0000,42.0000,95.0000,133.0000
239.0000,42.0000,95.0000,133.0000
235.0000,40.0000,95.0000,133.0000
235.0000,40.0000,95.0000,133.0000
235.0000,40.0000,95.0000,133.0000
235.0000,40.0000,95.0000,133.0000
235.0000,40.0000,95.0000,133.0000
238.0000,34.0000,95.0000,133.0000
238.0000,34.0000,95.0000,133.0000
238.0000,34.0000,95.0000,133.0000
238.0000,34.0000,95.0000,133.0000
238.0000,34.0000,95.0000,133.0000
238.0000,39.0000,95.0000,133.0000
238.0000,39.0000,95.0000,133.0000
238.0000,39.0000,95.0000,133.0000
238.0000,39.0000,95.0000,133.0000
238.0000,39.0000,95.0000,133.0000
232.0000,39.0000,95.0000,133.0000
232.0000,39.0000,95.0000,133.0000
232.0000,39.0000,95.0000,133.0000
232.0000,39.0000,95.0000,133.0000
232.0000,39.0000,95.0000,133.0000
227.0000,32.0000,95.0000,133.0000
227.0000,32.0000,95.0000,133.0000
227.0000,32.0000,95.0000,133.0000
227.0000,32.0000,95.0000,133.0000
227.0000,32.0000,95.0000,133.0000
220.0000,39.0000,95.0000,133.0000
220.0000,39.0000,95.0000,133.0000
220.0000,39.0000,95.0000,133.0000
220.0000,39.0000,95.0000,133.0000
220.0000,39.0000,95.0000,133.0000
221.0000,32.0000,95.0000,133.0000
221.0000,32.0000,95.0000,133.0000
221.0000,32.0000,95.0000,133.0000
221.0000,32.0000,95.0000,133.0000
221.0000,32.0000,95.0000,133.0000
214.0000,25.0000,95.0000,133.0000
214.0000,25.0000,95.0000,133.0000
214.0000,25.0000,95.0000,133.0000
214.0000,25.0000,95.0000,133.0000
214.0000,25.0000,95.0000,133.0000
207.0000,23.0000,95.0000,133.0000
207.0000,23.0000,95.0000,133.0000
207.0000,23.0000,95.0000,133.0000
207.0000,23.0000,95.0000,133.0000
207.0000,23.0000,95.0000,133.0000
200.0000,18.0000,95.0000,133.0000
200.0000,18.0000,95.0000,133.0000
200.0000,18.0000,95.0000,133.0000
200.0000,18.0000,95.0000,133.0000
2
193.0000,15.0000,95.0000,133.0000
0
0
0
0
1
243.0000,17.0000,196.0000,222.0000
242.0000,18.0000,196.0000,222.0000
242.0000,18.0000,196.0000,222.0000
242.0000,18.0000,196.0000,222.0000
242.0000,18.0000,196.0000,222.0000
242.0000,18.0000,196.0000,222.0000
241.0000,18.0000,196.0000,222.0000
241.0000,18.0000,196.0000,222.0000
241.0000,18.0000,196.0000,222.0000
241.0000,18.0000,196.0000,222.0000
241.0000,18.0000,196.0000,222.0000
235.0000,18.0000,196.0000,222.0000
235.0000,18.0000,196.0000,222.0000
235.0000,18.0000,196.0000,222.0000
235.0000,18.0000,196.0000,222.0000
235.0000,18.0000,196.0000,222.0000
231.0000,18.0000,196.0000,222.0000
231.0000,18.0000,196.0000,222.0000
231.0000,18.0000,196.0000,222.0000
231.0000,18.0000,196.0000,222.0000
231.0000,18.0000,196.0000,222.0000
224.0000,16.0000,196.0000,222.0000
224.0000,16.0000,196.0000,222.0000
224.0000,16.0000,196.0000,222.0000
224.0000,16.0000,196.0000,222.0000
224.0000,16.0000,196.0000,222.0000
231.0000,18.0000,196.0000,222.0000
231.0000,18.0000,196.0000,222.0000
231.0000,18.0000,196.0000,222.0000
231.0000,18.0000,196.0000,222.0000
231.0000,18.0000,196.0000,222.0000
233.0000,18.0000,196.0000,222.0000
233.0000,18.0000,196.0000,222.0000
233.0000,18.0000,196.0000,222.0000
233.0000,18.0000,196.0000,222.0000
233.0000,18.0000,196.0000,222.0000
235.0000,16.0000,196.0000,222.0000
235.0000,16.0000,196.0000,222.0000
235.0000,16.0000,196.0000,222.0000
235.0000,16.0000,196.0000,222.0000
235.0000,16.0000,196.0000,222.0000
235.0000,16.0000,196.0000,222.0000
236.0000,18.0000,196.0000,222.0000
236.0000,18.0000,196.0000,222.0000
236.0000,18.0000,196.0000,222.0000
236.0000,18.0000,196.0000,222.0000
236.0000,18.0000,196.0000,222.0000
243.0000,18.0000,196.0000,222.0000
243.0000,18.0000,196.0000,222.0000
243.0000,18.0000,196.0000,222.0000
243.0000,18.0000,196.0000,222.0000
243.0000,18.0000,196.0000,222.0000
249.0000,17.0000,196.0000,222.0000
249.0000,17.0000,196.0000,222.0000
249.0000,17.0000,196.0000,222.0000
249.0000,17.0000,196.0000,222.0000
251.0000,18.0000,196.0000,222.0000
251.0000,18.0000,196.0000,222.0000
251.0000,18.0000,196.0000,222.0000
251.0000,18.0000,196.0000,222.0000
251.0000,18.0000,196.0000,222.0000
252.0000,18.0000,196.0000,222.0000
252.0000,18.0000,196.0000,222.0000
252.0000,18.0000,196.0000,222.0000
252.0000,18.0000,196.0000,222.0000
252.0000,18.0000,196.0000,222.0000
256.0000,18.0000,196.0000,222.0000
256.0000,18.0000,196.0000,222.0000
256.0000,18.0000,196.0000,222.0000
256.0000,18.0000,196.0000,222.0000
256.0000,18.0000,196.0000,222.0000
256.0000,18.0000,196.0000,222.0000
258.0000,16.0000,196.0000,222.0000
258.0000,16.0000,196.0000,222.0000
258.0000,16.0000,196.0000,222.0000
258.0000,16.0000,196.0000,222.0000
258.0000,16.0000,196.0000,222.0000
251.0000,15.0000,196.0000,222.0000
251.0000,15.0000,196.0000,222.0000
251.0000,15.0000,196.0000,222.0000
251.0000,15.0000,196.0000,222.0000
251.0000,15.0000,196.0000,222.0000
247.0000,8.0000,196.0000,222.0000
247.0000,8.0000,196.0000,222.0000
247.0000,8.0000,196.0000,222.0000
247.0000,8.0000,196.0000,222.0000
247.0000,8.0000,196.0000,222.0000
240.0000,10.0000,196.0000,222.0000
240.0000,10.0000,196.0000,222.0000
240.0000,10.0000,196.0000,222.0000
240.0000,10.0000,196.0000,222.0000
240.0000,10.0000,196.0000,222.0000
233.0000,3.0000,196.0000,222.0000
233.0000,3.0000,196.0000,222.0000
233.0000,3.0000,196.0000,222.0000
233.0000,3.0000,196.0000,222.0000
233.0000,3.0000,196.0000,222.0000
240.0000,7.0000,196.0000,222.0000
240.0000,7.0000,196.0000,222.0000
240.0000,7.0000,196.0000,222.0000
240.0000,7.0000,196.0000,222.0000
240.0000,7.0000,196.0000,222.0000
233.0000,1.0000,196.0000,222.0000
233.0000,1.0000,196.0000,222.0000
233.0000,1.0000,196.0000,222.0000
233.0000,1.0000,196.0000,222.0000
233.0000,1.0000,196.0000,222.0000
227.0000,0.0000,196.0000,222.0000
227.0000,0.0000,196.0000,222.0000
227.0000,0.0000,196.0000,222.0000
227.0000,0.0000,196.0000,222.0000
227.0000,0.0000,196.0000,222.0000
221.0000,0.0000,196.0000,222.0000
221.0000,0.0000,196.0000,222.0000
221.0000,0.0000,196.0000,222.0000
221.0000,0.0000,196.0000,222.0000
221.0000,0.0000,196.0000,222.0000
228.0000,0.0000,196.0000,222.0000
228.0000,0.0000,196.0000,222.0000
228.0000,0.0000,196.0000,222.0000
228.0000,0.0000,196.0000,222.0000
228.0000,0.0000,196.0000,222.0000
228.0000,0.0000,196.0000,222.0000
235.0000,0.0000,196.0000,222.0000
235.0000,0.0000,196.0000,222.0000
235.0000,0.0000,196.0000,222.0000
235.0000,0.0000,196.0000,222.0000
235.0000,0.0000,196.0000,222.0000
242.0000,0.0000,196.0000,222.0000
242.0000,0.0000,196.0000,222.0000
242.0000,0.0000,196.0000,222.0000
242.0000,0.0000,196.0000,222.0000
242.0000,0.0000,196.0000,222.0000
249.0000,0.0000,196.0000,222.0000
249.0000,0.0000,196.0000,222.0000
249.0000,0.0000,196.0000,222.0000
249.0000,0.0000,196.0000,222.0000
249.0000,0.0000,196.0000,222.0000
246.0000,0.0000,196.0000,222.0000
246.0000,0.0000,196.0000,222.0000
246.0000,0.0000,196.0000,222.0000
246.0000,0.0000,196.0000,222.0000
246.0000,0.0000,196.0000,222.0000
246.0000,0.0000,196.0000,222.0000
246.0000,0.0000,196.0000,222.0000
246.0000,0.0000,196.0000,222.0000
246.0000,0.0000,196.0000,222.0000
246.0000,0.0000,196.0000,222.0000
246.0000,0.0000,196.0000,222.0000
246.0000,0.0000,196.0000,222.0000
246.0000,0.0000,196.0000,222.0000
246.0000,0.0000,196.0000,222.0000
246.0000,0.0000,196.0000,222.0000
251.0000,0.0000,196.0000,222.0000
251.0000,0.0000,196.0000,222.0000
251.0000,0.0000,196.0000,222.0000
251.0000,0.0000,196.0000,222.0000
251.0000,0.0000,196.0000,222.0000
2
0
0
0
0
1
225.0000,168.0000,16.0000,35.0000
224.0000,167.0000,16.0000,35.0000
224.0000,167.0000,16.0000,35.0000
224.0000,167.0000,16.0000,35.0000
224.0000,167.0000,16.0000,35.0000
224.0000,167.0000,16.0000,35.0000
221.0000,165.0000,16.0000,35.0000
221.0000,165.0000,16.0000,35.0000
221.0000,165.0000,16.0000,35.0000
221.0000,165.0000,16.0000,35.0000
0
2
0
0
0
0
1
188.0000,167.0000,16.0000,32.0000
187.0000,166.0000,16.0000,32.0000
187.0000,166.0000,16.0000,32.0000
187.0000,166.0000,16.0000,32.0000
187.0000,166.0000,16.0000,32.0000
187.0000,166.0000,16.0000,32.0000
185.0000,167.0000,16.0000,32.0000
185.0000,167.0000,16.0000,32.0000
185.0000,167.0000,16.0000,32.0000
185.0000,167.0000,16.0000,32.0000
185.0000,167.0000,16.0000,32.0000
179.0000,168.0000,16.0000,32.0000
179.0000,168.0000,16.0000,32.0000
179.0000,168.0000,16.0000,32.0000
179.0000,168.0000,16.0000,32.0000
179.0000,168.0000,16.0000,32.0000
172.0000,170.0000,16.0000,32.0000
172.0000,170.0000,16.0000,32.0000
172.0000,170.0000,16.0000,32.0000
172.0000,170.0000,16.0000,32.0000
172.0000,170.0000,16.0000,32.0000
167.0000,168.0000,16.0000,32.0000
167.0000,168.0000,16.0000,32.0000
167.0000,168.0000,16.0000,32.0000
167.0000,168.0000,16.0000,32.0000
162.0000,167.0000,16.0000,32.0000
162.0000,167.0000,16.0000,32.0000
162.0000,167.0000,16.0000,32.0000
162.0000,167.0000,16.0000,32.0000
162.0000,167.0000,16.0000,32.0000
160.0000,168.0000,16.0000,32.0000
160.0000,168.0000,16.0000,32.0000
160.0000,168.0000,16.0000,32.0000
160.0000,168.0000,16.0000,32.0000
160.0000,168.0000,16.0000,32.0000
161.0000,167.0000,16.0000,32.0000
161.0000,167.0000,16.0000,32.0000
161.0000,167.0000,16.0000,32.0000
161.0000,167.0000,16.0000,32.0000
161.0000,167.0000,16.0000,32.0000
163.0000,168.0000,16.0000,32.0000
163.0000,168.0000,16.0000,32.0000
163.0000,168.0000,16.0000,32.0000
163.0000,168.0000,16.0000,32.0000
163.0000,168.0000,16.0000,32.0000
165.0000,168.0000,16.0000,32.0000
165.0000,168.0000,16.0000,32.0000
165.0000,168.0000,16.0000,32.0000
165.0000,168.0000,16.0000,32.0000
165.0000,168.0000,16.0000,32.0000
165.0000,167.0000,16.0000,32.0000
165.0000,167.0000,16.0000,32.0000
165.0000,167.0000,16.0000,32.0000
165.0000,167.0000,16.0000,32.0000
165.0000,167.0000,16.0000,32.0000
165.0000,167.0000,16.0000,32.0000
165.0000,167.0000,16.0000,32.0000
165.0000,167.0000,16.0000,32.0000
165.0000,167.0000,16.0000,32.0000
165.0000,167.0000,16.0000,32.0000
164.0000,168.0000,16.0000,32.0000
164.0000,168.0000,16.0000,32.0000
164.0000,168.0000,16.0000,32.0000
164.0000,168.0000,16.0000,32.0000
164.0000,168.0000,16.0000,32.0000
165.0000,169.0000,16.0000,32.0000
165.0000,169.0000,16.0000,32.0000
165.0000,169.0000,16.0000,32.0000
165.0000,169.0000,16.0000,32.0000
165.0000,169.0000,16.0000,32.0000
171.0000,169.0000,16.0000,32.0000
171.0000,169.0000,16.0000,32.0000
171.0000,169.0000,16.0000,32.0000
171.0000,169.0000,16.0000,32.0000
171.0000,169.0000,16.0000,32.0000
175.0000,166.0000,16.0000,32.0000
175.0000,166.0000,16.0000,32.0000
175.0000,166.0000,16.0000,32.0000
175.0000,166.0000,16.0000,32.0000
175.0000,166.0000,16.0000,32.0000
182.0000,167.0000,16.0000,32.0000
182.0000,167.0000,16.0000,32.0000
182.0000,167.0000,16.0000,32.0000
182.0000,167.0000,16.0000,32.0000
0
2
0
0
0
0
1
212.0000,166.0000,15.0000,32.0000
214.0000,167.0000,15.0000,32.0000
214.0000,167.0000,15.0000,32.0000
214.0000,167.0000,15.0000,32.0000
214.0000,167.0000,15.0000,32.0000
214.0000,167.0000,15.0000,32.0000
216.0000,166.0000,15.0000,32.0000
216.0000,166.0000,15.0000,32.0000
216.0000,166.0000,15.0000,32.0000
0
0
2
0
0
0
0
1
249.0000,167.0000,24.0000,37.0000
252.0000,167.0000,24.0000,37.0000
252.0000,167.0000,24.0000,37.0000
252.0000,167.0000,24.0000,37.0000
252.0000,167.0000,24.0000,37.0000
252.0000,167.0000,24.0000,37.0000
249.0000,167.0000,24.0000,37.0000
0
0
0
0
2
0
0
0
0
1
305.0000,165.0000,20.0000,36.0000
305.0000,165.0000,20.0000,36.0000
305.0000,165.0000,20.0000,36.0000
305.0000,165.0000,20.0000,36.0000
305.0000,165.0000,20.0000,36.0000
305.0000,165.0000,20.0000,36.0000
2
0
0
0
0
1
349.0000,166.0000,12.0000,36.0000
348.0000,168.0000,12.0000,36.0000
348.0000,168.0000,12.0000,36.0000
348.0000,168.0000,12.0000,36.0000
348.0000,168.0000,12.0000,36.0000
348.0000,168.0000,12.0000,36.0000
354.0000,168.0000,12.0000,36.0000
354.0000,168.0000,12.0000,36.0000
354.0000,168.0000,12.0000,36.0000
0
0
2
0
0
0
0
1
367.0000,168.0000,26.0000,34.0000
367.0000,168.0000,26.0000,34.0000
367.0000,168.0000,26.0000,34.0000
367.0000,168.0000,26.0000,34.0000
367.0000,168.0000,26.0000,34.0000
367.0000,168.0000,26.0000,34.0000
