1
179.2000,347.9700,225.2600,343.2300,236.8500,455.9100,190.7900,460.6500
195.0000,355.0000,247.0000,355.0000,247.0000,459.0000,195.0000,459.0000
195.0000,355.0000,247.0000,355.0000,247.0000,459.0000,195.0000,459.0000
195.0000,355.0000,247.0000,355.0000,247.0000,459.0000,195.0000,459.0000
195.0000,355.0000,247.0000,355.0000,247.0000,459.0000,195.0000,459.0000
195.0000,355.0000,247.0000,355.0000,247.0000,459.0000,195.0000,459.0000
0
0
0
0
0
0
0
0
0
0
0
0
0
0
0
0
0
0
0
0
0
0
0
0
0
0
0
0
2
0
0
0
0
1
605.1200,300.8400,865.5200,268.7900,874.2200,339.5000,613.8300,371.5500
580.0000,295.0000,806.0000,295.0000,806.0000,381.0000,580.0000,381.0000
580.0000,295.0000,806.0000,295.0000,806.0000,381.0000,580.0000,381.0000
580.0000,295.0000,806.0000,295.0000,806.0000,381.0000,580.0000,381.0000
580.0000,295.0000,806.0000,295.0000,806.0000,381.0000,580.0000,381.0000
580.0000,295.0000,806.0000,295.0000,806.0000,381.0000,580.0000,381.0000
580.0000,295.0000,806.0000,295.0000,806.0000,381.0000,580.0000,381.0000
580.0000,295.0000,806.0000,295.0000,806.0000,381.0000,580.0000,381.0000
580.0000,295.0000,806.0000,295.0000,806.0000,381.0000,580.0000,381.0000
580.0000,295.0000,806.0000,295.0000,806.0000,381.0000,580.0000,381.0000
580.0000,295.0000,806.0000,295.0000,806.0000,381.0000,580.0000,381.0000
580.0000,295.0000,806.0000,295.0000,806.0000,381.0000,580.0000,381.0000
580.0000,295.0000,806.0000,295.0000,806.0000,381.0000,580.0000,381.0000
580.0000,295.0000,806.0000,295.0000,806.0000,381.0000,580.0000,381.0000
580.0000,295.0000,806.0000,295.0000,806.0000,381.0000,580.0000,381.0000
580.0000,295.0000,806.0000,295.0000,806.0000,381.0000,580.0000,381.0000
580.0000,295.0000,806.0000,295.0000,806.0000,381.0000,580.0000,381.0000
580.0000,295.0000,806.0000,295.0000,806.0000,381.0000,580.0000,381.0000
580.0000,295.0000,806.0000,295.0000,806.0000,381.0000,580.0000,381.0000
580.0000,295.0000,806.0000,295.0000,806.0000,381.0000,580.0000,381.0000
580.0000,295.0000,806.0000,295.0000,806.0000,381.0000,580.0000,381.0000
580.0000,295.0000,806.0000,295.0000,806.0000,381.0000,580.0000,381.0000
580.0000,295.0000,806.0000,295.0000,806.0000,381.0000,580.0000,381.0000
580.0000,295.0000,806.0000,295.0000,806.0000,381.0000,580.0000,381.0000
580.0000,295.0000,806.0000,295.0000,806.0000,381.0000,580.0000,381.0000
580.0000,295.0000,806.0000,295.0000,806.0000,381.0000,580.0000,381.0000
580.0000,295.0000,806.0000,295.0000,806.0000,381.0000,580.0000,381.0000
580.0000,295.0000,806.0000,295.0000,806.0000,381.0000,580.0000,381.0000
580.0000,295.0000,806.0000,295.0000,806.0000,381.0000,580.0000,381.0000
580.0000,295.0000,806.0000,295.0000,806.0000,381.0000,580.0000,381.0000
580.0000,295.0000,806.0000,295.0000,806.0000,381.0000,580.0000,381.0000
0
0
0
2
0
0
0
0
1
693.9800,439.6400,766.5900,403.0400,873.8500,615.8400,801.2400,652.4400
725.0000,440.0000,843.0000,440.0000,843.0000,604.0000,725.0000,604.0000
725.0000,440.0000,843.0000,440.0000,843.0000,604.0000,725.0000,604.0000
725.0000,440.0000,843.0000,440.0000,843.0000,604.0000,725.0000,604.0000
725.0000,440.0000,843.0000,440.0000,843.0000,604.0000,725.0000,604.0000
725.0000,440.0000,843.0000,440.0000,843.0000,604.0000,725.0000,604.0000
725.0000,440.0000,843.0000,440.0000,843.0000,604.0000,725.0000,604.0000
725.0000,440.0000,843.0000,440.0000,843.0000,604.0000,725.0000,604.0000
725.0000,440.0000,843.0000,440.0000,843.0000,604.0000,725.0000,604.0000
725.0000,440.0000,843.0000,440.0000,843.0000,604.0000,725.0000,604.0000
725.0000,440.0000,843.0000,440.0000,843.0000,604.0000,725.0000,604.0000
725.0000,440.0000,843.0000,440.0000,843.0000,604.0000,725.0000,604.0000
725.0000,440.0000,843.0000,440.0000,843.0000,604.0000,725.0000,604.0000
725.0000,440.0000,843.0000,440.0000,843.0000,604.0000,725.0000,604.0000
725.0000,440.0000,843.0000,440.0000,843.0000,604.0000,725.0000,604.0000
725.0000,440.0000,843.0000,440.0000,843.0000,604.0000,725.0000,604.0000
725.0000,440.0000,843.0000,440.0000,843.0000,604.0000,725.0000,604.0000
725.0000,440.0000,843.0000,440.0000,843.0000,604.0000,725.0000,604.0000
725.0000,440.0000,843.0000,440.0000,843.0000,604.0000,725.0000,604.0000
725.0000,440.0000,843.0000,440.0000,843.0000,604.0000,725.0000,604.0000
725.0000,440.0000,843.0000,440.0000,843.0000,604.0000,725.0000,604.0000
725.0000,440.0000,843.0000,440.0000,843.0000,604.0000,725.0000,604.0000
725.0000,440.0000,843.0000,440.0000,843.0000,604.0000,725.0000,604.0000
725.0000,440.0000,843.0000,440.0000,843.0000,604.0000,725.0000,604.0000
725.0000,440.0000,843.0000,440.0000,843.0000,604.0000,725.0000,604.0000
725.0000,440.0000,843.0000,440.0000,843.0000,604.0000,725.0000,604.0000
725.0000,440.0000,843.0000,440.0000,843.0000,604.0000,725.0000,604.0000
725.0000,440.0000,843.0000,440.0000,843.0000,604.0000,725.0000,604.0000
725.0000,440.0000,843.0000,440.0000,843.0000,604.0000,725.0000,604.0000
725.0000,440.0000,843.0000,440.0000,843.0000,604.0000,725.0000,604.0000
725.0000,440.0000,843.0000,440.0000,843.0000,604.0000,725.0000,604.0000
725.0000,440.0000,843.0000,440.0000,843.0000,604.0000,725.0000,604.0000
725.0000,440.0000,843.0000,440.0000,843.0000,604.0000,725.0000,604.0000
725.0000,440.0000,843.0000,440.0000,843.0000,604.0000,725.0000,604.0000
725.0000,440.0000,843.0000,440.0000,843.0000,604.0000,725.0000,604.0000
722.0000,437.0000,843.0000,437.0000,843.0000,605.0000,722.0000,605.0000
722.0000,437.0000,843.0000,437.0000,843.0000,605.0000,722.0000,605.0000
