1.1234
19.554
1.617
0.76777
0.56318
1.1853
0.5013
0.47515
0.45092
0.93722
0.57876
0.48767
0.49423
0.45174
0.48608
0.44694
0.45486
0.45719
0.44306
0.48376
0.45019
0.46523
0.47659
0.47109
0.46719
0.49912
0.47426
0.50139
0.52053
0.54917
0.56298
0.59139
0.60124
0.67523
0.67742
0.74486
0.76186
0.80961
0.89084
0.92613
1.0227
1.045
1.1339
1.1683
1.2085
1.2669
1.1463
1.1406
1.0693
0.89926
0.90438
0.93899
0.94159
0.98049
0.96393
0.96979
0.88906
0.76878
0.65792
0.58828
0.55935
0.58093
0.60942
0.59546
0.68483
0.68117
0.72256
0.73598
0.8017
0.81553
0.81174
0.81356
0.81608
0.81085
0.79571
0.78495
0.7761
0.78055
0.76622
0.77689
0.74357
0.75037
0.77193
0.83217
0.80867
0.73491
0.75449
0.75102
0.78629
0.77402
0.79074
0.78023
0.76533
0.77
0.75698
0.75469
0.75998
0.7444
0.753
0.75091
0.75043
0.76832
0.78859
0.77028
0.77557
