0.000179,0.000156,0.000258,0.000152,0.000152,0.000153,0.000156,0.000206,0.000138,0.000248,0.000152,0.000156,0.000137,0.000139,0.000136
3.314443,3.303747,3.46543,3.277844,3.508692,3.329988,3.52224,3.37943,3.714889,3.370845,3.371675,3.327731,3.315287,3.304582,3.343303
0.046,0.036968,0.043539,0.033441,0.042631,0.053764,0.043334,0.036604,0.036352,0.037178,0.041074,0.037081,0.036988,0.042613,0.038826
0.045536,0.036643,0.044001,0.036703,0.037277,0.046,0.049457,0.036852,0.036258,0.040278,0.03694,0.03647,0.036797,0.052108,0.036821
0.046586,0.03691,0.045347,0.036911,0.039532,0.050061,0.043202,0.036645,0.036268,0.036257,0.043117,0.036473,0.036998,0.046912,0.032854
0.044411,0.036938,0.043411,0.036477,0.036477,0.046905,0.043095,0.036663,0.036269,0.036325,0.043669,0.03657,0.036545,0.04785,0.03659
0.050583,0.03692,NaN,0.036394,0.038494,0.046214,0.037749,0.037516,0.036797,0.036831,0.043553,0.036858,0.036501,0.046911,0.036404
0.04418,0.03687,NaN,0.041846,0.037093,0.046989,0.037826,0.037397,0.036528,0.046788,0.043607,0.036819,0.036449,NaN,0.036386
0.043767,0.036739,NaN,0.043631,0.038689,0.046972,0.037659,0.033325,0.036432,0.046169,0.043497,0.036778,0.036305,NaN,0.03656
0.044098,0.039417,NaN,NaN,0.036867,0.046788,0.037804,0.047124,0.041892,0.045626,0.042909,0.043982,0.036256,NaN,NaN
0.045281,0.04036,0.000255,NaN,NaN,0.046339,0.043084,0.037311,0.045301,0.050718,0.038613,0.030932,0.036237,NaN,NaN
0.045282,0.043496,3.399925,NaN,NaN,0.045904,0.044398,0.039294,0.036568,0.038964,0.038715,0.056968,0.036444,0.00014,NaN
0.044678,0.043197,0.036631,NaN,NaN,NaN,0.055503,0.042142,0.036534,0.046708,0.038726,0.049624,0.036844,3.054617,NaN
0.043561,0.04311,0.045534,0.000165,NaN,NaN,0.043118,0.040475,0.036406,0.046432,0.038734,0.037562,0.040345,0.035751,0.000151
0.0431,0.043109,0.045972,3.376597,0.000144,NaN,0.043015,0.044864,0.036184,0.043856,0.038916,0.044755,0.039393,0.036664,3.277547
0.042807,0.04331,0.036877,0.043387,3.719938,NaN,0.058948,0.044198,0.036185,0.037559,0.03887,0.044533,0.036714,0.035913,0.049292
0.037356,0.054062,0.036725,0.043377,0.051232,0.000138,0.043101,0.044354,0.036388,0.03623,0.038881,0.044781,0.036857,0.04202,0.048105
0.036989,0.049028,0.037778,0.037653,0.043594,3.475134,0.043203,0.043745,0.036442,0.040008,0.03913,0.044563,0.037231,0.038306,0.045003
0.037425,0.045446,0.043446,0.076941,0.043188,0.035036,0.043423,0.04348,0.03655,0.035953,0.039264,0.04154,0.052629,0.035754,0.045579
0.037507,0.044012,0.044027,0.039848,0.042849,0.035004,0.043316,0.043755,0.036607,0.04139,0.038796,0.037587,0.054984,0.039098,0.044907
0.043235,0.037128,0.044159,0.038943,0.043368,0.035041,0.043193,0.045529,0.036532,0.036961,0.040166,0.037471,0.043937,0.041414,0.046084
0.043716,0.038819,0.043745,0.044206,0.043236,0.035082,0.043312,0.057789,0.036409,0.0359,0.050975,0.037517,0.044089,0.041068,0.04504
0.043765,0.044269,NaN,0.045042,0.043145,0.035139,0.043456,0.045731,0.036306,0.035332,0.042494,0.037717,0.043647,0.04337,0.045169
0.041915,0.043939,NaN,0.044195,0.043165,0.035016,0.043146,0.043698,0.036273,0.035527,0.038061,0.038,0.044163,0.03679,0.043538
0.0384,0.043906,NaN,0.043625,0.043145,0.034925,0.043005,0.043798,0.036321,0.035621,0.04588,0.04456,0.043881,0.044798,NaN
0.038614,0.043852,NaN,0.043368,0.0431,0.034966,0.043402,0.043812,0.036294,0.035756,0.043112,0.044487,0.043936,0.044229,NaN
0.044618,0.043897,0.000158,0.043782,0.043199,0.035054,0.043313,0.043966,0.036329,0.035918,0.043037,0.044278,0.043962,0.044631,NaN
0.044896,0.043667,3.550849,0.044243,0.043295,0.034985,0.043109,0.043675,0.036491,0.035887,0.041394,0.043589,0.043976,0.045009,NaN
0.044555,0.043821,0.037064,0.043866,0.043064,0.035382,0.043253,0.044347,0.041484,0.035962,0.042287,0.043433,0.043864,0.045039,0.000159
0.037999,0.03844,0.036636,0.043913,0.043227,0.035123,0.043286,0.044887,0.043441,0.035901,0.043844,0.043438,0.043189,0.044552,3.475947
0.04101,0.036822,0.036254,0.0439,0.043279,0.035919,0.043354,0.043667,0.043496,0.036086,0.040488,0.043236,0.043244,0.044665,0.036783
0.041629,0.036939,0.036177,0.04375,0.043036,0.043667,0.043356,0.043185,0.043619,0.036208,0.044122,0.043639,0.043929,0.044791,0.036511
0.0443,0.036675,0.036156,0.043338,0.043185,0.043436,0.043101,0.043759,0.043372,0.0359,0.043451,0.043872,0.043633,0.044253,0.032447
0.038682,0.036614,0.042683,0.044085,0.043196,0.042776,0.043715,0.043596,0.043432,0.035659,0.046792,0.042887,0.043694,0.043662,0.039405
0.044578,0.03676,0.042816,0.043911,0.043067,0.03592,0.043099,0.043818,0.043591,0.036419,0.0434,0.038609,0.043924,0.043431,0.043444
0.044588,0.04261,0.042798,0.037663,0.043364,0.042846,0.043128,0.043936,0.043578,0.040968,0.043095,0.042208,0.043464,0.043986,0.043249
0.044282,0.044191,0.042792,0.037817,0.043186,0.046171,0.043016,0.040958,0.043436,0.037873,0.045677,0.037865,0.043255,0.044106,0.042804
0.044186,0.042685,NaN,0.042878,0.043221,0.036874,0.043284,0.036993,0.043262,0.045575,0.042378,0.041261,0.040669,0.043918,0.043057
0.044193,0.041781,NaN,0.037753,0.043186,0.044159,0.043319,0.039314,0.04309,0.040528,0.041844,0.043944,0.037463,0.043426,0.037091
0.043848,0.042729,NaN,0.040436,0.04343,0.043575,0.043457,0.037121,0.046131,0.037412,0.040723,NaN,0.043375,0.043303,0.043807
0.043844,0.041795,NaN,0.041636,0.043301,0.035837,0.043571,0.040701,0.045481,0.037627,0.041807,NaN,0.038723,0.044047,0.043583
0.044024,0.041752,0.000172,0.04199,0.043203,0.036228,0.043437,0.037982,0.043994,0.045178,0.0434,NaN,0.044252,0.044162,0.043321
0.043807,0.041757,3.405211,0.037632,0.04318,0.041208,0.043404,0.038874,0.043698,0.04527,0.043813,NaN,0.043697,0.0402,0.044473
0.043791,0.042803,0.037045,0.03757,0.044872,0.04136,0.043039,0.039006,0.046858,0.04487,0.042089,0.000145,0.043458,0.037371,0.044043
0.043682,0.042945,0.033758,0.039326,0.043201,0.041696,0.04314,0.038284,0.045726,0.044866,0.0427,3.372816,0.043561,0.036873,0.039058
0.043649,0.041976,0.047,0.044522,0.043449,0.042961,0.043185,0.038179,0.04625,0.044552,0.042834,0.036808,0.043397,0.037116,0.039708
0.043912,0.041706,0.043047,0.044486,0.043435,0.043071,0.042956,0.037486,0.045679,0.040641,0.042722,0.036766,0.037324,0.044217,0.04263
0.044028,0.042292,0.042862,0.044572,0.043402,0.043899,0.043107,0.038405,0.043136,0.044125,0.042618,0.038201,0.037157,0.044286,0.037548
0.04389,0.043606,0.048092,0.044074,0.043421,0.044021,0.051999,0.03839,0.044323,0.043799,0.042966,0.046983,0.037162,0.043811,0.036517
0.044043,0.044063,0.036911,0.043504,0.043593,0.043823,0.053426,0.040231,0.043673,0.043831,0.041783,0.040566,0.03692,0.044274,0.036359
0.043967,0.044091,0.036343,0.043278,0.051988,0.04337,0.043254,0.03744,0.043646,0.043267,0.044314,0.036977,0.037072,0.044255,0.036004
0.044059,0.044006,0.036315,0.043693,0.043507,0.04356,0.04357,0.037503,0.043354,0.037467,0.044019,0.032868,0.037111,0.044069,0.035528
0.044074,0.044615,0.036294,0.04422,0.043559,0.044265,0.04352,0.037142,0.043298,0.037689,0.04377,0.032961,0.036697,0.044496,0.036062
0.044012,0.044467,0.036581,0.043975,0.043508,0.045523,0.043755,0.039004,0.043366,0.037711,0.043815,0.037055,0.036656,0.044292,0.039217
0.043567,0.044548,0.037699,0.044579,0.043533,0.044075,0.04397,0.037763,0.052207,0.037834,0.044022,0.037001,0.037207,0.04344,0.036452
0.04352,0.043987,0.046529,0.044455,0.043555,0.044249,0.044059,0.037456,0.049246,0.037809,0.042751,NaN,0.037218,0.043956,0.037527
0.043534,0.044467,0.046156,0.044215,0.06289599999999999,0.044257,0.044255,0.037608,0.043301,0.037461,0.042145,NaN,0.037071,0.043221,0.040605
0.043673,0.044081,0.043516,0.043665,0.043197,0.053768,0.044277,0.038347,0.037885,0.037822,0.044462,NaN,0.036713,0.038231,0.041669
0.043451,0.037846,0.044961,0.043844,0.047481,0.054338,0.044307,0.03867,0.047504,0.037828,0.044582,NaN,0.0365,0.03813,0.043329
0.043608,0.040787,0.043182,0.044008,0.044108,0.041753,0.044368,0.044793,0.042557,0.03776,0.045232,0.000159,0.037002,0.038073,0.043538
0.043582,0.039958,0.043443,0.043927,0.044052,0.037511,0.043321,0.044788,0.038102,0.037347,0.045473,3.505884,0.037157,0.044626,0.042467
0.043489,0.042198,0.043449,0.043878,0.044306,0.037659,0.04349,0.044367,0.04369,0.037195,0.045606,0.036344,0.037104,0.044978,0.041817
0.044137,0.045902,0.042922,0.044063,0.044212,0.037244,0.043295,0.038851,0.044045,0.036888,0.045962,0.036292,0.043304,0.047457,0.041926
0.043415,0.046031,0.042934,0.044287,0.044178,0.037212,0.043474,0.039543,0.043616,0.036999,0.045777,0.03616,0.044007,0.045276,0.043349
0.04327,0.046649,0.042845,0.044248,0.044151,0.037591,0.043572,0.038254,0.043444,0.043555,0.045963,0.036172,NaN,0.045696,0.043179
0.037905,0.048055,0.04312,0.044165,0.044022,0.037589,0.061194,0.038387,0.041915,0.043258,0.051587,0.036138,NaN,0.053018,0.042965
0.043399,0.046684,0.043147,0.04435,0.043824,0.03774,0.045526,0.04766,0.036862,0.040228,0.044935,0.036336,NaN,0.045714,0.042732
0.050001,0.049598,0.043236,0.044338,0.044108,0.037933,0.047548,0.039939,0.041797,0.037327,0.04408,0.036433,NaN,0.045578,0.043421
0.043797,0.046286,0.043279,0.044279,0.043814,0.039762,0.049722,0.047018,0.037282,0.036702,0.044325,0.05499,0.000142,0.04458,0.043175
0.043874,0.046947,0.04461,0.044108,0.044209,0.037198,0.045489,0.047448,0.037445,0.040143,0.043738,0.037898,3.78565,0.044308,0.042987
0.043905,0.046254,0.044856,0.043982,0.044166,0.038097,0.045874,0.047681,0.03732,0.04151,0.044663,0.043467,0.043201,0.044359,0.04303
0.044215,0.046672,0.044365,0.044263,0.04415,0.044097,0.045894,0.048046,0.037115,0.03761,0.043817,0.043725,0.0433,0.044158,0.043373
0.044433,0.046958,0.04435,0.039895,0.043972,0.043929,0.046129,0.046267,0.036859,0.03746,0.043832,0.043334,0.043148,0.043311,0.043812
0.045938,0.054668,0.044473,0.048291,0.044015,0.043813,0.045618,0.047471,0.037129,0.045176,0.044171,0.037679,0.04311,0.044928,0.043701
0.044519,0.047436,0.04536,0.045271,0.043869,0.044303,0.046241,0.04683,0.037628,0.042186,0.044816,0.036796,0.043388,0.044789,0.043499
0.043985,0.046243,0.044909,0.044721,0.043927,0.043988,0.0458,0.044502,0.037394,0.044408,0.045657,0.037221,NaN,0.06647,0.043073
0.044018,0.045783,0.045099,0.048507,0.043944,0.043849,0.045661,0.044306,0.037291,0.043466,0.043841,0.039029,NaN,0.037619,0.043513
0.04397,0.046211,0.04544,0.040409,0.04381,0.046515,0.045754,0.028238,0.039014,0.042898,0.043528,0.036418,NaN,0.044963,0.043616
0.044014,0.046408,0.045764,0.037654,0.043899,0.044557,0.045628,0.044052,0.041997,0.043162,0.043638,0.03653,NaN,0.045371,0.043694
0.053139,0.046632,0.045687,0.039724,0.044101,0.044872,0.045672,0.043942,0.041599,0.04328,0.043569,0.036608,0.000162,0.041473,0.038066
0.04397,0.046556,0.044908,0.039166,0.044151,0.044927,0.04518,0.043961,0.041972,0.038061,0.040048,0.036372,3.48515,0.037679,0.04015
0.043869,0.050537,0.045693,0.037527,0.045156,0.044641,0.047177,0.043878,0.046278,0.03738,0.04675,0.03662,0.036438,0.045512,0.04353
0.043753,0.049367,0.046915,0.037989,0.04412,0.044611,0.045126,0.044652,0.044214,0.043627,0.03811,0.036456,0.03646,0.044952,0.043713
0.043955,0.04744,0.045724,0.038028,0.044239,0.046861,0.045463,0.049455,0.045177,0.03773,0.037546,0.036599,0.036163,0.044474,0.044664
0.04442,0.049006,0.04583,0.038835,0.043946,0.04444,0.044727,0.050961,0.044875,0.044145,0.03764,0.036955,0.036123,0.042905,0.044648
0.044333,0.046741,0.045435,0.047368,0.046841,0.044374,0.045895,0.045077,0.044644,0.044012,0.041872,0.036641,0.036137,0.042618,0.044314
0.045732,0.060148,0.04481,0.044157,0.043745,0.038089,0.047923,0.045007,0.044202,0.041909,0.037077,0.036532,0.035805,0.043298,0.044082
0.04484,0.058819,0.045103,0.043972,0.044211,0.043198,0.047681,0.038734,0.046036,0.038651,0.04,0.036756,0.035841,0.044223,0.043754
0.050626,0.05781,0.04446,0.043731,0.043833,0.047338,0.04732,0.045763,0.044511,0.037137,0.037395,0.036799,0.035875,0.044383,0.044184
0.045152,0.047013,0.04472,0.043838,0.044025,0.047642,0.048264,0.046552,0.045994,0.041139,0.037407,0.036382,0.03584,0.04421,0.044875
0.045062,0.045482,0.044411,0.043782,0.044033,0.044535,0.046183,0.046252,0.046796,0.038348,0.037419,0.03647,0.035911,0.044186,0.044713
0.046225,0.044549,0.044518,0.043852,0.044211,0.044327,0.044794,0.046025,0.049673,0.037573,0.037977,0.036468,0.035999,0.044236,0.044434
0.045009,0.044705,0.04511,0.043594,0.044345,0.04411,0.04595,0.056031,0.038223,0.038699,0.043999,0.036622,0.036419,0.044053,0.044301
0.046421,0.04435,0.049651,0.040319,0.04461,0.044898,0.045664,0.045057,0.03837,0.038916,0.044179,0.040537,0.04089,0.044224,0.044489
0.044724,0.038374,0.04466,0.03722,0.044571,0.044133,0.08101,0.044766,0.038047,0.041435,0.044056,0.04421,0.042895,0.044871,0.044868
0.046234,0.038657,0.06085,0.036989,0.044518,0.043975,0.056044,0.044313,0.043705,0.039592,0.046313,0.043677,0.043081,0.047365,0.04524
0.044605,0.039647,0.045058,0.037272,0.044902,0.043819,0.043025,0.043693,0.038398,0.038856,0.043724,0.043861,0.045501,0.044184,0.044342
0.044394,0.03933,0.04363,0.037293,0.044377,0.044439,0.047214,0.037652,0.046693,0.039635,0.043721,0.045428,0.045787,0.044374,0.045036
0.046686,0.039674,0.047112,0.043814,0.044598,0.044958,0.048433,0.039238,0.044358,0.039148,0.037406,0.042179,0.043939,0.045492,0.050388
0.065895,0.045833,0.044135,0.043887,0.04446,0.044942,0.042793,0.037541,0.044635,0.038462,0.039825,0.04362,0.042751,0.050257,0.045629
0.045084,0.04353,0.043734,0.043779,0.044286,0.04493,0.042551,0.037361,0.044406,0.04245,0.043361,0.044016,0.036406,0.044667,0.058958
0.072134,0.037995,0.037638,0.042945,0.045005,0.044911,0.050516,0.03805,0.044391,0.048668,0.045227,0.037607,0.036152,0.044355,0.044759
0.045443,0.038424,0.037792,0.042505,0.044344,0.044475,0.047481,0.043661,0.043596,0.04975,0.044189,0.050631,0.036097,0.0443,0.047164
0.043918,0.044661,0.040238,0.046515,0.044981,0.044138,0.060605,0.043772,0.048544,0.048951,0.043617,0.044439,0.03606,0.045123,0.045471
0.04402,0.042152,0.043172,0.043799,0.051297,0.044858,0.04659,0.043836,0.040609,0.056958,0.044499,0.044204,0.036042,0.044367,0.044785
0.044077,0.039798,0.043116,0.044196,0.046167,0.044852,0.049351,0.044343,0.03579,0.053869,0.047701,0.044597,0.036114,0.044505,0.045357
0.044143,0.045131,0.042903,0.044376,0.045452,0.044608,0.045097,0.043987,0.035771,0.049766,0.043682,0.04407,0.037603,0.044265,0.044236
0.043819,0.040073,0.042949,0.044407,0.046478,0.044691,0.05424,0.043951,0.041837,0.067067,0.043559,0.045205,0.036598,0.044249,0.044196
0.043415,0.045837,0.042975,0.044425,0.04608,0.045007,0.050284,0.043748,0.036545,0.048174,0.04356,0.047672,0.040419,0.044481,0.044979
0.043969,0.045816,0.043156,0.044311,0.058188,0.046249,0.048394,0.043715,0.041549,0.04491,0.043836,0.048735,0.043558,0.044353,0.044331
0.043992,0.045546,0.043116,0.044207,0.080926,0.045206,0.053414,0.043901,0.041791,0.053008,0.043906,0.046295,0.038226,0.055712,0.044252
0.043975,0.04563,0.043155,0.044398,0.053129,0.045059,0.057565,0.042956,0.041572,0.046873,0.044003,0.047501,0.037644,0.046202,0.039398
0.044039,0.048155,0.043069,0.044337,0.050849,0.043956,0.055116,0.044128,0.037484,0.048441,0.043926,0.04536,0.037596,0.043584,0.04614
0.043982,0.045808,0.043372,0.044473,0.047448,0.041127,0.046442,0.044319,0.045526,0.044908,0.04374,0.042679,0.038007,0.043816,0.04615
0.043845,0.045394,0.043383,0.043997,0.044756,0.045257,0.050724,0.044145,0.046029,0.049354,0.043834,0.043774,0.038031,0.04463,0.044771
0.044084,0.045499,0.042999,0.04371,0.043826,0.045177,0.060935,0.043689,0.045641,0.048504,0.043785,0.043936,0.042014,0.045122,0.059124
0.043966,0.046965,0.043363,0.043736,0.043871,0.044169,0.059271,0.044966,0.038886,0.047426,0.043354,0.043726,0.044372,0.044757,0.043604
0.043883,0.045051,0.043638,0.04419,0.047249,0.044151,0.046654,0.043483,0.035176,0.043989,0.043357,0.043714,0.046584,0.044593,0.037767
0.043875,0.045193,0.043654,0.045157,0.043792,0.03791,0.050961,0.043512,0.036284,0.043272,0.043697,0.0439,0.044499,0.044887,0.03798
0.043971,0.04517,0.043247,0.044875,0.048902,0.038196,0.045016,0.043723,0.035966,0.054687,0.043492,0.04369,0.044745,0.045548,0.03838
0.044684,0.045279,0.043787,0.044634,0.04394,0.038212,0.044886,0.043638,0.036379,0.043671,0.043425,0.043372,0.045274,0.044864,0.038861
0.045874,0.045106,0.043968,0.044995,0.043828,0.038375,0.044787,0.043587,0.03985,0.044221,0.043313,0.043716,0.045233,0.04563,0.038386
0.043998,0.045241,0.044207,0.049914,0.043774,0.038131,0.045005,0.043739,0.044425,0.045515,0.043632,0.044293,0.045144,0.046022,0.038765
0.055483,0.045589,0.044944,0.045717,0.044589,0.037958,0.04493,0.04397,0.044389,0.043884,0.043695,0.043781,0.045206,0.045759,0.038181
0.044134,0.078803,0.038241,0.041881,0.043959,0.042261,0.04513,0.044907,0.04457,0.043108,0.043714,0.043567,0.045349,0.04443,0.040468
0.044414,0.079554,0.040045,0.045366,0.043978,0.046604,0.046632,0.045097,0.042931,0.038034,0.043863,0.043584,0.045172,0.044706,0.049088
0.045457,0.046237,0.042281,0.047368,0.044431,0.045646,0.045638,0.044518,0.042049,0.036709,0.044171,0.045362,0.043816,0.047466,0.037562
0.044601,0.045953,0.039444,0.045438,0.037257,0.042137,0.045715,0.044464,0.042067,0.036604,0.048577,0.058431,0.044987,0.052861,0.037845
0.046758,0.047276,0.043801,0.046269,0.037149,0.038059,0.045913,0.044587,0.042131,0.036978,0.043646,0.044365,0.044033,0.055448,0.043742
0.045632,0.045861,0.037923,0.045686,0.037243,0.037644,0.045729,0.044843,0.043785,0.039173,0.043618,0.04435,0.043909,0.047617,0.044097
0.04488,0.045336,0.037769,0.046737,0.037346,0.037556,0.045726,0.050142,0.042957,0.040558,0.054809,0.044026,0.044621,0.044641,0.045088
0.046451,0.045269,0.039071,0.045469,0.037265,0.039629,0.045747,0.044995,0.037567,0.036782,0.043458,0.043673,0.043986,0.045418,0.04698
0.044887,0.045239,0.040287,0.047547,0.037473,0.04401,0.045499,0.054189,0.044039,0.036658,0.043468,0.044281,0.043921,0.045389,0.043175
0.045512,0.045476,0.038141,0.047731,0.037553,0.044202,0.045582,0.045641,0.042961,0.042987,0.043294,0.045126,0.044596,0.045214,0.043243
0.047229,0.045116,0.03807,0.045082,0.037564,0.044046,0.045596,0.04576,0.042777,0.036528,0.043396,0.045055,0.044975,0.045035,0.043092
0.044374,0.045089,0.038167,0.042562,0.037481,0.04425,0.045442,0.045721,0.042691,0.036683,0.043519,0.044714,0.044615,0.045605,0.04339
0.045474,0.046172,0.037883,0.042643,0.037528,0.04419,0.045521,0.047048,0.042648,0.037475,0.051407,0.044492,0.042552,0.045401,0.043705
0.047243,0.045079,0.037819,0.0428,0.037531,0.045008,0.046348,0.045671,0.042652,0.036657,0.043759,0.044569,0.043077,0.045094,0.043708
0.044975,0.044939,0.038235,0.042793,0.03764,0.04394,0.046579,0.045766,0.04271,0.036779,0.048236,0.044602,0.042867,0.046328,0.043555
0.046293,0.044901,0.038036,0.046827,0.037752,0.04429,0.054434,0.045502,0.042625,0.039072,0.049655,0.046665,0.042621,0.04692,0.043625
0.044481,0.04471,0.039191,0.042285,0.03785,0.044194,0.045218,0.045297,0.043614,0.043449,0.045054,0.044708,0.036646,0.046181,0.043729
0.046454,0.044664,0.038254,0.042523,0.038083,0.044094,0.04516,0.044578,0.042721,0.04366,0.044429,0.043817,0.037145,0.045243,0.052993
0.047205,0.044929,0.037701,0.042968,0.037937,0.044221,0.044811,0.044578,0.042719,0.043611,0.046414,0.044075,0.037139,0.045155,0.043713
0.044875,0.048872,0.037502,0.043383,0.037867,0.04367,0.044706,0.044141,0.042711,0.043618,0.047817,0.044351,0.037052,0.045089,0.043843
0.045623,0.044522,0.03774,0.045381,0.037825,0.043706,0.04493,0.044598,0.042748,0.044255,0.04798,0.04673,0.037356,0.04566,0.043743
0.045115,0.044921,0.040947,0.044273,0.038081,0.043725,0.044771,0.044541,0.042632,0.044575,0.04607,0.044387,0.042769,0.044401,0.044129
0.045277,0.046413,0.044917,0.043578,0.038339,0.043483,0.044658,0.044597,0.042669,0.044218,0.03971,0.038339,0.046609,0.038897,0.062284
0.044081,0.044929,0.04402,0.043312,0.042074,0.043509,0.044664,0.044929,0.042647,0.037388,0.039471,0.042582,0.043589,0.04022,0.040735
0.04465,0.045304,0.044268,0.043479,0.038064,0.043495,0.044405,0.04566,0.042616,0.0373,0.03915,0.043627,0.043514,0.039076,0.039745
0.045183,0.045559,0.038972,0.042722,0.038257,0.043447,0.044492,0.045349,0.042768,0.037199,0.038972,0.043288,0.043638,0.039056,0.043823
0.045047,0.045581,0.04668,0.042199,0.038983,0.043535,0.043907,0.04405,0.042521,0.036947,0.038558,0.037982,0.043342,0.042036,0.043151
0.046929,0.045892,0.042544,0.03924,0.038081,0.043559,0.044205,0.043524,0.04272,0.03684,0.038593,0.041519,0.043185,0.038196,0.042946
0.04456,0.046061,0.046527,0.038183,0.040195,0.041959,0.044456,0.043474,0.043265,0.036612,0.038764,0.038608,0.036799,0.038518,0.043067
0.046028,0.04575,0.045276,0.044205,0.03853,0.043316,0.044102,0.043259,0.042919,0.036465,0.038825,0.038289,0.036893,0.039211,0.043094
0.045332,0.046075,0.043029,0.044239,0.038372,0.043365,0.044266,0.044595,0.042832,0.037372,0.037688,0.038316,0.03697,0.039195,0.043034
0.045545,0.04598,0.044053,0.043898,0.038046,0.043641,0.04425,0.044384,0.044229,0.039934,0.037653,0.037793,0.037224,0.039195,0.042918
0.044904,0.045877,0.043988,0.043446,0.037752,0.043469,0.044108,0.044259,0.042892,0.043151,0.037479,0.041652,0.043336,0.039988,0.04286
0.044594,0.050924,0.044128,0.043512,0.04206,0.043618,0.043822,0.04431,0.045053,0.038278,0.037548,0.046697,0.043203,0.038559,0.042938
0.046445,0.045537,0.044155,0.043368,0.043307,0.043986,0.043878,0.043939,0.044516,0.036945,0.037613,0.046715,0.063725,0.037209,0.043052
0.045677,0.045283,0.044285,0.043397,0.044693,0.04497,0.044175,0.043886,0.044302,0.037185,0.037637,0.046645,0.05609,0.035275,0.043148
0.044672,0.045286,0.044115,0.043357,0.043744,0.044729,0.062015,0.044017,0.044429,0.03734,0.037646,0.045496,0.043274,0.039003,0.043225
0.044895,0.045296,0.044004,0.043352,0.042267,0.044649,0.04456,0.044145,0.046276,0.037559,0.037469,0.044124,0.043971,0.038878,0.045454
0.045689,0.045117,0.044095,0.04333,0.044076,0.044431,0.050501,0.04396,0.045097,0.03753,0.037487,0.045102,0.043965,0.038878,0.043257
0.046353,0.045172,0.044692,0.043312,0.044468,0.039307,0.07356799999999999,0.04374,0.043853,0.037462,0.037456,0.045189,0.043759,0.038801,0.042964
0.044958,0.045062,0.044862,0.043512,0.044513,0.039867,0.044329,0.036495,0.044463,0.037701,0.037157,0.044892,0.044013,0.038939,0.043895
0.04654,0.044867,0.044374,0.043549,0.038529,0.042816,0.06496399999999999,0.038036,0.043938,0.037844,0.036645,0.044384,0.043953,0.047482,0.042877
0.047057,0.044799,0.044359,0.041918,0.042425,0.044213,0.044164,0.041965,0.043787,0.037761,0.036574,0.045605,0.06055,0.046947,0.042733
0.045602,0.060003,0.044451,0.037635,0.042861,0.051607,0.044759,0.042025,0.059617,0.037908,0.036615,0.045324,0.045638,0.044994,0.042914
0.04704,0.04463,0.044255,0.040255,0.03794,0.045284,0.045598,0.042175,0.047772,0.037993,0.037075,0.044788,0.044583,0.044459,0.042978
0.057442,0.044273,0.044064,0.055844,0.038043,0.043578,0.045894,0.042132,0.045155,0.037918,0.037227,0.045344,0.044205,0.044184,0.043055
0.047251,0.044337,0.043931,0.043737,0.038097,0.044678,0.045452,0.042523,0.045035,0.037683,0.036794,0.045292,0.044791,0.044245,0.042816
0.046279,0.047159,0.043803,0.044117,0.037868,0.044874,0.045663,0.044564,0.045014,0.037673,0.036938,0.045195,0.044709,0.044231,0.043158
0.044523,0.056956,0.043481,0.04403,0.037787,0.043608,0.045611,0.049459,0.04521,0.037698,0.036831,0.045583,0.045699,0.043739,0.043728
0.045819,0.043964,0.043777,0.055771,0.037601,0.044084,0.045456,0.044494,0.044983,0.043115,0.036844,0.045327,0.052065,0.043976,0.047521
0.045083,0.043959,0.044002,0.051001,0.037622,0.044045,0.0457,0.046113,0.044827,0.047612,0.037859,0.04546,0.04335,0.047469,0.041744
0.046483,0.043593,0.044481,0.047122,0.037321,0.043306,0.045631,0.044461,0.044097,0.043964,0.04566,0.044615,0.04435,0.043777,0.044983
0.04563,0.044077,0.043941,0.043294,0.037236,0.043836,0.04535,0.057441,0.04614,0.044317,0.045268,0.044966,0.044336,0.043918,0.038406
0.044875,0.043859,0.044963,0.045075,0.038234,0.04307,0.04545,0.055814,0.043553,0.044568,0.045315,0.04485,0.044137,0.058728,0.037323
0.046671,0.044036,0.044021,0.044227,0.042867,0.043131,0.04806,0.043041,0.043637,0.044302,0.043727,0.044733,0.044054,0.044276,0.037459
0.044036,0.04417,0.053028,0.038167,0.037185,0.043359,0.045407,0.037731,0.044501,0.04442,0.045277,0.044861,0.043473,0.04438,0.037703
0.046024,0.044022,0.053998,0.038115,0.037004,0.044061,0.046449,0.037878,0.043682,0.044682,0.045486,0.044568,0.043604,0.045021,0.037583
0.045487,0.043501,0.044787,0.037663,0.037073,0.043198,0.045083,0.037986,0.043596,0.044526,0.047896,0.044536,0.043396,0.044991,0.037484
0.044524,0.043464,0.044835,0.037212,0.037157,0.043291,0.045196,0.040046,0.044599,0.039261,0.045311,0.044146,0.043538,0.050592,0.037731
0.045556,0.043347,0.044699,0.036972,0.041099,0.043622,0.045723,0.038175,0.044462,0.039936,0.03818,0.039565,0.043486,0.062105,0.037105
0.044846,0.043346,0.044224,0.036955,0.037226,0.042633,0.05137,0.037166,0.04426,0.044622,0.04202,0.044737,0.043362,0.045469,0.0415
0.046205,0.043506,0.043694,0.036987,0.03704,0.042877,0.044788,0.037558,0.043154,0.04438,0.044818,0.044764,0.043406,0.045462,0.037082
0.044549,0.043629,0.043835,0.045871,0.037045,0.057919,0.044803,0.038998,0.042645,0.044533,0.045361,0.044547,0.040743,0.045413,0.037169
0.044846,0.043691,0.04248,0.043996,0.037147,0.076324,0.04462,0.037312,0.04256,0.044568,0.04514,0.044492,0.043502,0.045428,0.037053
0.045968,0.043499,0.042589,0.043937,0.037061,0.045703,0.044799,0.037218,0.042969,0.045064,0.045511,0.045097,0.043419,0.045057,0.037529
0.044823,0.043473,0.044512,0.043883,0.03693,0.045413,0.044771,0.037232,0.043367,0.045517,0.045789,0.046432,0.043884,0.04493,0.037326
0.046421,0.043369,0.044178,0.04368,0.037134,0.046387,0.044406,0.03689,0.041868,0.045131,0.045436,0.045091,0.043833,0.045168,0.037542
0.044558,0.043361,0.045177,0.043554,0.037064,0.037824,0.044557,0.036804,0.037604,0.0442,0.045481,0.044553,0.043438,0.04528,0.037652
0.057631,0.043367,0.045414,0.043562,0.036914,0.037916,0.044405,0.036857,0.037777,0.044239,0.045608,0.044844,0.043501,0.045285,0.037479
0.046656,0.043558,0.045466,0.043146,0.037153,0.037752,0.044363,0.03666,0.037926,0.044227,0.045275,0.045034,0.043513,0.045357,0.037316
0.045105,0.043575,0.045195,0.042933,0.037327,0.037629,0.044366,0.036675,0.037608,0.04343,0.045114,0.042222,0.043265,0.045326,0.043201
0.046269,0.043568,0.04465,0.043003,0.037485,0.037303,0.044227,0.036707,0.037377,0.043422,0.044609,0.039277,0.050597,0.046014,0.044363
0.046499,0.043643,0.044488,0.043105,0.037848,0.037492,0.044253,0.036996,0.037017,0.043729,0.044621,0.038675,0.044607,0.046174,0.043898
0.048246,0.043729,0.044531,0.043111,0.037874,0.037515,0.043866,0.036738,0.03718,0.044281,0.044499,0.038529,0.043797,0.046316,0.043869
0.046265,0.043949,0.044465,0.043112,0.037836,0.037384,0.043766,0.037247,0.038053,0.04392,0.044002,0.038593,0.050325,0.045777,0.044081
0.047885,0.043666,0.044815,0.042656,0.041546,0.037939,0.043928,0.037003,0.037379,0.04382,0.044553,0.040856,0.053152,0.039976,0.044788
0.046811,0.043629,0.044525,0.036611,0.046588,0.039889,0.043589,0.037469,0.037383,0.044078,0.045003,0.044928,0.044454,0.041513,0.04336
0.045236,0.043822,0.044096,0.036922,0.044773,0.037708,0.043455,0.03702,0.042156,0.044215,0.044812,0.040024,0.044493,0.039164,0.043643
0.046867,0.043674,0.037978,0.037074,0.037343,0.037929,0.043614,0.040905,0.040155,0.056406,0.044199,0.037396,0.044437,0.039133,0.043417
0.044433,0.043339,0.037929,0.037077,0.037497,0.038618,0.043564,0.043557,0.038359,0.049578,0.044152,0.039134,0.044208,0.038919,0.043455
0.045926,0.043278,0.037431,0.038246,0.037904,0.038071,0.043404,0.042989,0.038695,0.044537,0.043895,0.044049,0.044215,0.038888,0.043461
0.045732,0.043312,0.037631,0.045845,0.038378,0.038734,0.044326,0.042879,0.045276,0.043763,0.03802,0.044008,0.043716,0.039071,0.043409
0.045404,0.043407,0.038167,0.045449,0.038826,0.038348,0.043441,0.043089,0.043578,0.045275,0.042445,0.043553,0.043797,0.039221,0.051176
0.044886,0.043309,0.038125,0.044359,0.038381,0.044633,0.043643,0.038311,0.043065,0.047477,0.050359,0.042071,0.043888,0.03902,0.049375
0.044327,0.043371,0.037595,0.043628,0.039728,0.051218,0.062012,0.039811,0.041176,0.046688,0.054675,0.043523,0.043869,0.038998,0.041878
0.046159,0.043298,0.037564,0.043673,0.041922,0.045383,0.060518,0.0474,0.043683,0.041703,0.04196,0.043685,0.043742,0.039016,0.038212
0.045565,0.0435,0.03779,0.043707,0.039428,0.049989,0.043634,0.043952,0.043505,0.041647,0.04179,0.043686,0.043669,0.039045,0.045231
0.04493,0.045532,0.037489,0.043801,0.038315,0.044815,0.043803,0.044343,0.043037,0.036499,0.041528,0.043483,0.043859,0.03882,0.044264
0.046802,0.04391,0.038099,0.043807,0.038043,0.044866,0.043663,0.037466,0.043227,0.036659,0.041906,0.043625,0.04271,0.039101,0.043679
0.044468,0.043545,0.037918,0.043819,0.047545,0.044341,0.043483,0.050223,0.04318,0.0374,0.04098,0.0437,0.043162,0.038935,0.043945
0.045895,0.038211,0.037969,0.043535,0.04561,0.044761,0.044036,0.038891,0.043237,0.043697,0.040777,0.043609,0.043383,0.038743,0.044081
0.046644,0.042323,0.038296,0.043397,0.044589,0.044318,0.043074,0.043072,0.043069,0.042788,0.042102,0.04349,0.044269,0.038926,0.04417
0.042298,0.037201,0.039243,0.043442,0.04287,0.045223,0.043276,0.042499,0.043715,0.04223,0.042155,0.043345,0.042321,0.038916,0.04362
0.047649,0.039121,0.038724,0.043476,0.042381,0.045364,0.043229,0.046748,0.087599,0.041521,0.04116,0.04323,0.043637,0.038705,0.043177
0.046741,0.043538,0.043589,0.043738,0.042594,0.044848,0.043047,0.042604,0.044299,0.041552,0.041113,0.04337,0.042202,0.03868,0.042929
0.075366,0.047474,0.044603,0.043577,0.043352,0.045072,0.04334,0.037311,0.044891,0.04253,0.040843,0.043599,0.043298,0.038772,0.045483
0.045008,0.044215,0.043575,0.043611,0.043141,0.044778,0.043003,0.039813,0.048305,0.040717,0.04032,0.043677,0.043323,0.038973,0.037937
0.045589,0.043929,0.038093,0.043343,0.043011,0.044459,0.043144,0.040374,0.045553,0.041027,0.040454,0.04364,0.043813,0.038805,0.037727
0.056788,0.044088,0.038685,0.045692,0.039038,0.043945,0.043374,0.03722,0.045552,0.042844,0.040873,0.043614,0.043735,0.038752,0.045403
0.043497,0.04275,0.04475,0.042302,0.038626,0.043901,0.043651,0.042218,0.053499,0.044008,0.040968,0.043631,0.044756,0.038875,0.043164
0.044423,0.043475,0.043942,0.036694,0.038642,0.043776,0.043884,0.046686,0.044362,0.044129,0.041206,0.04311,0.043295,0.03869,0.043138
0.044475,0.044073,0.044969,0.036888,0.038502,0.043377,0.043974,0.043955,0.044302,0.044193,0.039171,0.043319,0.043393,0.038903,0.043523
0.0467,0.043963,0.045268,0.037449,0.038539,0.04349,0.043354,0.04565,0.04436,0.043918,0.035848,0.043421,0.043248,0.039617,0.043796
0.04373,0.04376,0.04477,0.037234,0.038302,0.043704,0.037195,0.044469,0.044123,0.044104,0.037108,0.04425,0.043271,0.045564,0.04389
0.043139,0.043763,0.045132,0.037168,0.048326,0.04376,0.037164,0.04389,0.043676,0.043845,0.036241,0.04472,0.043553,0.047085,0.043823
0.04324,0.044016,0.044967,0.036999,0.043216,0.043721,0.036917,0.043294,0.043714,0.043671,0.035572,0.044786,0.043396,0.046911,0.044309
0.043084,0.044191,0.043972,0.037339,0.041557,0.043919,0.036534,0.04367,0.043731,0.042037,0.036323,0.046449,0.043402,0.04593,0.043882
0.043208,0.044131,0.042278,0.03711,0.037413,0.043854,0.036655,0.044388,0.043975,0.037954,0.036185,0.046445,0.043829,0.045652,0.0417
0.043089,0.044162,0.041835,0.049668,0.037787,0.043382,0.036806,0.043573,0.04399,0.042824,0.036178,0.044812,0.043359,0.043156,0.043815
0.042985,0.042549,0.041594,0.040939,0.04646,0.043017,0.035698,0.043349,0.044198,0.040963,0.038664,0.045934,0.043463,0.045969,0.042676
0.043274,0.037949,0.041628,0.037603,0.045387,0.04297,0.035635,0.043281,0.044594,0.042597,0.04256,0.045275,0.043461,0.048196,0.042738
0.042488,0.037803,0.041701,0.037381,0.044842,0.043214,0.0356,0.043442,0.044939,0.041028,0.040595,0.055297,0.04344,0.045753,0.043731
0.043072,0.038952,0.044112,0.037293,0.045931,0.043514,0.035791,0.045999,0.046611,0.04056,0.037142,0.045282,0.043332,0.04555,0.043916
0.043164,0.03714,0.044305,0.038118,0.043907,0.041852,0.035953,0.054792,0.046068,0.041818,0.036978,0.048824,0.043788,0.045203,0.043835
0.04303,0.037544,0.044106,0.044,0.043553,0.037878,0.036393,0.045425,0.050201,0.043389,0.03647,0.0452,0.043722,0.045084,0.044285
0.043261,0.038568,0.043896,0.043899,0.043285,0.037025,0.03564,0.043699,0.045651,0.042729,0.036408,0.045456,0.043693,0.045297,0.044307
0.043309,0.041474,0.037651,0.043825,0.043974,0.043807,0.035613,0.043714,0.051372,0.042651,0.036822,0.045485,0.043717,0.045006,0.043499
0.043608,0.03796,0.037338,0.043964,0.043981,0.043663,0.03551,0.043636,0.046182,0.042535,0.038992,0.045508,0.043355,0.038673,0.04332
0.04382,0.038797,0.037309,0.043584,0.044332,0.043223,0.035291,0.0431,0.045798,0.043328,0.041318,0.04899,0.04326,0.038282,0.044129
0.043808,0.03869,0.03769,0.043831,0.044187,0.043486,0.035387,0.042904,0.047345,0.04286,0.041113,0.044959,0.043163,0.038392,0.044768
0.043825,0.042843,0.037694,0.04342,0.044827,0.045993,0.035604,0.04312,0.049245,0.042384,0.040542,0.045352,0.043158,0.038366,0.0444
0.043577,0.042985,0.037635,0.042992,0.044572,0.041595,0.036343,0.043809,0.0461,0.040955,0.040721,0.0447,0.042544,0.038317,0.044555
0.04289,0.043133,0.03784,0.037845,0.043242,0.041533,0.035592,0.044176,0.072784,0.04243,0.041757,0.045371,0.04348,0.037997,0.046021
0.04343,0.047667,0.04693,0.03763,0.043012,0.04258,0.035579,0.04436,0.043769,0.043431,0.041237,0.044307,0.065654,0.038084,0.045943
0.043568,0.046201,0.045312,0.037651,0.043351,0.047221,0.035599,0.044271,0.042538,0.043405,0.041152,0.044233,0.043394,0.038545,0.04617
0.04345,0.044723,0.04395,0.041171,0.043848,0.041798,0.035573,0.044316,0.042572,0.043039,0.042587,0.047309,0.043418,0.038663,0.045877
0.043187,0.044378,0.043432,0.03712,0.043512,0.043678,0.035723,0.043912,0.042486,0.042877,0.043097,0.043895,0.043337,0.038353,0.043241
0.043416,0.043958,0.042982,0.038117,0.043445,0.04372,0.034859,0.043553,0.042653,0.043636,0.043133,0.044218,0.055563,0.038343,0.037897
0.043394,0.044287,0.041654,0.041977,0.043113,0.043587,0.034906,0.04408,0.042557,0.043366,0.042668,0.044879,0.043372,0.044432,0.041553
0.043128,0.044963,0.04372,0.043527,0.043624,0.043658,0.034935,0.044184,0.042468,0.042654,0.03686,0.045142,0.043236,0.050853,0.041911
0.043372,0.045126,0.043273,0.043674,0.04418,0.043061,0.035151,0.044424,0.042481,0.041343,0.036573,0.04494,0.043164,0.052319,0.046023
0.043664,0.044768,0.042962,0.044224,0.043762,0.04331,0.035611,0.043598,0.042677,0.040769,0.036343,0.043745,0.043115,0.046456,0.046349
0.046682,0.044824,0.03721,0.044178,0.043527,0.043726,0.035521,0.043945,0.042471,0.040669,0.036553,0.043448,0.043002,0.043797,0.043941
0.043532,0.0447,0.043255,0.043781,0.04626,0.043589,0.041572,0.041443,0.042532,0.04124,0.037119,0.043307,0.043276,0.043827,0.042003
0.043369,0.04409,0.043173,0.043455,0.046493,0.043519,0.04297,0.03772,0.042424,0.041613,0.037196,0.043592,0.043215,0.043283,0.042506
0.043416,0.042258,0.04317,0.043005,0.043991,0.042911,0.042575,0.043989,0.042697,0.036939,0.040632,0.044263,0.042995,0.043743,0.04367
0.043532,0.044349,0.043191,0.043501,0.045302,0.04401,0.043201,0.044224,0.042542,0.044686,0.044314,0.044631,0.043013,0.04401,0.043337
0.043457,0.044635,0.043243,0.044056,0.04343,0.043773,0.043497,0.047246,0.042798,0.04478,0.042672,0.044471,0.042672,0.044211,0.043281
0.043276,0.04442,0.043114,0.04388,0.045215,0.043419,0.03573,0.043961,0.042848,0.04382,0.042818,0.044114,0.043005,0.043989,0.043223
0.043596,0.044015,0.043209,0.044361,0.044318,0.043734,0.040748,0.042283,0.042768,0.044805,0.043265,0.044117,0.043205,0.043405,0.043242
0.042953,0.043963,0.043134,0.043756,0.043828,0.044105,0.043925,0.04178,0.045924,0.039164,0.043104,0.043718,0.043054,0.043802,0.05111
0.043169,0.044099,0.042979,0.043519,0.043799,0.044129,0.043869,0.041685,0.042736,0.039897,0.041067,0.043576,0.042923,0.044225,0.04745
0.043374,0.051461,0.043013,0.04313,0.043488,0.043782,0.043938,0.041882,0.043105,0.037822,0.041357,0.043917,0.042297,0.043562,0.044197
0.044751,0.058728,0.04303,0.04275,0.043224,0.042477,0.043739,0.046192,0.043132,0.040637,0.041206,0.04393,0.043091,0.042821,0.043815
0.048175,0.045324,0.042982,0.043626,0.043522,0.042649,0.043502,0.047788,0.043029,0.044227,0.040875,0.044398,0.043466,0.04311,0.040409
0.054042,0.045863,0.043258,0.04362,0.043607,0.054907,0.043313,0.044318,0.043101,0.044278,0.041067,0.044466,0.04307,0.043826,0.037738
0.049311,0.045986,0.043282,0.043225,0.043486,0.047583,0.043013,0.044035,0.043935,0.043959,0.041048,0.044106,0.043112,0.043681,0.037599
0.046461,0.04311,0.043508,0.043187,0.045535,0.048896,0.043145,0.043599,0.069037,0.043193,0.040048,0.044174,0.043191,0.043082,0.03762
0.048275,0.042243,0.043832,0.043605,0.045528,0.044278,0.043787,0.043422,0.04657,0.043286,0.041579,0.044121,0.043088,0.043271,0.037303
0.045728,0.040382,0.043986,0.043761,0.044857,0.044626,0.04478,0.038417,0.042833,0.043851,0.041773,0.038132,0.043054,0.043641,0.037193
0.051785,0.045899,0.043938,0.043709,0.043799,0.044193,0.045482,0.043872,0.0428,0.046851,0.041649,0.043728,0.043214,0.044051,0.037692
0.044083,0.043509,0.044449,0.04367,0.043957,0.043344,0.042602,0.043858,0.042832,0.044835,0.04209,0.04377,0.043085,0.042145,0.037586
0.047136,0.039545,0.044956,0.043261,0.043579,0.0436,0.043447,0.048116,0.042827,0.044018,0.042091,0.044346,0.043025,0.042121,0.037372
0.046125,0.03928,0.045574,0.042822,0.042663,0.043726,0.043351,0.043644,0.042624,0.043998,0.037883,0.044689,0.043548,0.042117,0.036949
0.045931,0.043576,0.046901,0.042757,0.042905,0.046535,0.043293,0.043277,0.042791,0.037883,0.037771,0.044204,0.043044,0.043723,0.036973
0.045595,0.044428,0.047981,0.043234,0.042944,0.044193,0.043589,0.043605,0.042853,0.037653,0.037767,0.043972,0.043278,0.044021,0.037065
0.050569,0.038429,0.046146,0.043373,0.043388,0.043628,0.044344,0.043857,0.042589,0.039683,0.03717,0.049648,0.043151,0.04392,0.043263
0.043963,0.040771,0.044376,0.043839,0.043334,0.043215,0.043869,0.044323,0.042889,0.043326,0.041139,0.046763,0.042909,0.044013,0.043212
0.047617,0.040303,0.044353,0.043144,0.043378,0.043191,0.043423,0.044271,0.042659,0.042958,0.04091,0.046932,0.042957,0.043795,0.043087
0.045485,0.038455,0.045009,0.043063,0.043307,0.043763,0.042793,0.043976,0.049337,0.042689,0.044979,0.047023,0.043297,0.043996,0.043003
0.04546,0.044027,0.052671,0.043154,0.043246,0.043571,0.043277,0.043985,0.042974,0.04276,0.043466,0.047179,0.043011,0.043802,0.043153
0.046204,0.044977,0.053131,0.043326,0.043295,0.043396,0.045239,0.043969,0.042671,0.0375,0.04325,0.047326,0.043075,0.043314,0.042883
0.047192,0.044793,0.04538,0.042865,0.043333,0.043554,0.056758,0.044378,0.042811,0.037876,0.042873,0.047674,0.042896,0.04318,0.042872
0.049214,0.044531,0.045718,0.040377,0.043688,0.044085,0.04399,0.044484,0.045976,0.038328,0.042835,0.048159,0.043251,0.043759,0.042826
0.043228,0.044529,0.045752,0.043873,0.043305,0.043479,0.043755,0.045506,0.043642,0.03852,0.042741,0.048262,0.041826,0.043907,0.042804
0.043104,0.044608,0.046072,0.043597,0.043096,0.043592,0.043672,0.042071,0.04323,0.03871,0.042593,0.048641,0.043296,0.038262,0.0427
0.043,0.044268,0.046083,0.043876,0.043812,0.043389,0.043548,0.044141,0.043114,0.038532,0.042462,0.048896,0.042971,0.040826,0.042808
0.04319,0.043456,0.046343,0.043469,0.043242,0.043694,0.04367,0.044252,0.043207,0.038574,0.042609,0.05355,0.043659,0.043938,0.042586
0.043116,0.043403,0.045953,0.038128,0.037205,0.043633,0.043554,0.044269,0.043232,0.038106,0.042613,0.04924,0.043968,0.042154,0.043136
