1
150.4000,155.3000,229.6000,155.3000,229.6000,307.7000,150.4000,307.7000
144.3000,153.3000,224.7000,153.3000,224.7000,305.7000,144.3000,305.7000
141.1000,152.1000,223.9000,152.1000,223.9000,306.9000,141.1000,306.9000
141.3000,151.3000,221.7000,151.3000,221.7000,303.7000,141.3000,303.7000
139.2000,145.1000,220.8000,145.1000,220.8000,299.9000,139.2000,299.9000
137.7000,138.9000,225.3000,138.9000,225.3000,296.1000,137.7000,296.1000
136.0000,135.0000,220.0000,135.0000,220.0000,291.0000,136.0000,291.0000
134.1000,136.4000,216.9000,136.4000,216.9000,287.6000,134.1000,287.6000
135.6000,137.6000,212.4000,137.6000,212.4000,286.4000,135.6000,286.4000
129.6000,135.5000,206.4000,135.5000,206.4000,285.5000,129.6000,285.5000
128.8000,136.5000,203.2000,136.5000,203.2000,286.5000,128.8000,286.5000
126.7000,133.3000,202.3000,133.3000,202.3000,285.7000,126.7000,285.7000
121.8000,133.1000,196.2000,133.1000,196.2000,287.9000,121.8000,287.9000
114.3000,133.2000,194.7000,133.2000,194.7000,286.8000,114.3000,286.8000
110.8000,134.2000,197.2000,134.2000,197.2000,287.8000,110.8000,287.8000
100.6000,133.2000,201.4000,133.2000,201.4000,286.8000,100.6000,286.8000
104.0000,136.6000,200.0000,136.6000,200.0000,285.4000,104.0000,285.4000
99.7000,138.7000,199.3000,138.7000,199.3000,286.3000,99.7000,286.3000
94.2000,137.7000,199.8000,137.7000,199.8000,285.3000,94.2000,285.3000
98.9000,138.1000,196.1000,138.1000,196.1000,280.9000,98.9000,280.9000
99.0000,142.0000,195.0000,142.0000,195.0000,286.0000,99.0000,286.0000
104.2000,143.1000,197.8000,143.1000,197.8000,285.9000,104.2000,285.9000
98.5000,144.0000,200.5000,144.0000,200.5000,288.0000,98.5000,288.0000
92.8000,143.9000,203.2000,143.9000,203.2000,289.1000,92.8000,289.1000
92.7000,144.1000,204.3000,144.1000,204.3000,286.9000,92.7000,286.9000
95.0000,143.1000,203.0000,143.1000,203.0000,285.9000,95.0000,285.9000
95.0000,144.9000,203.0000,144.9000,203.0000,290.1000,95.0000,290.1000
92.8000,140.6000,203.2000,140.6000,203.2000,289.4000,92.8000,289.4000
91.2000,142.3000,208.8000,142.3000,208.8000,294.7000,91.2000,294.7000
90.7000,138.4000,214.3000,138.4000,214.3000,289.6000,90.7000,289.6000
92.1000,144.5000,210.9000,144.5000,210.9000,294.5000,92.1000,294.5000
89.5000,139.3000,203.5000,139.3000,203.5000,291.7000,89.5000,291.7000
86.8000,144.2000,209.2000,144.2000,209.2000,297.8000,86.8000,297.8000
90.6000,142.0000,215.4000,142.0000,215.4000,298.0000,90.6000,298.0000
92.1000,147.4000,210.9000,147.4000,210.9000,298.6000,92.1000,298.6000
95.5000,148.4000,209.5000,148.4000,209.5000,299.6000,95.5000,299.6000
94.6000,145.2000,207.4000,145.2000,207.4000,298.8000,94.6000,298.8000
94.8000,148.1000,217.2000,148.1000,217.2000,302.9000,94.8000,302.9000
99.3000,147.1000,215.7000,147.1000,215.7000,301.9000,99.3000,301.9000
102.2000,147.1000,219.8000,147.1000,219.8000,301.9000,102.2000,301.9000
92.1000,146.1000,222.9000,146.1000,222.9000,300.9000,92.1000,300.9000
95.5000,146.9000,221.5000,146.9000,221.5000,304.1000,95.5000,304.1000
96.3000,144.7000,224.7000,144.7000,224.7000,304.3000,96.3000,304.3000
98.3000,140.4000,226.7000,140.4000,226.7000,303.6000,98.3000,303.6000
99.2000,139.4000,228.8000,139.4000,228.8000,302.6000,99.2000,302.6000
101.0000,138.1000,233.0000,138.1000,233.0000,304.9000,101.0000,304.9000
106.4000,135.8000,233.6000,135.8000,233.6000,294.2000,106.4000,294.2000
109.3000,133.3000,237.7000,133.3000,237.7000,285.7000,109.3000,285.7000
112.1000,137.6000,266.9000,137.6000,266.9000,286.4000,112.1000,286.4000
115.0000,134.1000,271.0000,134.1000,271.0000,288.9000,115.0000,288.9000
144.6000,146.6000,305.4000,146.6000,305.4000,295.4000,144.6000,295.4000
170.5000,149.1000,308.5000,149.1000,308.5000,303.9000,170.5000,303.9000
184.5000,162.4000,310.5000,162.4000,310.5000,313.6000,184.5000,313.6000
113.3000,156.3000,265.7000,156.3000,265.7000,308.7000,113.3000,308.7000
92.5000,150.1000,254.5000,150.1000,254.5000,304.9000,92.5000,304.9000
88.3000,151.1000,252.7000,151.1000,252.7000,305.9000,88.3000,305.9000
105.3000,171.3000,281.7000,171.3000,281.7000,311.7000,105.3000,311.7000
104.3000,163.6000,280.7000,163.6000,280.7000,300.4000,104.3000,300.4000
99.7000,194.5000,247.3000,194.5000,247.3000,296.5000,99.7000,296.5000
104.0000,185.7000,248.0000,185.7000,248.0000,285.3000,104.0000,285.3000
118.0000,161.1000,274.0000,161.1000,274.0000,267.9000,118.0000,267.9000
79.0000,191.6000,235.0000,191.6000,235.0000,304.4000,79.0000,304.4000
74.4000,195.7000,225.6000,195.7000,225.6000,307.3000,74.4000,307.3000
77.0000,206.6000,221.0000,206.6000,221.0000,307.4000,77.0000,307.4000
74.5000,214.3000,212.5000,214.3000,212.5000,306.7000,74.5000,306.7000
75.7000,211.0000,211.3000,211.0000,211.3000,307.0000,75.7000,307.0000
109.2000,187.4000,250.8000,187.4000,250.8000,290.6000,109.2000,290.6000
107.6000,192.2000,244.4000,192.2000,244.4000,285.8000,107.6000,285.8000
103.6000,198.6000,240.4000,198.6000,240.4000,287.4000,103.6000,287.4000
104.0000,200.7000,248.0000,200.7000,248.0000,288.3000,104.0000,288.3000
100.3000,201.7000,240.7000,201.7000,240.7000,289.3000,100.3000,289.3000
101.6000,204.0000,238.4000,204.0000,238.4000,288.0000,101.6000,288.0000
100.9000,207.2000,234.1000,207.2000,234.1000,288.8000,100.9000,288.8000
96.6000,207.3000,233.4000,207.3000,233.4000,287.7000,96.6000,287.7000
95.9000,205.2000,229.1000,205.2000,229.1000,286.8000,95.9000,286.8000
93.3000,205.1000,233.7000,205.1000,233.7000,287.9000,93.3000,287.9000
93.9000,205.0000,239.1000,205.0000,239.1000,289.0000,93.9000,289.0000
93.4000,206.1000,232.6000,206.1000,232.6000,288.9000,93.4000,288.9000
93.4000,207.1000,232.6000,207.1000,232.6000,289.9000,93.4000,289.9000
89.4000,207.1000,228.6000,207.1000,228.6000,289.9000,89.4000,289.9000
89.3000,206.9000,229.7000,206.9000,229.7000,292.1000,89.3000,292.1000
92.6000,208.9000,229.4000,208.9000,229.4000,294.1000,92.6000,294.1000
89.5000,210.0000,227.5000,210.0000,227.5000,294.0000,89.5000,294.0000
92.6000,211.8000,229.4000,211.8000,229.4000,298.2000,92.6000,298.2000
92.5000,210.6000,230.5000,210.6000,230.5000,299.4000,92.5000,299.4000
92.5000,212.6000,230.5000,212.6000,230.5000,301.4000,92.5000,301.4000
90.3000,212.4000,230.7000,212.4000,230.7000,303.6000,90.3000,303.6000
88.0000,209.2000,232.0000,209.2000,232.0000,302.8000,88.0000,302.8000
92.3000,209.2000,232.7000,209.2000,232.7000,302.8000,92.3000,302.8000
92.5000,210.2000,230.5000,210.2000,230.5000,303.8000,92.5000,303.8000
94.5000,207.9000,232.5000,207.9000,232.5000,305.1000,94.5000,305.1000
93.6000,208.8000,230.4000,208.8000,230.4000,307.2000,93.6000,307.2000
92.4000,207.7000,231.6000,207.7000,231.6000,307.3000,92.4000,307.3000
92.3000,206.5000,232.7000,206.5000,232.7000,308.5000,92.3000,308.5000
91.1000,209.4000,233.9000,209.4000,233.9000,312.6000,91.1000,312.6000
92.4000,206.5000,231.6000,206.5000,231.6000,308.5000,92.4000,308.5000
93.4000,208.2000,232.6000,208.2000,232.6000,313.8000,93.4000,313.8000
90.2000,204.1000,231.8000,204.1000,231.8000,310.9000,90.2000,310.9000
93.4000,202.7000,232.6000,202.7000,232.6000,314.3000,93.4000,314.3000
104.3000,208.4000,232.7000,208.4000,232.7000,311.6000,104.3000,311.6000
104.4000,207.3000,231.6000,207.3000,231.6000,311.7000,104.4000,311.7000
102.0000,205.0000,234.0000,205.0000,234.0000,313.0000,102.0000,313.0000
106.4000,205.0000,233.6000,205.0000,233.6000,313.0000,106.4000,313.0000
103.2000,205.0000,232.8000,205.0000,232.8000,313.0000,103.2000,313.0000
104.2000,204.0000,233.8000,204.0000,233.8000,312.0000,104.2000,312.0000
105.2000,205.0000,234.8000,205.0000,234.8000,313.0000,105.2000,313.0000
104.0000,208.4000,236.0000,208.4000,236.0000,323.6000,104.0000,323.6000
103.9000,210.2000,237.1000,210.2000,237.1000,327.8000,103.9000,327.8000
104.4000,204.8000,243.6000,204.8000,243.6000,327.2000,104.4000,327.2000
103.7000,205.4000,239.3000,205.4000,239.3000,320.6000,103.7000,320.6000
104.8000,208.3000,239.2000,208.3000,239.2000,324.7000,104.8000,324.7000
104.7000,206.5000,240.3000,206.5000,240.3000,320.5000,104.7000,320.5000
107.6000,205.9000,244.4000,205.9000,244.4000,327.1000,107.6000,327.1000
108.2000,204.8000,237.8000,204.8000,237.8000,327.2000,108.2000,327.2000
108.2000,203.9000,237.8000,203.9000,237.8000,325.1000,108.2000,325.1000
110.2000,208.0000,239.8000,208.0000,239.8000,328.0000,110.2000,328.0000
108.0000,206.1000,240.0000,206.1000,240.0000,324.9000,108.0000,324.9000
108.9000,209.3000,242.1000,209.3000,242.1000,325.7000,108.9000,325.7000
108.4000,204.2000,247.6000,204.2000,247.6000,321.8000,108.4000,321.8000
109.9000,208.2000,243.1000,208.2000,243.1000,325.8000,109.9000,325.8000
110.9000,208.2000,244.1000,208.2000,244.1000,325.8000,110.9000,325.8000
112.2000,206.0000,241.8000,206.0000,241.8000,326.0000,112.2000,326.0000
113.2000,204.6000,242.8000,204.6000,242.8000,329.4000,113.2000,329.4000
115.5000,207.7000,241.5000,207.7000,241.5000,331.3000,115.5000,331.3000
115.4000,208.5000,242.6000,208.5000,242.6000,334.5000,115.4000,334.5000
117.6000,204.4000,242.4000,204.4000,242.4000,331.6000,117.6000,331.6000
118.5000,200.1000,244.5000,200.1000,244.5000,330.9000,118.5000,330.9000
117.3000,194.1000,245.7000,194.1000,245.7000,324.9000,117.3000,324.9000
118.7000,199.9000,242.3000,199.9000,242.3000,333.1000,118.7000,333.1000
118.7000,196.2000,242.3000,196.2000,242.3000,325.8000,118.7000,325.8000
123.9000,198.6000,245.1000,198.6000,245.1000,323.4000,123.9000,323.4000
118.5000,190.8000,244.5000,190.8000,244.5000,313.2000,118.5000,313.2000
113.1000,191.9000,243.9000,191.9000,243.9000,313.1000,113.1000,313.1000
115.3000,196.9000,243.7000,196.9000,243.7000,318.1000,115.3000,318.1000
106.6000,188.0000,243.4000,188.0000,243.4000,308.0000,106.6000,308.0000
108.3000,189.0000,236.7000,189.0000,236.7000,309.0000,108.3000,309.0000
100.8000,179.9000,235.2000,179.9000,235.2000,301.1000,100.8000,301.1000
99.6000,173.6000,236.4000,173.6000,236.4000,298.4000,99.6000,298.4000
96.7000,172.3000,232.3000,172.3000,232.3000,300.7000,96.7000,300.7000
91.1000,165.7000,233.9000,165.7000,233.9000,301.3000,91.1000,301.3000
88.9000,160.4000,234.1000,160.4000,234.1000,299.6000,88.9000,299.6000
83.5000,158.2000,233.5000,158.2000,233.5000,299.8000,83.5000,299.8000
82.4000,162.5000,233.6000,162.5000,233.6000,300.5000,82.4000,300.5000
79.6000,163.8000,228.4000,163.8000,228.4000,298.2000,79.6000,298.2000
82.6000,163.5000,231.4000,163.5000,231.4000,301.5000,82.6000,301.5000
81.0000,163.3000,225.0000,163.3000,225.0000,303.7000,81.0000,303.7000
75.7000,162.7000,223.3000,162.7000,223.3000,310.3000,75.7000,310.3000
74.9000,164.8000,220.1000,164.8000,220.1000,311.2000,74.9000,311.2000
69.4000,161.4000,220.6000,161.4000,220.6000,312.6000,69.4000,312.6000
67.0000,161.2000,223.0000,161.2000,223.0000,314.8000,67.0000,314.8000
64.0000,163.0000,220.0000,163.0000,220.0000,319.0000,64.0000,319.0000
59.2000,162.8000,212.8000,162.8000,212.8000,321.2000,59.2000,321.2000
58.2000,163.7000,211.8000,163.7000,211.8000,323.3000,58.2000,323.3000
54.9000,161.4000,212.1000,161.4000,212.1000,324.6000,54.9000,324.6000
52.6000,157.0000,213.4000,157.0000,213.4000,325.0000,52.6000,325.0000
52.2000,159.0000,217.8000,159.0000,217.8000,327.0000,52.2000,327.0000
57.4000,159.1000,220.6000,159.1000,220.6000,325.9000,57.4000,325.9000
61.0000,164.7000,217.0000,164.7000,217.0000,324.3000,61.0000,324.3000
55.8000,156.2000,214.2000,156.2000,214.2000,321.8000,55.8000,321.8000
65.2000,162.5000,218.8000,162.5000,218.8000,324.5000,65.2000,324.5000
65.1000,157.5000,219.9000,157.5000,219.9000,319.5000,65.1000,319.5000
62.7000,150.7000,222.3000,150.7000,222.3000,322.3000,62.7000,322.3000
62.8000,150.6000,221.2000,150.6000,221.2000,323.4000,62.8000,323.4000
63.8000,156.9000,222.2000,156.9000,222.2000,326.1000,63.8000,326.1000
68.4000,162.5000,219.6000,162.5000,219.6000,324.5000,68.4000,324.5000
66.1000,154.0000,220.9000,154.0000,220.9000,322.0000,66.1000,322.0000
67.2000,154.0000,220.8000,154.0000,220.8000,322.0000,67.2000,322.0000
80.9000,155.3000,226.1000,155.3000,226.1000,307.7000,80.9000,307.7000
82.3000,136.0000,234.7000,136.0000,234.7000,304.0000,82.3000,304.0000
60.3000,130.3000,212.7000,130.3000,212.7000,306.7000,60.3000,306.7000
69.0000,113.9000,225.0000,113.9000,225.0000,283.1000,69.0000,283.1000
66.3000,95.5000,218.7000,95.5000,218.7000,257.5000,66.3000,257.5000
69.6000,98.8000,218.4000,98.8000,218.4000,257.2000,69.6000,257.2000
59.7000,103.2000,207.3000,103.2000,207.3000,256.8000,59.7000,256.8000
59.0000,106.4000,203.0000,106.4000,203.0000,257.6000,59.0000,257.6000
52.7000,109.7000,200.3000,109.7000,200.3000,257.3000,52.7000,257.3000
44.5000,108.9000,194.5000,108.9000,194.5000,254.1000,44.5000,254.1000
32.2000,107.3000,185.8000,107.3000,185.8000,259.7000,32.2000,259.7000
29.3000,106.4000,181.7000,106.4000,181.7000,257.6000,29.3000,257.6000
23.4000,105.6000,174.6000,105.6000,174.6000,254.4000,23.4000,254.4000
22.6000,99.5000,171.4000,99.5000,171.4000,249.5000,22.6000,249.5000
23.8000,89.7000,170.2000,89.7000,170.2000,261.3000,23.8000,261.3000
66.1000,193.2000,208.9000,193.2000,208.9000,358.8000,66.1000,358.8000
126.5000,186.3000,264.5000,186.3000,264.5000,350.7000,126.5000,350.7000
2
0
0
0
0
1
43.9000,151.9000,129.1000,151.9000,129.1000,225.1000,43.9000,225.1000
40.6000,167.9000,129.4000,167.9000,129.4000,241.1000,40.6000,241.1000
41.8000,174.0000,128.2000,174.0000,128.2000,246.0000,41.8000,246.0000
38.9000,174.9000,124.1000,174.9000,124.1000,248.1000,38.9000,248.1000
41.8000,180.3000,128.2000,180.3000,128.2000,248.7000,41.8000,248.7000
62.2000,200.9000,143.8000,200.9000,143.8000,274.1000,62.2000,274.1000
56.2000,209.8000,137.8000,209.8000,137.8000,296.2000,56.2000,296.2000
57.2000,209.2000,138.8000,209.2000,138.8000,290.8000,57.2000,290.8000
57.2000,201.6000,138.8000,201.6000,138.8000,278.4000,57.2000,278.4000
51.2000,170.0000,132.8000,170.0000,132.8000,242.0000,51.2000,242.0000
59.1000,199.9000,153.9000,199.9000,153.9000,261.1000,59.1000,261.1000
57.8000,194.7000,156.2000,194.7000,156.2000,258.3000,57.8000,258.3000
61.9000,190.6000,159.1000,190.6000,159.1000,255.4000,61.9000,255.4000
58.4000,184.6000,161.6000,184.6000,161.6000,249.4000,58.4000,249.4000
48.7000,162.7000,136.3000,162.7000,136.3000,238.3000,48.7000,238.3000
58.1000,172.0000,140.9000,172.0000,140.9000,256.0000,58.1000,256.0000
54.9000,172.8000,140.1000,172.8000,140.1000,259.2000,54.9000,259.2000
41.5000,205.8000,143.5000,205.8000,143.5000,280.2000,41.5000,280.2000
36.7000,203.8000,136.3000,203.8000,136.3000,278.2000,36.7000,278.2000
17.2000,206.4000,122.8000,206.4000,122.8000,273.6000,17.2000,273.6000
2
0
0
0
0
1
153.1000,186.6000,211.9000,186.6000,211.9000,239.4000,153.1000,239.4000
154.2000,182.5000,211.8000,182.5000,211.8000,236.5000,154.2000,236.5000
154.2000,179.5000,211.8000,179.5000,211.8000,233.5000,154.2000,233.5000
155.4000,176.2000,210.6000,176.2000,210.6000,233.8000,155.4000,233.8000
155.6000,173.0000,208.4000,173.0000,208.4000,233.0000,155.6000,233.0000
155.7000,173.1000,207.3000,173.1000,207.3000,231.9000,155.7000,231.9000
157.0000,171.1000,205.0000,171.1000,205.0000,229.9000,157.0000,229.9000
156.9000,171.1000,206.1000,171.1000,206.1000,229.9000,156.9000,229.9000
160.2000,170.9000,205.8000,170.9000,205.8000,232.1000,160.2000,232.1000
159.0000,173.2000,207.0000,173.2000,207.0000,230.8000,159.0000,230.8000
159.8000,173.4000,210.2000,173.4000,210.2000,228.6000,159.8000,228.6000
159.6000,173.2000,212.4000,173.2000,212.4000,230.8000,159.6000,230.8000
161.5000,171.4000,215.5000,171.4000,215.5000,226.6000,161.5000,226.6000
164.6000,169.4000,217.4000,169.4000,217.4000,224.6000,164.6000,224.6000
169.5000,165.1000,223.5000,165.1000,223.5000,223.9000,169.5000,223.9000
171.1000,165.3000,229.9000,165.3000,229.9000,209.7000,171.1000,209.7000
177.4000,161.5000,232.6000,161.5000,232.6000,215.5000,177.4000,215.5000
182.3000,158.4000,238.7000,158.4000,238.7000,213.6000,182.3000,213.6000
187.4000,153.1000,242.6000,153.1000,242.6000,211.9000,187.4000,211.9000
180.9000,152.3000,242.1000,152.3000,242.1000,208.7000,180.9000,208.7000
182.7000,158.5000,246.3000,158.5000,246.3000,212.5000,182.7000,212.5000
186.7000,153.7000,250.3000,153.7000,250.3000,217.3000,186.7000,217.3000
187.8000,151.8000,250.2000,151.8000,250.2000,226.2000,187.8000,226.2000
178.4000,147.6000,233.6000,147.6000,233.6000,224.4000,178.4000,224.4000
190.5000,162.0000,244.5000,162.0000,244.5000,234.0000,190.5000,234.0000
203.7000,173.1000,255.3000,173.1000,255.3000,243.9000,203.7000,243.9000
208.3000,178.9000,252.7000,178.9000,252.7000,240.1000,208.3000,240.1000
206.0000,183.8000,254.0000,183.8000,254.0000,246.2000,206.0000,246.2000
204.6000,188.4000,257.4000,188.4000,257.4000,255.6000,204.6000,255.6000
207.8000,193.6000,258.2000,193.6000,258.2000,258.4000,207.8000,258.4000
212.4000,186.1000,255.6000,186.1000,255.6000,244.9000,212.4000,244.9000
214.2000,195.7000,259.8000,195.7000,259.8000,247.3000,214.2000,247.3000
211.7000,192.1000,263.3000,192.1000,263.3000,238.9000,211.7000,238.9000
213.6000,184.0000,266.4000,184.0000,266.4000,232.0000,213.6000,232.0000
199.9000,211.0000,249.1000,211.0000,249.1000,259.0000,199.9000,259.0000
195.6000,244.6000,236.4000,244.6000,236.4000,297.4000,195.6000,297.4000
182.4000,248.5000,225.6000,248.5000,225.6000,302.5000,182.4000,302.5000
183.1000,243.5000,217.9000,243.5000,217.9000,297.5000,183.1000,297.5000
181.0000,236.4000,217.0000,236.4000,217.0000,291.6000,181.0000,291.6000
190.7000,236.4000,230.3000,236.4000,230.3000,291.6000,190.7000,291.6000
187.7000,241.0000,227.3000,241.0000,227.3000,301.0000,187.7000,301.0000
182.4000,232.9000,225.6000,232.9000,225.6000,294.1000,182.4000,294.1000
176.2000,221.7000,221.8000,221.7000,221.8000,285.3000,176.2000,285.3000
175.0000,210.6000,223.0000,210.6000,223.0000,275.4000,175.0000,275.4000
171.7000,207.6000,223.3000,207.6000,223.3000,272.4000,171.7000,272.4000
183.7000,212.9000,223.3000,212.9000,223.3000,286.1000,183.7000,286.1000
184.7000,211.1000,224.3000,211.1000,224.3000,281.9000,184.7000,281.9000
182.3000,188.9000,226.7000,188.9000,226.7000,262.1000,182.3000,262.1000
177.0000,193.4000,225.0000,193.4000,225.0000,260.6000,177.0000,260.6000
172.7000,190.1000,224.3000,190.1000,224.3000,260.9000,172.7000,260.9000
170.5000,189.1000,224.5000,189.1000,224.5000,259.9000,170.5000,259.9000
167.7000,197.8000,231.3000,197.8000,231.3000,260.2000,167.7000,260.2000
167.2000,193.1000,224.8000,193.1000,224.8000,263.9000,167.2000,263.9000
169.7000,191.5000,221.3000,191.5000,221.3000,269.5000,169.7000,269.5000
170.6000,190.4000,223.4000,190.4000,223.4000,269.6000,170.6000,269.6000
169.8000,190.4000,232.2000,190.4000,232.2000,269.6000,169.8000,269.6000
169.2000,201.0000,238.8000,201.0000,238.8000,273.0000,169.2000,273.0000
167.6000,216.9000,244.4000,216.9000,244.4000,278.1000,167.6000,278.1000
196.0000,201.4000,268.0000,201.4000,268.0000,268.6000,196.0000,268.6000
208.4000,164.3000,275.6000,164.3000,275.6000,232.7000,208.4000,232.7000
210.9000,164.5000,272.1000,164.5000,272.1000,230.5000,210.9000,230.5000
225.4000,169.3000,280.6000,169.3000,280.6000,237.7000,225.4000,237.7000
226.3000,164.7000,294.7000,164.7000,294.7000,216.3000,226.3000,216.3000
236.9000,168.9000,310.1000,168.9000,310.1000,218.1000,236.9000,218.1000
252.0000,173.7000,324.0000,173.7000,324.0000,225.3000,252.0000,225.3000
270.3000,181.9000,338.7000,181.9000,338.7000,231.1000,270.3000,231.1000
286.5000,182.1000,352.5000,182.1000,352.5000,240.9000,286.5000,240.9000
307.6000,194.5000,384.4000,194.5000,384.4000,248.5000,307.6000,248.5000
329.8000,201.6000,404.2000,201.6000,404.2000,254.4000,329.8000,254.4000
356.2000,208.2000,425.8000,208.2000,425.8000,265.8000,356.2000,265.8000
366.4000,212.4000,421.6000,212.4000,421.6000,279.6000,366.4000,279.6000
391.3000,217.7000,447.7000,217.7000,447.7000,293.3000,391.3000,293.3000
416.9000,218.8000,478.1000,218.8000,478.1000,293.2000,416.9000,293.2000
443.4000,219.2000,510.6000,219.2000,510.6000,288.8000,443.4000,288.8000
479.4000,225.2000,546.6000,225.2000,546.6000,294.8000,479.4000,294.8000
