1.5137,1.4122,1.3206,0,0,0,0,0,0,0,0,0,0,0,0
0.33577,0.24715,0.25109,0,0,0,0,0,0,0,0,0,0,0,0
0.88863,0.78182,0.78737,0,0,0,0,0,0,0,0,0,0,0,0
0.068966,0.061185,0.061715,0,0,0,0,0,0,0,0,0,0,0,0
0.081931,0.060276,0.06003,0,0,0,0,0,0,0,0,0,0,0,0
0.090637,0.060228,0.059449,0,0,0,0,0,0,0,0,0,0,0,0
0.10136,0.057948,0.057383,0,0,0,0,0,0,0,0,0,0,0,0
0.1063,0.057655,0.058011,0,0,0,0,0,0,0,0,0,0,0,0
0.10548,0.057959,0.057993,0,0,0,0,0,0,0,0,0,0,0,0
0.10558,0.057132,0.057693,0,0,0,0,0,0,0,0,0,0,0,0
0.10634,0.057747,0.05795,0,0,0,0,0,0,0,0,0,0,0,0
0.11692,0.064233,0.064117,0,0,0,0,0,0,0,0,0,0,0,0
0.12138,0.070671,0.070506,0,0,0,0,0,0,0,0,0,0,0,0
0.10176,0.063288,0.063163,0,0,0,0,0,0,0,0,0,0,0,0
0.098955,0.061551,0.061275,0,0,0,0,0,0,0,0,0,0,0,0
0.10203,0.06342,0.063227,0,0,0,0,0,0,0,0,0,0,0,0
0.10369,0.061929,0.061865,0,0,0,0,0,0,0,0,0,0,0,0
0.12297,0.067371,0.066202,0,0,0,0,0,0,0,0,0,0,0,0
0.11388,0.063815,0.063049,0,0,0,0,0,0,0,0,0,0,0,0
0.1103,0.061879,0.0614,0,0,0,0,0,0,0,0,0,0,0,0
0.11276,0.062576,0.062635,0,0,0,0,0,0,0,0,0,0,0,0
0.11455,0.063697,0.064138,0,0,0,0,0,0,0,0,0,0,0,0
0.11062,0.061097,0.061788,0,0,0,0,0,0,0,0,0,0,0,0
0.11254,0.062692,0.062694,0,0,0,0,0,0,0,0,0,0,0,0
0.11116,0.062484,0.061353,0,0,0,0,0,0,0,0,0,0,0,0
0.11208,0.062556,0.062655,0,0,0,0,0,0,0,0,0,0,0,0
0.11116,0.06125,0.061383,0,0,0,0,0,0,0,0,0,0,0,0
0.10534,0.058913,0.058371,0,0,0,0,0,0,0,0,0,0,0,0
0.10548,0.059094,0.058758,0,0,0,0,0,0,0,0,0,0,0,0
0.10771,0.059309,0.058884,0,0,0,0,0,0,0,0,0,0,0,0
0.10608,0.059244,0.058573,0,0,0,0,0,0,0,0,0,0,0,0
0.10624,0.059298,0.058641,0,0,0,0,0,0,0,0,0,0,0,0
0.10618,0.05941,0.058605,0,0,0,0,0,0,0,0,0,0,0,0
0.10601,0.058956,0.058574,0,0,0,0,0,0,0,0,0,0,0,0
0.11067,0.059539,0.060558,0,0,0,0,0,0,0,0,0,0,0,0
0.11065,0.060408,0.062162,0,0,0,0,0,0,0,0,0,0,0,0
0.11294,0.061013,0.062819,0,0,0,0,0,0,0,0,0,0,0,0
0.11433,0.061264,0.063275,0,0,0,0,0,0,0,0,0,0,0,0
0.11227,0.061009,0.06279,0,0,0,0,0,0,0,0,0,0,0,0
0.11102,0.059885,0.062441,0,0,0,0,0,0,0,0,0,0,0,0
0.1149,0.061006,0.063389,0,0,0,0,0,0,0,0,0,0,0,0
0.11438,0.062001,0.064136,0,0,0,0,0,0,0,0,0,0,0,0
0.11203,0.059887,0.062468,0,0,0,0,0,0,0,0,0,0,0,0
0.11262,0.06073,0.062342,0,0,0,0,0,0,0,0,0,0,0,0
0.11755,0.063688,0.066019,0,0,0,0,0,0,0,0,0,0,0,0
0.11246,0.059792,0.062496,0,0,0,0,0,0,0,0,0,0,0,0
0.11215,0.060189,0.0623,0,0,0,0,0,0,0,0,0,0,0,0
0.10988,0.059257,0.061117,0,0,0,0,0,0,0,0,0,0,0,0
0.10681,0.057615,0.059366,0,0,0,0,0,0,0,0,0,0,0,0
0.1069,0.05794,0.059823,0,0,0,0,0,0,0,0,0,0,0,0
0.10643,0.057117,0.059442,0,0,0,0,0,0,0,0,0,0,0,0
0.10935,0.059063,0.059209,0,0,0,0,0,0,0,0,0,0,0,0
0.10561,0.059006,0.059322,0,0,0,0,0,0,0,0,0,0,0,0
0.10633,0.05933,0.059399,0,0,0,0,0,0,0,0,0,0,0,0
0.10595,0.059233,0.059304,0,0,0,0,0,0,0,0,0,0,0,0
0.10715,0.058961,0.059902,0,0,0,0,0,0,0,0,0,0,0,0
0.10473,0.0587,0.058863,0,0,0,0,0,0,0,0,0,0,0,0
0.10946,0.060102,0.058183,0,0,0,0,0,0,0,0,0,0,0,0
0.11899,0.064613,0.062812,0,0,0,0,0,0,0,0,0,0,0,0
0.11044,0.061588,0.060006,0,0,0,0,0,0,0,0,0,0,0,0
0.11196,0.062049,0.059897,0,0,0,0,0,0,0,0,0,0,0,0
0.1097,0.060353,0.058856,0,0,0,0,0,0,0,0,0,0,0,0
0.10622,0.059033,0.057416,0,0,0,0,0,0,0,0,0,0,0,0
0.11097,0.061098,0.058347,0,0,0,0,0,0,0,0,0,0,0,0
0.10574,0.05909,0.057064,0,0,0,0,0,0,0,0,0,0,0,0
0.10571,0.058829,0.057351,0,0,0,0,0,0,0,0,0,0,0,0
0.10636,0.058924,0.056898,0,0,0,0,0,0,0,0,0,0,0,0
0.10818,0.059494,0.057919,0,0,0,0,0,0,0,0,0,0,0,0
0.10674,0.059644,0.057545,0,0,0,0,0,0,0,0,0,0,0,0
0.10842,0.059714,0.057256,0,0,0,0,0,0,0,0,0,0,0,0
0.10637,0.059679,0.057557,0,0,0,0,0,0,0,0,0,0,0,0
0.10803,0.059493,0.057477,0,0,0,0,0,0,0,0,0,0,0,0
0.11288,0.062914,0.060461,0,0,0,0,0,0,0,0,0,0,0,0
0.10723,0.05962,0.057514,0,0,0,0,0,0,0,0,0,0,0,0
0.11431,0.062871,0.060579,0,0,0,0,0,0,0,0,0,0,0,0
0.10591,0.059679,0.058599,0,0,0,0,0,0,0,0,0,0,0,0
0.1067,0.059717,0.059577,0,0,0,0,0,0,0,0,0,0,0,0
0.11385,0.063115,0.063231,0,0,0,0,0,0,0,0,0,0,0,0
0.10745,0.060213,0.060402,0,0,0,0,0,0,0,0,0,0,0,0
0.10768,0.060085,0.060082,0,0,0,0,0,0,0,0,0,0,0,0
0.11718,0.064768,0.064971,0,0,0,0,0,0,0,0,0,0,0,0
0.11185,0.063047,0.063275,0,0,0,0,0,0,0,0,0,0,0,0
0.11318,0.062935,0.063031,0,0,0,0,0,0,0,0,0,0,0,0
0.12096,0.066931,0.066643,0,0,0,0,0,0,0,0,0,0,0,0
0.11643,0.064227,0.064267,0,0,0,0,0,0,0,0,0,0,0,0
0.12492,0.067017,0.067188,0,0,0,0,0,0,0,0,0,0,0,0
0.11198,0.062986,0.063509,0,0,0,0,0,0,0,0,0,0,0,0
0.12074,0.067081,0.067276,0,0,0,0,0,0,0,0,0,0,0,0
0.11489,0.063877,0.072842,0,0,0,0,0,0,0,0,0,0,0,0
0.11368,0.063388,0.093819,0,0,0,0,0,0,0,0,0,0,0,0
0.12128,0.06648,0.078389,0,0,0,0,0,0,0,0,0,0,0,0
0.11385,0.063737,0.066352,0,0,0,0,0,0,0,0,0,0,0,0
0.1123,0.063483,0.065033,0,0,0,0,0,0,0,0,0,0,0,0
0.12005,0.06622,0.067896,0,0,0,0,0,0,0,0,0,0,0,0
0.11234,0.064204,0.065899,0,0,0,0,0,0,0,0,0,0,0,0
0.12219,0.067615,0.069092,0,0,0,0,0,0,0,0,0,0,0,0
0.11083,0.063625,0.065114,0,0,0,0,0,0,0,0,0,0,0,0
0.11547,0.064475,0.066215,0,0,0,0,0,0,0,0,0,0,0,0
0.11367,0.062017,0.065085,0,0,0,0,0,0,0,0,0,0,0,0
0.1148,0.062246,0.066794,0,0,0,0,0,0,0,0,0,0,0,0
0.11352,0.061636,0.065299,0,0,0,0,0,0,0,0,0,0,0,0
0.1143,0.062006,0.065252,0,0,0,0,0,0,0,0,0,0,0,0
0.11402,0.061181,0.096415,0,0,0,0,0,0,0,0,0,0,0,0
0.11591,0.061835,0.083518,0,0,0,0,0,0,0,0,0,0,0,0
0.11338,0.061113,0.069971,0,0,0,0,0,0,0,0,0,0,0,0
0.11729,0.063632,0.067828,0,0,0,0,0,0,0,0,0,0,0,0
0.11785,0.063284,0.067321,0,0,0,0,0,0,0,0,0,0,0,0
0.11634,0.063504,0.06771,0,0,0,0,0,0,0,0,0,0,0,0
0.11669,0.062586,0.066539,0,0,0,0,0,0,0,0,0,0,0,0
0.11703,0.063098,0.067212,0,0,0,0,0,0,0,0,0,0,0,0
0.11548,0.062543,0.066528,0,0,0,0,0,0,0,0,0,0,0,0
0.11481,0.061622,0.065385,0,0,0,0,0,0,0,0,0,0,0,0
0.11736,0.062594,0.066383,0,0,0,0,0,0,0,0,0,0,0,0
0.11532,0.061649,0.065436,0,0,0,0,0,0,0,0,0,0,0,0
0.11351,0.062671,0.065449,0,0,0,0,0,0,0,0,0,0,0,0
0.11386,0.06412,0.06558,0,0,0,0,0,0,0,0,0,0,0,0
0.11134,0.06496,0.065998,0,0,0,0,0,0,0,0,0,0,0,0
0.11407,0.064333,0.064514,0,0,0,0,0,0,0,0,0,0,0,0
0.11388,0.064206,0.062204,0,0,0,0,0,0,0,0,0,0,0,0
0.11708,0.063943,0.063069,0,0,0,0,0,0,0,0,0,0,0,0
0.11399,0.06407,0.062244,0,0,0,0,0,0,0,0,0,0,0,0
0.11449,0.063538,0.062487,0,0,0,0,0,0,0,0,0,0,0,0
0.11504,0.062695,0.061831,0,0,0,0,0,0,0,0,0,0,0,0
0.1162,0.061924,0.062452,0,0,0,0,0,0,0,0,0,0,0,0
0.11424,0.062168,0.062655,0,0,0,0,0,0,0,0,0,0,0,0
0.11776,0.063115,0.063625,0,0,0,0,0,0,0,0,0,0,0,0
0.11571,0.062279,0.062821,0,0,0,0,0,0,0,0,0,0,0,0
0.11587,0.062011,0.062531,0,0,0,0,0,0,0,0,0,0,0,0
0.11538,0.063183,0.064066,0,0,0,0,0,0,0,0,0,0,0,0
0.11498,0.063393,0.062448,0,0,0,0,0,0,0,0,0,0,0,0
0.11475,0.063566,0.062335,0,0,0,0,0,0,0,0,0,0,0,0
0.11434,0.062209,0.062329,0,0,0,0,0,0,0,0,0,0,0,0
0.11511,0.061334,0.062712,0,0,0,0,0,0,0,0,0,0,0,0
0.11541,0.062304,0.062952,0,0,0,0,0,0,0,0,0,0,0,0
0.1131,0.0614,0.064119,0,0,0,0,0,0,0,0,0,0,0,0
0.11661,0.061552,0.064867,0,0,0,0,0,0,0,0,0,0,0,0
0.11511,0.061584,0.064509,0,0,0,0,0,0,0,0,0,0,0,0
0.11582,0.061392,0.064626,0,0,0,0,0,0,0,0,0,0,0,0
0.11344,0.06174,0.064727,0,0,0,0,0,0,0,0,0,0,0,0
0.11862,0.0627,0.064754,0,0,0,0,0,0,0,0,0,0,0,0
0.11422,0.06166,0.064664,0,0,0,0,0,0,0,0,0,0,0,0
0.11517,0.061633,0.064488,0,0,0,0,0,0,0,0,0,0,0,0
0.11531,0.061578,0.064708,0,0,0,0,0,0,0,0,0,0,0,0
0.11505,0.06167,0.064507,0,0,0,0,0,0,0,0,0,0,0,0
0.11539,0.062033,0.064323,0,0,0,0,0,0,0,0,0,0,0,0
0.11474,0.061832,0.064627,0,0,0,0,0,0,0,0,0,0,0,0
0.11589,0.06345,0.064768,0,0,0,0,0,0,0,0,0,0,0,0
0.11565,0.06397,0.065226,0,0,0,0,0,0,0,0,0,0,0,0
0.12363,0.067129,0.070206,0,0,0,0,0,0,0,0,0,0,0,0
0.11567,0.062468,0.064675,0,0,0,0,0,0,0,0,0,0,0,0
0.1234,0.0668,0.068912,0,0,0,0,0,0,0,0,0,0,0,0
0.11637,0.062898,0.064516,0,0,0,0,0,0,0,0,0,0,0,0
0.12484,0.068147,0.069488,0,0,0,0,0,0,0,0,0,0,0,0
0.11718,0.064122,0.066226,0,0,0,0,0,0,0,0,0,0,0,0
0.11621,0.063977,0.066146,0,0,0,0,0,0,0,0,0,0,0,0
0.1177,0.064187,0.065931,0,0,0,0,0,0,0,0,0,0,0,0
0.11793,0.063934,0.066154,0,0,0,0,0,0,0,0,0,0,0,0
0.11892,0.063966,0.065942,0,0,0,0,0,0,0,0,0,0,0,0
0.11594,0.064206,0.065192,0,0,0,0,0,0,0,0,0,0,0,0
0.11556,0.062307,0.06425,0,0,0,0,0,0,0,0,0,0,0,0
0.11632,0.062472,0.064162,0,0,0,0,0,0,0,0,0,0,0,0
0.11635,0.062082,0.06409,0,0,0,0,0,0,0,0,0,0,0,0
0.11492,0.062283,0.064996,0,0,0,0,0,0,0,0,0,0,0,0
0.1161,0.06197,0.065046,0,0,0,0,0,0,0,0,0,0,0,0
0.11642,0.062173,0.065047,0,0,0,0,0,0,0,0,0,0,0,0
0.11642,0.06199,0.065353,0,0,0,0,0,0,0,0,0,0,0,0
0.11438,0.061856,0.065084,0,0,0,0,0,0,0,0,0,0,0,0
0.11742,0.061864,0.064718,0,0,0,0,0,0,0,0,0,0,0,0
0.11508,0.061954,0.064763,0,0,0,0,0,0,0,0,0,0,0,0
0.11592,0.061795,0.064877,0,0,0,0,0,0,0,0,0,0,0,0
0.11638,0.061986,0.064881,0,0,0,0,0,0,0,0,0,0,0,0
0.11655,0.062368,0.065937,0,0,0,0,0,0,0,0,0,0,0,0
0.11488,0.062175,0.064476,0,0,0,0,0,0,0,0,0,0,0,0
0.12219,0.06677,0.070013,0,0,0,0,0,0,0,0,0,0,0,0
0.11617,0.062294,0.065109,0,0,0,0,0,0,0,0,0,0,0,0
0.11548,0.062487,0.064995,0,0,0,0,0,0,0,0,0,0,0,0
0.11614,0.061983,0.064936,0,0,0,0,0,0,0,0,0,0,0,0
0.11578,0.065941,0.066094,0,0,0,0,0,0,0,0,0,0,0,0
0.1129,0.064352,0.064858,0,0,0,0,0,0,0,0,0,0,0,0
0.1176,0.064837,0.064315,0,0,0,0,0,0,0,0,0,0,0,0
0.11724,0.065051,0.063563,0,0,0,0,0,0,0,0,0,0,0,0
0.1163,0.063935,0.062487,0,0,0,0,0,0,0,0,0,0,0,0
0.1148,0.063805,0.062379,0,0,0,0,0,0,0,0,0,0,0,0
0.11743,0.064089,0.062918,0,0,0,0,0,0,0,0,0,0,0,0
0.11584,0.064007,0.062484,0,0,0,0,0,0,0,0,0,0,0,0
0.11676,0.064419,0.062472,0,0,0,0,0,0,0,0,0,0,0,0
0.11567,0.064794,0.062856,0,0,0,0,0,0,0,0,0,0,0,0
0.1165,0.064763,0.062898,0,0,0,0,0,0,0,0,0,0,0,0
0.11714,0.064683,0.062805,0,0,0,0,0,0,0,0,0,0,0,0
0.11851,0.065119,0.062405,0,0,0,0,0,0,0,0,0,0,0,0
0.11554,0.064817,0.062662,0,0,0,0,0,0,0,0,0,0,0,0
0.11632,0.06473,0.062575,0,0,0,0,0,0,0,0,0,0,0,0
0.117,0.064423,0.062355,0,0,0,0,0,0,0,0,0,0,0,0
0.11675,0.064602,0.062901,0,0,0,0,0,0,0,0,0,0,0,0
0.11487,0.06445,0.062476,0,0,0,0,0,0,0,0,0,0,0,0
0.11699,0.065565,0.064348,0,0,0,0,0,0,0,0,0,0,0,0
0.1161,0.064325,0.064634,0,0,0,0,0,0,0,0,0,0,0,0
0.11719,0.064708,0.065188,0,0,0,0,0,0,0,0,0,0,0,0
0.11493,0.064494,0.064934,0,0,0,0,0,0,0,0,0,0,0,0
0.11629,0.064105,0.065042,0,0,0,0,0,0,0,0,0,0,0,0
0.11655,0.064563,0.065255,0,0,0,0,0,0,0,0,0,0,0,0
0.11628,0.065857,0.065611,0,0,0,0,0,0,0,0,0,0,0,0
0.11758,0.06576,0.06589,0,0,0,0,0,0,0,0,0,0,0,0
0.11667,0.06434,0.064366,0,0,0,0,0,0,0,0,0,0,0,0
0.11529,0.064375,0.065012,0,0,0,0,0,0,0,0,0,0,0,0
0.11674,0.064492,0.064971,0,0,0,0,0,0,0,0,0,0,0,0
0.11418,0.064375,0.06477,0,0,0,0,0,0,0,0,0,0,0,0
0.11738,0.064076,0.065033,0,0,0,0,0,0,0,0,0,0,0,0
0.11746,0.065543,0.066759,0,0,0,0,0,0,0,0,0,0,0,0
0.12108,0.067484,0.068018,0,0,0,0,0,0,0,0,0,0,0,0
0.11468,0.064372,0.065108,0,0,0,0,0,0,0,0,0,0,0,0
0.11564,0.064541,0.064996,0,0,0,0,0,0,0,0,0,0,0,0
0.11633,0.064511,0.06429,0,0,0,0,0,0,0,0,0,0,0,0
0.11621,0.06454,0.064469,0,0,0,0,0,0,0,0,0,0,0,0
0.11482,0.064515,0.0644,0,0,0,0,0,0,0,0,0,0,0,0
0.11933,0.065897,0.065727,0,0,0,0,0,0,0,0,0,0,0,0
0.10964,0.061176,0.061215,0,0,0,0,0,0,0,0,0,0,0,0
0.11031,0.061387,0.061313,0,0,0,0,0,0,0,0,0,0,0,0
0.11212,0.061264,0.061405,0,0,0,0,0,0,0,0,0,0,0,0
0.11567,0.064306,0.064482,0,0,0,0,0,0,0,0,0,0,0,0
0.11056,0.061233,0.06185,0,0,0,0,0,0,0,0,0,0,0,0
0.11023,0.061147,0.061544,0,0,0,0,0,0,0,0,0,0,0,0
0.12109,0.066697,0.067719,0,0,0,0,0,0,0,0,0,0,0,0
0.11548,0.063409,0.065263,0,0,0,0,0,0,0,0,0,0,0,0
0.11659,0.062488,0.065007,0,0,0,0,0,0,0,0,0,0,0,0
0.11654,0.061943,0.065156,0,0,0,0,0,0,0,0,0,0,0,0
0.11481,0.062575,0.067753,0,0,0,0,0,0,0,0,0,0,0,0
0.1176,0.062053,0.065634,0,0,0,0,0,0,0,0,0,0,0,0
0.11506,0.062065,0.065067,0,0,0,0,0,0,0,0,0,0,0,0
0.11659,0.062018,0.065006,0,0,0,0,0,0,0,0,0,0,0,0
0.11447,0.061883,0.06556,0,0,0,0,0,0,0,0,0,0,0,0
0.11865,0.063054,0.0662,0,0,0,0,0,0,0,0,0,0,0,0
0.11872,0.064391,0.067626,0,0,0,0,0,0,0,0,0,0,0,0
0.12071,0.064208,0.10127,0,0,0,0,0,0,0,0,0,0,0,0
0.11731,0.063305,0.08375,0,0,0,0,0,0,0,0,0,0,0,0
0.11606,0.062165,0.071079,0,0,0,0,0,0,0,0,0,0,0,0
0.11744,0.063311,0.068598,0,0,0,0,0,0,0,0,0,0,0,0
0.11628,0.062928,0.067664,0,0,0,0,0,0,0,0,0,0,0,0
0.11706,0.062378,0.097988,0,0,0,0,0,0,0,0,0,0,0,0
0.11429,0.06392,0.079507,0,0,0,0,0,0,0,0,0,0,0,0
0.11678,0.064327,0.069255,0,0,0,0,0,0,0,0,0,0,0,0
0.11678,0.063864,0.06645,0,0,0,0,0,0,0,0,0,0,0,0
0.11839,0.065362,0.067767,0,0,0,0,0,0,0,0,0,0,0,0
0.11667,0.064297,0.066989,0,0,0,0,0,0,0,0,0,0,0,0
0.11824,0.065141,0.067824,0,0,0,0,0,0,0,0,0,0,0,0
0.12618,0.06983,0.072206,0,0,0,0,0,0,0,0,0,0,0,0
0.11842,0.065044,0.06764,0,0,0,0,0,0,0,0,0,0,0,0
0.11971,0.066097,0.068782,0,0,0,0,0,0,0,0,0,0,0,0
0.11897,0.066095,0.068659,0,0,0,0,0,0,0,0,0,0,0,0
0.11934,0.066355,0.068994,0,0,0,0,0,0,0,0,0,0,0,0
0.11977,0.065884,0.068453,0,0,0,0,0,0,0,0,0,0,0,0
0.12289,0.068015,0.068487,0,0,0,0,0,0,0,0,0,0,0,0
0.11926,0.066144,0.065767,0,0,0,0,0,0,0,0,0,0,0,0
0.11846,0.066141,0.065471,0,0,0,0,0,0,0,0,0,0,0,0
0.11608,0.064889,0.065542,0,0,0,0,0,0,0,0,0,0,0,0
0.11914,0.065795,0.067338,0,0,0,0,0,0,0,0,0,0,0,0
0.11666,0.065091,0.065998,0,0,0,0,0,0,0,0,0,0,0,0
0.11734,0.065068,0.066192,0,0,0,0,0,0,0,0,0,0,0,0
0.11807,0.065149,0.066402,0,0,0,0,0,0,0,0,0,0,0,0
0.11809,0.065083,0.06641,0,0,0,0,0,0,0,0,0,0,0,0
0.1169,0.065791,0.06724,0,0,0,0,0,0,0,0,0,0,0,0
0.11767,0.064693,0.066921,0,0,0,0,0,0,0,0,0,0,0,0
0.11558,0.065068,0.066357,0,0,0,0,0,0,0,0,0,0,0,0
0.11614,0.065918,0.066387,0,0,0,0,0,0,0,0,0,0,0,0
0.11559,0.064982,0.06621,0,0,0,0,0,0,0,0,0,0,0,0
0.11744,0.064726,0.066216,0,0,0,0,0,0,0,0,0,0,0,0
0.11534,0.065043,0.066145,0,0,0,0,0,0,0,0,0,0,0,0
0.11726,0.065135,0.066316,0,0,0,0,0,0,0,0,0,0,0,0
0.11697,0.06504,0.066386,0,0,0,0,0,0,0,0,0,0,0,0
0.11786,0.06519,0.065998,0,0,0,0,0,0,0,0,0,0,0,0
0.1161,0.065159,0.065702,0,0,0,0,0,0,0,0,0,0,0,0
0.12034,0.065812,0.066758,0,0,0,0,0,0,0,0,0,0,0,0
0.11777,0.066345,0.067228,0,0,0,0,0,0,0,0,0,0,0,0
0.11994,0.065972,0.067223,0,0,0,0,0,0,0,0,0,0,0,0
0.11515,0.065089,0.066302,0,0,0,0,0,0,0,0,0,0,0,0
0.12214,0.066821,0.068485,0,0,0,0,0,0,0,0,0,0,0,0
0.12024,0.066634,0.068507,0,0,0,0,0,0,0,0,0,0,0,0
0.12331,0.067833,0.071757,0,0,0,0,0,0,0,0,0,0,0,0
0.12014,0.065164,0.069646,0,0,0,0,0,0,0,0,0,0,0,0
0.13134,0.071699,0.075669,0,0,0,0,0,0,0,0,0,0,0,0
0.12015,0.066764,0.070646,0,0,0,0,0,0,0,0,0,0,0,0
0.1202,0.065167,0.068672,0,0,0,0,0,0,0,0,0,0,0,0
0.11751,0.064056,0.066939,0,0,0,0,0,0,0,0,0,0,0,0
0.12601,0.069085,0.073276,0,0,0,0,0,0,0,0,0,0,0,0
0.11951,0.064053,0.06792,0,0,0,0,0,0,0,0,0,0,0,0
0.12616,0.067945,0.072,0,0,0,0,0,0,0,0,0,0,0,0
0.11933,0.063932,0.067872,0,0,0,0,0,0,0,0,0,0,0,0
0.11692,0.063605,0.067006,0,0,0,0,0,0,0,0,0,0,0,0
0.11746,0.062967,0.066842,0,0,0,0,0,0,0,0,0,0,0,0
0.11883,0.062754,0.066801,0,0,0,0,0,0,0,0,0,0,0,0
0.11769,0.062913,0.067165,0,0,0,0,0,0,0,0,0,0,0,0
0.11782,0.062801,0.066975,0,0,0,0,0,0,0,0,0,0,0,0
0.11683,0.062949,0.066862,0,0,0,0,0,0,0,0,0,0,0,0
0.11848,0.062948,0.066971,0,0,0,0,0,0,0,0,0,0,0,0
0.11706,0.062965,0.067076,0,0,0,0,0,0,0,0,0,0,0,0
0.12112,0.064323,0.067928,0,0,0,0,0,0,0,0,0,0,0,0
0.11965,0.06447,0.067924,0,0,0,0,0,0,0,0,0,0,0,0
0.11963,0.06455,0.066703,0,0,0,0,0,0,0,0,0,0,0,0
0.12145,0.064607,0.067122,0,0,0,0,0,0,0,0,0,0,0,0
0.11849,0.065836,0.067824,0,0,0,0,0,0,0,0,0,0,0,0
0.11894,0.067135,0.068044,0,0,0,0,0,0,0,0,0,0,0,0
0.12285,0.068048,0.068821,0,0,0,0,0,0,0,0,0,0,0,0
0.11707,0.064992,0.066122,0,0,0,0,0,0,0,0,0,0,0,0
0.1209,0.066683,0.067742,0,0,0,0,0,0,0,0,0,0,0,0
0.11575,0.065274,0.066333,0,0,0,0,0,0,0,0,0,0,0,0
0.11811,0.065609,0.06616,0,0,0,0,0,0,0,0,0,0,0,0
0.11663,0.065066,0.066098,0,0,0,0,0,0,0,0,0,0,0,0
0.1184,0.065057,0.067358,0,0,0,0,0,0,0,0,0,0,0,0
0.11679,0.06546,0.066248,0,0,0,0,0,0,0,0,0,0,0,0
0.11867,0.065397,0.066413,0,0,0,0,0,0,0,0,0,0,0,0
0.11687,0.065405,0.066504,0,0,0,0,0,0,0,0,0,0,0,0
0.11866,0.065441,0.066803,0,0,0,0,0,0,0,0,0,0,0,0
0.1156,0.06556,0.067055,0,0,0,0,0,0,0,0,0,0,0,0
0.11789,0.065513,0.067282,0,0,0,0,0,0,0,0,0,0,0,0
0.11655,0.065577,0.067281,0,0,0,0,0,0,0,0,0,0,0,0
0.1181,0.065521,0.067038,0,0,0,0,0,0,0,0,0,0,0,0
0.11696,0.065535,0.067189,0,0,0,0,0,0,0,0,0,0,0,0
0.11841,0.078508,0.067089,0,0,0,0,0,0,0,0,0,0,0,0
0.11745,0.099749,0.067169,0,0,0,0,0,0,0,0,0,0,0,0
0.11819,0.076841,0.067118,0,0,0,0,0,0,0,0,0,0,0,0
0.11806,0.068582,0.06632,0,0,0,0,0,0,0,0,0,0,0,0
0.12101,0.071196,0.068115,0,0,0,0,0,0,0,0,0,0,0,0
0.12225,0.071183,0.06939,0,0,0,0,0,0,0,0,0,0,0,0
0.11893,0.069417,0.068333,0,0,0,0,0,0,0,0,0,0,0,0
0.12054,0.071298,0.068156,0,0,0,0,0,0,0,0,0,0,0,0
0.12024,0.069438,0.068213,0,0,0,0,0,0,0,0,0,0,0,0
0.11958,0.071334,0.066491,0,0,0,0,0,0,0,0,0,0,0,0
0.12007,0.06951,0.066503,0,0,0,0,0,0,0,0,0,0,0,0
0.12143,0.069742,0.068012,0,0,0,0,0,0,0,0,0,0,0,0
0.12086,0.08191,0.06822,0,0,0,0,0,0,0,0,0,0,0,0
0.11803,0.10838,0.06669,0,0,0,0,0,0,0,0,0,0,0,0
0.11765,0.085832,0.066927,0,0,0,0,0,0,0,0,0,0,0,0
0.11714,0.074119,0.066701,0,0,0,0,0,0,0,0,0,0,0,0
0.11901,0.072966,0.066481,0,0,0,0,0,0,0,0,0,0,0,0
0.11747,0.072924,0.066576,0,0,0,0,0,0,0,0,0,0,0,0
0.11969,0.07287,0.066688,0,0,0,0,0,0,0,0,0,0,0,0
0.11747,0.072787,0.066647,0,0,0,0,0,0,0,0,0,0,0,0
0.11903,0.072926,0.066263,0,0,0,0,0,0,0,0,0,0,0,0
0.11584,0.072848,0.066695,0,0,0,0,0,0,0,0,0,0,0,0
0.11831,0.073042,0.066585,0,0,0,0,0,0,0,0,0,0,0,0
0.11723,0.07505,0.066974,0,0,0,0,0,0,0,0,0,0,0,0
0.11777,0.072986,0.066628,0,0,0,0,0,0,0,0,0,0,0,0
0.11721,0.071704,0.067418,0,0,0,0,0,0,0,0,0,0,0,0
0.11819,0.066216,0.067493,0,0,0,0,0,0,0,0,0,0,0,0
0.11707,0.065316,0.06728,0,0,0,0,0,0,0,0,0,0,0,0
0.11611,0.065188,0.067104,0,0,0,0,0,0,0,0,0,0,0,0
0.1191,0.065669,0.067255,0,0,0,0,0,0,0,0,0,0,0,0
0.11974,0.065438,0.067285,0,0,0,0,0,0,0,0,0,0,0,0
0.11866,0.065492,0.067252,0,0,0,0,0,0,0,0,0,0,0,0
0.11707,0.065703,0.067404,0,0,0,0,0,0,0,0,0,0,0,0
0.11749,0.065962,0.067299,0,0,0,0,0,0,0,0,0,0,0,0
0.11815,0.065543,0.067077,0,0,0,0,0,0,0,0,0,0,0,0
0.11783,0.068594,0.067412,0,0,0,0,0,0,0,0,0,0,0,0
0.11694,0.066283,0.06713,0,0,0,0,0,0,0,0,0,0,0,0
0.11925,0.066394,0.067227,0,0,0,0,0,0,0,0,0,0,0,0
0.11783,0.067693,0.067242,0,0,0,0,0,0,0,0,0,0,0,0
0.11724,0.067813,0.066671,0,0,0,0,0,0,0,0,0,0,0,0
0.11889,0.066634,0.066368,0,0,0,0,0,0,0,0,0,0,0,0
0.11693,0.066028,0.06483,0,0,0,0,0,0,0,0,0,0,0,0
0.11703,0.06636,0.065015,0,0,0,0,0,0,0,0,0,0,0,0
0.116,0.066424,0.065334,0,0,0,0,0,0,0,0,0,0,0,0
0.1164,0.066331,0.065199,0,0,0,0,0,0,0,0,0,0,0,0
0.11661,0.066518,0.065192,0,0,0,0,0,0,0,0,0,0,0,0
0.11896,0.067109,0.065147,0,0,0,0,0,0,0,0,0,0,0,0
0.11754,0.067974,0.065315,0,0,0,0,0,0,0,0,0,0,0,0
