0.000172
1.5073
0.030163
0.02915
0.028969
0.029056
0.030706
0.029507
0.029471
0.030233
0.029526
0.029365
0.029466
0.030381
0.029444
0.029356
0.02939
0.030035
0.029269
0.029359
0.029604
0.029575
0.02934
0.029307
0.030532
0.029491
0.030028
0.029879
0.029685
0.029372
0.029052
0.02997
0.029555
0.029332
0.029269
0.029977
0.029129
0.02927
0.02985
0.02956
0.029329
0.029453
0.030594
0.02931
0.029232
0.029683
0.029795
0.029351
0.02915
0.029585
0.029575
0.029352
0.029089
0.030289
0.029534
0.029086
0.0299
0.029857
0.029469
0.029009
0.030665
0.029663
0.029065
0.029715
0.029559
0.029116
0.029141
0.029607
0.029598
0.029261
0.029084
0.030882
0.029186
0.029094
0.030151
0.029828
0.02916
0.029405
0.030646
0.029225
0.029167
0.029241
0.029937
0.02925
0.029549
0.030019
0.029657
0.029189
0.029367
0.030863
0.029389
0.029251
0.03008
0.030221
0.029364
0.02932
0.030995
0.029294
0.029292
0.030054
0.029886
0.029433
0.029205
0.030729
0.029165
0.029254
0.029733
0.030122
0.029411
0.029407
0.030307
0.029441
0.029415
0.029319
0.030121
0.029324
0.029484
0.030326
0.029559
0.029452
0.029545
0.030832
0.029578
0.02946
0.030101
0.029622
0.030439
0.029627
0.030858
0.029558
0.029216
0.030382
0.030213
0.03069
0.029528
0.030639
0.029279
0.029521
0.029409
0.030172
0.029589
0.02948
0.030134
0.029647
0.029556
0.029546
0.030569
0.029544
0.029508
0.030556
0.029745
0.029571
0.029557
0.030757
0.029547
0.029166
0.030617
0.029798
0.029573
0.030318
0.031213
0.029525
0.02954
0.02979
0.030034
0.029538
0.030416
0.030491
0.029468
0.029149
0.029502
0.030393
0.029437
0.029634
0.030271
0.029791
0.029436
0.029465
0.030578
0.029256
0.029219
0.03019
0.03
0.029384
0.029412
0.030509
0.029404
0.029449
0.02917
0.030082
0.029406
0.02933
0.030251
0.029586
0.029371
0.029324
0.030616
0.029446
0.0295
0.029898
0.029516
0.02917
0.029375
0.030299
0.029204
0.029342
0.029491
0.030279
0.02945
0.029374
0.029748
0.029714
0.029369
0.029069
0.030384
0.02949
0.030638
0.029895
0.029906
0.029068
0.029336
0.029779
0.029655
0.029005
0.028983
0.030032
0.029682
0.029018
0.029961
0.029438
0.029108
0.029088
0.030464
0.029052
0.029076
0.029539
0.029694
0.028874
0.028901
0.029735
0.02973
0.029068
0.029088
0.030361
0.02925
0.029153
0.029729
0.029349
0.028903
0.028902
0.030081
0.02994
0.02897
0.029275
0.029972
0.029323
0.029326
0.029754
0.02939
0.030296
0.029272
0.030646
0.029389
0.028949
0.029814
0.029792
0.028972
0.029285
0.029444
0.029384
0.029314
0.029085
0.030293
0.02941
0.029334
0.03003
0.029618
0.029317
0.029309
0.030669
0.029141
0.029336
0.029559
0.029621
0.029354
0.029427
0.029596
0.02955
0.029091
0.029013
0.030594
0.029397
0.02939
0.030261
0.029782
0.029351
0.029058
0.029609
0.02955
0.029364
0.029878
0.030299
0.029204
0.02928
0.030072
0.029642
0.029419
0.029355
0.030863
0.029582
0.029343
0.029489
0.029514
0.0294
0.029324
0.03018
0.02946
0.029398
0.029113
0.030331
0.029348
0.029023
0.030081
0.029711
0.029326
0.029432
0.030429
0.029461
0.029519
0.030448
0.029741
0.029407
0.0294
0.030699
0.02947
0.029397
0.029363
0.029262
0.029431
0.02929
0.030095
0.029515
0.029362
0.02914
0.030344
0.029481
0.029332
0.030052
0.029632
0.029209
0.02922
0.030513
0.029169
0.029281
0.029389
0.029745
0.029295
0.029168
0.029697
0.030412
0.029017
0.029314
0.030474
0.029237
0.029297
0.030173
0.029502
0.029232
0.029012
0.029939
0.029377
0.029394
0.029272
0.02974
0.029098
0.029091
0.029785
0.029259
0.029132
0.029219
0.030371
0.029111
0.029155
0.030204
0.029858
0.029216
0.02908
0.02952
0.028897
0.029082
0.029074
0.030205
0.029287
0.029583
0.030289
0.029263
0.029186
0.029164
0.029937
0.029128
0.029093
0.02928
0.029576
0.029156
0.029123
0.029749
0.02961
0.029175
0.029147
0.03033
0.029287
0.029621
0.029705
0.029769
0.029316
0.02921
0.030212
0.029633
0.029149
0.029249
0.030406
0.029223
0.029179
0.030243
0.029347
0.029291
0.030097
0.03045
0.029248
0.029206
0.030249
0.029678
0.029135
0.029218
0.029809
0.029281
0.029176
0.029214
0.030048
0.029166
0.029198
0.03023
0.029809
0.029246
0.029184
0.030551
0.029148
0.029134
0.030235
0.029352
0.029115
0.029209
0.030097
0.02931
0.029188
0.029176
0.03024
0.029112
0.029121
0.029331
0.029969
0.029193
0.029203
0.03037
0.02917
0.029093
0.029443
0.030228
0.02919
0.029124
0.029581
0.029305
0.029147
0.029139
0.030352
0.029133
0.029138
0.029695
0.029286
0.029201
0.029132
0.030179
0.029196
0.029081
0.029169
0.03052
0.029128
0.029259
0.029713
0.029491
0.029129
0.029132
0.030285
0.029803
0.029158
0.029958
0.029533
0.029173
0.029244
0.030084
0.029293
0.029337
0.029138
0.030043
0.029316
0.028857
0.03003
0.029432
0.029144
0.029226
0.030629
0.029305
0.029267
0.029718
0.029651
0.029233
0.029252
0.029528
0.030292
0.029188
0.029181
0.030319
0.029385
0.02925
0.030022
0.029681
0.029215
0.029322
0.030851
0.029404
0.029336
0.029704
0.029429
0.029349
0.029672
0.029774
0.029339
0.029321
0.029309
0.030397
0.029358
0.02925
0.030356
0.029699
0.029294
0.029256
0.030538
0.029282
0.029342
0.029268
0.030289
0.029505
0.029282
0.029841
0.029719
0.029289
0.029247
0.030441
