1
194.0000,24.0000,76.0000,80.0000
194.0000,24.0000,76.0000,80.0000
194.0000,24.0000,76.0000,80.0000
194.0000,24.0000,76.0000,80.0000
194.0000,24.0000,76.0000,80.0000
194.0000,24.0000,76.0000,80.0000
194.0000,24.0000,76.0000,80.0000
194.0000,24.0000,76.0000,80.0000
194.0000,24.0000,76.0000,80.0000
194.0000,24.0000,76.0000,80.0000
194.0000,24.0000,76.0000,80.0000
194.0000,24.0000,76.0000,80.0000
194.0000,24.0000,76.0000,80.0000
194.0000,24.0000,76.0000,80.0000
194.0000,24.0000,76.0000,80.0000
194.0000,24.0000,76.0000,80.0000
193.0000,33.0000,70.0000,73.0000
193.0000,33.0000,70.0000,73.0000
193.0000,33.0000,70.0000,73.0000
193.0000,33.0000,70.0000,73.0000
193.0000,33.0000,70.0000,73.0000
193.0000,33.0000,70.0000,73.0000
193.0000,33.0000,70.0000,73.0000
193.0000,33.0000,70.0000,73.0000
193.0000,33.0000,70.0000,73.0000
193.0000,33.0000,70.0000,73.0000
193.0000,33.0000,70.0000,73.0000
193.0000,33.0000,70.0000,73.0000
193.0000,33.0000,70.0000,73.0000
193.0000,33.0000,70.0000,73.0000
193.0000,33.0000,70.0000,73.0000
193.0000,33.0000,70.0000,73.0000
193.0000,33.0000,70.0000,73.0000
193.0000,33.0000,70.0000,73.0000
193.0000,33.0000,70.0000,73.0000
186.0000,42.0000,72.0000,75.0000
186.0000,42.0000,72.0000,75.0000
186.0000,42.0000,72.0000,75.0000
186.0000,42.0000,72.0000,75.0000
186.0000,42.0000,72.0000,75.0000
186.0000,42.0000,72.0000,75.0000
186.0000,42.0000,72.0000,75.0000
202.0000,55.0000,64.0000,67.0000
202.0000,55.0000,64.0000,67.0000
202.0000,55.0000,64.0000,67.0000
202.0000,55.0000,64.0000,67.0000
202.0000,55.0000,64.0000,67.0000
202.0000,55.0000,64.0000,67.0000
202.0000,55.0000,64.0000,67.0000
202.0000,55.0000,64.0000,67.0000
202.0000,55.0000,64.0000,67.0000
202.0000,55.0000,64.0000,67.0000
202.0000,55.0000,64.0000,67.0000
202.0000,55.0000,64.0000,67.0000
202.0000,55.0000,64.0000,67.0000
202.0000,55.0000,64.0000,67.0000
202.0000,55.0000,64.0000,67.0000
202.0000,55.0000,64.0000,67.0000
202.0000,55.0000,64.0000,67.0000
202.0000,55.0000,64.0000,67.0000
202.0000,55.0000,64.0000,67.0000
202.0000,55.0000,64.0000,67.0000
202.0000,55.0000,64.0000,67.0000
202.0000,55.0000,64.0000,67.0000
202.0000,55.0000,64.0000,67.0000
209.0000,50.0000,74.0000,78.0000
209.0000,50.0000,74.0000,78.0000
209.0000,50.0000,74.0000,78.0000
209.0000,50.0000,74.0000,78.0000
209.0000,50.0000,74.0000,78.0000
209.0000,50.0000,74.0000,78.0000
209.0000,50.0000,74.0000,78.0000
209.0000,50.0000,74.0000,78.0000
209.0000,50.0000,74.0000,78.0000
209.0000,50.0000,74.0000,78.0000
181.0000,57.0000,74.0000,78.0000
181.0000,57.0000,74.0000,78.0000
181.0000,57.0000,74.0000,78.0000
181.0000,57.0000,74.0000,78.0000
181.0000,57.0000,74.0000,78.0000
181.0000,57.0000,74.0000,78.0000
181.0000,57.0000,74.0000,78.0000
181.0000,57.0000,74.0000,78.0000
136.0000,60.0000,86.0000,90.0000
136.0000,60.0000,86.0000,90.0000
136.0000,60.0000,86.0000,90.0000
136.0000,60.0000,86.0000,90.0000
136.0000,60.0000,86.0000,90.0000
136.0000,60.0000,86.0000,90.0000
136.0000,60.0000,86.0000,90.0000
136.0000,60.0000,86.0000,90.0000
136.0000,60.0000,86.0000,90.0000
136.0000,60.0000,86.0000,90.0000
136.0000,60.0000,86.0000,90.0000
136.0000,60.0000,86.0000,90.0000
136.0000,60.0000,86.0000,90.0000
136.0000,60.0000,86.0000,90.0000
136.0000,60.0000,86.0000,90.0000
136.0000,60.0000,86.0000,90.0000
136.0000,60.0000,86.0000,90.0000
136.0000,60.0000,86.0000,90.0000
136.0000,60.0000,86.0000,90.0000
136.0000,60.0000,86.0000,90.0000
136.0000,60.0000,86.0000,90.0000
136.0000,60.0000,86.0000,90.0000
136.0000,60.0000,86.0000,90.0000
136.0000,60.0000,86.0000,90.0000
136.0000,60.0000,86.0000,90.0000
136.0000,60.0000,86.0000,90.0000
136.0000,60.0000,86.0000,90.0000
136.0000,60.0000,86.0000,90.0000
136.0000,60.0000,86.0000,90.0000
136.0000,60.0000,86.0000,90.0000
136.0000,60.0000,86.0000,90.0000
136.0000,60.0000,86.0000,90.0000
136.0000,60.0000,86.0000,90.0000
136.0000,60.0000,86.0000,90.0000
136.0000,60.0000,86.0000,90.0000
136.0000,60.0000,86.0000,90.0000
136.0000,60.0000,86.0000,90.0000
136.0000,60.0000,86.0000,90.0000
136.0000,60.0000,86.0000,90.0000
136.0000,60.0000,86.0000,90.0000
136.0000,60.0000,86.0000,90.0000
136.0000,60.0000,86.0000,90.0000
136.0000,60.0000,86.0000,90.0000
136.0000,60.0000,86.0000,90.0000
136.0000,60.0000,86.0000,90.0000
136.0000,60.0000,86.0000,90.0000
136.0000,60.0000,86.0000,90.0000
136.0000,60.0000,86.0000,90.0000
136.0000,60.0000,86.0000,90.0000
136.0000,60.0000,86.0000,90.0000
136.0000,60.0000,86.0000,90.0000
2
0
0
0
0
0
0
0
0
0
0
0
0
0
0
0
0
0
0
0
0
0
0
0
0
0
0
0
0
0
0
0
0
0
0
0
0
0
0
0
0
0
0
0
0
0
0
0
0
0
0
0
0
0
0
0
0
0
0
0
0
0
0
0
0
120.0000,78.0000,76.0000,80.0000
0
0
0
0
1
92.0000,53.0000,79.0000,93.0000
88.0000,47.0000,81.0000,96.0000
88.0000,47.0000,81.0000,96.0000
88.0000,47.0000,81.0000,96.0000
88.0000,47.0000,81.0000,96.0000
88.0000,47.0000,81.0000,96.0000
88.0000,47.0000,81.0000,96.0000
88.0000,47.0000,81.0000,96.0000
81.0000,38.0000,89.0000,105.0000
81.0000,38.0000,89.0000,105.0000
81.0000,38.0000,89.0000,105.0000
81.0000,38.0000,89.0000,105.0000
81.0000,38.0000,89.0000,105.0000
81.0000,38.0000,89.0000,105.0000
81.0000,38.0000,89.0000,105.0000
72.0000,33.0000,81.0000,96.0000
72.0000,33.0000,81.0000,96.0000
72.0000,33.0000,81.0000,96.0000
72.0000,33.0000,81.0000,96.0000
72.0000,33.0000,81.0000,96.0000
72.0000,33.0000,81.0000,96.0000
72.0000,33.0000,81.0000,96.0000
72.0000,33.0000,81.0000,96.0000
72.0000,33.0000,81.0000,96.0000
72.0000,33.0000,81.0000,96.0000
72.0000,33.0000,81.0000,96.0000
72.0000,33.0000,81.0000,96.0000
72.0000,33.0000,81.0000,96.0000
85.0000,50.0000,81.0000,96.0000
85.0000,50.0000,81.0000,96.0000
85.0000,50.0000,81.0000,96.0000
85.0000,50.0000,81.0000,96.0000
85.0000,50.0000,81.0000,96.0000
85.0000,50.0000,81.0000,96.0000
85.0000,50.0000,81.0000,96.0000
78.0000,61.0000,84.0000,99.0000
78.0000,61.0000,84.0000,99.0000
78.0000,61.0000,84.0000,99.0000
78.0000,61.0000,84.0000,99.0000
78.0000,61.0000,84.0000,99.0000
78.0000,61.0000,84.0000,99.0000
78.0000,61.0000,84.0000,99.0000
78.0000,61.0000,84.0000,99.0000
78.0000,61.0000,84.0000,99.0000
78.0000,61.0000,84.0000,99.0000
78.0000,61.0000,84.0000,99.0000
78.0000,61.0000,84.0000,99.0000
78.0000,61.0000,84.0000,99.0000
78.0000,61.0000,84.0000,99.0000
78.0000,61.0000,84.0000,99.0000
78.0000,61.0000,84.0000,99.0000
78.0000,61.0000,84.0000,99.0000
78.0000,61.0000,84.0000,99.0000
78.0000,61.0000,84.0000,99.0000
78.0000,61.0000,84.0000,99.0000
88.0000,58.0000,86.0000,102.0000
88.0000,58.0000,86.0000,102.0000
88.0000,58.0000,86.0000,102.0000
88.0000,58.0000,86.0000,102.0000
88.0000,58.0000,86.0000,102.0000
88.0000,58.0000,86.0000,102.0000
88.0000,58.0000,86.0000,102.0000
88.0000,58.0000,86.0000,102.0000
88.0000,58.0000,86.0000,102.0000
88.0000,58.0000,86.0000,102.0000
88.0000,58.0000,86.0000,102.0000
88.0000,58.0000,86.0000,102.0000
2
0
0
0
0
0
0
0
0
0
0
0
0
0
0
0
0
0
0
0
0
0
0
0
0
0
0
0
0
0
0
0
0
0
0
0
0
0
0
0
89.0000,48.0000,92.0000,108.0000
0
0
0
0
1
114.0000,43.0000,83.0000,86.0000
112.0000,41.0000,85.0000,89.0000
112.0000,41.0000,85.0000,89.0000
112.0000,41.0000,85.0000,89.0000
112.0000,41.0000,85.0000,89.0000
112.0000,41.0000,85.0000,89.0000
112.0000,41.0000,85.0000,89.0000
