0.96947
0.085531
0.022259
0.017991
0.018076
0.017848
0.017677
0.018301
0.017996
0.018008
0.017723
0.017751
0.01772
0.017763
0.017619
0.017551
0.017083
0.017454
0.017129
0.016225
0.016731
0.016437
0.016751
0.016744
0.016618
0.015965
0.016286
0.016427
0.015932
0.016362
0.01614
0.016141
0.015863
0.018132
0.017978
0.021161
0.018637
0.018154
0.017934
0.018088
0.018277
0.018217
0.017869
0.018423
0.020013
0.01868
0.018361
0.018261
0.017724
0.018469
0.018231
0.015552
0.01623
0.015573
0.016112
0.015585
0.016362
0.016305
0.016849
0.01622
0.016743
0.016782
0.016918
0.017124
0.017062
0.017005
0.017676
0.017068
0.017736
0.017121
0.017573
0.017392
0.017588
0.017994
0.018203
0.017961
0.028685
0.020048
0.01924
0.018637
0.016177
0.016527
0.015129
0.016
0.015906
0.015852
0.017488
0.016825
0.016437
0.016045
0.020278
0.017771
0.018057
0.018137
0.017795
0.018343
0.018012
0.017687
0.018404
0.017866
0.016865
0.017111
0.016618
0.017853
0.01684
0.017654
0.018383
0.017494
0.01815
0.016082
0.017497
0.017313
0.015827
0.016331
0.015818
0.018921
0.017381
0.018787
0.017319
0.017193
0.017075
0.016494
0.016643
0.020211
0.01935
0.017721
0.017633
0.018415
0.016209
0.016527
0.016958
0.017116
0.017684
0.017545
0.01793
0.017804
0.017594
0.018187
0.017783
0.017586
0.017913
0.017144
0.017222
0.017089
0.017023
0.016904
0.019543
0.017063
0.016837
0.01629
0.018086
0.018854
0.017892
0.017198
0.017034
0.016929
0.016914
0.01712
0.016643
0.016938
0.016476
0.016777
0.016847
0.01632
0.017056
0.016357
0.017231
0.016552
0.017275
0.017129
0.016846
0.017043
0.017275
0.017332
0.017749
0.017962
0.01856
0.015898
0.016836
0.016342
0.01733
0.017416
0.017511
0.017451
0.017189
0.01732
0.017127
0.01722
0.017192
0.017067
0.017259
0.016331
0.016378
0.016622
0.018288
0.01845
0.017397
0.018034
0.017736
0.01734
0.017785
0.01725
0.020883
0.017767
0.018335
0.017634
0.017471
0.018435
0.018565
0.018042
0.018187
0.017331
0.01708
0.017217
0.016633
0.01727
0.017305
0.017059
0.016869
0.017157
0.017012
0.017025
0.017147
0.017355
0.017929
0.017187
0.016966
0.017317
0.017567
0.017645
0.017736
0.018404
0.018049
0.017747
0.018178
0.017789
0.017448
0.017315
0.017064
0.017253
0.017096
0.016946
0.01711
0.016637
0.017064
0.017326
0.017069
0.017428
0.017037
0.018723
0.017836
0.017524
0.017306
0.017468
0.017531
0.017342
0.017659
0.019732
0.018835
0.018192
0.017664
0.01793
0.018504
0.016881
0.017545
0.016875
0.016508
0.016294
0.016011
0.017107
0.016776
0.016519
0.016378
0.016588
0.017204
0.016193
0.016968
0.016586
0.017641
0.016302
0.016397
0.016349
0.016101
0.016866
0.017101
0.016875
0.017107
0.016477
0.016586
0.015943
0.01624
0.015856
0.018692
0.018764
0.019034
0.017556
0.017929
0.01801
0.015239
0.017548
0.017495
0.018038
0.018464
0.016652
0.015998
0.016461
0.016216
0.016314
0.017882
0.017031
0.018335
0.018696
0.01892
0.019219
0.015457
0.015511
0.015653
0.0163
0.016602
0.016501
0.019154
0.019042
0.018889
0.018689
0.01852
0.018264
0.018388
0.018332
0.018475
0.018614
0.019465
0.019139
0.020083
0.020051
0.020777
0.017424
0.017666
0.017781
0.018314
0.018942
0.019659
0.016579
0.019606
0.020234
0.020595
0.020823
0.021597
0.018379
0.022423
0.018754
0.020529
0.018795
0.022558
0.018677
0.021666
0.017434
0.02202
0.018362
0.022519
0.020002
0.023787
0.02009
0.023872
0.02047
0.024928
0.020809
0.024858
0.022954
0.025357
0.026744
0.021319
0.021004
0.021915
0.022402
0.022736
0.021275
0.023068
0.022925
0.022713
0.022443
0.02294
0.023173
0.022749
0.023105
0.023733
0.023676
0.022857
0.02311
0.019529
0.023161
0.019301
0.023159
0.023472
0.023785
0.024428
0.023937
0.024128
0.024703
0.023856
0.023829
0.023097
0.020387
0.023801
0.024251
0.020888
0.02356
0.02436
0.024782
0.020597
0.025108
0.024311
0.024688
0.020516
0.024499
0.024322
0.024897
0.024195
0.02459
0.025999
0.024635
0.023209
0.025187
0.0252
0.025209
0.02325
0.023106
0.022848
0.022936
0.023602
0.023354
0.023277
0.024832
0.024408
0.024147
0.02416
0.02454
0.024618
0.02456
0.025243
0.024662
0.024422
0.024886
0.024762
0.024555
0.024743
0.025202
0.024773
0.02476
0.023731
0.024445
0.024569
0.023984
0.02419
0.024511
0.02272
0.022771
0.024525
0.024277
0.024261
0.024469
0.024407
0.02465
0.024169
0.023966
0.024151
0.0246
0.024329
0.024132
0.024473
0.024191
0.024049
0.023591
0.022222
0.024703
0.024549
0.024742
0.024437
0.024631
0.02474
0.024779
0.024269
0.024289
0.024476
0.023938
0.02414
0.023962
0.02366
0.02481
0.024592
0.024744
0.020315
0.024142
0.024494
0.020257
0.024834
0.020369
0.023456
0.020911
0.024452
0.021414
0.025039
0.020537
0.0234
0.019928
0.023428
0.019913
0.023405
0.023907
0.019538
0.024153
0.019425
0.020549
0.01861
0.019957
0.019959
0.019697
0.019704
0.019199
0.01917
0.01919
0.019306
0.019181
0.019333
0.019961
0.018717
0.019065
0.018741
0.019031
0.018101
0.018653
0.018609
0.019016
0.018931
0.018798
0.017679
0.018675
0.018769
0.017655
0.017571
0.017925
0.017617
0.017689
0.018836
0.018859
0.017669
0.017863
0.017758
0.017806
0.017805
0.017833
0.017554
0.018082
0.017607
0.017817
0.017963
0.017992
0.017788
0.018028
0.017059
0.017641
0.017348
0.017757
0.017513
0.01817
0.017159
0.018962
0.018297
0.018406
0.018172
0.019697
0.019716
0.019796
0.019689
0.018879
0.020049
0.018788
0.018717
0.018535
0.0195
0.019651
0.019561
0.018643
0.018293
0.020149
0.019318
0.019827
0.019484
0.018904
0.019735
0.020447
0.019864
0.018572
0.023012
0.022501
0.023778
0.024024
0.023553
0.02335
0.022176
0.022753
0.022223
0.021927
0.021819
0.021944
0.021301
0.020968
0.021158
0.020796
0.020684
0.02051
0.020894
0.020812
0.021617
0.017913
0.020943
0.017603
0.016893
0.01688
0.017084
0.017015
0.021211
0.017398
0.017565
0.017526
0.017415
0.017531
0.017
0.017718
0.018495
0.016543
0.017222
0.0215
0.021556
0.02161
0.022586
0.022868
0.021243
0.021196
0.021156
0.021229
0.021209
0.022803
0.022438
0.016896
0.022519
0.017025
0.021332
0.017141
0.021461
0.022414
0.022377
0.017432
0.017083
0.017309
0.021574
0.022797
0.023837
0.018561
0.018711
0.018916
0.018472
