1
530.0000,195.0000,36.0000,37.0000
528.0000,201.0000,36.0000,37.0000
526.0000,209.0000,36.0000,37.0000
524.0000,216.0000,36.0000,37.0000
522.0000,222.0000,36.0000,39.0000
521.0000,230.0000,36.0000,38.0000
522.0000,237.0000,36.0000,36.0000
523.0000,243.0000,35.0000,36.0000
525.0000,246.0000,35.0000,36.0000
529.0000,249.0000,34.0000,36.0000
535.0000,252.0000,33.0000,36.0000
543.0000,253.0000,33.0000,37.0000
552.0000,255.0000,33.0000,36.0000
561.0000,259.0000,33.0000,35.0000
572.0000,262.0000,33.0000,35.0000
583.0000,263.0000,33.0000,33.0000
594.0000,264.0000,33.0000,34.0000
605.0000,267.0000,33.0000,33.0000
614.0000,269.0000,34.0000,32.0000
623.0000,272.0000,35.0000,31.0000
630.0000,274.0000,37.0000,32.0000
637.0000,275.0000,39.0000,32.0000
644.0000,277.0000,43.0000,31.0000
647.0000,277.0000,43.0000,32.0000
654.0000,279.0000,42.0000,32.0000
660.0000,279.0000,40.0000,32.0000
660.0000,279.0000,43.0000,31.0000
669.0000,279.0000,41.0000,30.0000
674.0000,278.0000,40.0000,30.0000
676.0000,279.0000,40.0000,29.0000
682.0000,279.0000,38.0000,28.0000
686.0000,278.0000,38.0000,28.0000
690.0000,277.0000,38.0000,28.0000
693.0000,274.0000,37.0000,28.0000
699.0000,272.0000,36.0000,27.0000
702.0000,268.0000,36.0000,28.0000
707.0000,264.0000,36.0000,29.0000
714.0000,260.0000,37.0000,29.0000
725.0000,255.0000,37.0000,29.0000
729.0000,251.0000,36.0000,30.0000
738.0000,246.0000,36.0000,29.0000
750.0000,241.0000,36.0000,29.0000
762.0000,236.0000,36.0000,29.0000
774.0000,234.0000,35.0000,28.0000
789.0000,227.0000,34.0000,28.0000
805.0000,224.0000,33.0000,26.0000
820.0000,220.0000,33.0000,26.0000
833.0000,217.0000,33.0000,26.0000
852.0000,213.0000,33.0000,26.0000
866.0000,210.0000,34.0000,25.0000
881.0000,206.0000,35.0000,25.0000
897.0000,203.0000,35.0000,23.0000
910.0000,198.0000,35.0000,23.0000
925.0000,194.0000,34.0000,23.0000
939.0000,188.0000,34.0000,24.0000
954.0000,178.0000,35.0000,25.0000
966.0000,172.0000,34.0000,24.0000
979.0000,166.0000,34.0000,24.0000
991.0000,161.0000,35.0000,25.0000
1002.0000,158.0000,34.0000,26.0000
1016.0000,154.0000,36.0000,27.0000
1023.0000,153.0000,36.0000,28.0000
1033.0000,154.0000,36.0000,28.0000
1043.0000,160.0000,37.0000,28.0000
1049.0000,165.0000,37.0000,29.0000
1055.0000,165.0000,36.0000,28.0000
1060.0000,160.0000,36.0000,29.0000
1064.0000,152.0000,36.0000,29.0000
1068.0000,143.0000,35.0000,29.0000
1071.0000,136.0000,35.0000,30.0000
1073.0000,129.0000,35.0000,30.0000
1075.0000,125.0000,35.0000,31.0000
1077.0000,119.0000,34.0000,31.0000
1078.0000,114.0000,33.0000,31.0000
1080.0000,112.0000,31.0000,30.0000
1085.0000,110.0000,31.0000,29.0000
1088.0000,107.0000,29.0000,28.0000
1090.0000,101.0000,28.0000,28.0000
1094.0000,88.0000,27.0000,28.0000
1095.0000,75.0000,27.0000,28.0000
1096.0000,70.0000,27.0000,27.0000
1101.0000,67.0000,27.0000,27.0000
1104.0000,64.0000,27.0000,27.0000
1109.0000,56.0000,27.0000,27.0000
1115.0000,49.0000,27.0000,27.0000
1121.0000,46.0000,26.0000,26.0000
1127.0000,44.0000,26.0000,26.0000
1132.0000,40.0000,26.0000,26.0000
1138.0000,37.0000,26.0000,26.0000
1144.0000,36.0000,26.0000,26.0000
1151.0000,37.0000,25.0000,25.0000
1158.0000,36.0000,25.0000,25.0000
1163.0000,33.0000,25.0000,25.0000
1168.0000,32.0000,25.0000,25.0000
1174.0000,33.0000,25.0000,25.0000
1180.0000,35.0000,25.0000,25.0000
1188.0000,39.0000,26.0000,25.0000
1194.0000,43.0000,26.0000,25.0000
1200.0000,51.0000,26.0000,24.0000
1205.0000,61.0000,27.0000,25.0000
1212.0000,76.0000,27.0000,24.0000
1218.0000,91.0000,27.0000,24.0000
1222.0000,105.0000,28.0000,24.0000
1228.0000,120.0000,28.0000,24.0000
1231.0000,137.0000,30.0000,23.0000
1233.0000,153.0000,31.0000,23.0000
1238.0000,168.0000,32.0000,23.0000
1242.0000,184.0000,33.0000,23.0000
1243.0000,199.0000,34.0000,23.0000
1243.0000,221.0000,34.0000,23.0000
1246.0000,239.0000,34.0000,23.0000
1247.0000,256.0000,34.0000,23.0000
1246.0000,273.0000,34.0000,23.0000
1245.0000,284.0000,34.0000,23.0000
1247.0000,294.0000,35.0000,23.0000
1244.0000,298.0000,35.0000,23.0000
1243.0000,302.0000,35.0000,23.0000
1240.0000,305.0000,35.0000,23.0000
1237.0000,308.0000,35.0000,23.0000
1232.0000,312.0000,36.0000,23.0000
1227.0000,316.0000,37.0000,23.0000
1219.0000,322.0000,37.0000,23.0000
1210.0000,330.0000,37.0000,23.0000
1201.0000,338.0000,37.0000,23.0000
1193.0000,347.0000,37.0000,23.0000
1184.0000,357.0000,37.0000,24.0000
1177.0000,367.0000,37.0000,24.0000
1169.0000,375.0000,38.0000,24.0000
1157.0000,384.0000,37.0000,24.0000
1149.0000,394.0000,36.0000,25.0000
1139.0000,406.0000,36.0000,26.0000
1131.0000,419.0000,36.0000,26.0000
1122.0000,428.0000,34.0000,27.0000
1117.0000,435.0000,34.0000,26.0000
1114.0000,439.0000,34.0000,26.0000
1108.0000,444.0000,33.0000,26.0000
1104.0000,449.0000,32.0000,26.0000
1099.0000,454.0000,32.0000,26.0000
1094.0000,457.0000,31.0000,26.0000
1091.0000,460.0000,31.0000,27.0000
1089.0000,461.0000,32.0000,27.0000
1087.0000,459.0000,30.0000,27.0000
1084.0000,457.0000,31.0000,26.0000
1082.0000,453.0000,31.0000,27.0000
1081.0000,449.0000,32.0000,26.0000
1079.0000,445.0000,31.0000,26.0000
1075.0000,443.0000,31.0000,27.0000
1073.0000,442.0000,33.0000,27.0000
1068.0000,441.0000,34.0000,28.0000
1062.0000,439.0000,35.0000,28.0000
1056.0000,436.0000,35.0000,29.0000
1049.0000,435.0000,36.0000,29.0000
1043.0000,436.0000,37.0000,30.0000
1038.0000,435.0000,37.0000,31.0000
1033.0000,435.0000,36.0000,31.0000
1024.0000,433.0000,38.0000,31.0000
1020.0000,431.0000,38.0000,32.0000
1016.0000,427.0000,38.0000,33.0000
1009.0000,422.0000,38.0000,32.0000
1005.0000,419.0000,37.0000,32.0000
1002.0000,416.0000,37.0000,31.0000
998.0000,412.0000,37.0000,32.0000
994.0000,410.0000,38.0000,32.0000
984.0000,408.0000,38.0000,31.0000
981.0000,405.0000,39.0000,32.0000
977.0000,405.0000,39.0000,33.0000
974.0000,405.0000,37.0000,33.0000
965.0000,406.0000,38.0000,33.0000
962.0000,406.0000,38.0000,33.0000
959.0000,407.0000,38.0000,32.0000
958.0000,406.0000,37.0000,33.0000
952.0000,405.0000,37.0000,32.0000
950.0000,402.0000,37.0000,31.0000
945.0000,398.0000,39.0000,31.0000
941.0000,394.0000,40.0000,31.0000
938.0000,391.0000,40.0000,31.0000
932.0000,387.0000,41.0000,31.0000
931.0000,382.0000,41.0000,31.0000
931.0000,376.0000,41.0000,31.0000
933.0000,369.0000,40.0000,31.0000
930.0000,363.0000,40.0000,30.0000
928.0000,359.0000,39.0000,29.0000
929.0000,354.0000,40.0000,29.0000
928.0000,350.0000,39.0000,29.0000
928.0000,347.0000,40.0000,28.0000
923.0000,344.0000,40.0000,30.0000
916.0000,342.0000,40.0000,28.0000
909.0000,341.0000,40.0000,28.0000
906.0000,341.0000,41.0000,28.0000
905.0000,338.0000,40.0000,27.0000
903.0000,333.0000,41.0000,28.0000
896.0000,328.0000,40.0000,28.0000
893.0000,325.0000,41.0000,27.0000
888.0000,323.0000,40.0000,26.0000
882.0000,321.0000,38.0000,25.0000
878.0000,320.0000,38.0000,24.0000
872.0000,319.0000,38.0000,23.0000
866.0000,320.0000,39.0000,23.0000
860.0000,321.0000,41.0000,22.0000
852.0000,323.0000,42.0000,23.0000
845.0000,324.0000,42.0000,24.0000
839.0000,324.0000,42.0000,23.0000
832.0000,324.0000,43.0000,23.0000
826.0000,323.0000,42.0000,23.0000
817.0000,321.0000,43.0000,23.0000
809.0000,321.0000,45.0000,23.0000
801.0000,324.0000,44.0000,23.0000
792.0000,328.0000,44.0000,22.0000
786.0000,332.0000,44.0000,21.0000
780.0000,335.0000,43.0000,22.0000
774.0000,336.0000,42.0000,20.0000
766.0000,335.0000,41.0000,21.0000
758.0000,331.0000,38.0000,22.0000
754.0000,328.0000,36.0000,23.0000
749.0000,325.0000,37.0000,23.0000
746.0000,322.0000,37.0000,23.0000
740.0000,318.0000,38.0000,24.0000
737.0000,312.0000,37.0000,24.0000
730.0000,305.0000,38.0000,23.0000
727.0000,298.0000,37.0000,23.0000
723.0000,290.0000,37.0000,24.0000
719.0000,282.0000,36.0000,23.0000
714.0000,276.0000,36.0000,23.0000
710.0000,269.0000,36.0000,24.0000
706.0000,263.0000,34.0000,24.0000
702.0000,258.0000,34.0000,25.0000
698.0000,253.0000,33.0000,25.0000
695.0000,249.0000,31.0000,26.0000
692.0000,245.0000,31.0000,26.0000
690.0000,242.0000,31.0000,26.0000
686.0000,238.0000,31.0000,28.0000
682.0000,234.0000,31.0000,29.0000
678.0000,231.0000,31.0000,29.0000
675.0000,229.0000,31.0000,30.0000
671.0000,228.0000,32.0000,30.0000
668.0000,225.0000,32.0000,31.0000
663.0000,223.0000,33.0000,31.0000
660.0000,219.0000,33.0000,33.0000
656.0000,218.0000,35.0000,33.0000
649.0000,215.0000,37.0000,33.0000
644.0000,212.0000,35.0000,35.0000
639.0000,211.0000,37.0000,36.0000
634.0000,211.0000,36.0000,36.0000
624.0000,208.0000,36.0000,36.0000
618.0000,208.0000,37.0000,37.0000
609.0000,207.0000,39.0000,37.0000
603.0000,206.0000,40.0000,38.0000
593.0000,202.0000,43.0000,41.0000
588.0000,198.0000,45.0000,42.0000
583.0000,195.0000,45.0000,42.0000
570.0000,200.0000,42.0000,42.0000
573.0000,194.0000,44.0000,40.0000
580.0000,189.0000,45.0000,40.0000
576.0000,190.0000,43.0000,39.0000
2
0
0
0
0
1
509.0000,213.0000,24.0000,21.0000
504.0000,213.0000,25.0000,21.0000
500.0000,213.0000,24.0000,21.0000
496.0000,215.0000,24.0000,21.0000
493.0000,215.0000,23.0000,21.0000
489.0000,215.0000,23.0000,22.0000
486.0000,216.0000,23.0000,22.0000
482.0000,218.0000,23.0000,23.0000
479.0000,219.0000,23.0000,23.0000
477.0000,223.0000,23.0000,22.0000
473.0000,225.0000,23.0000,22.0000
470.0000,229.0000,24.0000,24.0000
468.0000,232.0000,24.0000,23.0000
465.0000,235.0000,24.0000,23.0000
464.0000,239.0000,24.0000,23.0000
462.0000,243.0000,24.0000,22.0000
460.0000,247.0000,24.0000,22.0000
459.0000,251.0000,24.0000,22.0000
458.0000,255.0000,25.0000,22.0000
457.0000,257.0000,25.0000,23.0000
455.0000,258.0000,25.0000,23.0000
455.0000,261.0000,25.0000,23.0000
454.0000,263.0000,25.0000,23.0000
454.0000,267.0000,25.0000,22.0000
454.0000,270.0000,26.0000,23.0000
454.0000,274.0000,26.0000,23.0000
455.0000,278.0000,27.0000,22.0000
457.0000,282.0000,26.0000,22.0000
459.0000,285.0000,26.0000,23.0000
460.0000,288.0000,26.0000,23.0000
461.0000,290.0000,27.0000,21.0000
463.0000,293.0000,27.0000,22.0000
465.0000,295.0000,26.0000,22.0000
467.0000,299.0000,26.0000,21.0000
469.0000,300.0000,25.0000,21.0000
471.0000,302.0000,26.0000,20.0000
471.0000,304.0000,26.0000,21.0000
471.0000,305.0000,28.0000,22.0000
477.0000,311.0000,27.0000,22.0000
472.0000,312.0000,27.0000,21.0000
471.0000,316.0000,30.0000,25.0000
470.0000,317.0000,29.0000,25.0000
475.0000,316.0000,29.0000,24.0000
471.0000,319.0000,29.0000,24.0000
464.0000,316.0000,29.0000,24.0000
461.0000,320.0000,29.0000,24.0000
463.0000,316.0000,29.0000,24.0000
459.0000,322.0000,29.0000,24.0000
450.0000,315.0000,29.0000,24.0000
455.0000,319.0000,29.0000,24.0000
452.0000,319.0000,29.0000,24.0000
450.0000,319.0000,29.0000,24.0000
444.0000,322.0000,29.0000,24.0000
444.0000,323.0000,29.0000,24.0000
440.0000,325.0000,29.0000,24.0000
437.0000,324.0000,29.0000,24.0000
432.0000,332.0000,29.0000,24.0000
436.0000,326.0000,29.0000,24.0000
436.0000,327.0000,29.0000,24.0000
438.0000,332.0000,29.0000,24.0000
441.0000,332.0000,29.0000,24.0000
441.0000,327.0000,29.0000,24.0000
438.0000,327.0000,29.0000,24.0000
437.0000,329.0000,29.0000,24.0000
440.0000,330.0000,28.0000,22.0000
443.0000,331.0000,27.0000,20.0000
443.0000,332.0000,28.0000,21.0000
444.0000,331.0000,26.0000,20.0000
446.0000,332.0000,25.0000,20.0000
445.0000,334.0000,25.0000,20.0000
445.0000,335.0000,26.0000,21.0000
443.0000,337.0000,25.0000,21.0000
437.0000,337.0000,26.0000,21.0000
433.0000,340.0000,26.0000,21.0000
427.0000,337.0000,27.0000,22.0000
420.0000,336.0000,28.0000,22.0000
415.0000,336.0000,28.0000,22.0000
409.0000,334.0000,27.0000,22.0000
403.0000,332.0000,27.0000,23.0000
400.0000,329.0000,25.0000,21.0000
394.0000,326.0000,25.0000,21.0000
387.0000,322.0000,26.0000,21.0000
381.0000,318.0000,27.0000,22.0000
375.0000,315.0000,28.0000,22.0000
370.0000,312.0000,27.0000,23.0000
366.0000,308.0000,26.0000,22.0000
363.0000,305.0000,25.0000,23.0000
360.0000,303.0000,25.0000,23.0000
357.0000,300.0000,25.0000,23.0000
354.0000,297.0000,23.0000,22.0000
353.0000,295.0000,23.0000,22.0000
351.0000,293.0000,24.0000,21.0000
350.0000,290.0000,22.0000,21.0000
349.0000,289.0000,22.0000,21.0000
