0.000168
0.004229
0.028899
0.025306
0.023905
0.022813
0.021
0.020133
0.020081
0.020097
0.020105
0.019969
0.019988
0.019995
0.020004
0.019984
0.019812
0.019857
0.019785
0.019876
0.019918
0.020062
0.02007
0.019908
0.019866
0.02005
0.019976
0.019841
0.019957
0.019926
0.019839
0.020063
0.019871
0.019564
0.01962
0.01967
0.019745
0.019591
0.019678
0.019664
0.019804
0.019765
0.019762
0.01974
0.019699
0.019776
0.019645
0.01975
0.019622
0.019826
0.019892
0.019649
0.019599
0.019599
0.019614
0.019738
0.01987
0.019603
0.019645
0.019647
0.019622
0.019627
0.019597
0.019707
0.019697
0.019716
0.019818
0.019851
0.019676
0.0195
0.019448
0.019708
0.019561
0.019722
0.019223
0.019165
0.01867
0.018493
0.018154
0.018284
0.016619
0.015464
0.01549
0.01424
0.012668
0.011878
0.009059
0.007588
0.007615
0.004898
0.004571
0.006436
0.005351
0.004755
0.004373
0.004173
0.019872
0.017221
0.011082
0.008964
0.007781
0.005667
0.004304
0.018838
0.013083
0.011421
0.010363
0.007957
0.006027
0.005671
0.004468
0.003968
0.020121
0.010546
0.00804
0.005595
0.004459
0.003826
0.019835
0.012696
0.010791
0.010057
0.007565
0.006697
0.006015
0.017246
0.002439
0.004889
0.00467
0.004884
0.004348
0.019264
0.011249
0.010532
0.008657
0.007448
0.006914
0.005825
0.005232
0.005066
0.004315
0.017009
0.008126
0.004157
0.012763
0.008019
0.003659
0.011285
0.009854
0.007088
0.005835
0.005626
0.012353
0.006881
0.005358
0.012812
0.006118
0.005001
0.015157
0.003189
0.004555
0.014858
0.007857
0.005285
0.014911
0.006873
0.004871
0.016112
0.004499
0.007746
0.014825
NaN
NaN
NaN
NaN
0.000241
0.005146
0.034663
0.021795
0.013287
0.010567
0.010143
0.00987
0.008337
0.006126
0.004347
0.003695
0.003637
0.003132
0.002325
0.002351
0.002342
0.002496
0.002049
NaN
NaN
NaN
NaN
0.000227
0.005058
0.024889
0.021326
0.019089
0.015183
0.013816
0.012992
0.011939
0.011259
0.011063
0.010882
0.010767
0.010761
0.010706
0.009972
0.009841
0.009146
0.008303
0.007969
0.006968
0.005755
0.005312
0.004495
0.003887
0.00399
0.004069
0.015846
0.014551
0.012974
0.01159
0.011314
0.010164
0.009447
0.009314
0.009289
0.009112
0.009077
0.009032
0.009072
0.008875
0.008828
0.008849
0.008757
0.0087
0.00864
0.008851
0.008842
0.008664
0.008589
0.008534
0.008758
0.008787
0.00867
0.008271
0.00787
0.007895
0.007689
0.007528
0.007449
0.007634
0.007356
0.007291
0.007051
0.006759
0.006536
0.006645
0.006428
0.006182
0.00595
0.00622
0.006212
0.006217
0.006024
0.006223
0.005852
0.011553
0.0102
0.010009
0.009404
0.009243
0.00895
0.008571
0.008372
0.008207
0.008038
0.008083
0.008112
0.008057
0.00804
0.007846
0.007793
0.007875
0.007909
0.007865
0.00781
0.007473
0.007287
0.007123
0.006892
0.006894
0.006866
0.00714
0.006922
0.007018
0.006821
0.006852
0.006769
0.006625
0.006432
0.006475
0.006619
0.006402
0.006408
0.006347
0.006441
0.006384
0.006331
0.006239
0.006467
0.006428
0.012842
0.010939
0.009779
0.009562
0.008596
0.007814
0.007814
0.006052
0.005308
0.005213
0.004938
0.004545
0.004313
0.004217
0.003988
0.005301
0.004353
0.003876
0.003684
0.003559
0.00342
0.003609
0.01255
0.007278
0.006073
0.004923
0.003993
0.004054
0.003464
0.003354
0.003666
0.003607
0.00343
0.003515
0.00318
0.003354
0.003329
0.003336
0.003185
0.0033
0.003444
0.022517
0.018286
0.014174
0.013594
0.013128
0.011349
0.009618
0.009624
0.009094
0.008533
0.008084
0.006504
0.005955
0.005806
0.004476
0.015563
0.014374
0.010961
0.008685
0.008296
0.007388
0.006795
0.006651
0.005205
0.011689
0.010605
0.006469
0.00363
0.012025
0.00739
0.005982
0.004885
0.004405
0.003644
0.014535
0.006173
NaN
NaN
NaN
NaN
0.000228
0.004661
0.028095
0.021354
0.016197
0.012805
0.011001
0.008461
0.008189
0.008121
0.007524
0.007191
0.006625
0.006505
0.006351
0.006366
0.006236
0.006203
NaN
NaN
NaN
NaN
0.000247
0.005209
0.020044
0.011332
0.010454
0.010449
0.009254
0.009279
0.009082
0.008567
0.008123
0.008085
0.007676
0.007485
0.007489
0.007353
0.006957
0.006534
0.006501
0.006339
NaN
NaN
NaN
NaN
0.000172
0.004921
0.013736
0.011427
0.010638
0.010147
0.009975
0.009858
0.009711
0.009246
0.009136
0.009308
0.009266
0.009012
0.009137
0.009153
0.008909
0.008656
0.008503
0.008333
0.008093
0.007722
0.007272
0.007143
0.006766
0.006832
0.006869
0.00626
0.005971
0.006069
0.005971
0.005969
0.00585
0.005446
0.00533
0.005003
0.004838
0.004785
0.004627
0.004662
0.004655
0.004461
0.004579
0.00456
0.004504
0.00434
0.004174
0.004194
0.004172
0.004196
0.004156
0.004169
0.004045
0.003861
0.003843
0.004105
0.0039
0.003731
0.003856
0.00375
0.003731
0.007773
0.007795
0.007145
0.007292
0.007337
0.007109
0.006564
0.006307
0.005577
0.005691
0.005754
0.00516
0.004484
0.004561
0.004372
0.00411
0.004006
0.003293
0.002872
0.002633
0.002765
0.002702
0.002846
0.002531
0.002769
0.002642
0.002641
0.002819
0.002629
0.002806
0.004932
0.005092
0.004914
0.005063
0.004971
0.004918
0.004511
0.004451
0.004545
0.004228
0.004239
0.004185
0.004039
0.004051
0.004085
0.007373
0.007343
0.00735
0.007222
0.006534
0.006601
0.006288
0.006187
0.006136
0.006244
0.006271
0.006175
0.006214
0.006106
0.005989
