1
141.3977,26.3876,30.1365,124.1950
140.9341,25.5582,30.6524,124.0860
140.9341,25.5582,30.6524,124.0860
140.9341,25.5582,30.6524,124.0860
140.9341,25.5582,30.6524,124.0860
140.9341,25.5582,30.6524,124.0860
140.9341,25.5582,30.6524,124.0860
140.9341,25.5582,30.6524,124.0860
140.9341,25.5582,30.6524,124.0860
140.9341,25.5582,30.6524,124.0860
140.9341,25.5582,30.6524,124.0860
140.9341,25.5582,30.6524,124.0860
140.9341,25.5582,30.6524,124.0860
140.9341,25.5582,30.6524,124.0860
140.9341,25.5582,30.6524,124.0860
140.9341,25.5582,30.6524,124.0860
140.9341,25.5582,30.6524,124.0860
140.9341,25.5582,30.6524,124.0860
140.9341,25.5582,30.6524,124.0860
140.9341,25.5582,30.6524,124.0860
140.9341,25.5582,30.6524,124.0860
140.9341,25.5582,30.6524,124.0860
140.9341,25.5582,30.6524,124.0860
140.9341,25.5582,30.6524,124.0860
140.2646,25.5753,30.5412,123.8196
140.2646,25.5753,30.5412,123.8196
140.2646,25.5753,30.5412,123.8196
140.2646,25.5753,30.5412,123.8196
140.2646,25.5753,30.5412,123.8196
140.2646,25.5753,30.5412,123.8196
140.2646,25.5753,30.5412,123.8196
140.2646,25.5753,30.5412,123.8196
140.2646,25.5753,30.5412,123.8196
140.2646,25.5753,30.5412,123.8196
140.2646,25.5753,30.5412,123.8196
140.2646,25.5753,30.5412,123.8196
140.2646,25.5753,30.5412,123.8196
140.2646,25.5753,30.5412,123.8196
140.2646,25.5753,30.5412,123.8196
140.2646,25.5753,30.5412,123.8196
140.2646,25.5753,30.5412,123.8196
140.2646,25.5753,30.5412,123.8196
140.2646,25.5753,30.5412,123.8196
140.2646,25.5753,30.5412,123.8196
137.2039,29.3744,30.1253,123.9837
137.2039,29.3744,30.1253,123.9837
137.2039,29.3744,30.1253,123.9837
137.2039,29.3744,30.1253,123.9837
137.2039,29.3744,30.1253,123.9837
137.2039,29.3744,30.1253,123.9837
137.2039,29.3744,30.1253,123.9837
137.2039,29.3744,30.1253,123.9837
137.2039,29.3744,30.1253,123.9837
137.2039,29.3744,30.1253,123.9837
137.2039,29.3744,30.1253,123.9837
137.2039,29.3744,30.1253,123.9837
137.2039,29.3744,30.1253,123.9837
137.2039,29.3744,30.1253,123.9837
137.2039,29.3744,30.1253,123.9837
137.2039,29.3744,30.1253,123.9837
137.2039,29.3744,30.1253,123.9837
137.2039,29.3744,30.1253,123.9837
137.2039,29.3744,30.1253,123.9837
137.2039,29.3744,30.1253,123.9837
137.2039,29.3744,30.1253,123.9837
137.2039,29.3744,30.1253,123.9837
134.8789,33.6915,30.8178,124.6732
134.8789,33.6915,30.8178,124.6732
134.8789,33.6915,30.8178,124.6732
134.8789,33.6915,30.8178,124.6732
134.8789,33.6915,30.8178,124.6732
134.8789,33.6915,30.8178,124.6732
134.8789,33.6915,30.8178,124.6732
134.8789,33.6915,30.8178,124.6732
134.8789,33.6915,30.8178,124.6732
133.0000,34.0000,40.0000,124.0000
133.0000,34.0000,40.0000,124.0000
133.0000,34.0000,40.0000,124.0000
133.0000,34.0000,40.0000,124.0000
133.0000,34.0000,40.0000,124.0000
133.0000,34.0000,40.0000,124.0000
133.0000,34.0000,40.0000,124.0000
133.0000,34.0000,40.0000,124.0000
133.0000,34.0000,40.0000,124.0000
133.0000,34.0000,40.0000,124.0000
133.0000,34.0000,40.0000,124.0000
133.0000,34.0000,40.0000,124.0000
133.0000,34.0000,40.0000,124.0000
133.0000,34.0000,40.0000,124.0000
133.0000,34.0000,40.0000,124.0000
133.0000,34.0000,40.0000,124.0000
133.0000,34.0000,40.0000,124.0000
133.0000,34.0000,40.0000,124.0000
133.0000,34.0000,40.0000,124.0000
133.0000,34.0000,40.0000,124.0000
117.5577,34.4807,40.9995,124.0888
117.5577,34.4807,40.9995,124.0888
117.5577,34.4807,40.9995,124.0888
117.5577,34.4807,40.9995,124.0888
117.5577,34.4807,40.9995,124.0888
117.5577,34.4807,40.9995,124.0888
117.5577,34.4807,40.9995,124.0888
117.5577,34.4807,40.9995,124.0888
117.5577,34.4807,40.9995,124.0888
117.5577,34.4807,40.9995,124.0888
117.5577,34.4807,40.9995,124.0888
117.5577,34.4807,40.9995,124.0888
121.5577,76.0000,53.0000,105.0000
121.5577,76.0000,53.0000,105.0000
121.5577,76.0000,53.0000,105.0000
121.5577,76.0000,53.0000,105.0000
121.5577,76.0000,53.0000,105.0000
121.5577,76.0000,53.0000,105.0000
121.5577,76.0000,53.0000,105.0000
121.5577,76.0000,53.0000,105.0000
121.5577,76.0000,53.0000,105.0000
121.5577,76.0000,53.0000,105.0000
114.5577,125.0000,62.0000,56.0000
114.5577,125.0000,62.0000,56.0000
114.5577,125.0000,62.0000,56.0000
114.5577,125.0000,62.0000,56.0000
114.5577,125.0000,62.0000,56.0000
114.5577,125.0000,62.0000,56.0000
114.5577,125.0000,62.0000,56.0000
114.5577,125.0000,62.0000,56.0000
114.5577,125.0000,62.0000,56.0000
114.5577,125.0000,62.0000,56.0000
103.5577,117.0000,60.0000,39.0000
103.5577,117.0000,60.0000,39.0000
103.5577,117.0000,60.0000,39.0000
103.5577,117.0000,60.0000,39.0000
103.5577,117.0000,60.0000,39.0000
103.5577,117.0000,60.0000,39.0000
103.5577,117.0000,60.0000,39.0000
103.5577,117.0000,60.0000,39.0000
84.5577,118.0000,70.0000,45.0000
84.5577,118.0000,70.0000,45.0000
84.5577,118.0000,70.0000,45.0000
84.5577,118.0000,70.0000,45.0000
0
0
0
0
0
0
2
0
0
0
0
1
133.0000,70.0000,107.0000,64.0000
126.8933,73.2210,108.2770,66.0726
126.8933,73.2210,108.2770,66.0726
126.8933,73.2210,108.2770,66.0726
126.8933,73.2210,108.2770,66.0726
126.8933,73.2210,108.2770,66.0726
126.8933,73.2210,108.2770,66.0726
126.8933,73.2210,108.2770,66.0726
126.8933,73.2210,108.2770,66.0726
126.8933,73.2210,108.2770,66.0726
126.8933,73.2210,108.2770,66.0726
126.8933,73.2210,108.2770,66.0726
126.8933,73.2210,108.2770,66.0726
107.0000,71.0000,117.0000,70.0000
107.0000,71.0000,117.0000,70.0000
107.0000,71.0000,117.0000,70.0000
107.0000,71.0000,117.0000,70.0000
107.0000,71.0000,117.0000,70.0000
107.0000,71.0000,117.0000,70.0000
107.0000,71.0000,117.0000,70.0000
107.0000,71.0000,117.0000,70.0000
107.0000,71.0000,117.0000,70.0000
107.0000,71.0000,117.0000,70.0000
107.0000,71.0000,117.0000,70.0000
107.0000,71.0000,117.0000,70.0000
107.0000,71.0000,117.0000,70.0000
107.0000,71.0000,117.0000,70.0000
129.0000,94.0000,130.0000,79.0000
129.0000,94.0000,130.0000,79.0000
129.0000,94.0000,130.0000,79.0000
129.0000,94.0000,130.0000,79.0000
129.0000,94.0000,130.0000,79.0000
129.0000,94.0000,130.0000,79.0000
129.0000,94.0000,130.0000,79.0000
129.0000,94.0000,130.0000,79.0000
129.0000,94.0000,130.0000,79.0000
129.0000,94.0000,130.0000,79.0000
129.0000,94.0000,130.0000,79.0000
97.0000,83.0000,143.0000,85.0000
97.0000,83.0000,143.0000,85.0000
97.0000,83.0000,143.0000,85.0000
97.0000,83.0000,143.0000,85.0000
97.0000,83.0000,143.0000,85.0000
97.0000,83.0000,143.0000,85.0000
97.0000,83.0000,143.0000,85.0000
97.0000,83.0000,143.0000,85.0000
97.0000,83.0000,143.0000,85.0000
97.0000,83.0000,143.0000,85.0000
40.0000,66.0000,151.0000,81.0000
40.0000,66.0000,151.0000,81.0000
40.0000,66.0000,151.0000,81.0000
40.0000,66.0000,151.0000,81.0000
40.0000,66.0000,151.0000,81.0000
40.0000,66.0000,151.0000,81.0000
40.0000,66.0000,151.0000,81.0000
40.0000,66.0000,151.0000,81.0000
40.0000,66.0000,151.0000,81.0000
40.0000,66.0000,151.0000,81.0000
21.0000,61.0000,171.0000,83.0000
21.0000,61.0000,171.0000,83.0000
21.0000,61.0000,171.0000,83.0000
21.0000,61.0000,171.0000,83.0000
21.0000,61.0000,171.0000,83.0000
21.0000,61.0000,171.0000,83.0000
21.0000,61.0000,171.0000,83.0000
21.0000,61.0000,171.0000,83.0000
21.0000,61.0000,171.0000,83.0000
21.0000,61.0000,171.0000,83.0000
2
0
0
0
0
1
195.0000,59.0000,16.0000,77.0000
196.0000,60.0000,16.0000,78.0000
196.0000,60.0000,16.0000,78.0000
196.0000,60.0000,16.0000,78.0000
196.0000,60.0000,16.0000,78.0000
196.0000,60.0000,16.0000,78.0000
196.0000,60.0000,16.0000,78.0000
196.0000,60.0000,16.0000,78.0000
196.0000,60.0000,16.0000,78.0000
196.0000,60.0000,16.0000,78.0000
196.0000,60.0000,16.0000,78.0000
196.0000,60.0000,16.0000,78.0000
196.0000,60.0000,16.0000,78.0000
196.0000,61.0000,16.0000,77.0000
196.0000,61.0000,16.0000,77.0000
196.0000,61.0000,16.0000,77.0000
196.0000,61.0000,16.0000,77.0000
196.0000,61.0000,16.0000,77.0000
196.0000,61.0000,16.0000,77.0000
196.0000,61.0000,16.0000,77.0000
196.0000,61.0000,16.0000,77.0000
196.0000,61.0000,16.0000,77.0000
196.0000,61.0000,16.0000,77.0000
196.0000,61.0000,16.0000,77.0000
196.0000,61.0000,16.0000,77.0000
196.0000,61.0000,16.0000,77.0000
202.0000,63.0000,18.0000,77.0000
202.0000,63.0000,18.0000,77.0000
202.0000,63.0000,18.0000,77.0000
202.0000,63.0000,18.0000,77.0000
202.0000,63.0000,18.0000,77.0000
202.0000,63.0000,18.0000,77.0000
202.0000,63.0000,18.0000,77.0000
202.0000,63.0000,18.0000,77.0000
202.0000,63.0000,18.0000,77.0000
202.0000,63.0000,18.0000,77.0000
202.0000,63.0000,18.0000,77.0000
202.0000,63.0000,18.0000,77.0000
202.0000,63.0000,18.0000,77.0000
202.0000,63.0000,18.0000,77.0000
202.0000,63.0000,18.0000,77.0000
202.0000,63.0000,18.0000,77.0000
202.0000,63.0000,18.0000,77.0000
202.0000,63.0000,18.0000,77.0000
202.0000,63.0000,18.0000,77.0000
202.0000,63.0000,18.0000,77.0000
202.0000,63.0000,18.0000,77.0000
202.0000,63.0000,18.0000,77.0000
202.0000,63.0000,18.0000,77.0000
202.0000,63.0000,18.0000,77.0000
202.9124,63.3741,19.6636,77.8834
202.9124,63.3741,19.6636,77.8834
202.9124,63.3741,19.6636,77.8834
202.9124,63.3741,19.6636,77.8834
202.9124,63.3741,19.6636,77.8834
202.9124,63.3741,19.6636,77.8834
202.9124,63.3741,19.6636,77.8834
202.9124,63.3741,19.6636,77.8834
202.9124,63.3741,19.6636,77.8834
202.9124,63.3741,19.6636,77.8834
193.0000,66.0000,19.0000,77.0000
193.0000,66.0000,19.0000,77.0000
193.0000,66.0000,19.0000,77.0000
193.0000,66.0000,19.0000,77.0000
193.0000,66.0000,19.0000,77.0000
193.0000,66.0000,19.0000,77.0000
193.0000,66.0000,19.0000,77.0000
193.0000,66.0000,19.0000,77.0000
193.0000,66.0000,19.0000,77.0000
195.0000,68.0000,19.0000,76.0000
195.0000,68.0000,19.0000,76.0000
195.0000,68.0000,19.0000,76.0000
195.0000,68.0000,19.0000,76.0000
195.0000,68.0000,19.0000,76.0000
195.0000,68.0000,19.0000,76.0000
195.0000,68.0000,19.0000,76.0000
195.0000,68.0000,19.0000,76.0000
195.0000,68.0000,19.0000,76.0000
198.0000,65.0000,19.0000,77.0000
198.0000,65.0000,19.0000,77.0000
198.0000,65.0000,19.0000,77.0000
198.0000,65.0000,19.0000,77.0000
198.0000,65.0000,19.0000,77.0000
198.0000,65.0000,19.0000,77.0000
198.0000,65.0000,19.0000,77.0000
198.0000,65.0000,19.0000,77.0000
198.0000,62.0000,16.0000,77.0000
198.0000,62.0000,16.0000,77.0000
198.0000,62.0000,16.0000,77.0000
198.0000,62.0000,16.0000,77.0000
198.0000,62.0000,16.0000,77.0000
198.0000,62.0000,16.0000,77.0000
198.0000,62.0000,16.0000,77.0000
198.0000,62.0000,16.0000,77.0000
198.0000,62.0000,16.0000,77.0000
194.0000,61.0000,22.0000,78.0000
194.0000,61.0000,22.0000,78.0000
194.0000,61.0000,22.0000,78.0000
194.0000,61.0000,22.0000,78.0000
194.0000,61.0000,22.0000,78.0000
194.0000,61.0000,22.0000,78.0000
194.0000,61.0000,22.0000,78.0000
194.0000,61.0000,22.0000,78.0000
194.0000,61.0000,22.0000,78.0000
203.0000,62.0000,15.0000,77.0000
0
0
0
0
0
0
0
0
0
2
0
0
0
0
1
144.2691,64.6980,38.3705,70.6646
143.4137,63.4183,43.2259,73.7746
143.4137,63.4183,43.2259,73.7746
143.4137,63.4183,43.2259,73.7746
143.4137,63.4183,43.2259,73.7746
143.4137,63.4183,43.2259,73.7746
143.4137,63.4183,43.2259,73.7746
143.4137,63.4183,43.2259,73.7746
143.4137,63.4183,43.2259,73.7746
143.4137,63.4183,43.2259,73.7746
143.4137,63.4183,43.2259,73.7746
143.4137,63.4183,43.2259,73.7746
143.4137,63.4183,43.2259,73.7746
143.4137,63.4183,43.2259,73.7746
143.4137,63.4183,43.2259,73.7746
143.4137,63.4183,43.2259,73.7746
143.4137,63.4183,43.2259,73.7746
143.4137,63.4183,43.2259,73.7746
143.4137,63.4183,43.2259,73.7746
143.4137,63.4183,43.2259,73.7746
143.4137,63.4183,43.2259,73.7746
143.4137,63.4183,43.2259,73.7746
143.4137,63.4183,43.2259,73.7746
145.1551,64.1118,41.4987,73.2413
145.1551,64.1118,41.4987,73.2413
145.1551,64.1118,41.4987,73.2413
145.1551,64.1118,41.4987,73.2413
145.1551,64.1118,41.4987,73.2413
0
0
0
0
0
0
0
2
0
0
0
0
1
193.3430,53.8117,26.1065,62.8544
195.1406,55.1605,24.8884,59.9049
195.1406,55.1605,24.8884,59.9049
195.1406,55.1605,24.8884,59.9049
195.1406,55.1605,24.8884,59.9049
195.1406,55.1605,24.8884,59.9049
195.1406,55.1605,24.8884,59.9049
195.1406,55.1605,24.8884,59.9049
195.1406,55.1605,24.8884,59.9049
195.1406,55.1605,24.8884,59.9049
195.1406,55.1605,24.8884,59.9049
195.1406,55.1605,24.8884,59.9049
0
0
0
0
0
0
0
0
0
0
0
2
0
0
0
0
1
172.0000,71.0000,19.0000,55.0000
173.0000,71.0000,19.0000,55.0000
173.0000,71.0000,19.0000,55.0000
173.0000,71.0000,19.0000,55.0000
173.0000,71.0000,19.0000,55.0000
173.0000,71.0000,19.0000,55.0000
173.0000,71.0000,19.0000,55.0000
173.0000,71.0000,19.0000,55.0000
173.0000,71.0000,19.0000,55.0000
173.0000,71.0000,19.0000,55.0000
173.0000,71.0000,19.0000,55.0000
173.0000,71.0000,19.0000,55.0000
173.0000,71.0000,19.0000,55.0000
176.0000,71.0000,18.0000,55.0000
176.0000,71.0000,18.0000,55.0000
176.0000,71.0000,18.0000,55.0000
176.0000,71.0000,18.0000,55.0000
176.0000,71.0000,18.0000,55.0000
0
0
0
0
0
2
0
0
0
0
1
141.0000,70.0000,31.0000,44.0000
142.0000,70.0000,32.0000,45.0000
142.0000,70.0000,32.0000,45.0000
142.0000,70.0000,32.0000,45.0000
142.0000,70.0000,32.0000,45.0000
142.0000,70.0000,32.0000,45.0000
142.0000,70.0000,32.0000,45.0000
142.0000,70.0000,32.0000,45.0000
142.0000,70.0000,32.0000,45.0000
142.0000,70.0000,32.0000,45.0000
142.0000,70.0000,32.0000,45.0000
142.0000,70.0000,32.0000,45.0000
142.0000,70.0000,32.0000,45.0000
143.0000,71.0000,32.0000,44.0000
143.0000,71.0000,32.0000,44.0000
143.0000,71.0000,32.0000,44.0000
143.0000,71.0000,32.0000,44.0000
143.0000,71.0000,32.0000,44.0000
143.0000,71.0000,32.0000,44.0000
143.0000,71.0000,32.0000,44.0000
143.0000,71.0000,32.0000,44.0000
143.0000,71.0000,32.0000,44.0000
143.0000,71.0000,32.0000,44.0000
143.0000,71.0000,32.0000,44.0000
149.0000,75.0000,31.0000,44.0000
149.0000,75.0000,31.0000,44.0000
149.0000,75.0000,31.0000,44.0000
149.0000,75.0000,31.0000,44.0000
149.0000,75.0000,31.0000,44.0000
149.0000,75.0000,31.0000,44.0000
149.0000,75.0000,31.0000,44.0000
149.0000,75.0000,31.0000,44.0000
149.0000,75.0000,31.0000,44.0000
149.0000,75.0000,31.0000,44.0000
149.0000,75.0000,31.0000,44.0000
149.0000,75.0000,31.0000,44.0000
151.0000,75.0000,31.0000,44.0000
151.0000,75.0000,31.0000,44.0000
151.0000,75.0000,31.0000,44.0000
151.0000,75.0000,31.0000,44.0000
151.0000,75.0000,31.0000,44.0000
151.0000,75.0000,31.0000,44.0000
151.0000,75.0000,31.0000,44.0000
151.0000,75.0000,31.0000,44.0000
151.0000,75.0000,31.0000,44.0000
151.0000,75.0000,31.0000,44.0000
151.0000,75.0000,31.0000,44.0000
153.0000,78.0000,33.0000,47.0000
153.0000,78.0000,33.0000,47.0000
153.0000,78.0000,33.0000,47.0000
153.0000,78.0000,33.0000,47.0000
153.0000,78.0000,33.0000,47.0000
153.0000,78.0000,33.0000,47.0000
153.0000,78.0000,33.0000,47.0000
153.0000,78.0000,33.0000,47.0000
153.0000,78.0000,33.0000,47.0000
152.0000,84.0000,35.0000,50.0000
152.0000,84.0000,35.0000,50.0000
152.0000,84.0000,35.0000,50.0000
152.0000,84.0000,35.0000,50.0000
152.0000,84.0000,35.0000,50.0000
152.0000,84.0000,35.0000,50.0000
152.0000,84.0000,35.0000,50.0000
152.0000,84.0000,35.0000,50.0000
152.0000,84.0000,35.0000,50.0000
152.0000,85.0000,37.0000,52.0000
152.0000,85.0000,37.0000,52.0000
152.0000,85.0000,37.0000,52.0000
152.0000,85.0000,37.0000,52.0000
152.0000,85.0000,37.0000,52.0000
152.0000,85.0000,37.0000,52.0000
152.0000,85.0000,37.0000,52.0000
152.0000,85.0000,37.0000,52.0000
154.0000,86.0000,40.0000,55.0000
154.0000,86.0000,40.0000,55.0000
154.0000,86.0000,40.0000,55.0000
154.0000,86.0000,40.0000,55.0000
154.0000,86.0000,40.0000,55.0000
154.0000,86.0000,40.0000,55.0000
154.0000,86.0000,40.0000,55.0000
154.0000,86.0000,40.0000,55.0000
154.0000,86.0000,40.0000,55.0000
154.0000,86.0000,40.0000,55.0000
154.0000,86.0000,40.0000,55.0000
154.0000,86.0000,40.0000,55.0000
154.0000,86.0000,40.0000,55.0000
154.0000,86.0000,40.0000,55.0000
154.0000,86.0000,40.0000,55.0000
154.0000,86.0000,40.0000,55.0000
154.0000,86.0000,40.0000,55.0000
154.0000,86.0000,40.0000,55.0000
154.0000,86.0000,40.0000,55.0000
154.0000,86.0000,40.0000,55.0000
2
0
0
0
0
1
142.4002,64.3618,24.2511,75.3445
143.0750,64.5469,24.6395,75.2172
143.0750,64.5469,24.6395,75.2172
143.0750,64.5469,24.6395,75.2172
143.0750,64.5469,24.6395,75.2172
143.0750,64.5469,24.6395,75.2172
143.0750,64.5469,24.6395,75.2172
143.0750,64.5469,24.6395,75.2172
143.0750,64.5469,24.6395,75.2172
143.0750,64.5469,24.6395,75.2172
143.0750,64.5469,24.6395,75.2172
143.0750,64.5469,24.6395,75.2172
143.0750,64.5469,24.6395,75.2172
143.0750,64.5469,24.6395,75.2172
143.0750,64.5469,24.6395,75.2172
143.0750,64.5469,24.6395,75.2172
143.0750,64.5469,24.6395,75.2172
143.0750,64.5469,24.6395,75.2172
143.0750,64.5469,24.6395,75.2172
143.0750,64.5469,24.6395,75.2172
143.0750,64.5469,24.6395,75.2172
143.0750,64.5469,24.6395,75.2172
143.0750,64.5469,24.6395,75.2172
