1
663.0000,681.0000,46.0000,28.0000
670.0000,674.0000,56.0000,34.0000
677.0000,668.0000,58.0000,35.0000
684.0000,671.0000,34.0000,24.0000
688.0000,670.0000,30.0000,20.0000
674.0000,664.0000,32.0000,21.0000
2
0
0
0
0
1
691.0000,580.0000,44.0000,23.0000
695.0000,570.0000,43.0000,25.0000
698.0000,561.0000,42.0000,26.0000
703.0000,554.0000,36.0000,23.0000
703.0000,547.0000,38.0000,21.0000
704.0000,536.0000,42.0000,32.0000
706.0000,533.0000,39.0000,24.0000
707.0000,528.0000,41.0000,25.0000
721.0000,526.0000,27.0000,24.0000
725.0000,523.0000,26.0000,20.0000
731.0000,518.0000,23.0000,26.0000
732.0000,513.0000,26.0000,25.0000
739.0000,511.0000,22.0000,25.0000
745.0000,509.0000,19.0000,23.0000
750.0000,503.0000,21.0000,26.0000
757.0000,501.0000,19.0000,23.0000
761.0000,495.0000,22.0000,27.0000
768.0000,491.0000,20.0000,25.0000
769.0000,484.0000,26.0000,34.0000
769.0000,474.0000,37.0000,46.0000
756.0000,462.0000,29.0000,38.0000
2
0
0
0
0
1
811.0000,415.0000,37.0000,45.0000
810.0000,408.0000,43.0000,49.0000
810.0000,401.0000,48.0000,52.0000
811.1883,397.0760,50.3348,54.0523
813.7888,395.9387,49.1372,52.6627
815.9709,394.1387,50.2071,52.2272
819.1725,392.9587,49.6470,51.1951
823.1082,393.6899,48.4900,48.4425
826.5843,393.3098,48.8355,47.8355
832.7296,397.3577,41.8179,39.9660
837.8296,398.1829,41.4487,39.5567
843.8533,400.3607,39.0609,37.1580
849.3538,402.1414,36.7746,35.3944
852.0000,403.0000,36.0000,34.0000
856.0000,404.0000,35.0000,33.0000
841.0000,408.0000,26.0000,34.0000
849.0000,400.0000,24.0000,37.0000
853.0000,394.0000,25.0000,35.0000
852.0000,394.0000,29.0000,34.0000
863.0000,389.0000,33.0000,37.0000
2
0
0
0
0
1
835.0000,460.0000,27.0000,30.0000
832.0000,457.0000,33.0000,36.0000
821.0000,445.0000,26.0000,31.0000
820.0000,447.0000,27.0000,32.0000
822.0000,450.0000,31.0000,36.0000
821.0000,445.0000,33.0000,39.0000
815.0000,438.0000,35.0000,44.0000
2
0
0
0
0
1
751.0000,478.0000,23.0000,15.0000
744.0000,477.0000,23.0000,14.0000
750.0000,473.0000,22.0000,15.0000
2
0
0
0
0
1
705.0000,454.0000,20.0000,13.0000
709.0000,452.0000,20.0000,13.0000
2
0
0
0
0
1
652.0000,423.0000,32.0000,27.0000
647.0000,418.0000,40.0000,35.0000
645.0000,413.0000,39.0000,35.0000
642.0000,410.0000,40.0000,35.0000
639.0000,407.0000,41.0000,36.0000
637.0000,407.0000,42.0000,34.0000
633.0000,402.0000,50.0000,40.0000
624.0000,401.0000,46.0000,29.0000
622.0000,395.0000,50.0000,28.0000
625.0000,393.0000,53.0000,30.0000
617.0000,384.0000,59.0000,34.0000
603.0000,375.0000,64.0000,39.0000
585.0000,364.0000,72.0000,45.0000
573.0000,353.0000,77.0000,50.0000
562.0000,343.0000,87.0000,57.0000
548.0000,331.0000,92.0000,60.0000
557.0000,330.0000,105.0000,71.0000
