0.000174
0.2559
0.2165
0.24262
0.25374
0.26449
0.26502
0.23771
0.25972
0.26282
0.26852
0.28415
0.31859
0.31093
0.35034
0.38164
0.34824
0.34532
0.34295
0.343
0.36839
0.3856
0.3798
0.34452
0.36575
0.40607
0.38371
0.38129
0.37912
0.38512
0.37534
0.37955
0.41778
0.41073
0.44193
0.43633
0.43399
0.49995
0.4842
0.48243
0.47662
0.46399
0.47974
0.4717
0.4845
0.50617
0.50111
0.50802
0.52836
0.49867
0.46208
0.48902
0.48651
0.45556
0.53717
0.52624
0.57425
0.52063
0.51293
0.49536
0.50543
0.52027
0.53056
0.53823
0.55365
0.58252
0.58806
0.50357
0.55016
0.57061
0.56458
0.55743
0.53597
0.52206
0.53012
0.5439
0.55289
0.53667
0.50957
0.49291
0.47887
0.52008
0.50993
0.45778
0.6032
0.62422
0.56168
0.52998
0.51487
0.51244
0.65782
0.58568
0.62531
0.60393
0.63706
0.64719
0.61982
0.61841
0.61707
0.6173
0.5716
0.56645
0.55011
0.55125
0.5102
0.54436
0.57178
0.54956
0.5274
0.56758
0.59472
0.63317
0.66679
0.69854
0.66541
0.65119
0.64912
0.63418
0.67937
0.65271
0.67215
0.6895
0.71175
0.69626
0.70304
0.71784
0.69017
0.70519
0.71756
0.64864
0.61519
0.64532
0.68875
0.61488
0.58373
0.71025
0.67162
0.68691
0.77623
0.77782
