0.019645
0.029799
0.030284
0.028829
0.031011
0.034406
0.037945
0.035361
0.04305
0.034856
0.033508
0.03832
0.033425
0.031598
0.032999
0.035961
0.030338
0.030781
0.032621
0.032383
0.033644
0.036086
0.031496
0.032922
0.033663
0.034866
0.033038
0.032351
0.033871
0.031913
0.031016
0.032796
0.033763
0.032212
0.032308
0.031106
0.031239
0.032234
0.031829
0.031681
NaN
NaN
NaN
NaN
0.019006
0.028642
0.02811
0.027625
0.029308
0.028155
0.027572
0.029614
0.030884
0.028651
0.02866
0.028386
0.029099
0.027801
0.02829
0.027811
0.027814
0.028545
0.027631
0.027726
0.027657
0.027776
0.028014
0.028123
0.031204
0.028845
0.029515
0.02771
0.029346
0.028245
0.031968
0.02821
0.032897
0.028032
0.029254
0.028488
0.028825
0.02856
0.028108
0.030706
0.029453
0.031915
0.028535
0.027966
0.02812
0.027898
0.030803
0.027775
0.028397
0.032067
0.027733
0.028381
0.02772
0.028638
0.027707
0.028448
