3.8735,3.9106,3.8517,0,0,0,0,0,0,0,0,0,0,0,0
3.3553,3.193,3.1484,0,0,0,0,0,0,0,0,0,0,0,0
31.087,28.02,27.994,0,0,0,0,0,0,0,0,0,0,0,0
1.2499,1.242,1.2107,0,0,0,0,0,0,0,0,0,0,0,0
1.1753,1.1659,1.2195,0,0,0,0,0,0,0,0,0,0,0,0
1.2783,1.2823,1.2505,0,0,0,0,0,0,0,0,0,0,0,0
1.1928,1.18,1.2134,0,0,0,0,0,0,0,0,0,0,0,0
1.3509,1.3626,1.2615,0,0,0,0,0,0,0,0,0,0,0,0
1.1494,1.1482,1.1904,0,0,0,0,0,0,0,0,0,0,0,0
1.1678,1.1676,1.1503,0,0,0,0,0,0,0,0,0,0,0,0
1.147,1.1638,1.1346,0,0,0,0,0,0,0,0,0,0,0,0
1.1089,1.1651,1.1237,0,0,0,0,0,0,0,0,0,0,0,0
1.1911,1.1621,1.1253,0,0,0,0,0,0,0,0,0,0,0,0
1.2373,1.308,1.2886,0,0,0,0,0,0,0,0,0,0,0,0
1.1841,1.1515,1.1939,0,0,0,0,0,0,0,0,0,0,0,0
1.1624,1.1704,1.1873,0,0,0,0,0,0,0,0,0,0,0,0
1.1563,1.1174,1.1821,0,0,0,0,0,0,0,0,0,0,0,0
1.1745,1.1926,1.1517,0,0,0,0,0,0,0,0,0,0,0,0
1.1471,1.2044,1.1172,0,0,0,0,0,0,0,0,0,0,0,0
1.255,1.2541,1.2439,0,0,0,0,0,0,0,0,0,0,0,0
1.1946,1.2085,1.1367,0,0,0,0,0,0,0,0,0,0,0,0
1.1505,1.1454,1.2066,0,0,0,0,0,0,0,0,0,0,0,0
1.1673,1.148,1.1732,0,0,0,0,0,0,0,0,0,0,0,0
1.1522,1.1228,1.1982,0,0,0,0,0,0,0,0,0,0,0,0
1.2095,1.046,1.1515,0,0,0,0,0,0,0,0,0,0,0,0
1.3186,1.262,1.3259,0,0,0,0,0,0,0,0,0,0,0,0
1.1354,1.2062,1.1447,0,0,0,0,0,0,0,0,0,0,0,0
1.1325,1.1305,1.1419,0,0,0,0,0,0,0,0,0,0,0,0
1.1927,1.1609,1.1167,0,0,0,0,0,0,0,0,0,0,0,0
1.1474,1.1271,1.1591,0,0,0,0,0,0,0,0,0,0,0,0
1.157,1.1506,1.1318,0,0,0,0,0,0,0,0,0,0,0,0
1.2705,1.3143,1.2886,0,0,0,0,0,0,0,0,0,0,0,0
1.1539,1.1029,1.2059,0,0,0,0,0,0,0,0,0,0,0,0
1.1892,1.1642,1.1464,0,0,0,0,0,0,0,0,0,0,0,0
1.1352,1.1464,1.1454,0,0,0,0,0,0,0,0,0,0,0,0
1.2167,1.0772,1.1968,0,0,0,0,0,0,0,0,0,0,0,0
1.1289,1.1593,1.1381,0,0,0,0,0,0,0,0,0,0,0,0
1.3395,1.2587,1.2926,0,0,0,0,0,0,0,0,0,0,0,0
1.1503,1.1374,1.1649,0,0,0,0,0,0,0,0,0,0,0,0
1.2191,1.1159,1.1908,0,0,0,0,0,0,0,0,0,0,0,0
1.1296,1.1124,1.1043,0,0,0,0,0,0,0,0,0,0,0,0
1.1445,1.1383,1.1414,0,0,0,0,0,0,0,0,0,0,0,0
1.1962,1.211,1.1955,0,0,0,0,0,0,0,0,0,0,0,0
1.3061,1.3033,1.3289,0,0,0,0,0,0,0,0,0,0,0,0
1.208,1.1615,1.1302,0,0,0,0,0,0,0,0,0,0,0,0
1.1512,1.1521,1.2117,0,0,0,0,0,0,0,0,0,0,0,0
1.1358,1.1755,1.1543,0,0,0,0,0,0,0,0,0,0,0,0
1.1895,1.1467,1.2106,0,0,0,0,0,0,0,0,0,0,0,0
1.2159,1.1772,1.1882,0,0,0,0,0,0,0,0,0,0,0,0
1.2562,1.203,1.3087,0,0,0,0,0,0,0,0,0,0,0,0
1.1806,1.2167,1.1511,0,0,0,0,0,0,0,0,0,0,0,0
1.1325,1.1465,1.1682,0,0,0,0,0,0,0,0,0,0,0,0
1.1771,1.1686,1.1611,0,0,0,0,0,0,0,0,0,0,0,0
1.1761,1.1725,1.1656,0,0,0,0,0,0,0,0,0,0,0,0
1.1712,1.1528,1.2051,0,0,0,0,0,0,0,0,0,0,0,0
1.2869,1.2671,1.3269,0,0,0,0,0,0,0,0,0,0,0,0
1.2138,1.122,1.2196,0,0,0,0,0,0,0,0,0,0,0,0
1.167,1.1619,1.1483,0,0,0,0,0,0,0,0,0,0,0,0
1.1509,1.161,1.1626,0,0,0,0,0,0,0,0,0,0,0,0
1.2216,1.1673,1.1958,0,0,0,0,0,0,0,0,0,0,0,0
1.2234,1.2249,1.2192,0,0,0,0,0,0,0,0,0,0,0,0
1.2531,1.2707,1.2673,0,0,0,0,0,0,0,0,0,0,0,0
1.1776,1.1079,1.1837,0,0,0,0,0,0,0,0,0,0,0,0
1.2061,1.2166,1.2069,0,0,0,0,0,0,0,0,0,0,0,0
1.2112,1.1666,1.164,0,0,0,0,0,0,0,0,0,0,0,0
1.1663,1.1569,1.1676,0,0,0,0,0,0,0,0,0,0,0,0
1.1593,1.1381,1.1712,0,0,0,0,0,0,0,0,0,0,0,0
1.32,1.3254,1.2871,0,0,0,0,0,0,0,0,0,0,0,0
1.1491,1.1206,1.1652,0,0,0,0,0,0,0,0,0,0,0,0
1.2078,1.1602,1.1622,0,0,0,0,0,0,0,0,0,0,0,0
1.2045,1.2102,1.1766,0,0,0,0,0,0,0,0,0,0,0,0
1.1807,1.172,1.1371,0,0,0,0,0,0,0,0,0,0,0,0
1.211,1.1923,1.1977,0,0,0,0,0,0,0,0,0,0,0,0
1.3038,1.2804,1.2477,0,0,0,0,0,0,0,0,0,0,0,0
1.1382,1.1857,1.1619,0,0,0,0,0,0,0,0,0,0,0,0
1.1768,1.178,1.1512,0,0,0,0,0,0,0,0,0,0,0,0
1.2027,1.125,1.1597,0,0,0,0,0,0,0,0,0,0,0,0
1.1861,1.1285,1.1569,0,0,0,0,0,0,0,0,0,0,0,0
1.1972,1.1668,1.1882,0,0,0,0,0,0,0,0,0,0,0,0
1.2995,1.2757,1.2482,0,0,0,0,0,0,0,0,0,0,0,0
1.2333,1.1934,1.195,0,0,0,0,0,0,0,0,0,0,0,0
1.1623,1.1567,1.2117,0,0,0,0,0,0,0,0,0,0,0,0
1.1596,1.1489,1.1696,0,0,0,0,0,0,0,0,0,0,0,0
1.1743,1.1675,1.1703,0,0,0,0,0,0,0,0,0,0,0,0
1.1888,1.1937,1.1806,0,0,0,0,0,0,0,0,0,0,0,0
1.3052,1.2559,1.228,0,0,0,0,0,0,0,0,0,0,0,0
1.1627,1.1636,1.2055,0,0,0,0,0,0,0,0,0,0,0,0
1.2274,1.152,1.1698,0,0,0,0,0,0,0,0,0,0,0,0
1.2165,1.1142,1.087,0,0,0,0,0,0,0,0,0,0,0,0
1.1572,1.1638,1.1555,0,0,0,0,0,0,0,0,0,0,0,0
1.2049,1.1458,1.1686,0,0,0,0,0,0,0,0,0,0,0,0
1.3323,1.2542,1.2768,0,0,0,0,0,0,0,0,0,0,0,0
1.1671,1.1701,1.1398,0,0,0,0,0,0,0,0,0,0,0,0
1.1807,1.1668,1.1725,0,0,0,0,0,0,0,0,0,0,0,0
1.1842,1.1683,1.1685,0,0,0,0,0,0,0,0,0,0,0,0
1.1972,1.1622,1.1664,0,0,0,0,0,0,0,0,0,0,0,0
1.1382,1.1804,1.1983,0,0,0,0,0,0,0,0,0,0,0,0
1.3661,1.3361,1.3848,0,0,0,0,0,0,0,0,0,0,0,0
1.2074,1.1497,1.1581,0,0,0,0,0,0,0,0,0,0,0,0
1.2017,1.091,1.1669,0,0,0,0,0,0,0,0,0,0,0,0
1.1747,1.1462,1.1544,0,0,0,0,0,0,0,0,0,0,0,0
1.2354,1.253,1.1995,0,0,0,0,0,0,0,0,0,0,0,0
1.1788,1.2169,1.2156,0,0,0,0,0,0,0,0,0,0,0,0
1.185,1.3221,1.3022,0,0,0,0,0,0,0,0,0,0,0,0
1.1754,1.1881,1.2194,0,0,0,0,0,0,0,0,0,0,0,0
1.1824,1.0941,1.1966,0,0,0,0,0,0,0,0,0,0,0,0
1.1737,1.2011,1.153,0,0,0,0,0,0,0,0,0,0,0,0
1.1757,1.1665,1.1749,0,0,0,0,0,0,0,0,0,0,0,0
1.1655,1.2015,1.1646,0,0,0,0,0,0,0,0,0,0,0,0
1.2896,1.3004,1.2448,0,0,0,0,0,0,0,0,0,0,0,0
1.1837,1.1686,1.2068,0,0,0,0,0,0,0,0,0,0,0,0
1.1747,1.1873,1.1353,0,0,0,0,0,0,0,0,0,0,0,0
1.1262,1.1541,1.1271,0,0,0,0,0,0,0,0,0,0,0,0
1.169,1.156,1.1708,0,0,0,0,0,0,0,0,0,0,0,0
1.1566,1.2011,1.1578,0,0,0,0,0,0,0,0,0,0,0,0
1.2871,1.1818,1.282,0,0,0,0,0,0,0,0,0,0,0,0
1.132,1.191,1.186,0,0,0,0,0,0,0,0,0,0,0,0
1.1735,1.156,1.1715,0,0,0,0,0,0,0,0,0,0,0,0
1.1761,1.169,1.3588,0,0,0,0,0,0,0,0,0,0,0,0
1.1665,1.1412,1.283,0,0,0,0,0,0,0,0,0,0,0,0
1.2061,1.11,1.269,0,0,0,0,0,0,0,0,0,0,0,0
1.2904,1.2274,1.2641,0,0,0,0,0,0,0,0,0,0,0,0
1.1569,1.2253,1.1527,0,0,0,0,0,0,0,0,0,0,0,0
1.197,1.1615,1.1926,0,0,0,0,0,0,0,0,0,0,0,0
1.1701,1.0888,1.1568,0,0,0,0,0,0,0,0,0,0,0,0
1.1969,1.1352,1.1532,0,0,0,0,0,0,0,0,0,0,0,0
1.1802,1.2192,1.1806,0,0,0,0,0,0,0,0,0,0,0,0
1.278,1.2887,1.2969,0,0,0,0,0,0,0,0,0,0,0,0
1.1628,1.1239,1.1587,0,0,0,0,0,0,0,0,0,0,0,0
1.1921,1.097,1.16,0,0,0,0,0,0,0,0,0,0,0,0
1.175,1.1476,1.1896,0,0,0,0,0,0,0,0,0,0,0,0
1.2085,1.1466,1.1783,0,0,0,0,0,0,0,0,0,0,0,0
1.2116,1.1391,1.1713,0,0,0,0,0,0,0,0,0,0,0,0
1.2814,1.2735,1.2323,0,0,0,0,0,0,0,0,0,0,0,0
1.1759,1.2111,1.1547,0,0,0,0,0,0,0,0,0,0,0,0
1.2147,1.1794,1.1486,0,0,0,0,0,0,0,0,0,0,0,0
1.1378,1.2101,1.0999,0,0,0,0,0,0,0,0,0,0,0,0
1.1968,1.1972,1.1885,0,0,0,0,0,0,0,0,0,0,0,0
1.1634,1.1662,1.1337,0,0,0,0,0,0,0,0,0,0,0,0
1.2853,1.238,1.2622,0,0,0,0,0,0,0,0,0,0,0,0
1.1487,1.137,1.1753,0,0,0,0,0,0,0,0,0,0,0,0
1.1286,1.2009,1.1531,0,0,0,0,0,0,0,0,0,0,0,0
1.1645,1.1709,1.1629,0,0,0,0,0,0,0,0,0,0,0,0
1.1706,1.2178,1.165,0,0,0,0,0,0,0,0,0,0,0,0
1.2051,1.1438,1.1596,0,0,0,0,0,0,0,0,0,0,0,0
1.2717,1.295,1.2514,0,0,0,0,0,0,0,0,0,0,0,0
1.1745,1.2029,1.2096,0,0,0,0,0,0,0,0,0,0,0,0
1.1651,1.1642,1.1673,0,0,0,0,0,0,0,0,0,0,0,0
1.1969,1.1626,1.1547,0,0,0,0,0,0,0,0,0,0,0,0
1.108,1.1374,1.0698,0,0,0,0,0,0,0,0,0,0,0,0
1.1673,1.1637,1.1929,0,0,0,0,0,0,0,0,0,0,0,0
1.2673,1.2479,1.2629,0,0,0,0,0,0,0,0,0,0,0,0
1.2123,1.1959,1.1671,0,0,0,0,0,0,0,0,0,0,0,0
1.1602,1.081,1.1275,0,0,0,0,0,0,0,0,0,0,0,0
1.1852,1.1651,1.1553,0,0,0,0,0,0,0,0,0,0,0,0
1.1704,1.1218,1.1199,0,0,0,0,0,0,0,0,0,0,0,0
1.2213,1.117,1.2059,0,0,0,0,0,0,0,0,0,0,0,0
1.2844,1.287,1.2773,0,0,0,0,0,0,0,0,0,0,0,0
1.2015,1.1176,1.1707,0,0,0,0,0,0,0,0,0,0,0,0
1.1954,1.2039,1.1088,0,0,0,0,0,0,0,0,0,0,0,0
1.1401,1.1971,1.1478,0,0,0,0,0,0,0,0,0,0,0,0
1.1202,1.2252,1.1642,0,0,0,0,0,0,0,0,0,0,0,0
1.1663,1.1442,1.1202,0,0,0,0,0,0,0,0,0,0,0,0
1.2554,1.2863,1.3101,0,0,0,0,0,0,0,0,0,0,0,0
1.1733,1.1919,1.1945,0,0,0,0,0,0,0,0,0,0,0,0
1.174,1.161,1.153,0,0,0,0,0,0,0,0,0,0,0,0
1.1904,1.229,1.2075,0,0,0,0,0,0,0,0,0,0,0,0
1.2006,1.2038,1.234,0,0,0,0,0,0,0,0,0,0,0,0
1.2218,1.3168,1.2801,0,0,0,0,0,0,0,0,0,0,0,0
1.3319,1.2936,1.3184,0,0,0,0,0,0,0,0,0,0,0,0
1.1564,1.1863,1.2185,0,0,0,0,0,0,0,0,0,0,0,0
1.1515,1.1729,1.2032,0,0,0,0,0,0,0,0,0,0,0,0
1.1649,1.147,1.1538,0,0,0,0,0,0,0,0,0,0,0,0
1.1684,1.1588,1.1375,0,0,0,0,0,0,0,0,0,0,0,0
1.1971,1.1204,1.2032,0,0,0,0,0,0,0,0,0,0,0,0
1.266,1.2646,1.2756,0,0,0,0,0,0,0,0,0,0,0,0
1.1968,1.1602,1.1795,0,0,0,0,0,0,0,0,0,0,0,0
1.1766,1.2031,1.1979,0,0,0,0,0,0,0,0,0,0,0,0
1.1819,1.1079,1.1503,0,0,0,0,0,0,0,0,0,0,0,0
1.2017,1.1952,1.1494,0,0,0,0,0,0,0,0,0,0,0,0
1.1574,1.1172,1.1554,0,0,0,0,0,0,0,0,0,0,0,0
1.2515,1.2716,1.2651,0,0,0,0,0,0,0,0,0,0,0,0
1.1302,1.139,1.1118,0,0,0,0,0,0,0,0,0,0,0,0
1.1536,1.1988,1.1555,0,0,0,0,0,0,0,0,0,0,0,0
1.1904,1.1415,1.1196,0,0,0,0,0,0,0,0,0,0,0,0
1.1536,1.2285,1.1441,0,0,0,0,0,0,0,0,0,0,0,0
1.2198,1.1405,1.1037,0,0,0,0,0,0,0,0,0,0,0,0
1.2627,1.2613,1.2907,0,0,0,0,0,0,0,0,0,0,0,0
1.2056,1.1356,1.101,0,0,0,0,0,0,0,0,0,0,0,0
1.15,1.1474,1.1512,0,0,0,0,0,0,0,0,0,0,0,0
1.157,1.1901,1.1171,0,0,0,0,0,0,0,0,0,0,0,0
1.1653,1.091,1.1962,0,0,0,0,0,0,0,0,0,0,0,0
1.1416,1.0986,1.1504,0,0,0,0,0,0,0,0,0,0,0,0
1.3061,1.2552,1.2636,0,0,0,0,0,0,0,0,0,0,0,0
1.1624,1.1517,1.1838,0,0,0,0,0,0,0,0,0,0,0,0
1.162,1.1242,1.1193,0,0,0,0,0,0,0,0,0,0,0,0
1.1583,1.1577,1.1943,0,0,0,0,0,0,0,0,0,0,0,0
1.1804,1.1581,1.1865,0,0,0,0,0,0,0,0,0,0,0,0
1.1733,1.1649,1.1557,0,0,0,0,0,0,0,0,0,0,0,0
1.3333,1.1973,1.2549,0,0,0,0,0,0,0,0,0,0,0,0
1.1587,1.1453,1.1558,0,0,0,0,0,0,0,0,0,0,0,0
1.2308,1.2603,1.2457,0,0,0,0,0,0,0,0,0,0,0,0
1.2062,1.2911,1.2659,0,0,0,0,0,0,0,0,0,0,0,0
1.1625,1.3523,1.1268,0,0,0,0,0,0,0,0,0,0,0,0
1.109,1.2167,1.1244,0,0,0,0,0,0,0,0,0,0,0,0
1.2733,1.2324,1.2588,0,0,0,0,0,0,0,0,0,0,0,0
1.2057,1.1204,1.1537,0,0,0,0,0,0,0,0,0,0,0,0
1.1369,1.1137,1.1845,0,0,0,0,0,0,0,0,0,0,0,0
1.192,1.143,1.1338,0,0,0,0,0,0,0,0,0,0,0,0
1.2024,1.1628,1.1563,0,0,0,0,0,0,0,0,0,0,0,0
1.1497,1.1609,1.1514,0,0,0,0,0,0,0,0,0,0,0,0
1.2655,1.2381,1.2587,0,0,0,0,0,0,0,0,0,0,0,0
1.1396,1.1588,1.1754,0,0,0,0,0,0,0,0,0,0,0,0
1.0926,1.1542,1.149,0,0,0,0,0,0,0,0,0,0,0,0
1.2009,1.1287,1.1343,0,0,0,0,0,0,0,0,0,0,0,0
1.1509,1.1461,1.1897,0,0,0,0,0,0,0,0,0,0,0,0
1.1702,1.1465,1.1316,0,0,0,0,0,0,0,0,0,0,0,0
1.3288,1.2781,1.2716,0,0,0,0,0,0,0,0,0,0,0,0
1.098,1.1236,1.1579,0,0,0,0,0,0,0,0,0,0,0,0
1.0995,1.0725,1.1395,0,0,0,0,0,0,0,0,0,0,0,0
1.0893,1.167,1.1381,0,0,0,0,0,0,0,0,0,0,0,0
1.1362,1.1664,1.1394,0,0,0,0,0,0,0,0,0,0,0,0
1.1655,1.1525,1.1887,0,0,0,0,0,0,0,0,0,0,0,0
1.256,1.2542,1.2735,0,0,0,0,0,0,0,0,0,0,0,0
1.1443,1.1171,1.1515,0,0,0,0,0,0,0,0,0,0,0,0
1.1968,1.1537,1.1809,0,0,0,0,0,0,0,0,0,0,0,0
1.1571,1.1529,1.1515,0,0,0,0,0,0,0,0,0,0,0,0
1.1513,1.1829,1.1531,0,0,0,0,0,0,0,0,0,0,0,0
1.1733,1.1174,1.1606,0,0,0,0,0,0,0,0,0,0,0,0
1.3072,1.1905,1.2902,0,0,0,0,0,0,0,0,0,0,0,0
1.1971,1.1824,1.2113,0,0,0,0,0,0,0,0,0,0,0,0
1.1258,1.1868,1.1955,0,0,0,0,0,0,0,0,0,0,0,0
1.1614,1.1467,1.1566,0,0,0,0,0,0,0,0,0,0,0,0
1.1334,1.1852,1.1535,0,0,0,0,0,0,0,0,0,0,0,0
1.1875,1.1587,1.1861,0,0,0,0,0,0,0,0,0,0,0,0
1.2649,1.2666,1.2776,0,0,0,0,0,0,0,0,0,0,0,0
1.1514,1.1705,1.1885,0,0,0,0,0,0,0,0,0,0,0,0
1.1565,1.1467,1.1527,0,0,0,0,0,0,0,0,0,0,0,0
1.2127,1.09,1.156,0,0,0,0,0,0,0,0,0,0,0,0
1.1882,1.1088,1.139,0,0,0,0,0,0,0,0,0,0,0,0
1.1309,1.1436,1.1301,0,0,0,0,0,0,0,0,0,0,0,0
1.2504,1.2364,1.3025,0,0,0,0,0,0,0,0,0,0,0,0
1.1402,1.1805,1.1422,0,0,0,0,0,0,0,0,0,0,0,0
1.2232,1.1546,1.117,0,0,0,0,0,0,0,0,0,0,0,0
1.1257,1.1284,1.2058,0,0,0,0,0,0,0,0,0,0,0,0
1.124,1.141,1.1566,0,0,0,0,0,0,0,0,0,0,0,0
1.1595,1.1377,1.145,0,0,0,0,0,0,0,0,0,0,0,0
1.2844,1.2917,1.2411,0,0,0,0,0,0,0,0,0,0,0,0
1.1138,1.1613,1.1223,0,0,0,0,0,0,0,0,0,0,0,0
1.1579,1.1122,1.1375,0,0,0,0,0,0,0,0,0,0,0,0
1.2307,1.2326,1.1753,0,0,0,0,0,0,0,0,0,0,0,0
1.4522,1.2932,1.2699,0,0,0,0,0,0,0,0,0,0,0,0
1.2938,1.3565,1.2729,0,0,0,0,0,0,0,0,0,0,0,0
1.3409,1.3621,1.3387,0,0,0,0,0,0,0,0,0,0,0,0
1.1351,1.1784,1.1736,0,0,0,0,0,0,0,0,0,0,0,0
1.1566,1.1807,1.161,0,0,0,0,0,0,0,0,0,0,0,0
1.1629,1.1933,1.1414,0,0,0,0,0,0,0,0,0,0,0,0
1.1426,1.1446,1.17,0,0,0,0,0,0,0,0,0,0,0,0
1.1508,1.1317,1.1508,0,0,0,0,0,0,0,0,0,0,0,0
1.2899,1.2666,1.2692,0,0,0,0,0,0,0,0,0,0,0,0
1.1432,1.149,1.1004,0,0,0,0,0,0,0,0,0,0,0,0
1.1544,1.1528,1.1434,0,0,0,0,0,0,0,0,0,0,0,0
1.1934,1.1926,1.1382,0,0,0,0,0,0,0,0,0,0,0,0
1.1495,1.1812,1.153,0,0,0,0,0,0,0,0,0,0,0,0
1.1921,1.1914,1.1585,0,0,0,0,0,0,0,0,0,0,0,0
1.1807,1.273,1.2931,0,0,0,0,0,0,0,0,0,0,0,0
1.1714,1.1782,1.2059,0,0,0,0,0,0,0,0,0,0,0,0
1.1784,1.1867,1.1409,0,0,0,0,0,0,0,0,0,0,0,0
1.1196,1.1246,1.2009,0,0,0,0,0,0,0,0,0,0,0,0
1.1499,1.151,1.1667,0,0,0,0,0,0,0,0,0,0,0,0
1.217,1.1892,1.1227,0,0,0,0,0,0,0,0,0,0,0,0
1.2958,1.2783,1.2592,0,0,0,0,0,0,0,0,0,0,0,0
1.1605,1.1903,1.1687,0,0,0,0,0,0,0,0,0,0,0,0
1.1336,1.1783,1.1862,0,0,0,0,0,0,0,0,0,0,0,0
1.2019,1.1258,1.1665,0,0,0,0,0,0,0,0,0,0,0,0
1.1596,1.148,1.2138,0,0,0,0,0,0,0,0,0,0,0,0
1.201,1.1852,1.147,0,0,0,0,0,0,0,0,0,0,0,0
1.2629,1.2659,1.3007,0,0,0,0,0,0,0,0,0,0,0,0
1.1936,1.0987,1.1348,0,0,0,0,0,0,0,0,0,0,0,0
1.157,1.125,1.1671,0,0,0,0,0,0,0,0,0,0,0,0
1.173,1.1657,1.1282,0,0,0,0,0,0,0,0,0,0,0,0
1.1666,1.1307,1.1537,0,0,0,0,0,0,0,0,0,0,0,0
1.169,1.1713,1.1561,0,0,0,0,0,0,0,0,0,0,0,0
1.2335,1.2795,1.1892,0,0,0,0,0,0,0,0,0,0,0,0
1.1548,1.1624,1.1938,0,0,0,0,0,0,0,0,0,0,0,0
1.1726,1.1407,1.1783,0,0,0,0,0,0,0,0,0,0,0,0
1.1302,1.1939,1.1649,0,0,0,0,0,0,0,0,0,0,0,0
1.1636,1.1536,1.1758,0,0,0,0,0,0,0,0,0,0,0,0
1.2074,1.1474,1.1636,0,0,0,0,0,0,0,0,0,0,0,0
1.5142,1.3054,1.2524,0,0,0,0,0,0,0,0,0,0,0,0
1.1748,1.1436,1.1628,0,0,0,0,0,0,0,0,0,0,0,0
1.1986,1.1845,1.1968,0,0,0,0,0,0,0,0,0,0,0,0
1.1059,1.1843,1.1865,0,0,0,0,0,0,0,0,0,0,0,0
1.1926,1.2089,1.1395,0,0,0,0,0,0,0,0,0,0,0,0
1.1718,1.2039,1.1042,0,0,0,0,0,0,0,0,0,0,0,0
1.2782,1.2311,1.2692,0,0,0,0,0,0,0,0,0,0,0,0
1.197,1.1667,1.1427,0,0,0,0,0,0,0,0,0,0,0,0
1.2138,1.1981,1.1049,0,0,0,0,0,0,0,0,0,0,0,0
1.1894,1.1323,1.1581,0,0,0,0,0,0,0,0,0,0,0,0
1.1793,1.1501,1.1437,0,0,0,0,0,0,0,0,0,0,0,0
1.1151,1.1929,1.1253,0,0,0,0,0,0,0,0,0,0,0,0
1.3183,1.2899,1.3126,0,0,0,0,0,0,0,0,0,0,0,0
1.1467,1.2087,1.0874,0,0,0,0,0,0,0,0,0,0,0,0
1.1558,1.0901,1.1448,0,0,0,0,0,0,0,0,0,0,0,0
1.1501,1.1466,1.1235,0,0,0,0,0,0,0,0,0,0,0,0
1.2121,1.1285,1.1588,0,0,0,0,0,0,0,0,0,0,0,0
1.1032,1.1523,1.1591,0,0,0,0,0,0,0,0,0,0,0,0
1.223,1.2827,1.2604,0,0,0,0,0,0,0,0,0,0,0,0
1.1683,1.0997,1.1856,0,0,0,0,0,0,0,0,0,0,0,0
1.1509,1.2324,1.1553,0,0,0,0,0,0,0,0,0,0,0,0
1.1634,1.1566,1.1696,0,0,0,0,0,0,0,0,0,0,0,0
1.212,1.0905,1.1453,0,0,0,0,0,0,0,0,0,0,0,0
1.1724,1.1828,1.1931,0,0,0,0,0,0,0,0,0,0,0,0
1.2924,1.2918,1.2305,0,0,0,0,0,0,0,0,0,0,0,0
1.2062,1.146,1.1713,0,0,0,0,0,0,0,0,0,0,0,0
1.1778,1.1195,1.2054,0,0,0,0,0,0,0,0,0,0,0,0
1.1721,1.1559,1.0871,0,0,0,0,0,0,0,0,0,0,0,0
1.1627,1.15,1.1551,0,0,0,0,0,0,0,0,0,0,0,0
1.1557,1.1544,1.1687,0,0,0,0,0,0,0,0,0,0,0,0
1.2705,1.2832,1.2223,0,0,0,0,0,0,0,0,0,0,0,0
1.1658,1.1664,1.1879,0,0,0,0,0,0,0,0,0,0,0,0
1.1752,1.1625,1.1598,0,0,0,0,0,0,0,0,0,0,0,0
1.1264,1.1336,1.1378,0,0,0,0,0,0,0,0,0,0,0,0
1.2095,1.1678,1.1595,0,0,0,0,0,0,0,0,0,0,0,0
1.1699,1.1532,1.2072,0,0,0,0,0,0,0,0,0,0,0,0
1.2967,1.3222,1.2996,0,0,0,0,0,0,0,0,0,0,0,0
1.1671,1.0379,1.1564,0,0,0,0,0,0,0,0,0,0,0,0
1.1671,1.1671,1.166,0,0,0,0,0,0,0,0,0,0,0,0
1.2023,1.1614,1.1372,0,0,0,0,0,0,0,0,0,0,0,0
1.1818,1.2135,1.1456,0,0,0,0,0,0,0,0,0,0,0,0
1.165,1.1248,1.191,0,0,0,0,0,0,0,0,0,0,0,0
1.2699,1.2497,1.2585,0,0,0,0,0,0,0,0,0,0,0,0
1.1759,1.1553,1.0923,0,0,0,0,0,0,0,0,0,0,0,0
1.1577,1.1527,1.1767,0,0,0,0,0,0,0,0,0,0,0,0
1.1864,1.2229,1.1602,0,0,0,0,0,0,0,0,0,0,0,0
1.3722,1.3951,1.3954,0,0,0,0,0,0,0,0,0,0,0,0
1.2183,1.2546,1.2939,0,0,0,0,0,0,0,0,0,0,0,0
1.4091,1.2941,1.2804,0,0,0,0,0,0,0,0,0,0,0,0
1.1827,1.2331,1.1309,0,0,0,0,0,0,0,0,0,0,0,0
1.194,1.1788,1.1417,0,0,0,0,0,0,0,0,0,0,0,0
1.2216,1.1508,1.1556,0,0,0,0,0,0,0,0,0,0,0,0
1.2099,1.1688,1.1556,0,0,0,0,0,0,0,0,0,0,0,0
1.2096,1.194,1.1498,0,0,0,0,0,0,0,0,0,0,0,0
1.2686,1.2646,1.306,0,0,0,0,0,0,0,0,0,0,0,0
1.1408,1.1211,1.169,0,0,0,0,0,0,0,0,0,0,0,0
1.2088,1.1877,1.1109,0,0,0,0,0,0,0,0,0,0,0,0
1.1341,1.1623,1.1045,0,0,0,0,0,0,0,0,0,0,0,0
1.1901,1.1686,1.1578,0,0,0,0,0,0,0,0,0,0,0,0
1.182,1.1551,1.1569,0,0,0,0,0,0,0,0,0,0,0,0
1.3075,1.2349,1.2729,0,0,0,0,0,0,0,0,0,0,0,0
1.2153,1.1228,1.1536,0,0,0,0,0,0,0,0,0,0,0,0
1.1514,1.1571,1.2022,0,0,0,0,0,0,0,0,0,0,0,0
1.1731,1.1891,1.1258,0,0,0,0,0,0,0,0,0,0,0,0
1.1402,1.1957,1.1691,0,0,0,0,0,0,0,0,0,0,0,0
1.2271,1.1493,1.1991,0,0,0,0,0,0,0,0,0,0,0,0
1.3406,1.3197,1.2701,0,0,0,0,0,0,0,0,0,0,0,0
1.1557,1.127,1.1983,0,0,0,0,0,0,0,0,0,0,0,0
1.1323,1.1763,1.1993,0,0,0,0,0,0,0,0,0,0,0,0
1.1671,1.0967,1.1921,0,0,0,0,0,0,0,0,0,0,0,0
1.1597,1.1352,1.1537,0,0,0,0,0,0,0,0,0,0,0,0
1.2157,1.2105,1.1986,0,0,0,0,0,0,0,0,0,0,0,0
1.2647,1.2783,1.2856,0,0,0,0,0,0,0,0,0,0,0,0
1.1949,1.1324,1.1251,0,0,0,0,0,0,0,0,0,0,0,0
1.2022,1.1144,1.1242,0,0,0,0,0,0,0,0,0,0,0,0
1.1594,1.1945,1.142,0,0,0,0,0,0,0,0,0,0,0,0
1.1578,1.1618,1.1616,0,0,0,0,0,0,0,0,0,0,0,0
1.1534,1.1561,1.1725,0,0,0,0,0,0,0,0,0,0,0,0
1.2701,1.2575,1.2343,0,0,0,0,0,0,0,0,0,0,0,0
1.1386,1.1196,1.1435,0,0,0,0,0,0,0,0,0,0,0,0
1.1382,1.1487,1.1514,0,0,0,0,0,0,0,0,0,0,0,0
1.1385,1.1652,1.1925,0,0,0,0,0,0,0,0,0,0,0,0
1.1651,1.1553,1.1616,0,0,0,0,0,0,0,0,0,0,0,0
1.1608,1.1513,1.2238,0,0,0,0,0,0,0,0,0,0,0,0
1.2497,1.3169,1.2331,0,0,0,0,0,0,0,0,0,0,0,0
1.1879,1.1614,1.1655,0,0,0,0,0,0,0,0,0,0,0,0
1.1994,1.1568,1.1957,0,0,0,0,0,0,0,0,0,0,0,0
1.21,1.196,1.1499,0,0,0,0,0,0,0,0,0,0,0,0
1.1584,1.141,1.1274,0,0,0,0,0,0,0,0,0,0,0,0
1.2072,1.165,1.1298,0,0,0,0,0,0,0,0,0,0,0,0
1.2751,1.2536,1.2827,0,0,0,0,0,0,0,0,0,0,0,0
1.1866,1.1948,1.1524,0,0,0,0,0,0,0,0,0,0,0,0
1.1989,1.1261,1.1512,0,0,0,0,0,0,0,0,0,0,0,0
1.1957,1.1535,1.1505,0,0,0,0,0,0,0,0,0,0,0,0
1.1202,1.1518,1.1835,0,0,0,0,0,0,0,0,0,0,0,0
1.1449,1.1582,1.1402,0,0,0,0,0,0,0,0,0,0,0,0
1.3204,1.2862,1.316,0,0,0,0,0,0,0,0,0,0,0,0
1.1595,1.1955,1.1831,0,0,0,0,0,0,0,0,0,0,0,0
1.1692,1.1183,1.1221,0,0,0,0,0,0,0,0,0,0,0,0
1.1596,1.1339,1.1436,0,0,0,0,0,0,0,0,0,0,0,0
1.1993,1.1546,1.1618,0,0,0,0,0,0,0,0,0,0,0,0
1.1266,1.1136,1.183,0,0,0,0,0,0,0,0,0,0,0,0
1.2715,1.2756,1.2669,0,0,0,0,0,0,0,0,0,0,0,0
1.1611,1.1757,1.2021,0,0,0,0,0,0,0,0,0,0,0,0
1.1682,1.1908,1.1228,0,0,0,0,0,0,0,0,0,0,0,0
1.1677,1.1446,1.2112,0,0,0,0,0,0,0,0,0,0,0,0
1.2007,1.1529,1.1526,0,0,0,0,0,0,0,0,0,0,0,0
1.2044,1.1645,1.1792,0,0,0,0,0,0,0,0,0,0,0,0
1.3293,1.307,1.2066,0,0,0,0,0,0,0,0,0,0,0,0
1.1682,1.1319,1.1481,0,0,0,0,0,0,0,0,0,0,0,0
1.2395,1.2102,1.1667,0,0,0,0,0,0,0,0,0,0,0,0
1.1656,1.0829,1.1611,0,0,0,0,0,0,0,0,0,0,0,0
1.1699,1.1556,1.2008,0,0,0,0,0,0,0,0,0,0,0,0
1.1492,1.155,1.1447,0,0,0,0,0,0,0,0,0,0,0,0
1.3058,1.2507,1.2522,0,0,0,0,0,0,0,0,0,0,0,0
1.1623,1.1559,1.1546,0,0,0,0,0,0,0,0,0,0,0,0
1.1557,1.1513,1.2135,0,0,0,0,0,0,0,0,0,0,0,0
1.2084,1.1525,1.1545,0,0,0,0,0,0,0,0,0,0,0,0
1.2127,1.2091,1.138,0,0,0,0,0,0,0,0,0,0,0,0
1.1446,1.1482,1.157,0,0,0,0,0,0,0,0,0,0,0,0
1.2741,1.283,1.2662,0,0,0,0,0,0,0,0,0,0,0,0
1.2187,1.1914,1.1171,0,0,0,0,0,0,0,0,0,0,0,0
1.1581,1.1141,1.1741,0,0,0,0,0,0,0,0,0,0,0,0
1.2023,1.216,1.1556,0,0,0,0,0,0,0,0,0,0,0,0
1.2201,1.1491,1.1866,0,0,0,0,0,0,0,0,0,0,0,0
1.1993,1.1264,1.1561,0,0,0,0,0,0,0,0,0,0,0,0
1.2822,1.253,1.2486,0,0,0,0,0,0,0,0,0,0,0,0
1.1372,1.1131,1.2155,0,0,0,0,0,0,0,0,0,0,0,0
1.1751,1.1544,1.196,0,0,0,0,0,0,0,0,0,0,0,0
1.1893,1.1162,1.1462,0,0,0,0,0,0,0,0,0,0,0,0
1.1494,1.1995,1.1618,0,0,0,0,0,0,0,0,0,0,0,0
1.1598,1.1581,1.1474,0,0,0,0,0,0,0,0,0,0,0,0
1.2857,1.2629,1.2381,0,0,0,0,0,0,0,0,0,0,0,0
1.1772,1.1459,1.1574,0,0,0,0,0,0,0,0,0,0,0,0
1.1079,1.1365,1.1699,0,0,0,0,0,0,0,0,0,0,0,0
1.16,1.1384,1.1466,0,0,0,0,0,0,0,0,0,0,0,0
1.1443,1.1368,1.2125,0,0,0,0,0,0,0,0,0,0,0,0
1.2083,1.0963,1.172,0,0,0,0,0,0,0,0,0,0,0,0
1.3433,1.2382,1.2376,0,0,0,0,0,0,0,0,0,0,0,0
1.2035,1.145,1.2011,0,0,0,0,0,0,0,0,0,0,0,0
1.1941,1.1873,1.1701,0,0,0,0,0,0,0,0,0,0,0,0
1.1379,1.1913,1.1846,0,0,0,0,0,0,0,0,0,0,0,0
1.2046,1.1343,1.1669,0,0,0,0,0,0,0,0,0,0,0,0
1.1622,1.073,1.1795,0,0,0,0,0,0,0,0,0,0,0,0
1.2971,1.2703,1.3055,0,0,0,0,0,0,0,0,0,0,0,0
1.169,1.1613,1.1552,0,0,0,0,0,0,0,0,0,0,0,0
1.1558,1.1209,1.1957,0,0,0,0,0,0,0,0,0,0,0,0
1.1889,1.1727,1.1653,0,0,0,0,0,0,0,0,0,0,0,0
1.2328,1.1725,1.1122,0,0,0,0,0,0,0,0,0,0,0,0
1.1617,1.1539,1.1574,0,0,0,0,0,0,0,0,0,0,0,0
1.2731,1.2727,1.3137,0,0,0,0,0,0,0,0,0,0,0,0
1.1272,1.1455,1.1492,0,0,0,0,0,0,0,0,0,0,0,0
1.1344,1.1917,1.1965,0,0,0,0,0,0,0,0,0,0,0,0
1.1713,1.1451,1.151,0,0,0,0,0,0,0,0,0,0,0,0
1.2101,1.0884,1.1723,0,0,0,0,0,0,0,0,0,0,0,0
1.2019,1.1364,1.2048,0,0,0,0,0,0,0,0,0,0,0,0
1.2571,1.2844,1.2821,0,0,0,0,0,0,0,0,0,0,0,0
1.2085,1.1491,1.1386,0,0,0,0,0,0,0,0,0,0,0,0
1.201,1.1301,1.2126,0,0,0,0,0,0,0,0,0,0,0,0
1.1875,1.1111,1.1294,0,0,0,0,0,0,0,0,0,0,0,0
1.1921,1.1844,1.1443,0,0,0,0,0,0,0,0,0,0,0,0
1.1674,1.0883,1.1997,0,0,0,0,0,0,0,0,0,0,0,0
1.2813,1.3299,1.2257,0,0,0,0,0,0,0,0,0,0,0,0
1.1303,1.1774,1.1908,0,0,0,0,0,0,0,0,0,0,0,0
1.1723,1.1436,1.1696,0,0,0,0,0,0,0,0,0,0,0,0
1.1953,1.1458,1.1439,0,0,0,0,0,0,0,0,0,0,0,0
1.1783,1.1035,1.1628,0,0,0,0,0,0,0,0,0,0,0,0
1.2202,1.1514,1.1193,0,0,0,0,0,0,0,0,0,0,0,0
1.2862,1.1844,1.2628,0,0,0,0,0,0,0,0,0,0,0,0
1.1695,1.1138,1.1477,0,0,0,0,0,0,0,0,0,0,0,0
1.1814,1.1287,1.1982,0,0,0,0,0,0,0,0,0,0,0,0
1.1619,1.1288,1.0806,0,0,0,0,0,0,0,0,0,0,0,0
1.1633,1.1328,1.1988,0,0,0,0,0,0,0,0,0,0,0,0
1.2241,1.1055,1.1437,0,0,0,0,0,0,0,0,0,0,0,0
1.234,1.2677,1.308,0,0,0,0,0,0,0,0,0,0,0,0
1.1643,1.1618,1.1393,0,0,0,0,0,0,0,0,0,0,0,0
1.1493,1.1932,1.0924,0,0,0,0,0,0,0,0,0,0,0,0
1.1747,1.1566,1.2002,0,0,0,0,0,0,0,0,0,0,0,0
1.165,1.2024,1.2045,0,0,0,0,0,0,0,0,0,0,0,0
1.1827,1.1472,1.1684,0,0,0,0,0,0,0,0,0,0,0,0
1.2977,1.2726,1.323,0,0,0,0,0,0,0,0,0,0,0,0
1.1543,1.209,1.1665,0,0,0,0,0,0,0,0,0,0,0,0
1.2137,1.1813,1.1628,0,0,0,0,0,0,0,0,0,0,0,0
1.2029,1.1548,1.1754,0,0,0,0,0,0,0,0,0,0,0,0
1.1721,1.2031,1.1487,0,0,0,0,0,0,0,0,0,0,0,0
1.1019,1.1406,1.2231,0,0,0,0,0,0,0,0,0,0,0,0
1.2784,1.3397,1.3056,0,0,0,0,0,0,0,0,0,0,0,0
1.1529,1.1595,1.2096,0,0,0,0,0,0,0,0,0,0,0,0
1.1464,1.2302,1.1812,0,0,0,0,0,0,0,0,0,0,0,0
1.1234,1.1864,1.2275,0,0,0,0,0,0,0,0,0,0,0,0
1.1313,1.1996,1.1101,0,0,0,0,0,0,0,0,0,0,0,0
1.1981,1.1429,1.1675,0,0,0,0,0,0,0,0,0,0,0,0
1.2371,1.3043,1.2597,0,0,0,0,0,0,0,0,0,0,0,0
1.1416,1.1632,1.1678,0,0,0,0,0,0,0,0,0,0,0,0
1.1667,1.1732,1.1586,0,0,0,0,0,0,0,0,0,0,0,0
1.1642,1.2125,1.1906,0,0,0,0,0,0,0,0,0,0,0,0
1.1661,1.156,1.1491,0,0,0,0,0,0,0,0,0,0,0,0
1.1297,1.1508,1.1655,0,0,0,0,0,0,0,0,0,0,0,0
1.291,1.348,1.2686,0,0,0,0,0,0,0,0,0,0,0,0
1.1763,1.1364,1.1124,0,0,0,0,0,0,0,0,0,0,0,0
1.1997,1.1602,1.1764,0,0,0,0,0,0,0,0,0,0,0,0
1.1646,1.1664,1.1606,0,0,0,0,0,0,0,0,0,0,0,0
1.1562,1.1972,1.157,0,0,0,0,0,0,0,0,0,0,0,0
1.1679,1.1887,1.1622,0,0,0,0,0,0,0,0,0,0,0,0
1.3253,1.2783,1.3273,0,0,0,0,0,0,0,0,0,0,0,0
1.2158,1.1929,1.2307,0,0,0,0,0,0,0,0,0,0,0,0
1.1539,1.1787,1.2129,0,0,0,0,0,0,0,0,0,0,0,0
1.164,1.1815,1.2052,0,0,0,0,0,0,0,0,0,0,0,0
1.1625,1.1652,1.133,0,0,0,0,0,0,0,0,0,0,0,0
1.1452,1.1884,1.1927,0,0,0,0,0,0,0,0,0,0,0,0
1.2897,1.2713,1.2403,0,0,0,0,0,0,0,0,0,0,0,0
1.2126,1.2144,1.2288,0,0,0,0,0,0,0,0,0,0,0,0
1.2377,1.2736,1.2691,0,0,0,0,0,0,0,0,0,0,0,0
1.5414,1.658,1.5701,0,0,0,0,0,0,0,0,0,0,0,0
1.2556,1.2003,1.1799,0,0,0,0,0,0,0,0,0,0,0,0
1.14,1.1927,1.1508,0,0,0,0,0,0,0,0,0,0,0,0
1.3004,1.3222,1.2494,0,0,0,0,0,0,0,0,0,0,0,0
1.1084,1.1727,1.1892,0,0,0,0,0,0,0,0,0,0,0,0
1.2004,1.1631,1.1489,0,0,0,0,0,0,0,0,0,0,0,0
1.1535,1.1639,1.1235,0,0,0,0,0,0,0,0,0,0,0,0
1.2107,1.149,1.1983,0,0,0,0,0,0,0,0,0,0,0,0
1.0842,1.1369,1.159,0,0,0,0,0,0,0,0,0,0,0,0
1.2603,1.2675,1.2534,0,0,0,0,0,0,0,0,0,0,0,0
1.1571,1.1496,1.147,0,0,0,0,0,0,0,0,0,0,0,0
1.1606,1.162,1.1907,0,0,0,0,0,0,0,0,0,0,0,0
1.1053,1.1754,1.1715,0,0,0,0,0,0,0,0,0,0,0,0
1.1611,1.2082,1.0981,0,0,0,0,0,0,0,0,0,0,0,0
1.1514,1.1885,1.1558,0,0,0,0,0,0,0,0,0,0,0,0
1.2472,1.2929,1.2496,0,0,0,0,0,0,0,0,0,0,0,0
1.1654,1.1536,1.2049,0,0,0,0,0,0,0,0,0,0,0,0
1.1313,1.1553,1.1652,0,0,0,0,0,0,0,0,0,0,0,0
1.1384,1.1852,1.1592,0,0,0,0,0,0,0,0,0,0,0,0
1.1844,1.1846,1.1389,0,0,0,0,0,0,0,0,0,0,0,0
1.2083,1.1771,1.1283,0,0,0,0,0,0,0,0,0,0,0,0
1.329,1.2947,1.2916,0,0,0,0,0,0,0,0,0,0,0,0
1.1641,1.1432,1.2062,0,0,0,0,0,0,0,0,0,0,0,0
1.1785,1.1473,1.1935,0,0,0,0,0,0,0,0,0,0,0,0
1.1697,1.1531,1.1881,0,0,0,0,0,0,0,0,0,0,0,0
1.1332,1.1735,1.172,0,0,0,0,0,0,0,0,0,0,0,0
1.1545,1.1371,1.1024,0,0,0,0,0,0,0,0,0,0,0,0
1.3302,1.2974,1.2686,0,0,0,0,0,0,0,0,0,0,0,0
1.2174,1.1719,1.1177,0,0,0,0,0,0,0,0,0,0,0,0
1.1601,1.1934,1.1524,0,0,0,0,0,0,0,0,0,0,0,0
1.1453,1.1867,1.1749,0,0,0,0,0,0,0,0,0,0,0,0
1.1547,1.159,1.1215,0,0,0,0,0,0,0,0,0,0,0,0
1.1529,1.1309,1.1864,0,0,0,0,0,0,0,0,0,0,0,0
1.2373,1.1846,1.2596,0,0,0,0,0,0,0,0,0,0,0,0
1.1961,1.1486,1.1558,0,0,0,0,0,0,0,0,0,0,0,0
1.1632,1.1834,1.1727,0,0,0,0,0,0,0,0,0,0,0,0
1.1407,1.1664,1.1213,0,0,0,0,0,0,0,0,0,0,0,0
1.1871,1.1466,1.1989,0,0,0,0,0,0,0,0,0,0,0,0
1.1789,1.1611,1.1752,0,0,0,0,0,0,0,0,0,0,0,0
1.3162,1.3112,1.2752,0,0,0,0,0,0,0,0,0,0,0,0
1.1592,1.1738,1.1355,0,0,0,0,0,0,0,0,0,0,0,0
1.1997,1.1513,1.1677,0,0,0,0,0,0,0,0,0,0,0,0
1.1966,1.1777,1.1669,0,0,0,0,0,0,0,0,0,0,0,0
1.2119,1.1594,1.1797,0,0,0,0,0,0,0,0,0,0,0,0
1.1382,1.12,1.1151,0,0,0,0,0,0,0,0,0,0,0,0
1.2652,1.3252,1.2794,0,0,0,0,0,0,0,0,0,0,0,0
1.1378,1.1579,1.1255,0,0,0,0,0,0,0,0,0,0,0,0
1.125,1.1615,1.163,0,0,0,0,0,0,0,0,0,0,0,0
1.1603,1.1593,1.1051,0,0,0,0,0,0,0,0,0,0,0,0
1.1624,1.1966,1.1537,0,0,0,0,0,0,0,0,0,0,0,0
1.1877,1.1621,1.1668,0,0,0,0,0,0,0,0,0,0,0,0
1.3014,1.2676,1.2566,0,0,0,0,0,0,0,0,0,0,0,0
1.1145,1.1539,1.1854,0,0,0,0,0,0,0,0,0,0,0,0
1.2021,1.2149,1.1631,0,0,0,0,0,0,0,0,0,0,0,0
1.1776,1.1649,1.1521,0,0,0,0,0,0,0,0,0,0,0,0
1.092,1.1552,1.1696,0,0,0,0,0,0,0,0,0,0,0,0
