0.00021
3.3691
0.043377
0.035833
0.032792
0.026547
0.026051
0.025273
0.028365
0.025282
0.025025
0.026206
0.034777
0.030849
0.028819
0.033769
0.030057
0.02917
0.036849
0.031002
0.027214
0.025254
0.024829
0.025074
0.024752
0.026179
0.035478
0.032001
0.029975
0.035265
0.032333
0.032416
0.028249
0.027307
0.026035
0.025112
0.024995
0.024989
0.025121
0.024685
0.026036
0.037341
0.032733
0.029933
0.028289
0.025956
0.025777
0.037214
0.031415
0.028866
0.027147
0.025419
0.024645
0.025136
0.024714
0.024945
0.024722
0.024711
0.025063
0.024793
0.024681
0.025673
0.024709
0.024825
0.024679
0.024719
0.024628
0.024576
0.025174
0.024798
0.024554
0.024545
0.02454
0.024735
0.024488
0.023956
0.022712
0.022446
0.022327
0.023576
0.032675
0.021757
0.021943
0.022152
0.021561
0.021494
0.022054
0.022064
0.021526
0.021825
0.022545
0.022827
0.02352
0.024012
0.022305
0.022232
0.022288
0.02266
0.022362
0.022009
0.022959
0.02264
0.022627
0.022052
0.022065
0.02216
0.021901
0.021942
0.021612
0.021856
0.022754
0.023291
0.022453
0.021967
0.022894
0.022483
0.022945
0.0223
0.022336
0.022396
0.022015
0.022064
0.02262
0.022016
0.022129
0.022934
0.021912
0.021856
0.022534
0.022658
0.025329
