0.000106
0.073538
0.04165
0.035685
0.031048
0.032323
0.030944
0.030725
0.026947
0.020786
0.031781
0.030143
0.022695
0.026253
0.024658
0.024122
0.02614
0.023096
0.024398
0.03184
0.039412
0.021326
0.021866
0.031301
0.031236
0.02131
0.056091
0.01613
0.055634
0.021321
0.02547
0.023218
0.020496
0.032629
0.022119
0.018682
0.028326
0.03303
0.017933
0.027673
0.024164
0.025036
0.019584
0.018831
0.018938
0.026499
0.024833
0.033052
0.01925
0.023269
0.084184
0.0167
0.018634
0.019318
0.025667
0.020164
0.019749
0.020973
0.031535
0.035372
0.020409
0.028658
0.022039
0.020528
0.021078
0.020354
0.031404
0.027176
0.021978
0.042058
0.021975
0.025518
0.019479
0.020436
0.029061
0.02348
0.018702
0.022106
0.022884
0.034719
0.026591
0.023844
0.029004
0.020719
0.019858
0.02822
0.024549
0.0239
0.023344
0.045582
0.026957
0.023449
0.030944
0.022993
0.021753
0.019563
0.029885
0.02278
0.021905
0.041894
0.025096
0.023703
0.033915
0.027396
0.022913
0.021698
0.023001
0.021919
0.02257
0.047746
0.026461
0.023239
0.022123
0.036442
0.031821
0.026759
0.032879
0.027663
0.027269
0.044376
