0.000805,0.000442,0.000446,0.000443,0.000796,0.000489,0.000487,0.000492,0.000478,0.000554,0.000757,0.000487,0.000842,0.000832,0.000709
0.28567,0.27528,0.23949,0.24147,0.29267,0.2742,0.25853,0.25295,0.28196,0.25639,0.24598,0.25941,0.2584,0.28091,0.2675
0.11997,0.073857,0.068983,0.069789,0.071193,0.073345,0.068554,0.069871,0.069361,0.074421,0.069892,0.071468,0.069463,0.074565,0.072694
0.088196,0.070125,0.064733,0.069747,0.069298,0.070346,0.065322,0.070561,0.065323,0.069437,0.070362,0.066661,0.066179,0.075525,0.074461
0.075221,0.075892,0.07143,0.066692,0.075787,0.075233,0.071628,0.06744,0.071977,0.07573,0.066987,0.071894,0.073396,0.072411,0.070997
0.11682,0.068826,0.066664,0.061992,0.067113,0.067001,0.063298,0.06272,0.063715,0.068578,0.061671,0.064117,0.064451,0.068133,0.066622
0.069211,0.067342,0.063715,0.063018,0.066112,0.069494,0.062692,0.063843,0.064342,0.067698,0.063522,0.064316,0.064553,0.070565,0.070112
0.074927,0.069518,0.067316,0.065652,0.071603,0.067291,0.065274,0.067756,0.065201,0.069467,0.065885,0.065109,0.064801,0.070348,0.069642
0.075705,0.069664,0.065282,0.062546,0.067703,0.068184,0.063788,0.063737,0.063865,0.068461,0.062859,0.065458,0.065566,0.068644,0.067277
0.14444,0.068922,0.069414,0.067219,0.071261,0.068725,0.064781,0.068172,0.065535,0.069515,0.06646,0.065197,0.065736,0.072301,0.070809
0.081731,0.069185,0.06586,0.064293,0.070406,0.065974,0.065127,0.065935,0.065246,0.07021,0.064472,0.066093,0.067274,0.068863,0.062947
0.083622,0.069595,0.064435,0.07058,0.055647,0.057837,0.070043,0.071875,0.069771,0.065591,0.070283,0.070947,0.06766,0.07459,0.059868
0.077487,0.062236,0.057613,0.063245,0.054409,0.053049,0.066836,0.065816,0.067441,0.056064,0.063733,0.064953,0.062042,0.063425,0.052809
0.068757,0.057553,0.052179,0.055105,0.055619,0.055554,0.061712,0.059997,0.066531,0.055755,0.055247,0.059784,0.055596,0.055242,0.055164
0.069518,0.05548,0.054869,0.052253,0.05238,0.053834,0.058737,0.051314,0.052586,0.054299,0.052336,0.054559,0.051742,0.053307,0.052733
0.081794,0.054692,0.04984,0.054828,0.052313,0.054204,0.049973,0.050694,0.051324,0.054101,0.050012,0.050656,0.051657,0.05442,0.053594
0.0686,0.053431,0.050101,0.049388,0.058274,0.052166,0.049154,0.0504,0.049899,0.052819,0.051226,0.050376,0.05011,0.053409,0.052655
NaN,NaN,NaN,NaN,NaN,NaN,NaN,NaN,NaN,NaN,NaN,0.069473,NaN,NaN,NaN
NaN,NaN,NaN,NaN,NaN,NaN,NaN,NaN,NaN,NaN,NaN,NaN,NaN,NaN,NaN
NaN,NaN,NaN,NaN,NaN,NaN,NaN,NaN,NaN,NaN,NaN,NaN,NaN,NaN,NaN
NaN,NaN,NaN,NaN,NaN,NaN,NaN,NaN,NaN,NaN,NaN,NaN,NaN,NaN,NaN
0.000852,0.000471,0.000476,0.000488,0.000488,0.000576,0.000518,0.000498,0.000525,0.000544,0.000511,NaN,0.000569,0.000472,0.000519
0.312,0.20651,0.21294,0.20812,0.19107,0.21268,0.20009,0.20661,0.20667,0.21982,0.22365,0.00047,0.19307,0.21028,0.20293
0.070283,0.057712,0.06106,0.057001,0.058523,0.060376,0.056074,0.057132,0.05602,0.061434,0.061118,0.21836,0.056733,0.056609,0.055926
0.059898,0.056333,0.058763,0.057967,0.058466,0.058591,0.05472,0.055223,0.055029,0.058187,0.059351,0.066964,0.054744,0.055361,0.053264
0.07514,0.058933,0.063327,0.054059,0.056131,0.062598,0.0577,0.059085,0.058841,0.062812,0.06383,0.065273,0.058976,0.059575,0.057408
0.060376,0.052796,0.055556,0.050292,0.052584,0.055176,0.051801,0.052399,0.052153,0.054652,0.055855,0.069048,0.052263,0.052968,0.050686
0.055074,0.052489,0.05553,0.053112,0.054186,0.055885,0.051143,0.051598,0.054164,0.054625,0.055899,0.062147,0.051553,0.052775,0.051319
0.060234,0.055596,0.055664,0.051133,0.053131,0.057775,0.051519,0.054178,0.054261,0.054561,0.059414,0.062744,0.051681,0.05329,0.050613
0.071432,0.052286,0.056267,0.050956,0.052882,0.055264,0.051745,0.052679,0.052148,0.056378,0.056958,0.063593,0.051277,0.053013,0.049977
0.056156,0.056187,0.057166,0.051492,0.054494,0.059457,0.052063,0.055853,0.055267,0.057753,0.061575,0.06455,0.052135,0.052765,0.051279
0.056437,0.058985,0.056143,0.053723,0.052874,0.059616,0.051126,0.05648,0.056153,0.055662,0.060474,0.065974,0.052699,0.054409,0.050039
0.057254,0.052517,0.05463,0.050857,0.05256,0.05463,0.053283,0.05167,0.052992,0.055376,0.055869,0.065685,0.054762,0.052502,0.052294
0.06533,0.054941,0.055946,0.051775,0.053055,0.061776,0.051368,0.05631,0.054555,0.05631,0.058754,0.063411,0.051669,0.05295,0.050175
0.070787,0.055697,0.055294,0.051093,0.053134,0.052933,0.05202,0.056529,0.055242,0.055065,0.059759,0.066384,0.052767,0.052895,0.050724
0.054931,0.051785,0.056054,0.051857,0.05276,0.046044,0.05148,0.052624,0.052072,0.051548,0.0507,0.062854,0.052048,0.053525,0.050327
0.055521,0.057042,0.053767,0.050977,0.047571,0.04231,0.05232,0.055083,0.056526,0.046428,0.047932,0.055034,0.05163,0.052967,0.053581
0.064459,0.051884,0.04914,0.050888,0.043277,0.044161,0.047336,0.049692,0.052822,0.044803,0.048986,0.05171,0.044815,0.050971,0.050273
0.073445,0.044484,0.042244,0.048861,0.04303,0.041341,0.04556,0.04351,0.047341,0.041359,0.043097,0.050776,0.041475,0.047716,0.048839
0.061473,0.042327,0.04316,0.041431,0.040716,0.041496,0.040551,0.042861,0.042918,0.041549,0.045469,0.0482,0.042338,0.041314,0.045737
0.072844,0.043036,0.042624,0.03915,0.040285,0.042056,0.040227,0.047398,0.04285,0.04202,0.04695,0.050909,0.040321,0.039976,0.039674
