0.00023
0.059739
0.032019
0.025508
0.022515
0.021492
0.019937
0.019172
0.01978
0.019621
0.022799
0.02361
0.02206
0.021093
0.019362
0.018267
0.018288
0.017964
0.017529
0.018081
0.021032
0.020317
0.018263
0.017287
0.016723
0.016927
0.017247
0.017276
0.023612
0.025903
0.024032
0.018705
0.018524
0.017351
0.018069
0.019888
0.016489
0.021119
0.021394
0.019107
0.018956
0.017899
0.016991
0.015845
0.18195
0.15922
0.13825
0.1525
0.13373
0.12385
0.15614
0.12792
0.14311
0.12733
0.12081
0.12352
0.13014
0.12216
0.14983
0.12648
0.11879
0.12212
0.13912
0.11963
0.11962
0.12726
0.11459
0.12068
0.12452
0.13068
0.11813
0.11598
0.10924
0.12249
0.11533
0.10421
0.10981
0.10583
0.11349
0.11437
0.11248
0.1293
0.11957
0.11771
0.12069
0.11894
0.12078
0.12269
0.13
0.12937
0.12068
0.11308
0.10871
0.1105
0.10776
0.11527
0.10998
0.12536
0.11298
0.11432
0.10392
0.10992
0.11019
0.11515
0.10109
0.11308
0.10918
0.12096
0.11421
0.11813
0.12291
0.12162
0.12673
0.13491
0.13026
0.1266
0.13428
0.13327
0.12718
0.14785
0.13275
0.136
0.12469
0.12868
0.12732
0.13267
0.12628
0.13503
0.12916
0.14106
0.14292
0.14233
0.13279
0.14302
0.14209
0.13891
0.13587
0.16902
0.14855
0.1373
0.13431
0.1433
0.13928
0.14067
0.14684
0.15564
0.14897
0.14202
0.14368
0.13458
0.1385
0.15512
0.13522
0.13645
0.14973
0.14205
0.14751
0.14645
0.13601
0.15568
0.15502
0.16233
0.14801
0.1548
0.14619
0.14318
0.13567
0.14197
0.15224
0.13237
0.1394
0.13849
0.14214
0.14986
0.14344
0.135
0.13543
0.13361
0.13646
0.13392
0.16109
0.14036
0.13268
0.13975
0.13289
0.12839
0.13573
0.14012
0.1302
0.14591
0.1494
0.14707
0.14586
0.1507
0.15063
0.14465
0.13636
0.14106
0.13223
0.14414
0.15156
0.15853
0.16841
0.13747
0.1468
0.16233
0.13781
0.1399
0.1356
0.13379
0.13864
0.15974
0.14916
0.15224
0.15802
0.16408
0.16946
0.15975
0.15497
0.15478
0.14807
0.14297
0.14585
0.15276
0.14465
0.14181
0.15268
0.14033
0.1544
0.14729
0.15044
0.14904
0.13472
0.1351
0.16227
0.14381
0.14452
0.13459
0.13567
0.14083
0.15463
0.14386
0.14405
0.13543
0.14978
0.15055
0.16364
0.15078
0.14406
0.15105
0.15609
0.14154
0.14386
0.12967
0.15744
0.1471
0.14273
0.12895
0.14498
0.15183
0.14733
0.13217
0.13414
0.1369
0.14406
0.15628
0.1406
0.13105
0.12642
0.15427
0.13755
0.14437
0.12991
0.13691
0.15644
0.14788
0.14245
0.13399
0.14412
0.15099
0.16234
0.14203
0.15977
0.14078
0.15218
0.14446
0.12433
0.14032
0.15588
0.14142
0.14122
0.16079
0.16651
0.16362
0.15173
0.17356
0.15048
0.14516
0.15172
0.14776
0.16544
0.14523
0.13999
0.14447
0.15851
0.15897
0.15053
0.1409
0.14489
0.14761
0.13835
0.13096
0.13643
0.15608
0.1647
0.15162
0.13916
0.13284
0.1435
0.14725
0.16407
0.15261
0.15592
0.15401
0.15373
0.15723
0.17781
0.15536
0.14104
0.14526
0.14338
0.16529
0.133
0.14301
0.13951
0.14303
0.12996
0.15599
0.14213
0.16667
0.1504
0.16769
0.15472
0.15414
0.17216
0.16142
0.15226
0.16875
0.16199
0.14881
0.13773
0.1464
0.14733
0.14178
0.14541
