1
661.0000,126.0000,32.0000,69.0000
659.7319,125.2736,32.7080,69.3768
657.7891,132.0569,33.8544,69.8794
657.1917,139.6907,33.8007,68.9960
656.8675,142.0381,33.7159,68.2856
656.3852,138.9450,34.6925,68.3404
656.6534,136.7048,35.1971,68.0488
655.0067,136.8787,35.5229,68.4581
653.6247,141.6089,35.8573,68.1582
651.9909,145.9552,35.5051,67.2692
651.6516,147.1668,35.5091,66.6234
651.1613,144.5882,35.2793,65.9713
649.8690,137.6657,35.9245,66.6321
645.3180,132.4705,35.8379,66.6765
639.5694,131.5424,36.3417,66.7416
633.3856,136.9699,36.6572,66.2414
629.4894,146.6705,37.0282,66.5464
627.6299,153.8398,35.7799,65.0570
626.4396,160.4023,35.5945,64.0406
626.7953,157.8797,36.5154,64.3670
628.0060,155.7033,35.1361,63.6343
631.3855,154.7914,34.8984,63.2785
634.6134,153.9568,35.0371,62.3359
635.8565,152.6387,35.6220,62.7460
636.4588,150.6073,35.3422,62.1671
637.7723,148.0142,35.4268,61.5804
637.2991,141.2195,34.5305,59.8250
637.8129,133.8079,34.5215,60.0685
637.9668,134.6494,34.5214,60.2818
638.8560,139.8338,35.0372,60.8759
639.9186,148.6318,34.9181,59.4717
640.0450,143.9793,34.3169,58.7766
639.3937,147.8678,34.7358,60.3154
641.5646,162.5350,34.8427,60.4935
643.4152,168.0155,34.3938,58.6102
641.8769,154.6273,33.6342,59.0886
641.8995,145.4025,33.3073,59.0738
642.7747,141.1596,33.6433,58.5604
641.6793,135.4563,35.8631,58.7116
641.6238,134.6389,35.7863,58.7039
640.3205,135.5465,36.6642,58.9745
638.4354,129.6156,35.6376,57.5998
638.7184,126.7745,35.2207,57.8100
639.3264,130.5485,33.4510,56.4110
639.5934,134.1494,33.0211,56.0022
638.9554,138.5183,32.5294,55.4704
639.7861,140.1157,32.6355,55.0205
641.1075,139.4973,33.2376,55.1117
642.5598,136.9210,33.1764,55.6889
643.3716,137.7682,33.2895,56.0513
644.9028,141.1765,33.6302,56.1282
645.9026,145.3469,33.1621,55.6289
646.8851,146.2657,33.3781,54.9116
646.8695,144.6609,33.9581,55.3085
646.2189,143.2492,32.9148,55.3422
645.7774,147.3969,33.6829,55.4622
644.5996,153.3220,36.0584,56.9779
644.2102,156.1424,36.5413,57.4175
646.8654,160.1880,34.5384,55.2476
648.7211,160.5496,35.0095,56.0656
649.1202,159.3383,35.1206,55.4371
648.7330,158.7616,34.0070,54.4780
647.6077,158.6886,34.4081,54.3630
647.7505,158.1120,33.7526,54.1385
649.5291,157.7687,33.4462,54.7865
652.3677,157.9807,33.0132,54.4378
655.2148,160.1457,34.9394,55.1149
657.3378,163.2487,35.8968,54.8344
659.8759,160.7769,34.8941,54.5294
661.0605,154.9552,33.1247,54.5720
662.8331,148.4606,32.4263,55.3777
663.8654,145.1037,32.2635,54.0549
663.4050,147.3150,33.5181,53.3451
663.3985,146.3509,33.0382,52.6061
661.6152,136.7079,33.6397,53.3108
660.5217,135.9559,33.4780,55.4361
661.3645,142.3328,36.4265,56.0273
663.8363,154.3393,36.7140,55.2921
666.9302,166.9904,35.0189,55.2510
670.0775,173.3269,34.3647,53.3542
671.5167,175.8675,33.3600,53.3056
670.0000,171.0000,37.0000,61.0000
677.7615,181.5408,33.1586,47.3947
687.4579,180.9353,31.9812,48.1761
688.4262,177.6673,40.9040,52.5518
673.0616,164.0269,54.6058,65.8901
2
0
0
0
0
1
649.4675,158.9396,33.9992,58.4451
649.8309,159.5958,34.7331,58.9370
649.3839,158.6763,35.2300,59.4851
650.5346,159.3248,34.9782,59.8294
650.9186,157.8820,35.5790,59.7122
651.6462,157.2839,35.7801,60.2574
651.5391,157.6304,36.7618,61.1830
651.4267,158.0257,37.3962,62.6937
651.5203,158.7828,37.6314,63.1825
649.7435,156.7409,38.1666,63.2929
648.3005,155.5911,38.4482,63.4444
646.5974,156.1808,38.9456,63.3204
645.6686,158.4880,38.9862,63.1892
645.5029,157.2008,39.0187,63.4417
645.1195,154.6104,39.3524,64.3457
646.2045,155.5081,39.7177,64.7429
646.5864,157.8905,40.5765,65.6900
647.3301,159.4150,40.4823,65.4223
647.7288,154.7396,41.4125,66.2505
647.3149,154.6554,42.4064,67.4860
646.5879,159.1364,43.1670,68.1914
644.7162,163.4891,43.0252,68.4462
643.2090,166.6366,42.8067,68.0764
642.2112,163.3344,43.0350,68.0101
640.7819,161.0941,43.2888,68.9110
639.9655,162.9204,43.3837,68.9589
640.4894,161.6694,43.8958,69.1165
641.0537,158.5069,44.2590,69.5983
640.3966,157.7131,44.3870,68.9154
640.5419,158.5020,44.9385,69.5465
639.3492,155.9407,45.7189,70.1976
638.9518,153.2473,45.5815,70.1696
638.6367,152.9553,46.1132,71.6583
638.0632,153.0592,46.3392,71.8048
639.1528,154.5329,46.1451,71.8978
639.4449,155.0943,46.7648,72.0788
639.2131,155.5797,46.9509,72.1598
637.6238,154.9283,46.7813,71.7801
636.4004,157.2227,46.4417,71.0866
636.0917,156.2524,47.2464,72.1497
635.6467,153.2992,47.6710,72.7159
636.5411,150.8225,47.7028,72.4650
638.2899,146.7692,48.1919,73.2073
640.6364,140.9331,47.7827,73.3702
640.9120,137.8405,48.7019,73.9967
640.1537,137.2965,48.7778,73.8005
640.1032,137.4160,48.3061,73.1708
639.4952,138.6750,48.3355,73.4571
639.6882,139.7251,48.2922,73.8473
639.4608,142.9848,47.7513,73.2629
640.6749,145.7642,48.0336,73.5464
641.0107,145.8924,47.9480,74.0171
641.2135,148.1761,47.5064,73.5801
641.2653,149.5708,46.6843,73.1004
640.9873,151.1749,46.7417,73.2912
639.4641,151.8110,47.7272,73.6965
639.3617,153.2227,47.5984,74.0665
639.4487,156.3039,46.9466,73.9282
640.9348,159.1036,47.7115,74.8316
642.8214,161.4826,47.8086,75.6648
644.3811,162.7190,47.0865,75.0042
644.8641,164.3434,47.4636,74.9607
644.3412,164.3993,48.1220,76.1481
645.1559,164.0072,47.8338,76.7877
646.5865,164.3698,47.8190,76.8993
647.3578,163.7186,47.2613,76.8947
648.3875,162.2154,46.6114,76.6681
647.9371,161.6733,46.8840,76.9185
647.1497,158.9422,47.1876,77.2682
647.3392,156.3509,46.8818,77.5537
646.5909,158.2961,46.3386,77.4751
645.2321,160.6537,46.7023,77.7690
644.6390,159.3185,47.2590,78.2305
644.5625,155.8290,46.1447,78.1116
644.3626,154.8805,47.0815,79.2238
645.3703,155.5827,47.2340,79.6634
647.5631,154.9727,47.1722,79.7676
648.4116,152.9475,47.8277,80.4376
648.5622,152.0436,48.5568,81.7013
648.2191,154.2445,48.8974,82.1673
648.7060,155.1156,49.1960,83.0473
649.3931,155.4260,49.7554,83.8002
650.8841,154.9234,50.7756,84.8409
651.5178,154.0295,51.9639,85.5917
651.9143,155.0381,51.8707,86.4355
649.6763,152.1537,54.0144,89.0670
649.8708,148.5203,53.0708,89.5860
649.4218,147.9110,54.4094,91.6628
650.8169,153.7212,54.6917,90.7712
651.8231,155.7358,54.5248,90.3096
652.0387,151.4438,55.1598,91.1064
652.3720,150.8038,55.0975,91.8074
653.0067,150.5730,55.4122,91.8174
653.8322,148.0831,55.6463,92.0031
655.7955,144.9830,55.6143,92.9481
657.4061,141.6635,56.4726,94.4877
659.5407,137.7538,57.4498,95.7083
660.6063,137.7412,58.1104,96.8214
