0.010313
0.010343
0.009215
0.008242
0.007378
0.007667
0.00754
0.007277
0.007651
0.007433
0.006602
0.006906
0.006365
0.00655
0.00614
0.006254
0.005432
0.005976
0.005554
0.00579
0.005766
0.005154
0.005133
0.00548
0.005447
0.004976
0.005171
0.005068
0.004453
0.004775
0.004826
0.004504
0.004676
0.004439
0.004322
0.004281
NaN
NaN
NaN
NaN
0.009007
0.010692
0.009584
0.00871
0.01031
0.009168
0.008788
0.00849
0.008269
0.008555
0.007776
0.007853
0.006578
0.007396
0.006671
0.00703
0.006493
0.006879
0.006315
0.00678
0.006075
0.006359
0.005709
0.00597
0.004975
0.005482
0.005651
0.00523
0.005163
0.005199
0.005146
0.00511
0.004892
0.004862
0.004774
0.004636
0.00475
0.005094
0.004609
0.004705
0.004751
0.005098
0.004572
0.004501
0.004326
0.004269
0.004234
0.004157
0.003856
0.004055
0.004034
0.003998
0.003978
0.003979
0.003953
0.003954
0.00389
0.003973
0.004025
0.003984
0.00385
0.004034
0.004051
0.004048
0.003947
0.003953
0.004078
0.004272
0.003983
0.004213
0.004032
0.004151
0.003662
0.004142
0.003959
0.00412
0.003889
0.004115
0.003937
0.004272
0.004048
0.004385
0.004042
0.00432
0.003667
0.003921
0.003934
0.004192
0.003956
0.004198
0.003962
0.004211
0.003928
0.004233
0.00397
0.004187
0.003655
0.004146
0.003945
0.004558
0.003997
0.004275
0.004048
0.00438
0.004034
0.004225
0.003986
0.004243
0.003648
0.003992
0.004179
0.003975
0.003862
0.003903
0.003834
0.003903
0.003895
0.003817
0.00387
0.003841
0.003565
0.003769
0.003837
0.003895
0.003864
0.003897
0.003892
0.003862
0.003905
0.003966
0.003932
0.003911
0.003602
0.003841
0.003827
0.003817
0.003812
0.00387
0.00384
0.003819
0.003853
0.00388
0.003855
0.003856
0.003555
0.003858
0.004154
0.003888
0.004128
0.003928
0.004204
0.003964
0.004271
0.003953
0.004285
0.003985
0.003983
0.003858
0.004141
0.003946
0.0042
0.003999
0.004266
0.004008
0.004214
0.004038
0.004237
0.003946
0.003678
0.003925
0.004201
0.003966
0.004238
0.003896
0.004215
0.003981
0.004162
0.003932
0.004216
0.003935
0.003902
0.003931
0.00423
0.003992
0.004223
0.003916
0.004207
0.004043
0.004325
0.004034
0.004334
0.004032
0.003761
0.004187
0.003926
0.003871
0.00392
0.003933
0.004039
0.003997
0.004001
0.00401
0.00398
0.003972
0.003833
0.004075
0.004029
0.004029
0.003929
0.003901
0.003943
0.003984
0.003974
0.003951
0.003907
0.00395
0.003649
0.003935
0.003994
0.003948
0.003901
0.003958
0.003955
0.00397
0.004023
0.003896
0.003939
0.003961
0.003576
0.003947
0.003927
0.003893
0.003883
0.003903
0.004001
0.004174
0.00403
0.004247
0.004703
0.003971
0.003818
0.003975
0.004253
0.004047
0.004309
0.004024
0.004214
0.004004
0.004252
0.003994
0.004307
0.003963
0.003899
0.003945
0.004263
0.003945
0.004247
0.004005
0.00402
0.004002
0.004286
0.003973
0.004321
0.004047
0.003982
0.003996
0.004063
0.004218
0.004055
0.003962
0.004033
0.003956
0.003949
0.004032
0.003995
0.0039
0.00372
0.004056
0.003966
0.004008
0.004043
0.004106
0.003986
0.004048
0.004155
0.004131
0.004005
0.003972
0.003705
0.004019
0.003977
0.004047
0.003959
0.004039
0.004003
0.003996
0.003933
0.003959
0.003976
0.003973
0.003597
0.003946
0.003932
0.004008
0.003912
0.003866
0.004006
0.00394
0.00392
0.003876
0.003957
0.004016
0.00401
0.004042
0.004347
0.004065
0.004225
0.004039
0.004305
0.004114
0.004319
0.004065
0.004321
0.004054
0.003954
0.004
0.004346
0.004033
0.004315
0.004313
0.004336
0.00403
0.004333
0.004009
0.004024
0.00402
0.003982
0.003985
0.004261
0.004067
0.00419
0.004032
0.004249
0.003984
0.004251
0.00397
0.004275
0.004015
0.003973
0.003979
0.00428
0.004057
0.004322
0.004049
0.004288
0.004
0.00425
0.003973
0.004063
0.004243
0.003788
0.003895
0.003947
0.003935
0.003968
0.003951
0.00392
0.003899
0.003935
0.003906
0.003932
0.003921
0.003696
0.003882
0.003925
0.003888
NaN
NaN
NaN
NaN
0.009322
0.010163
0.008978
0.008144
0.007041
0.007319
0.007275
0.007151
0.006974
0.0071
0.006696
0.006779
0.006343
0.006722
0.006039
0.00631
0.005299
0.006014
0.005541
0.005742
0.005392
0.00566
0.005211
0.005382
0.004921
0.005318
0.004855
0.005188
0.004325
0.00497
0.004723
0.004757
0.004581
0.004612
0.004542
0.004522
0.004345
0.004564
0.004409
0.004394
0.003978
0.004421
0.004247
0.004341
0.00402
0.004261
0.004096
0.004233
0.004041
0.004207
0.004063
0.004076
0.003617
0.004034
0.003868
0.003824
0.003757
NaN
NaN
NaN
NaN
0.010058
0.012243
0.009276
0.00765
0.007702
0.007259
0.006688
0.00662
0.00689
0.007177
0.00607
0.006558
0.006421
0.006013
0.005505
0.005189
NaN
NaN
NaN
NaN
0.009721
0.010516
0.009376
0.008235
0.008078
0.007869
0.007276
0.006667
0.0072
0.007185
0.006601
0.00632
0.00663
0.006458
0.006002
0.006516
0.006192
0.005733
0.005979
0.005473
0.005344
0.005511
0.005041
0.004955
0.004902
0.004805
0.004742
0.004666
0.004728
0.004628
0.004677
0.004702
0.004454
0.004765
0.004372
0.004708
0.004287
0.004646
0.004248
0.00455
0.004178
0.004393
0.004102
0.004116
0.003922
0.00424
0.003887
0.004284
0.003972
0.004298
0.003941
0.004308
0.00384
0.00395
0.004142
0.003666
0.003854
0.003897
0.00395
0.003987
0.003963
0.004001
0.00396
0.003894
0.003916
0.003948
0.00387
0.003632
0.003879
0.003913
0.003878
0.003838
0.003842
0.003855
0.003913
0.003953
0.003929
0.003898
0.003915
0.00367
0.003996
0.003998
0.003894
0.003882
0.003825
0.003886
0.003847
0.003831
0.003885
0.003903
0.003895
0.003604
0.003809
0.003892
0.003854
0.003904
0.003797
0.003938
0.004268
0.003935
0.004252
0.003966
0.00424
0.003671
0.004166
0.00398
0.004163
0.00393
0.004155
0.00395
0.004244
0.003937
0.004185
0.003939
0.00423
0.003714
0.004307
0.003999
0.004377
0.004099
0.004433
0.004262
0.004152
0.004091
0.00443
0.004142
0.004321
0.003796
0.00436
0.004138
0.00434
0.004068
0.004319
0.003983
0.004353
0.003967
0.004232
0.00401
0.00404
NaN
NaN
NaN
NaN
0.00953
0.010368
0.009297
0.008348
0.00835
0.00593
0.00514
0.007352
0.006996
0.007376
0.006796
0.006922
0.006352
0.006689
0.006284
0.00632
0.005951
0.006216
0.005258
0.006069
0.00539
0.005723
0.005266
0.005409
0.005007
0.005035
0.005154
0.004881
0.004632
0.004637
0.004173
0.004513
0.004431
0.00567
NaN
NaN
NaN
NaN
0.004977
0.005181
0.007754
0.004199
0.004533
0.004133
0.004092
0.00416
0.003911
0.004579
0.004428
0.004758
0.004287
0.004456
0.004247
0.004491
0.004273
0.006115
NaN
NaN
NaN
NaN
0.009107
0.009517
0.008499
0.007683
0.007617
0.007143
0.006974
0.006954
0.007472
0.009874
0.008445
0.007144
0.006574
0.00686
0.006456
0.006722
0.006037
0.006215
0.005769
0.006157
0.005238
