1
481.9441,495.9447,35.6817,115.1919
484.9315,484.8862,35.5335,109.8387
484.9315,484.8862,35.5335,109.8387
484.9315,484.8862,35.5335,109.8387
484.9315,484.8862,35.5335,109.8387
484.9315,484.8862,35.5335,109.8387
484.9315,484.8862,35.5335,109.8387
484.9315,484.8862,35.5335,109.8387
484.9315,484.8862,35.5335,109.8387
0
0
0
0
0
0
0
0
0
0
0
0
0
0
0
0
0
0
0
0
0
0
0
0
0
0
2
0
0
0
0
1
542.5718,261.6980,43.6270,123.7390
538.4553,256.4226,45.0428,127.7546
538.4553,256.4226,45.0428,127.7546
538.4553,256.4226,45.0428,127.7546
538.4553,256.4226,45.0428,127.7546
538.4553,256.4226,45.0428,127.7546
538.4553,256.4226,45.0428,127.7546
538.4553,256.4226,45.0428,127.7546
538.4553,256.4226,45.0428,127.7546
538.4553,256.4226,45.0428,127.7546
538.4553,256.4226,45.0428,127.7546
538.4553,256.4226,45.0428,127.7546
538.4553,256.4226,45.0428,127.7546
538.4553,256.4226,45.0428,127.7546
538.4553,256.4226,45.0428,127.7546
538.4553,256.4226,45.0428,127.7546
538.4553,256.4226,45.0428,127.7546
538.4553,256.4226,45.0428,127.7546
538.4553,256.4226,45.0428,127.7546
538.4553,256.4226,45.0428,127.7546
538.4553,256.4226,45.0428,127.7546
538.4553,256.4226,45.0428,127.7546
538.4553,256.4226,45.0428,127.7546
538.4553,256.4226,45.0428,127.7546
538.4553,256.4226,45.0428,127.7546
538.4553,256.4226,45.0428,127.7546
538.4553,256.4226,45.0428,127.7546
538.4553,256.4226,45.0428,127.7546
2
0
0
0
0
0
0
0
0
538.3190,244.7540,43.9382,124.6217
0
0
0
0
1
477.0243,217.8133,56.2578,238.0901
476.1755,226.8376,56.0417,237.1754
476.1755,226.8376,56.0417,237.1754
476.1755,226.8376,56.0417,237.1754
476.1755,226.8376,56.0417,237.1754
476.1755,226.8376,56.0417,237.1754
476.1755,226.8376,56.0417,237.1754
476.1755,226.8376,56.0417,237.1754
476.1755,226.8376,56.0417,237.1754
476.1755,226.8376,56.0417,237.1754
476.1755,226.8376,56.0417,237.1754
476.1755,226.8376,56.0417,237.1754
476.1755,226.8376,56.0417,237.1754
476.1755,226.8376,56.0417,237.1754
476.1755,226.8376,56.0417,237.1754
476.1755,226.8376,56.0417,237.1754
476.1755,226.8376,56.0417,237.1754
476.1755,226.8376,56.0417,237.1754
476.1755,226.8376,56.0417,237.1754
476.1755,226.8376,56.0417,237.1754
476.1755,226.8376,56.0417,237.1754
476.1755,226.8376,56.0417,237.1754
476.1755,226.8376,56.0417,237.1754
476.1755,226.8376,56.0417,237.1754
476.1755,226.8376,56.0417,237.1754
476.1755,226.8376,56.0417,237.1754
476.1755,226.8376,56.0417,237.1754
476.1755,226.8376,56.0417,237.1754
476.1755,226.8376,56.0417,237.1754
476.1755,226.8376,56.0417,237.1754
476.1755,226.8376,56.0417,237.1754
476.1755,226.8376,56.0417,237.1754
476.1755,226.8376,56.0417,237.1754
476.1755,226.8376,56.0417,237.1754
476.1755,226.8376,56.0417,237.1754
476.1755,226.8376,56.0417,237.1754
476.1755,226.8376,56.0417,237.1754
476.1755,226.8376,56.0417,237.1754
476.1755,226.8376,56.0417,237.1754
476.1755,226.8376,56.0417,237.1754
476.1755,226.8376,56.0417,237.1754
476.1755,226.8376,56.0417,237.1754
0
0
2
0
