1
554.0000,274.0000,274.0000,276.0000
553.0000,265.0000,289.0000,297.0000
585.0000,232.0000,278.0000,306.0000
571.0000,233.0000,300.0000,323.0000
582.0000,255.0000,294.0000,316.0000
594.0000,244.0000,302.0000,312.0000
585.0000,251.0000,315.0000,315.0000
611.0000,271.0000,291.0000,292.0000
612.0000,284.0000,285.0000,284.0000
615.0000,293.0000,293.0000,277.0000
598.0000,285.0000,293.0000,274.0000
595.0000,281.0000,295.0000,279.0000
591.0000,270.0000,314.0000,289.0000
573.0000,244.0000,330.0000,290.0000
581.0000,257.0000,333.0000,291.0000
581.0000,261.0000,337.0000,293.0000
581.0000,252.0000,337.0000,293.0000
571.0000,233.0000,347.0000,312.0000
573.0000,222.0000,347.0000,320.0000
569.0000,191.0000,332.0000,337.0000
570.0000,174.0000,333.0000,345.0000
580.0000,154.0000,324.0000,348.0000
560.0000,150.0000,324.0000,346.0000
560.0000,123.0000,321.0000,333.0000
562.0000,124.0000,325.0000,320.0000
582.0000,128.0000,320.0000,309.0000
581.0000,126.0000,301.0000,293.0000
597.0000,124.0000,310.0000,304.0000
594.0000,115.0000,296.0000,303.0000
594.0000,115.0000,287.0000,288.0000
597.0000,126.0000,289.0000,272.0000
612.0000,134.0000,294.0000,273.0000
613.0000,148.0000,291.0000,276.0000
603.0000,156.0000,296.0000,277.0000
587.0000,164.0000,300.0000,284.0000
588.0000,172.0000,296.0000,287.0000
576.0000,162.0000,302.0000,300.0000
520.0000,161.0000,305.0000,297.0000
511.0000,191.0000,299.0000,278.0000
515.0000,227.0000,310.0000,252.0000
476.0000,220.0000,313.0000,261.0000
468.0000,210.0000,312.0000,267.0000
460.0000,206.0000,305.0000,274.0000
490.0000,195.0000,298.0000,276.0000
504.0000,197.0000,294.0000,279.0000
498.0000,208.0000,288.0000,278.0000
507.0000,206.0000,286.0000,288.0000
519.0000,218.0000,321.0000,308.0000
519.0000,233.0000,320.0000,325.0000
542.0000,272.0000,324.0000,345.0000
557.0000,279.0000,311.0000,347.0000
563.0000,306.0000,317.0000,357.0000
574.0000,348.0000,305.0000,345.0000
579.0000,394.0000,307.0000,334.0000
580.0000,422.0000,298.0000,328.0000
568.0000,433.0000,308.0000,322.0000
597.0000,488.0000,290.0000,299.0000
585.0000,510.0000,280.0000,270.0000
582.0000,516.0000,300.0000,258.0000
565.0000,516.0000,304.0000,256.0000
