1
342.0000,216.0000,234.0000,156.0000
342.0000,216.0000,234.0000,156.0000
342.0000,216.0000,234.0000,156.0000
342.0000,216.0000,234.0000,156.0000
342.0000,211.3200,234.0000,156.0000
342.0000,211.3200,234.0000,156.0000
342.0000,211.3200,234.0000,156.0000
342.0000,206.6400,234.0000,156.0000
342.0000,206.6400,234.0000,156.0000
342.0000,206.6400,234.0000,156.0000
342.0000,206.6400,234.0000,156.0000
342.0000,201.9600,234.0000,156.0000
342.0000,201.9600,234.0000,156.0000
342.0000,201.9600,234.0000,156.0000
342.0000,201.9600,234.0000,156.0000
342.0000,201.9600,234.0000,156.0000
342.0000,201.9600,234.0000,156.0000
342.0000,197.2800,234.0000,156.0000
342.0000,197.2800,234.0000,156.0000
342.0000,197.2800,234.0000,156.0000
342.0000,197.2800,234.0000,156.0000
342.0000,197.2800,234.0000,156.0000
342.0000,197.2800,234.0000,156.0000
342.0000,197.2800,234.0000,156.0000
342.0000,206.6400,234.0000,156.0000
342.0000,211.3200,234.0000,156.0000
342.0000,216.0000,234.0000,156.0000
342.0000,220.6800,234.0000,156.0000
342.0000,220.6800,234.0000,156.0000
342.0000,225.3600,234.0000,156.0000
342.0000,225.3600,234.0000,156.0000
342.0000,225.3600,234.0000,156.0000
349.0200,225.3600,234.0000,156.0000
342.0000,225.3600,234.0000,156.0000
320.9400,220.6800,234.0000,156.0000
313.9200,220.6800,234.0000,156.0000
327.9600,220.6800,234.0000,156.0000
334.9800,220.6800,234.0000,156.0000
334.9800,216.0000,234.0000,156.0000
327.9600,216.0000,234.0000,156.0000
327.9600,216.0000,234.0000,156.0000
327.9600,216.0000,234.0000,156.0000
327.9600,216.0000,234.0000,156.0000
327.9600,216.0000,234.0000,156.0000
327.9600,216.0000,234.0000,156.0000
327.9600,216.0000,234.0000,156.0000
327.9600,216.0000,234.0000,156.0000
320.9400,216.0000,234.0000,156.0000
313.9200,216.0000,234.0000,156.0000
313.9200,216.0000,234.0000,156.0000
306.9000,216.0000,234.0000,156.0000
306.9000,216.0000,234.0000,156.0000
299.8800,216.0000,234.0000,156.0000
299.8800,216.0000,234.0000,156.0000
292.8600,216.0000,234.0000,156.0000
292.8600,216.0000,234.0000,156.0000
285.8400,211.3200,234.0000,156.0000
285.8400,211.3200,234.0000,156.0000
278.8200,211.3200,234.0000,156.0000
271.8000,211.3200,234.0000,156.0000
271.8000,206.6400,234.0000,156.0000
271.8000,206.6400,234.0000,156.0000
264.7800,206.6400,234.0000,156.0000
264.7800,201.9600,234.0000,156.0000
264.7800,201.9600,234.0000,156.0000
264.7800,201.9600,234.0000,156.0000
271.8000,197.2800,234.0000,156.0000
278.8200,197.2800,234.0000,156.0000
278.8200,197.2800,234.0000,156.0000
278.8200,197.2800,234.0000,156.0000
278.8200,197.2800,234.0000,156.0000
271.8000,197.2800,234.0000,156.0000
271.8000,197.2800,234.0000,156.0000
271.8000,197.2800,234.0000,156.0000
271.8000,197.2800,234.0000,156.0000
271.8000,197.2800,234.0000,156.0000
264.7800,192.6000,234.0000,156.0000
264.7800,192.6000,234.0000,156.0000
264.7800,192.6000,234.0000,156.0000
264.7800,187.9200,234.0000,156.0000
264.7800,183.2400,234.0000,156.0000
264.7800,178.5600,234.0000,156.0000
264.7800,178.5600,234.0000,156.0000
264.7800,173.8800,234.0000,156.0000
264.7800,173.8800,234.0000,156.0000
261.2700,171.5400,226.9800,151.3200
261.2700,171.5400,226.9800,151.3200
274.8888,167.0004,226.9800,151.3200
281.6982,167.0004,226.9800,151.3200
274.8888,167.0004,226.9800,151.3200
274.8888,167.0004,226.9800,151.3200
274.8888,167.0004,226.9800,151.3200
278.2935,169.2702,220.1706,146.7804
278.2935,169.2702,220.1706,146.7804
278.2935,169.2702,220.1706,146.7804
278.2935,173.6736,220.1706,146.7804
278.2935,178.0770,220.1706,146.7804
284.8986,182.4804,220.1706,146.7804
284.8986,195.6907,220.1706,146.7804
284.8986,204.4975,220.1706,146.7804
284.8986,213.3043,220.1706,146.7804
294.8063,224.3129,213.5655,142.3770
294.8063,232.8555,213.5655,142.3770
291.7018,230.7858,219.7745,146.5163
298.2950,239.5768,219.7745,146.5163
298.2950,248.3678,219.7745,146.5163
298.2950,252.7633,219.7745,146.5163
304.8883,257.1588,219.7745,146.5163
308.2808,259.4204,212.9894,141.9929
311.6674,261.6781,219.3791,146.2527
311.6674,266.0657,219.3791,146.2527
318.2487,270.4533,219.3791,146.2527
318.2487,274.8409,219.3791,146.2527
314.9580,277.0347,225.9604,150.6403
321.7368,277.0347,225.9604,150.6403
335.2945,286.0731,225.9604,150.6403
335.2945,286.0731,225.9604,150.6403
335.2945,286.0731,225.9604,150.6403
335.2945,286.0731,225.9604,150.6403
335.2945,286.0731,225.9604,150.6403
335.2945,286.0731,225.9604,150.6403
331.9051,283.8135,232.7392,155.1595
338.8872,283.8135,232.7392,155.1595
338.8872,283.8135,232.7392,155.1595
338.8872,283.8135,232.7392,155.1595
338.8872,283.8135,232.7392,155.1595
338.8872,279.1587,232.7392,155.1595
338.8872,279.1587,232.7392,155.1595
338.8872,279.1587,232.7392,155.1595
338.8872,279.1587,232.7392,155.1595
335.3961,272.1765,239.7214,159.8143
335.3961,272.1765,239.7214,159.8143
335.3961,276.9709,239.7214,159.8143
335.3961,276.9709,239.7214,159.8143
335.3961,281.7654,239.7214,159.8143
335.3961,281.7654,239.7214,159.8143
335.3961,281.7654,239.7214,159.8143
335.3961,281.7654,239.7214,159.8143
335.3961,281.7654,239.7214,159.8143
335.3961,281.7654,239.7214,159.8143
335.3961,281.7654,239.7214,159.8143
335.3961,281.7654,239.7214,159.8143
335.3961,281.7654,239.7214,159.8143
335.3961,276.9709,239.7214,159.8143
335.3961,276.9709,239.7214,159.8143
335.3961,272.1765,239.7214,159.8143
335.3961,272.1765,239.7214,159.8143
342.5878,267.3821,239.7214,159.8143
342.5878,267.3821,239.7214,159.8143
349.7794,276.9709,239.7214,159.8143
353.3753,293.6076,232.5298,155.0199
360.3512,298.2582,232.5298,155.0199
360.3512,298.2582,232.5298,155.0199
360.3512,302.9088,232.5298,155.0199
360.3512,302.9088,232.5298,155.0199
360.3512,302.9088,232.5298,155.0199
353.3753,307.5594,232.5298,155.0199
353.3753,307.5594,232.5298,155.0199
360.3512,302.9088,232.5298,155.0199
374.3029,302.9088,232.5298,155.0199
367.3271,302.9088,232.5298,155.0199
367.3271,302.9088,232.5298,155.0199
367.3271,302.9088,232.5298,155.0199
356.8632,300.5835,225.5539,150.3692
350.0966,300.5835,225.5539,150.3692
356.8632,300.5835,225.5539,150.3692
370.3965,296.0724,225.5539,150.3692
370.3965,291.5613,225.5539,150.3692
363.6298,287.0503,225.5539,150.3692
350.0966,273.5170,225.5539,150.3692
343.3300,264.4949,225.5539,150.3692
343.3300,259.9838,225.5539,150.3692
336.5634,246.4506,225.5539,150.3692
336.5634,255.4727,225.5539,150.3692
336.5634,255.4727,225.5539,150.3692
336.5634,250.9617,225.5539,150.3692
333.1801,244.1950,218.7873,145.8582
346.3073,231.0678,218.7873,145.8582
352.8709,204.8133,218.7873,145.8582
352.8709,178.5589,218.7873,145.8582
359.4345,161.0559,218.7873,145.8582
365.9981,143.5529,218.7873,145.8582
372.5618,117.2984,218.7873,145.8582
372.5618,117.2984,218.7873,145.8582
372.5618,117.2984,218.7873,145.8582
379.1254,117.2984,218.7873,145.8582
392.2526,117.2984,218.7873,145.8582
392.2526,99.7954,218.7873,145.8582
379.1254,82.2925,218.7873,145.8582
365.9981,73.5410,218.7873,145.8582
365.9981,56.0380,218.7873,145.8582
365.9981,38.5350,218.7873,145.8582
365.9981,29.7835,218.7873,145.8582
365.9981,29.7835,218.7873,145.8582
352.8709,38.5350,218.7873,145.8582
352.8709,47.2865,218.7873,145.8582
352.8709,51.6622,218.7873,145.8582
352.8709,51.6622,218.7873,145.8582
352.8709,51.6622,218.7873,145.8582
352.8709,51.6622,218.7873,145.8582
359.4345,51.6622,218.7873,145.8582
369.0830,53.8501,212.2236,141.4824
369.0830,62.3391,212.2236,141.4824
375.4497,87.8059,212.2236,141.4824
381.8165,104.7838,212.2236,141.4824
381.8165,130.2506,212.2236,141.4824
388.1832,147.2285,212.2236,141.4824
375.4497,164.2064,212.2236,141.4824
388.1832,181.1843,212.2236,141.4824
401.0121,189.7369,212.0326,141.3551
397.8316,187.6166,218.3936,145.5957
378.1762,187.6166,218.3936,145.5957
365.0725,187.6166,218.3936,145.5957
365.0725,187.6166,218.3936,145.5957
374.9956,189.8641,211.6512,141.1008
374.9956,189.8641,211.6512,141.1008
362.2965,189.8641,211.6512,141.1008
355.9470,198.3301,211.6512,141.1008
349.5974,206.7962,211.6512,141.1008
349.5974,206.7962,211.6512,141.1008
343.2479,215.2622,211.6512,141.1008
343.2479,223.7283,211.6512,141.1008
336.8984,232.1943,211.6512,141.1008
336.8984,232.1943,211.6512,141.1008
349.5974,232.1943,211.6512,141.1008
349.5974,232.1943,211.6512,141.1008
349.5974,223.7283,211.6512,141.1008
358.9313,230.0778,205.3016,136.8678
358.9313,230.0778,205.3016,136.8678
358.9313,230.0778,205.3016,136.8678
352.7722,234.1838,205.3016,136.8678
358.9313,242.3959,205.3016,136.8678
358.9313,242.3959,205.3016,136.8678
358.9313,242.3959,205.3016,136.8678
358.9313,250.6080,205.3016,136.8678
346.7056,254.8988,205.1169,136.7446
340.5521,259.0011,205.1169,136.7446
346.7056,263.1034,205.1169,136.7446
352.8591,271.3081,205.1169,136.7446
346.7056,271.3081,205.1169,136.7446
346.7056,275.4105,205.1169,136.7446
346.7056,279.5128,205.1169,136.7446
340.5521,283.6151,205.1169,136.7446
346.7056,287.7175,205.1169,136.7446
346.7056,287.7175,205.1169,136.7446
346.7056,287.7175,205.1169,136.7446
343.6288,285.6663,211.2704,140.8469
343.6288,285.6663,211.2704,140.8469
343.6288,285.6663,211.2704,140.8469
353.1360,287.7790,204.9323,136.6215
353.1360,291.8776,204.9323,136.6215
353.1360,291.8776,204.9323,136.6215
353.1360,291.8776,204.9323,136.6215
350.0620,289.8283,198.7843,132.5229
344.0984,289.8283,198.7843,132.5229
332.1714,285.8526,198.7843,132.5229
341.1167,275.9134,192.8208,128.5472
338.2244,266.2724,198.6054,132.4036
338.2244,258.3282,198.6054,132.4036
329.6446,252.3700,192.6472,128.4315
329.6446,248.5171,192.6472,128.4315
335.4240,236.9582,192.6472,128.4315
338.3138,227.3259,186.8678,124.5785
338.3138,223.5885,186.8678,124.5785
346.7228,217.9825,181.2618,120.8412
346.8044,214.4116,181.0986,120.7324
346.8859,207.2220,180.9356,120.6238
344.4973,202.0078,175.1918,116.7945
349.8319,198.5566,175.0341,116.6894
347.2064,196.8062,180.2851,120.1901
352.6149,196.8062,180.2851,120.1901
352.6149,196.8062,180.2851,120.1901
360.7278,195.0034,174.8766,116.5844
360.7278,195.0034,174.8766,116.5844
360.7278,195.0034,174.8766,116.5844
363.3509,196.7521,169.6303,113.0869
363.3509,196.7521,169.6303,113.0869
363.3509,196.7521,169.6303,113.0869
360.8065,198.4484,164.5414,109.6943
360.8065,198.4484,164.5414,109.6943
360.8065,198.4484,164.5414,109.6943
350.9340,198.4484,164.5414,109.6943
345.9977,198.4484,164.5414,109.6943
341.0615,198.4484,164.5414,109.6943
338.5934,200.0939,159.6051,106.4034
338.5934,200.0939,159.6051,106.4034
333.8052,200.0939,159.6051,106.4034
329.0171,200.0939,159.6051,106.4034
329.0171,200.0939,159.6051,106.4034
317.0467,201.6899,154.8170,103.2113
317.0467,201.6899,154.8170,103.2113
317.0467,201.6899,154.8170,103.2113
312.3367,204.8327,154.6777,103.1184
312.2671,204.8791,154.5385,103.0256
305.2454,206.4695,149.7674,99.8449
300.7524,206.4695,149.7674,99.8449
296.2593,209.4648,149.7674,99.8449
294.0128,207.9671,154.2604,102.8403
298.5712,211.0986,154.1216,102.7477
305.5067,215.7223,149.4979,99.6653
309.9916,215.7223,149.4979,99.6653
314.4766,215.7223,149.4979,99.6653
323.4464,215.7223,149.4979,99.6653
318.9615,215.7223,149.4979,99.6653
314.4766,215.7223,149.4979,99.6653
312.2341,214.2273,145.0130,96.6753
307.8837,214.2273,145.0130,96.6753
303.5333,214.2273,145.0130,96.6753
299.1830,214.2273,145.0130,96.6753
294.8326,211.3270,145.0130,96.6753
294.8326,208.4268,145.0130,96.6753
290.4822,208.4268,145.0130,96.6753
294.8326,205.5265,145.0130,96.6753
299.1830,205.5265,145.0130,96.6753
299.1830,205.5265,145.0130,96.6753
299.1830,202.6262,145.0130,96.6753
299.1830,199.7260,145.0130,96.6753
305.7085,198.2758,140.6626,93.7751
314.1483,198.2758,140.6626,93.7751
318.3682,195.4626,140.6626,93.7751
326.8079,195.4626,140.6626,93.7751
326.8079,195.4626,140.6626,93.7751
331.0278,195.4626,140.6626,93.7751
339.4676,192.6494,140.6626,93.7751
347.9073,192.6494,140.6626,93.7751
347.9073,189.8361,140.6626,93.7751
352.1272,189.8361,140.6626,93.7751
352.1272,187.0228,140.6626,93.7751
347.9073,184.2096,140.6626,93.7751
347.9073,192.6494,140.6626,93.7751
347.9073,192.6494,140.6626,93.7751
347.9073,184.2096,140.6626,93.7751
339.4676,181.3963,140.6626,93.7751
339.4676,181.3963,140.6626,93.7751
341.7041,180.0741,144.8825,96.5883
341.7041,180.0741,144.8825,96.5883
337.3576,177.1765,144.8825,96.5883
333.0111,177.1765,144.8825,96.5883
333.0111,177.1765,144.8825,96.5883
333.0111,174.2788,144.8825,96.5883
328.6647,171.3812,144.8825,96.5883
328.6647,174.2788,144.8825,96.5883
324.3182,174.2788,144.8825,96.5883
324.3182,174.2788,144.8825,96.5883
324.3182,174.2788,144.8825,96.5883
319.9717,174.2788,144.8825,96.5883
319.9717,174.2788,144.8825,96.5883
315.6252,177.1765,144.8825,96.5883
315.6252,177.1765,144.8825,96.5883
299.4090,166.9030,158.3170,105.5447
314.9873,183.3689,135.8298,90.5532
317.0247,184.7272,131.7549,87.8366
317.0247,184.7272,131.7549,87.8366
319.0011,188.6008,127.8023,85.2015
315.1670,188.6008,127.8023,85.2015
311.5055,191.1185,127.6873,85.1248
311.5055,188.5647,127.6873,85.1248
309.8723,194.9862,123.7452,82.4968
310.2000,202.4000,120.6000,80.2000
306.5820,202.4000,120.6000,80.2000
302.9640,202.4000,120.6000,80.2000
302.9640,202.4000,120.6000,80.2000
302.9640,202.4000,120.6000,80.2000
299.3460,202.4000,120.6000,80.2000
299.3460,202.4000,120.6000,80.2000
295.7280,207.2120,120.6000,80.2000
295.7280,207.2120,120.6000,80.2000
295.7280,212.0240,120.6000,80.2000
292.1100,216.8360,120.6000,80.2000
292.1100,212.0240,120.6000,80.2000
293.9190,213.2270,116.9820,77.7940
295.6737,214.3939,113.4725,75.4602
287.4000,236.4000,114.2000,76.2000
287.4000,234.1140,114.2000,76.2000
287.4000,234.1140,114.2000,76.2000
287.4000,238.6860,114.2000,76.2000
287.4000,243.2580,114.2000,76.2000
287.4000,243.2580,114.2000,76.2000
289.1130,253.5450,110.7740,73.9140
289.1130,253.5450,110.7740,73.9140
298.0961,201.9559,136.2380,90.9049
284.2000,227.0000,133.8000,89.4000
252.6858,221.2125,179.3309,119.8220
287.2739,261.4716,110.1547,73.6011
290.5290,268.0626,103.6445,69.2513
282.7556,271.1789,106.7539,71.3288
276.3504,275.4586,106.7539,71.3288
273.0998,277.5664,100.4447,67.1133
267.0731,281.5932,100.4447,67.1133
261.0464,285.6200,100.4447,67.1133
253.5130,288.6401,103.4581,69.1267
244.2018,286.5663,103.4581,69.1267
241.0981,290.7139,103.4581,69.1267
241.0981,294.8615,103.4581,69.1267
237.9943,294.8615,103.4581,69.1267
236.5356,297.9100,100.3543,67.0529
236.5356,297.9100,100.3543,67.0529
233.5249,301.9331,100.3543,67.0529
230.5143,301.9331,100.3543,67.0529
230.5143,305.9563,100.3543,67.0529
230.5143,305.9563,100.3543,67.0529
233.5249,309.9795,100.3543,67.0529
233.5249,309.9795,100.3543,67.0529
233.5249,309.9795,100.3543,67.0529
233.5249,314.0027,100.3543,67.0529
236.5356,318.0258,100.3543,67.0529
239.5462,318.0258,100.3543,67.0529
239.5462,318.0258,100.3543,67.0529
239.5462,322.0490,100.3543,67.0529
239.5462,322.0490,100.3543,67.0529
239.5462,322.0490,100.3543,67.0529
242.5568,326.0722,100.3543,67.0529
242.5568,326.0722,100.3543,67.0529
239.5462,326.0722,100.3543,67.0529
239.5462,330.0954,100.3543,67.0529
242.5568,330.0954,100.3543,67.0529
239.5462,330.0954,100.3543,67.0529
239.5462,330.0954,100.3543,67.0529
239.5462,330.0954,100.3543,67.0529
238.0874,329.1206,103.2719,69.0023
244.4641,333.4397,97.0811,64.8659
243.0528,332.4968,99.9035,66.7517
247.5485,333.4981,96.9064,64.7491
249.1342,332.6169,99.7238,66.6316
255.1625,332.7068,99.6340,66.5716
259.6461,335.7025,96.6450,64.5745
261.0957,338.6084,93.7457,62.6372
263.9081,338.6084,93.7457,62.6372
265.3143,337.6689,96.5581,64.5164
272.5983,340.6003,93.5770,62.5246
268.4307,339.6913,96.2976,64.3423
268.5581,343.5808,90.6064,60.5397
263.1242,339.9501,96.0378,64.1688
263.1242,339.9501,96.0378,64.1688
261.6837,333.2124,98.9189,66.0938
263.2106,332.3093,95.8650,64.0533
264.6486,333.2701,92.9891,62.1317
261.9008,327.7638,92.9054,62.0758
261.9426,324.0672,92.8218,62.0199
263.3754,323.1640,89.9561,60.1052
263.4159,317.7816,89.8751,60.0511
263.4563,314.2055,89.7942,59.9970
256.7634,307.9909,92.4048,61.7413
251.3022,306.2498,92.2386,61.6302
251.3437,304.4286,92.1555,61.5748
254.1499,302.6091,92.0726,61.5194
254.1499,302.6091,92.0726,61.5194
252.8090,299.8676,89.2300,59.6201
252.8491,298.1058,89.1497,59.5664
252.8491,296.3188,89.1497,59.5664
255.5236,294.5318,89.1497,59.5664
255.5236,290.9578,89.1497,59.5664
252.8892,287.4643,89.0695,59.5128
246.2503,286.5992,91.6590,61.2430
244.9179,283.8716,94.3238,63.0235
246.3328,284.8170,91.4941,61.1328
247.7476,280.2603,94.1541,62.9102
247.7899,280.2886,94.0694,62.8535
249.2421,277.5459,91.1652,60.9131
237.6000,279.8000,95.4000,64.0000
251.7812,275.9888,89.7619,60.2176
250.4764,273.3069,92.3715,61.9683
253.2891,273.2773,92.2884,61.9125
253.2891,273.2773,92.2884,61.9125
253.2891,271.4200,92.2884,61.9125
251.9903,270.5486,94.8860,63.6552
250.6110,267.7137,97.6446,65.5058
256.2526,269.6494,91.8738,61.6344
256.2526,267.8003,91.8738,61.6344
250.7402,267.8003,91.8738,61.6344
246.6484,263.1508,94.5449,63.4263
245.1039,269.6134,86.2886,57.8875
239.8878,264.3775,91.5435,61.4128
242.5929,262.5627,86.1333,57.7833
242.5929,262.5627,86.1333,57.7833
239.9701,259.0177,91.3788,61.3024
237.3932,257.2338,91.2144,61.1921
237.4342,255.4256,91.1323,61.1370
236.1095,252.7027,93.7818,62.9144
237.5162,249.8716,96.5953,64.8018
241.9052,250.9285,93.6131,62.8012
240.5010,246.2184,96.4215,64.6853
240.7638,244.3360,96.2480,64.5689
243.6512,244.3360,96.2480,64.5689
246.5387,240.4619,96.2480,64.5689
255.1577,240.4328,90.5597,60.7529
256.5976,237.6443,93.2765,62.5754
256.5976,237.6443,93.2765,62.5754
267.8723,237.6426,87.6849,58.8242
274.4486,238.5250,85.0543,57.0595
271.8587,233.3126,90.2342,60.5344
274.5657,233.3126,90.2342,60.5344
277.2728,233.3126,90.2342,60.5344
278.6263,228.7725,92.9412,62.3505
284.2027,228.7725,92.9412,62.3505
286.9910,228.7725,92.9412,62.3505
292.5674,230.6430,92.9412,62.3505
295.3557,230.6430,92.9412,62.3505
303.6786,236.2265,87.4484,58.6656
303.6392,232.6802,92.7740,62.2383
310.5973,237.3480,89.9907,60.3711
313.2970,237.3480,89.9907,60.3711
313.2970,237.3480,89.9907,60.3711
315.9967,237.3480,89.9907,60.3711
318.6964,237.3480,89.9907,60.3711
322.7460,240.0647,87.2910,58.5600
322.7460,240.0647,87.2910,58.5600
324.0554,242.6999,84.6723,56.8032
322.7853,240.1438,87.2125,58.5073
324.0935,242.7766,84.5961,56.7521
324.0935,241.0741,84.5961,56.7521
324.0935,242.7766,84.5961,56.7521
321.5175,241.0485,89.7480,60.2083
321.5175,242.8548,89.7480,60.2083
322.8637,247.3704,87.0555,58.4020
326.7812,248.2464,84.4439,56.6500
330.5812,250.7957,81.9106,54.9505
331.8099,249.9714,84.3679,56.5990
334.3029,251.6439,79.3817,53.2540
335.4937,250.8451,81.7632,54.8516
340.2177,252.4660,76.9310,51.6099
339.0638,251.6918,79.2389,53.1582
340.2523,250.8466,76.8617,51.5634
339.0994,246.9793,79.1676,53.1103
337.9119,246.1827,81.5426,54.7037
340.3582,244.5416,81.5426,54.7037
340.3582,242.9005,81.5426,54.7037
340.3582,242.9005,81.5426,54.7037
340.3582,241.2594,81.5426,54.7037
345.0695,241.3317,76.7235,51.4707
345.0695,241.3317,76.7235,51.4707
347.3366,239.8108,76.6544,51.4243
345.0025,236.7022,81.3227,54.5561
351.8933,241.3249,71.9944,48.2981
350.7152,236.1878,78.6702,52.7766
350.7152,234.6045,78.6702,52.7766
354.1846,235.3961,76.3101,51.1933
351.8609,230.7657,80.9574,54.3110
357.6124,234.6241,73.8876,49.5682
351.9036,230.8389,80.7390,54.1645
353.0463,230.1711,78.1759,52.4450
348.3206,228.5742,82.9368,55.6390
347.0019,232.7471,80.4487,53.9698
340.9682,230.3670,82.8622,55.5889
341.9579,234.4619,75.6261,50.7345
334.9793,231.4877,80.2317,53.8242
333.7016,235.3793,73.1594,49.0797
328.1149,231.6314,79.9433,53.6307
322.1191,230.8752,82.3416,55.2396
323.2442,233.2871,75.1509,50.4157
318.5282,228.5187,84.5830,56.7433
319.6839,234.4009,77.1966,51.7881
318.5259,232.0705,79.5125,53.3417
318.5259,233.6707,79.5125,53.3417
314.8394,229.5494,86.8855,58.2880
314.8394,231.2980,86.8855,58.2880
318.7493,233.9210,84.2789,56.5393
321.2397,235.5917,79.2980,53.1978
323.6187,235.5917,79.2980,53.1978
317.3036,228.1154,91.9282,61.6709
325.0930,239.0530,81.3833,54.5968
322.6149,234.0656,86.3396,57.9217
327.7930,235.9044,81.1638,54.4495
325.2076,230.8049,91.3506,61.2834
331.6599,235.1336,78.4458,52.6261
329.3087,228.8228,83.1483,55.7808
334.1128,223.9265,78.2342,52.4842
335.2521,215.3382,80.5087,54.0101
338.8026,214.5766,78.0935,52.3898
343.3827,214.5530,73.4781,49.2935
345.5871,217.5107,73.4781,49.2935
349.9958,211.5954,73.4781,49.2935
353.3023,209.3772,75.6825,50.7723
355.5728,207.8540,75.6825,50.7723
360.1818,203.2845,75.5463,50.6810
363.5814,204.0447,73.2799,49.1605
368.0111,204.0226,73.2140,49.1163
374.5675,205.4740,68.8870,46.2135
377.6993,203.4158,70.8898,47.5571
381.9208,203.3944,66.7002,44.7465
385.9528,203.4146,66.6402,44.7062
383.9236,203.3944,70.6986,47.4288
390.0994,204.6918,62.5889,41.9884
384.0603,200.5515,74.6672,50.0912
391.2578,204.1283,64.0039,42.9376
386.2848,202.1586,69.8758,46.8769
386.3162,202.1797,69.8130,46.8347
386.3162,202.1797,69.8130,46.8347
386.3476,200.7958,69.7501,46.7925
388.4088,200.8168,65.6279,44.0271
388.4383,202.1574,65.5688,43.9875
388.4678,199.5380,65.5098,43.9479
388.5561,199.5973,65.3331,43.8293
387.5761,197.6250,67.2931,45.1442
387.5761,197.6250,67.2931,45.1442
390.5438,198.3021,65.2743,43.7899
392.5314,197.0081,65.2155,43.7505
395.3270,196.4091,63.0884,42.3235
397.2196,195.1394,63.0884,42.3235
399.1407,193.8887,63.0317,42.2854
402.9509,191.3707,62.9749,42.2473
404.8685,190.1222,62.9183,42.2093
408.6719,186.3424,62.8616,42.1713
412.4719,183.8311,62.8050,42.1334
413.4431,180.6527,64.6310,43.3583
420.1695,181.3765,58.9339,39.5363
422.9019,178.3940,60.6472,40.6858
426.5680,172.3095,60.5927,40.6492
430.2308,169.8888,60.5381,40.6126
413.4000,166.2000,64.6000,43.4000
406.6000,161.4000,62.6000,42.2000
408.4780,158.8680,62.6000,42.2000
410.3560,156.3360,62.6000,42.2000
410.3560,155.0700,62.6000,42.2000
404.7220,153.8040,62.6000,42.2000
399.0880,153.8040,62.6000,42.2000
391.5760,152.5380,62.6000,42.2000
385.9420,150.0060,62.6000,42.2000
380.3080,151.2720,62.6000,42.2000
380.3080,147.4740,62.6000,42.2000
372.7960,146.2080,62.6000,42.2000
364.3450,145.5750,60.7220,40.9340
357.0583,144.3470,60.7220,40.9340
349.7717,145.5750,60.7220,40.9340
342.4851,144.3470,60.7220,40.9340
342.4851,143.1190,60.7220,40.9340
352.5042,144.9610,58.9003,39.7060
357.9658,142.6143,58.7944,39.6345
362.2953,139.5877,64.2462,43.3097
382.8000,142.4000,65.4000,44.0000
385.6556,144.2059,59.6888,40.1576
374.4000,138.8000,60.8000,40.8000
341.2000,138.4000,63.0000,42.6000
335.1212,134.2896,75.1576,50.8208
312.4000,134.4000,76.0000,51.4000
321.3189,137.3480,67.2823,45.5041
328.3835,138.0305,65.2638,44.1389
329.3625,137.3684,63.3059,42.8148
333.1608,137.3684,63.3059,42.8148
342.6567,136.0840,63.3059,42.8148
354.0518,134.7996,63.3059,42.8148
357.8501,134.7996,63.3059,42.8148
360.6989,132.8729,65.2050,44.0992
360.6989,132.8729,65.2050,44.0992
354.8304,131.5499,65.2050,44.0992
348.9619,131.5499,65.2050,44.0992
341.1374,130.2269,65.2050,44.0992
336.3057,129.6051,63.2489,42.7762
333.4595,131.4916,61.3514,41.4929
322.2472,127.6056,69.0516,46.7007
318.1041,127.6056,69.0516,46.7007
311.9206,130.4286,68.9894,46.6586
305.7115,130.4286,68.9894,46.6586
304.6767,131.1285,66.9197,45.2589
300.6916,132.4659,62.9648,42.5841
304.4695,132.4659,62.9648,42.5841
306.3584,135.0210,62.9648,42.5841
306.4451,133.7243,66.7993,45.1775
310.3629,135.0593,62.8515,42.5075
312.2484,135.0593,62.8515,42.5075
314.1057,133.7649,66.6792,45.0962
317.1063,130.3827,68.6795,46.4491
323.2874,127.5958,68.6795,46.4491
329.4686,127.5958,68.6795,46.4491
335.6497,124.8088,68.6795,46.4491
341.8309,124.8088,68.6795,46.4491
345.9517,124.8088,68.6795,46.4491
350.0415,126.1814,64.6206,43.7039
351.9802,126.1814,64.6206,43.7039
355.8574,126.1814,64.6206,43.7039
356.8849,125.5258,66.5592,45.0150
361.8768,126.2010,64.5624,43.6646
363.8137,126.2010,64.5624,43.6646
369.6243,126.2010,64.5624,43.6646
371.5612,126.2010,64.5624,43.6646
371.5612,126.2010,64.5624,43.6646
370.5927,125.5461,66.4993,44.9745
368.5977,125.5461,66.4993,44.9745
366.6028,122.8476,66.4993,44.9745
364.6078,122.8476,66.4993,44.9745
356.4447,120.0253,74.8455,50.6192
353.0767,119.2660,77.0909,52.1378
353.0767,116.1377,77.0909,52.1378
349.6076,116.9198,74.7782,50.5737
349.6076,116.9198,74.7782,50.5737
345.0872,115.3798,79.3322,53.6536
345.0872,112.1606,79.3322,53.6536
343.8972,114.5750,76.9522,52.0440
343.8626,116.1129,72.4043,48.9682
342.8101,115.4011,74.5093,50.3918
337.2564,116.1803,76.6755,51.8569
337.2910,116.2036,76.6065,51.8102
331.5810,115.4505,78.8337,53.3165
331.6165,115.4745,78.7628,53.2685
326.9261,120.2926,78.6919,53.2206
331.4707,121.7696,69.6027,47.0734
320.4534,120.1367,83.0344,56.1575
318.2195,121.7961,78.1271,52.8386
318.3599,124.7846,77.8462,52.6486
317.2283,124.0193,80.1094,54.1793
311.3314,124.8112,82.2901,55.6541
306.4310,124.8362,82.2161,55.6040
304.1103,124.7361,77.2875,52.2707
293.7123,125.5444,79.5345,53.7904
291.3285,123.9322,84.3022,57.0149
295.9957,129.5458,66.0118,44.6448
296.0254,129.5659,65.9524,44.6046
