0.00057863
1.9007
0.82834
0.82174
0.90615
0.83183
0.81563
0.83298
0.8264
0.80731
0.85293
0.83757
0.81297
0.84256
0.8251
0.93832
0.81527
0.84754
0.81282
0.81511
0.82379
0.84384
0.88257
0.90458
0.97376
0.86444
0.84799
0.8473
0.83689
0.83452
0.8346
0.81295
0.80195
0.95186
0.84739
0.85083
0.90479
0.84539
0.8298
0.80611
0.82066
0.85782
0.86411
0.84464
0.9065
0.83498
0.83317
0.92287
0.84056
0.82367
0.85487
0.82772
0.82088
0.79994
0.9814
0.82255
0.79706
0.80864
0.84551
0.83882
0.84076
0.98535
0.80166
0.82553
0.8166
0.82698
0.81822
0.80658
0.82681
0.80855
0.8138
0.83108
0.82362
0.94348
0.83218
0.81985
0.82355
0.7984
0.81578
0.83406
0.81594
0.80276
0.82139
0.81723
0.80977
0.85918
0.80902
0.83429
0.80459
0.82164
0.82703
0.86411
0.85346
0.90985
0.80377
0.92751
0.80606
0.80871
0.8743
0.85347
0.86278
0.83167
0.87629
0.84218
0.81758
0.90894
0.83097
0.89913
0.84597
0.94992
0.83327
0.82874
0.82831
0.88283
1.0663
1.091
0.88249
0.8588
0.85743
0.84008
0.84574
0.82445
0.83229
0.84848
0.81201
0.87411
0.8345
0.82874
0.84261
0.84419
0.8141
0.84637
0.90416
0.86861
0.87596
0.96229
0.82334
0.80174
0.82956
0.83733
0.84767
0.81775
0.90436
0.83373
0.80561
0.8349
0.82237
0.82711
0.8158
0.80902
0.81949
0.81474
0.83583
0.86532
0.82057
0.92188
0.87677
0.8528
0.8253
0.81913
0.82422
0.93898
0.84092
0.83043
0.84532
0.89502
0.84562
0.92113
0.89845
0.81773
0.83099
0.81641
0.81607
0.80626
0.91372
0.83136
0.83521
0.82027
0.82674
0.88862
0.83813
0.82773
0.83909
0.83157
0.83487
0.81786
0.90164
0.79954
0.80303
0.81321
0.83194
0.82297
0.81848
0.81247
0.83243
0.82563
0.8544
0.81755
0.83815
0.85019
0.83083
0.8136
0.83936
0.85787
0.99436
0.87144
1.0228
0.93077
0.81354
0.86457
0.81709
0.83595
0.93324
0.82278
0.84926
0.8305
0.85459
0.81555
0.87934
0.82
0.79888
0.82786
0.8205
0.82494
0.8316
0.84314
0.81111
0.8148
0.82394
0.87415
0.86028
0.8551
0.84056
0.89922
0.90471
0.85249
0.85702
0.86976
0.82407
0.90732
0.84653
0.81791
0.86907
0.98225
0.95855
0.91235
0.92284
0.95006
0.91264
0.85671
0.79336
0.82848
0.81527
0.81793
0.866
0.85486
0.83973
0.85589
0.87766
0.91768
0.94889
0.78608
0.93191
0.88101
0.84635
0.90754
0.91907
0.86138
0.81841
0.86131
0.79874
0.80542
0.83325
0.81425
0.81819
0.84147
0.84333
0.8022
0.80672
0.80414
0.82779
0.79883
0.81696
0.87817
0.83509
0.86896
0.83956
0.82584
0.83863
0.82908
0.978
0.8138
0.8427
0.82153
0.81478
0.86079
0.83387
0.85995
0.81351
0.81551
0.81638
0.86778
0.81716
0.88495
0.82964
0.80325
0.84495
0.80075
0.90993
0.89968
0.80188
0.84792
0.81025
0.80049
0.81712
0.83585
0.8331
0.81302
0.84356
0.81011
0.81653
0.83155
0.85473
0.85816
0.85586
0.83949
0.84888
0.81289
0.81723
0.79422
0.81264
0.82297
0.82067
0.82104
0.82645
0.87345
0.83819
0.85441
0.87083
