1
496.0000,403.0000,40.0000,42.0000
495.0000,385.0000,45.0000,47.0000
497.0000,373.0000,46.0000,49.0000
497.0000,365.0000,49.0000,52.0000
496.8249,358.2400,55.2292,58.6749
498.0000,363.0000,53.0000,54.0000
499.0000,364.0000,53.0000,55.0000
499.0000,364.0000,55.0000,57.0000
502.5387,372.1148,55.8015,58.4387
492.5387,380.1148,60.0000,64.0000
501.5387,399.1148,49.0000,59.0000
504.5387,425.1148,51.0000,61.0000
499.5387,416.1148,57.0000,74.0000
504.5387,383.1148,52.0000,63.0000
500.5387,370.1148,44.0000,50.0000
510.5387,365.1148,40.0000,41.0000
503.5387,350.1148,41.0000,38.0000
495.5387,338.1148,46.0000,37.0000
520.5387,319.1148,29.0000,32.0000
520.5387,319.1148,29.0000,32.0000
518.5387,308.1148,30.0000,34.0000
521.5387,310.1148,26.0000,32.0000
517.5387,305.1148,29.0000,36.0000
518.5387,316.1148,21.0000,31.0000
513.5387,326.1148,20.0000,31.0000
514.5387,334.1148,25.0000,37.0000
508.5387,333.1148,24.0000,36.0000
2
0
0
0
0
1
523.0000,387.0000,41.0000,41.0000
518.0000,375.0000,50.0000,47.0000
522.0000,369.0000,43.0000,33.0000
530.0000,360.0000,43.0000,31.0000
531.0000,351.0000,46.0000,29.0000
534.0000,345.0000,45.0000,33.0000
539.0000,341.0000,44.0000,34.0000
537.0000,333.0000,50.0000,41.0000
543.0000,334.0000,46.0000,40.0000
544.0000,349.0000,49.0000,35.0000
545.0000,358.0000,52.0000,40.0000
548.0000,357.0000,54.0000,43.0000
549.0000,381.0000,55.0000,47.0000
549.0000,390.0000,56.0000,44.0000
545.0000,386.0000,68.0000,44.0000
539.0000,365.0000,60.0000,48.0000
2
0
0
0
0
1
500.0000,244.0000,49.0000,48.0000
493.0000,243.0000,49.0000,48.0000
484.0000,241.0000,54.0000,53.0000
476.0000,239.0000,64.0000,62.0000
466.0000,246.0000,50.0000,49.0000
457.0000,235.0000,43.0000,36.0000
2
0
0
0
0
1
411.0000,380.0000,56.0000,52.0000
409.0000,358.0000,63.0000,60.0000
404.0000,351.0000,62.0000,54.0000
388.0000,344.0000,73.0000,56.0000
388.0000,344.0000,69.0000,52.0000
386.0000,341.0000,76.0000,55.0000
387.0000,338.0000,77.0000,56.0000
375.0000,338.0000,87.0000,63.0000
385.0000,344.0000,90.0000,65.0000
373.0000,339.0000,101.0000,73.0000
340.0000,312.0000,106.0000,79.0000
2
0
0
0
0
1
389.0000,409.0000,42.0000,41.0000
392.0000,395.0000,44.0000,43.0000
390.0000,384.0000,44.0000,43.0000
393.0000,378.0000,38.0000,38.0000
389.0000,369.0000,45.0000,45.0000
390.0000,368.0000,44.0000,43.0000
383.0000,372.0000,42.0000,33.0000
402.0000,383.0000,41.0000,31.0000
417.0000,384.0000,49.0000,34.0000
397.0000,385.0000,42.0000,31.0000
383.0000,380.0000,43.0000,32.0000
2
0
0
0
0
1
423.0000,376.0000,48.0000,43.0000
428.0000,361.0000,51.0000,46.0000
431.0000,348.0000,56.0000,52.0000
