1
150.0273,67.5476,44.0009,56.9996
150.0692,67.5027,44.0028,56.9938
149.9487,68.1290,43.9863,56.9529
149.4241,68.0249,43.9944,56.9562
149.3046,67.8028,43.9943,56.9462
149.0258,67.2403,43.9681,56.8986
148.9091,66.8053,43.9149,56.8131
149.0594,65.9408,43.7923,56.6360
150.2467,65.6536,43.5298,56.2394
151.6163,65.5529,42.9728,55.4714
157.0794,57.6552,43.0249,55.6284
157.5921,57.3490,43.0137,55.6604
161.1850,53.0742,43.3022,56.0379
162.0858,50.8233,43.4439,56.4151
166.2014,48.2425,43.4967,56.6208
167.4203,49.2424,43.6334,56.8697
171.8239,49.0927,43.7442,57.1066
174.7908,50.1852,43.7442,57.1066
178.9276,55.8957,43.7442,57.1066
185.3325,58.6764,43.7442,57.1066
190.0736,63.1628,43.7442,57.1066
195.2770,67.6748,43.7442,57.1066
199.5167,68.9148,43.7442,57.1066
202.8440,71.8116,43.7442,57.1066
207.7701,72.8285,43.3379,56.4143
210.6623,76.0870,43.3379,56.4143
214.3011,80.7142,43.3379,56.4143
215.4467,86.1864,43.3379,56.4143
220.1077,86.8830,43.3379,56.4143
220.8210,92.3455,42.8908,56.0384
224.4695,92.9749,42.8908,56.0384
218.8999,102.7256,42.8908,56.0384
222.0872,101.8491,42.8908,56.0384
219.0333,102.2265,42.8908,56.0384
222.1198,91.7493,42.8908,56.0384
213.4359,89.0822,42.8908,56.0384
212.3497,74.6199,42.8908,56.0384
203.6490,73.6574,42.8908,56.0384
195.9543,68.6624,42.8908,56.0384
198.5573,70.6167,42.8908,56.0384
199.1598,70.0640,42.8908,56.0384
199.6750,70.7857,42.8908,56.0384
203.7759,71.3360,42.8908,56.0384
2
0
0
0
0
1
97.1218,38.7029,38.0484,43.0571
90.7052,38.2080,38.2049,43.2504
84.1223,38.0968,38.1425,43.2721
79.0933,37.5751,38.0964,43.3037
73.8453,37.0901,37.9820,43.3214
69.1478,38.4895,38.0096,43.4331
66.0176,40.1585,37.9172,43.4669
60.3262,40.8755,38.4444,44.0682
56.7654,43.4577,38.6182,44.6588
53.9760,46.3568,38.6182,44.6588
53.9341,53.4504,38.6182,44.6588
58.0596,59.5115,38.6182,44.6588
58.3281,52.7510,38.6182,44.6588
55.5180,78.6627,38.6182,44.6588
81.2052,57.4814,38.6182,44.6588
86.7790,71.6162,38.6182,44.6588
107.7599,70.4838,38.6182,44.6587
124.3856,71.5149,38.6182,44.6587
136.0817,70.6805,38.6182,44.6587
167.8196,75.1173,38.6182,44.6587
165.4150,72.0152,38.6182,44.6587
174.0240,75.2100,38.6182,44.6587
188.8135,76.1094,38.6182,44.6587
177.5640,70.5244,38.6182,44.6587
186.3398,71.0390,38.6182,44.6587
186.3230,71.8910,38.6182,44.6587
188.1951,72.7935,38.6182,44.6587
190.4912,73.1897,38.6182,44.6587
192.7097,73.0390,38.6182,44.6587
191.4540,73.7027,38.6182,44.6587
210.0412,85.4781,38.6182,44.6587
204.7020,78.7208,38.6182,44.6587
201.1383,74.8104,38.6182,44.6587
191.5721,71.7688,38.6182,44.6587
181.9492,70.5670,38.6182,44.6587
193.0451,76.3773,38.6182,44.6587
171.0012,80.5604,38.6182,44.6587
169.5276,79.5947,38.6182,44.6587
164.2352,81.5257,38.6182,44.6587
159.8358,81.5051,38.6182,44.6587
156.0447,81.0472,38.6182,44.6587
152.7718,80.5313,38.6182,44.6587
148.1098,79.8917,38.6182,44.6587
143.2094,78.8838,38.6182,44.6587
137.1293,78.4480,38.7104,44.7643
130.8066,77.3519,38.7104,44.7643
129.5015,46.2045,38.7104,44.7643
148.2983,56.6818,38.7104,44.7643
147.8289,56.2073,38.7104,44.7643
150.9407,56.2251,38.7104,44.7643
144.9041,55.4357,38.7104,44.7643
2
0
0
0
0
1
228.7967,104.8372,34.8239,31.8478
232.6470,108.1286,33.8550,30.7728
234.6230,110.3125,33.8550,30.7728
236.3800,111.1352,33.5907,30.5320
237.6184,113.1479,33.5907,30.5320
242.0797,116.6925,33.2826,30.2227
241.4559,117.1711,33.3581,30.2566
241.1087,116.0736,33.3581,30.2566
240.0417,117.5102,33.3581,30.2566
243.2029,118.5993,33.3581,30.2566
241.9434,118.4816,33.3581,30.2566
240.0715,114.7204,33.3581,30.2566
234.1268,118.7667,33.3581,30.2566
231.3315,109.5081,33.3581,30.2566
225.6915,101.5637,33.3581,30.2566
225.0558,101.6001,33.3581,30.2566
205.0492,116.1868,33.3581,30.2566
202.3941,101.9573,33.3581,30.2566
198.6018,100.2321,33.3581,30.2566
186.1472,85.2403,33.3581,30.2566
178.3419,79.5670,33.3581,30.2566
170.1591,78.9249,33.3581,30.2566
170.7555,79.0689,33.3581,30.2566
170.6933,77.2575,33.3581,30.2566
170.7105,77.0624,33.3581,30.2566
2
0
0
0
0
1
101.0880,67.4234,41.9537,52.0394
109.9138,72.3597,41.9537,52.0394
118.5433,77.2030,41.9537,52.0394
125.9297,77.0964,41.9537,52.0394
146.4944,87.8450,41.9537,52.0394
151.0612,81.4556,41.9537,52.0394
151.2326,81.9643,41.9537,52.0394
155.5156,82.2483,41.9537,52.0394
2
0
0
0
0
1
231.6627,124.4101,31.9508,31.9654
236.9479,125.7381,31.0944,31.3269
243.9463,126.5017,31.1581,31.3373
249.3394,127.1598,31.1581,31.3373
253.5814,127.2069,31.1581,31.3373
253.0643,126.8288,31.1581,31.3373
251.4236,126.5608,31.1581,31.3373
226.7016,124.8740,31.7173,31.8799
222.1490,114.9603,31.7173,31.8799
212.1410,97.9502,31.7173,31.8799
198.6304,88.0012,31.7173,31.8799
189.7983,80.4280,31.7173,31.8799
184.8414,73.3106,31.7173,31.8799
177.7661,67.6470,31.7173,31.8799
176.3749,57.1611,31.7173,31.8799
176.4293,50.8282,31.7173,31.8799
179.3353,45.8026,31.7173,31.8799
181.8536,40.9742,31.7173,31.8799
186.1198,39.9133,31.7173,31.8799
178.3496,44.8826,31.7173,31.8799
190.2579,45.3653,31.7173,31.8799
214.0996,43.9761,31.7173,31.8799
223.3664,47.1913,31.7173,31.8799
233.2049,55.1062,31.7173,31.8799
242.4178,54.4126,31.7173,31.8799
239.5526,69.6892,31.7173,31.8799
257.1512,63.4231,31.7173,31.8799
251.7215,76.9966,31.7173,31.8799
255.8323,63.0851,31.7173,31.8799
251.3342,63.6069,31.7173,31.8799
246.1649,61.4265,31.7173,31.8799
245.5444,57.4393,31.7173,31.8799
239.8150,53.4662,31.9289,32.0644
234.2003,50.8185,31.9289,32.0644
230.5402,51.8292,31.0737,31.1496
223.4405,50.3793,30.2890,30.3233
214.8930,49.7363,30.2890,30.3233
206.0735,46.4236,30.1302,30.1213
194.1048,46.2120,29.7552,29.8316
183.5819,44.7593,29.4334,29.6707
172.0598,45.1119,29.4334,29.6707
159.4988,45.2313,29.4334,29.6707
148.0093,44.9934,29.4334,29.6707
135.7538,45.9305,29.4334,29.6707
126.9022,43.1854,29.4334,29.6707
114.5408,46.2617,29.4334,29.6707
106.4629,45.6602,29.4334,29.6707
99.0510,38.5014,29.4334,29.6707
88.4527,38.9724,29.4334,29.6707
82.7471,38.6999,29.4334,29.6707
77.0797,39.2471,29.4334,29.6707
72.1094,40.7891,29.4334,29.6707
68.4051,43.0751,29.4334,29.6707
67.7667,48.2077,29.4334,29.6707
68.5384,56.2521,29.4334,29.6707
72.7586,64.9124,29.4334,29.6707
77.6451,73.0704,29.4334,29.6707
83.6940,82.2584,29.4334,29.6707
92.4687,92.8546,29.4334,29.6707
97.3174,99.1377,29.4334,29.6707
105.8552,112.1487,29.4334,29.6707
109.5845,120.3882,29.4334,29.6707
109.2506,125.8353,29.4334,29.6707
109.4020,132.1759,29.4334,29.6707
104.0977,151.2102,29.4334,29.6707
114.0565,140.3729,29.4334,29.6707
112.9688,142.4308,29.4334,29.6707
113.4916,138.7040,29.4334,29.6707
115.5215,135.8120,29.4334,29.6707
119.7513,136.0049,29.4334,29.6707
123.8005,135.9306,29.4334,29.6707
127.7988,136.1977,29.4334,29.6707
131.5339,134.9859,29.4334,29.6707
132.6571,135.5860,29.4334,29.6707
133.5913,136.4666,29.6981,29.8898
134.6264,136.5144,29.6981,29.8898
135.6610,136.9313,29.6981,29.8898
136.6605,136.3414,29.6981,29.8898
139.4895,135.5390,29.6981,29.8898
136.5410,127.4086,29.6981,29.8898
138.6368,127.5634,29.6981,29.8898
141.3233,122.8363,29.6981,29.8898
140.6388,119.6016,29.6981,29.8898
132.1183,119.6506,29.6981,29.8898
137.2637,112.7410,29.6981,29.8898
151.6994,112.5658,29.6981,29.8898
151.9103,111.7924,29.6981,29.8898
156.5916,109.8380,29.6981,29.8898
160.5896,109.2504,29.6981,29.8898
162.3644,104.0202,29.6981,29.8898
165.8807,104.7125,29.6981,29.8898
169.5834,103.2192,29.6981,29.8898
173.5658,103.3991,29.6981,29.8898
175.0545,101.3224,29.6981,29.8898
174.6139,101.3258,29.6981,29.8898
172.3050,101.6586,29.6981,29.8898
166.3662,97.5200,29.6981,29.8898
158.2966,98.4497,29.6981,29.8898
149.6020,96.8805,29.6981,29.8898
143.7108,93.2741,29.6981,29.8898
133.8006,92.7194,29.6981,29.8898
126.6155,89.3273,29.6981,29.8898
122.1542,89.1563,29.6981,29.8898
117.2679,88.7950,29.6981,29.8898
115.6949,89.1941,29.6981,29.8898
114.8974,89.3309,29.6981,29.8898
114.3194,89.8363,29.6981,29.8898
116.8381,89.3214,29.6981,29.8898
116.6048,90.0515,29.6981,29.8898
119.7502,90.5352,29.6981,29.8898
120.9607,90.5049,29.6981,29.8898
122.6769,90.3989,29.6981,29.8898
123.8207,90.3527,29.7204,29.8700
124.5276,90.4824,29.7108,29.8443
126.1585,90.8712,29.7108,29.8443
