1
163.1900,53.1300,206.4700,52.9700,207.1300,227.5700,163.8600,227.7300
166.0000,53.0000,210.0000,53.0000,210.0000,226.0000,166.0000,226.0000
166.0000,53.0000,210.0000,53.0000,210.0000,226.0000,166.0000,226.0000
166.0000,53.0000,210.0000,53.0000,210.0000,226.0000,166.0000,226.0000
166.0000,53.0000,210.0000,53.0000,210.0000,226.0000,166.0000,226.0000
166.0000,53.0000,210.0000,53.0000,210.0000,226.0000,166.0000,226.0000
166.0000,53.0000,210.0000,53.0000,210.0000,226.0000,166.0000,226.0000
166.0000,53.0000,210.0000,53.0000,210.0000,226.0000,166.0000,226.0000
166.0000,53.0000,210.0000,53.0000,210.0000,226.0000,166.0000,226.0000
166.0000,53.0000,210.0000,53.0000,210.0000,226.0000,166.0000,226.0000
166.0000,53.0000,210.0000,53.0000,210.0000,226.0000,166.0000,226.0000
166.0000,53.0000,210.0000,53.0000,210.0000,226.0000,166.0000,226.0000
166.0000,53.0000,210.0000,53.0000,210.0000,226.0000,166.0000,226.0000
166.0000,53.0000,210.0000,53.0000,210.0000,226.0000,166.0000,226.0000
166.0000,53.0000,210.0000,53.0000,210.0000,226.0000,166.0000,226.0000
166.0000,53.0000,210.0000,53.0000,210.0000,226.0000,166.0000,226.0000
166.0000,53.0000,210.0000,53.0000,210.0000,226.0000,166.0000,226.0000
166.0000,53.0000,210.0000,53.0000,210.0000,226.0000,166.0000,226.0000
166.0000,53.0000,210.0000,53.0000,210.0000,226.0000,166.0000,226.0000
166.0000,53.0000,210.0000,53.0000,210.0000,226.0000,166.0000,226.0000
166.0000,53.0000,210.0000,53.0000,210.0000,226.0000,166.0000,226.0000
166.0000,54.0000,210.0000,54.0000,210.0000,225.0000,166.0000,225.0000
166.0000,54.0000,210.0000,54.0000,210.0000,225.0000,166.0000,225.0000
166.0000,54.0000,210.0000,54.0000,210.0000,225.0000,166.0000,225.0000
166.0000,54.0000,210.0000,54.0000,210.0000,225.0000,166.0000,225.0000
166.0000,54.0000,210.0000,54.0000,210.0000,225.0000,166.0000,225.0000
166.0000,54.0000,210.0000,54.0000,210.0000,225.0000,166.0000,225.0000
166.0000,54.0000,210.0000,54.0000,210.0000,225.0000,166.0000,225.0000
166.0000,54.0000,210.0000,54.0000,210.0000,225.0000,166.0000,225.0000
166.0000,54.0000,210.0000,54.0000,210.0000,225.0000,166.0000,225.0000
166.0000,54.0000,210.0000,54.0000,210.0000,225.0000,166.0000,225.0000
166.0000,54.0000,210.0000,54.0000,210.0000,225.0000,166.0000,225.0000
166.0000,54.0000,210.0000,54.0000,210.0000,225.0000,166.0000,225.0000
166.0000,54.0000,210.0000,54.0000,210.0000,225.0000,166.0000,225.0000
166.0000,54.0000,210.0000,54.0000,210.0000,225.0000,166.0000,225.0000
166.0000,54.0000,210.0000,54.0000,210.0000,225.0000,166.0000,225.0000
166.0000,54.0000,210.0000,54.0000,210.0000,225.0000,166.0000,225.0000
166.0000,54.0000,210.0000,54.0000,210.0000,225.0000,166.0000,225.0000
166.0000,54.0000,210.0000,54.0000,210.0000,225.0000,166.0000,225.0000
147.0000,52.0000,190.0000,52.0000,190.0000,222.0000,147.0000,222.0000
147.0000,52.0000,190.0000,52.0000,190.0000,222.0000,147.0000,222.0000
147.0000,52.0000,190.0000,52.0000,190.0000,222.0000,147.0000,222.0000
147.0000,52.0000,190.0000,52.0000,190.0000,222.0000,147.0000,222.0000
147.0000,52.0000,190.0000,52.0000,190.0000,222.0000,147.0000,222.0000
147.0000,52.0000,190.0000,52.0000,190.0000,222.0000,147.0000,222.0000
147.0000,52.0000,190.0000,52.0000,190.0000,222.0000,147.0000,222.0000
147.0000,52.0000,190.0000,52.0000,190.0000,222.0000,147.0000,222.0000
147.0000,52.0000,190.0000,52.0000,190.0000,222.0000,147.0000,222.0000
147.0000,52.0000,190.0000,52.0000,190.0000,222.0000,147.0000,222.0000
147.0000,52.0000,190.0000,52.0000,190.0000,222.0000,147.0000,222.0000
147.0000,52.0000,190.0000,52.0000,190.0000,222.0000,147.0000,222.0000
147.0000,52.0000,190.0000,52.0000,190.0000,222.0000,147.0000,222.0000
147.0000,52.0000,190.0000,52.0000,190.0000,222.0000,147.0000,222.0000
147.0000,52.0000,190.0000,52.0000,190.0000,222.0000,147.0000,222.0000
147.0000,52.0000,190.0000,52.0000,190.0000,222.0000,147.0000,222.0000
147.0000,52.0000,190.0000,52.0000,190.0000,222.0000,147.0000,222.0000
147.0000,52.0000,190.0000,52.0000,190.0000,222.0000,147.0000,222.0000
147.0000,52.0000,190.0000,52.0000,190.0000,222.0000,147.0000,222.0000
147.0000,52.0000,190.0000,52.0000,190.0000,222.0000,147.0000,222.0000
147.0000,52.0000,190.0000,52.0000,190.0000,222.0000,147.0000,222.0000
151.0000,58.0000,193.0000,58.0000,193.0000,224.0000,151.0000,224.0000
151.0000,58.0000,193.0000,58.0000,193.0000,224.0000,151.0000,224.0000
151.0000,58.0000,193.0000,58.0000,193.0000,224.0000,151.0000,224.0000
151.0000,58.0000,193.0000,58.0000,193.0000,224.0000,151.0000,224.0000
151.0000,58.0000,193.0000,58.0000,193.0000,224.0000,151.0000,224.0000
151.0000,58.0000,193.0000,58.0000,193.0000,224.0000,151.0000,224.0000
151.0000,58.0000,193.0000,58.0000,193.0000,224.0000,151.0000,224.0000
151.0000,58.0000,193.0000,58.0000,193.0000,224.0000,151.0000,224.0000
151.0000,58.0000,193.0000,58.0000,193.0000,224.0000,151.0000,224.0000
151.0000,58.0000,193.0000,58.0000,193.0000,224.0000,151.0000,224.0000
151.0000,58.0000,193.0000,58.0000,193.0000,224.0000,151.0000,224.0000
151.0000,58.0000,193.0000,58.0000,193.0000,224.0000,151.0000,224.0000
151.0000,58.0000,193.0000,58.0000,193.0000,224.0000,151.0000,224.0000
151.0000,58.0000,193.0000,58.0000,193.0000,224.0000,151.0000,224.0000
151.0000,58.0000,193.0000,58.0000,193.0000,224.0000,151.0000,224.0000
151.0000,58.0000,193.0000,58.0000,193.0000,224.0000,151.0000,224.0000
151.0000,58.0000,193.0000,58.0000,193.0000,224.0000,151.0000,224.0000
2
174.0000,55.0000,216.0000,55.0000,216.0000,220.0000,174.0000,220.0000
0
0
0
0
1
214.2700,51.7000,253.1300,47.1200,274.6200,229.4800,235.7600,234.0600
220.0000,64.0000,269.0000,64.0000,269.0000,214.0000,220.0000,214.0000
220.0000,64.0000,269.0000,64.0000,269.0000,214.0000,220.0000,214.0000
220.0000,64.0000,269.0000,64.0000,269.0000,214.0000,220.0000,214.0000
220.0000,64.0000,269.0000,64.0000,269.0000,214.0000,220.0000,214.0000
220.0000,64.0000,269.0000,64.0000,269.0000,214.0000,220.0000,214.0000
220.0000,64.0000,269.0000,64.0000,269.0000,214.0000,220.0000,214.0000
220.0000,64.0000,269.0000,64.0000,269.0000,214.0000,220.0000,214.0000
220.0000,64.0000,269.0000,64.0000,269.0000,214.0000,220.0000,214.0000
220.0000,64.0000,269.0000,64.0000,269.0000,214.0000,220.0000,214.0000
220.0000,64.0000,269.0000,64.0000,269.0000,214.0000,220.0000,214.0000
220.0000,64.0000,269.0000,64.0000,269.0000,214.0000,220.0000,214.0000
220.0000,64.0000,269.0000,64.0000,269.0000,214.0000,220.0000,214.0000
220.0000,64.0000,269.0000,64.0000,269.0000,214.0000,220.0000,214.0000
220.0000,64.0000,269.0000,64.0000,269.0000,214.0000,220.0000,214.0000
220.0000,64.0000,269.0000,64.0000,269.0000,214.0000,220.0000,214.0000
220.0000,64.0000,269.0000,64.0000,269.0000,214.0000,220.0000,214.0000
220.0000,64.0000,269.0000,64.0000,269.0000,214.0000,220.0000,214.0000
220.0000,64.0000,269.0000,64.0000,269.0000,214.0000,220.0000,214.0000
220.0000,64.0000,269.0000,64.0000,269.0000,214.0000,220.0000,214.0000
221.0000,65.0000,268.0000,65.0000,268.0000,212.0000,221.0000,212.0000
221.0000,65.0000,268.0000,65.0000,268.0000,212.0000,221.0000,212.0000
221.0000,65.0000,268.0000,65.0000,268.0000,212.0000,221.0000,212.0000
221.0000,65.0000,268.0000,65.0000,268.0000,212.0000,221.0000,212.0000
221.0000,65.0000,268.0000,65.0000,268.0000,212.0000,221.0000,212.0000
221.0000,65.0000,268.0000,65.0000,268.0000,212.0000,221.0000,212.0000
221.0000,65.0000,268.0000,65.0000,268.0000,212.0000,221.0000,212.0000
221.0000,65.0000,268.0000,65.0000,268.0000,212.0000,221.0000,212.0000
221.0000,65.0000,268.0000,65.0000,268.0000,212.0000,221.0000,212.0000
221.0000,65.0000,268.0000,65.0000,268.0000,212.0000,221.0000,212.0000
221.0000,65.0000,268.0000,65.0000,268.0000,212.0000,221.0000,212.0000
221.0000,65.0000,268.0000,65.0000,268.0000,212.0000,221.0000,212.0000
221.0000,65.0000,268.0000,65.0000,268.0000,212.0000,221.0000,212.0000
221.0000,65.0000,268.0000,65.0000,268.0000,212.0000,221.0000,212.0000
221.0000,65.0000,268.0000,65.0000,268.0000,212.0000,221.0000,212.0000
221.0000,65.0000,268.0000,65.0000,268.0000,212.0000,221.0000,212.0000
221.0000,65.0000,268.0000,65.0000,268.0000,212.0000,221.0000,212.0000
221.0000,65.0000,268.0000,65.0000,268.0000,212.0000,221.0000,212.0000
221.0000,65.0000,268.0000,65.0000,268.0000,212.0000,221.0000,212.0000
243.0000,66.0000,290.0000,66.0000,290.0000,214.0000,243.0000,214.0000
2
0
0
0
0
0
0
0
0
0
0
0
0
0
0
0
0
0
0
169.0000,32.0000,217.0000,32.0000,217.0000,182.0000,169.0000,182.0000
0
0
0
0
1
237.2800,71.2500,275.1800,63.4400,305.6700,211.4500,267.7700,219.2600
248.0000,84.0000,300.0000,84.0000,300.0000,200.0000,248.0000,200.0000
248.0000,84.0000,300.0000,84.0000,300.0000,200.0000,248.0000,200.0000
248.0000,84.0000,300.0000,84.0000,300.0000,200.0000,248.0000,200.0000
248.0000,84.0000,300.0000,84.0000,300.0000,200.0000,248.0000,200.0000
248.0000,84.0000,300.0000,84.0000,300.0000,200.0000,248.0000,200.0000
248.0000,84.0000,300.0000,84.0000,300.0000,200.0000,248.0000,200.0000
248.0000,84.0000,300.0000,84.0000,300.0000,200.0000,248.0000,200.0000
248.0000,84.0000,300.0000,84.0000,300.0000,200.0000,248.0000,200.0000
248.0000,84.0000,300.0000,84.0000,300.0000,200.0000,248.0000,200.0000
248.0000,84.0000,300.0000,84.0000,300.0000,200.0000,248.0000,200.0000
248.0000,84.0000,300.0000,84.0000,300.0000,200.0000,248.0000,200.0000
248.0000,84.0000,300.0000,84.0000,300.0000,200.0000,248.0000,200.0000
248.0000,84.0000,300.0000,84.0000,300.0000,200.0000,248.0000,200.0000
248.0000,84.0000,300.0000,84.0000,300.0000,200.0000,248.0000,200.0000
248.0000,84.0000,300.0000,84.0000,300.0000,200.0000,248.0000,200.0000
248.0000,84.0000,300.0000,84.0000,300.0000,200.0000,248.0000,200.0000
248.0000,84.0000,300.0000,84.0000,300.0000,200.0000,248.0000,200.0000
248.0000,84.0000,300.0000,84.0000,300.0000,200.0000,248.0000,200.0000
248.0000,84.0000,300.0000,84.0000,300.0000,200.0000,248.0000,200.0000
249.0000,84.0000,300.0000,84.0000,300.0000,200.0000,249.0000,200.0000
249.0000,84.0000,300.0000,84.0000,300.0000,200.0000,249.0000,200.0000
0
0
0
0
0
0
0
0
0
0
0
0
0
0
0
0
0
2
0
0
0
0
1
251.0200,77.9600,284.5100,100.1500,193.3100,237.8000,159.8100,215.6100
186.0000,112.0000,258.0000,112.0000,258.0000,204.0000,186.0000,204.0000
186.0000,112.0000,258.0000,112.0000,258.0000,204.0000,186.0000,204.0000
186.0000,112.0000,258.0000,112.0000,258.0000,204.0000,186.0000,204.0000
186.0000,112.0000,258.0000,112.0000,258.0000,204.0000,186.0000,204.0000
186.0000,112.0000,258.0000,112.0000,258.0000,204.0000,186.0000,204.0000
186.0000,112.0000,258.0000,112.0000,258.0000,204.0000,186.0000,204.0000
186.0000,112.0000,258.0000,112.0000,258.0000,204.0000,186.0000,204.0000
186.0000,112.0000,258.0000,112.0000,258.0000,204.0000,186.0000,204.0000
186.0000,112.0000,258.0000,112.0000,258.0000,204.0000,186.0000,204.0000
186.0000,112.0000,258.0000,112.0000,258.0000,204.0000,186.0000,204.0000
186.0000,112.0000,258.0000,112.0000,258.0000,204.0000,186.0000,204.0000
186.0000,112.0000,258.0000,112.0000,258.0000,204.0000,186.0000,204.0000
186.0000,112.0000,258.0000,112.0000,258.0000,204.0000,186.0000,204.0000
186.0000,112.0000,258.0000,112.0000,258.0000,204.0000,186.0000,204.0000
186.0000,112.0000,258.0000,112.0000,258.0000,204.0000,186.0000,204.0000
186.0000,112.0000,258.0000,112.0000,258.0000,204.0000,186.0000,204.0000
186.0000,112.0000,258.0000,112.0000,258.0000,204.0000,186.0000,204.0000
186.0000,112.0000,258.0000,112.0000,258.0000,204.0000,186.0000,204.0000
186.0000,112.0000,258.0000,112.0000,258.0000,204.0000,186.0000,204.0000
186.0000,112.0000,258.0000,112.0000,258.0000,204.0000,186.0000,204.0000
184.0000,112.0000,257.0000,112.0000,257.0000,205.0000,184.0000,205.0000
184.0000,112.0000,257.0000,112.0000,257.0000,205.0000,184.0000,205.0000
184.0000,112.0000,257.0000,112.0000,257.0000,205.0000,184.0000,205.0000
184.0000,112.0000,257.0000,112.0000,257.0000,205.0000,184.0000,205.0000
184.0000,112.0000,257.0000,112.0000,257.0000,205.0000,184.0000,205.0000
184.0000,112.0000,257.0000,112.0000,257.0000,205.0000,184.0000,205.0000
184.0000,112.0000,257.0000,112.0000,257.0000,205.0000,184.0000,205.0000
184.0000,112.0000,257.0000,112.0000,257.0000,205.0000,184.0000,205.0000
184.0000,112.0000,257.0000,112.0000,257.0000,205.0000,184.0000,205.0000
184.0000,112.0000,257.0000,112.0000,257.0000,205.0000,184.0000,205.0000
184.0000,112.0000,257.0000,112.0000,257.0000,205.0000,184.0000,205.0000
184.0000,112.0000,257.0000,112.0000,257.0000,205.0000,184.0000,205.0000
184.0000,112.0000,257.0000,112.0000,257.0000,205.0000,184.0000,205.0000
184.0000,112.0000,257.0000,112.0000,257.0000,205.0000,184.0000,205.0000
184.0000,112.0000,257.0000,112.0000,257.0000,205.0000,184.0000,205.0000
184.0000,112.0000,257.0000,112.0000,257.0000,205.0000,184.0000,205.0000
184.0000,112.0000,257.0000,112.0000,257.0000,205.0000,184.0000,205.0000
184.0000,112.0000,257.0000,112.0000,257.0000,205.0000,184.0000,205.0000
2
0
0
0
0
1
208.1500,98.5300,245.5300,73.8600,334.1200,208.0900,296.7400,232.7600
235.0000,109.0000,312.0000,109.0000,312.0000,205.0000,235.0000,205.0000
235.0000,109.0000,312.0000,109.0000,312.0000,205.0000,235.0000,205.0000
235.0000,109.0000,312.0000,109.0000,312.0000,205.0000,235.0000,205.0000
235.0000,109.0000,312.0000,109.0000,312.0000,205.0000,235.0000,205.0000
235.0000,109.0000,312.0000,109.0000,312.0000,205.0000,235.0000,205.0000
235.0000,109.0000,312.0000,109.0000,312.0000,205.0000,235.0000,205.0000
235.0000,109.0000,312.0000,109.0000,312.0000,205.0000,235.0000,205.0000
235.0000,109.0000,312.0000,109.0000,312.0000,205.0000,235.0000,205.0000
235.0000,109.0000,312.0000,109.0000,312.0000,205.0000,235.0000,205.0000
235.0000,109.0000,312.0000,109.0000,312.0000,205.0000,235.0000,205.0000
235.0000,109.0000,312.0000,109.0000,312.0000,205.0000,235.0000,205.0000
235.0000,109.0000,312.0000,109.0000,312.0000,205.0000,235.0000,205.0000
235.0000,109.0000,312.0000,109.0000,312.0000,205.0000,235.0000,205.0000
235.0000,109.0000,312.0000,109.0000,312.0000,205.0000,235.0000,205.0000
235.0000,109.0000,312.0000,109.0000,312.0000,205.0000,235.0000,205.0000
235.0000,109.0000,312.0000,109.0000,312.0000,205.0000,235.0000,205.0000
235.0000,109.0000,312.0000,109.0000,312.0000,205.0000,235.0000,205.0000
235.0000,109.0000,312.0000,109.0000,312.0000,205.0000,235.0000,205.0000
235.0000,109.0000,312.0000,109.0000,312.0000,205.0000,235.0000,205.0000
235.0000,109.0000,312.0000,109.0000,312.0000,205.0000,235.0000,205.0000
236.0000,110.0000,313.0000,110.0000,313.0000,206.0000,236.0000,206.0000
236.0000,110.0000,313.0000,110.0000,313.0000,206.0000,236.0000,206.0000
236.0000,110.0000,313.0000,110.0000,313.0000,206.0000,236.0000,206.0000
236.0000,110.0000,313.0000,110.0000,313.0000,206.0000,236.0000,206.0000
236.0000,110.0000,313.0000,110.0000,313.0000,206.0000,236.0000,206.0000
236.0000,110.0000,313.0000,110.0000,313.0000,206.0000,236.0000,206.0000
236.0000,110.0000,313.0000,110.0000,313.0000,206.0000,236.0000,206.0000
236.0000,110.0000,313.0000,110.0000,313.0000,206.0000,236.0000,206.0000
236.0000,110.0000,313.0000,110.0000,313.0000,206.0000,236.0000,206.0000
236.0000,110.0000,313.0000,110.0000,313.0000,206.0000,236.0000,206.0000
236.0000,110.0000,313.0000,110.0000,313.0000,206.0000,236.0000,206.0000
236.0000,110.0000,313.0000,110.0000,313.0000,206.0000,236.0000,206.0000
236.0000,110.0000,313.0000,110.0000,313.0000,206.0000,236.0000,206.0000
236.0000,110.0000,313.0000,110.0000,313.0000,206.0000,236.0000,206.0000
236.0000,110.0000,313.0000,110.0000,313.0000,206.0000,236.0000,206.0000
236.0000,110.0000,313.0000,110.0000,313.0000,206.0000,236.0000,206.0000
236.0000,110.0000,313.0000,110.0000,313.0000,206.0000,236.0000,206.0000
236.0000,110.0000,313.0000,110.0000,313.0000,206.0000,236.0000,206.0000
236.0000,110.0000,313.0000,110.0000,313.0000,206.0000,236.0000,206.0000
220.0000,107.0000,295.0000,107.0000,295.0000,201.0000,220.0000,201.0000
220.0000,107.0000,295.0000,107.0000,295.0000,201.0000,220.0000,201.0000
220.0000,107.0000,295.0000,107.0000,295.0000,201.0000,220.0000,201.0000
220.0000,107.0000,295.0000,107.0000,295.0000,201.0000,220.0000,201.0000
220.0000,107.0000,295.0000,107.0000,295.0000,201.0000,220.0000,201.0000
220.0000,107.0000,295.0000,107.0000,295.0000,201.0000,220.0000,201.0000
220.0000,107.0000,295.0000,107.0000,295.0000,201.0000,220.0000,201.0000
220.0000,107.0000,295.0000,107.0000,295.0000,201.0000,220.0000,201.0000
220.0000,107.0000,295.0000,107.0000,295.0000,201.0000,220.0000,201.0000
220.0000,107.0000,295.0000,107.0000,295.0000,201.0000,220.0000,201.0000
220.0000,107.0000,295.0000,107.0000,295.0000,201.0000,220.0000,201.0000
220.0000,107.0000,295.0000,107.0000,295.0000,201.0000,220.0000,201.0000
220.0000,107.0000,295.0000,107.0000,295.0000,201.0000,220.0000,201.0000
220.0000,107.0000,295.0000,107.0000,295.0000,201.0000,220.0000,201.0000
220.0000,107.0000,295.0000,107.0000,295.0000,201.0000,220.0000,201.0000
220.0000,107.0000,295.0000,107.0000,295.0000,201.0000,220.0000,201.0000
220.0000,107.0000,295.0000,107.0000,295.0000,201.0000,220.0000,201.0000
220.0000,107.0000,295.0000,107.0000,295.0000,201.0000,220.0000,201.0000
220.0000,107.0000,295.0000,107.0000,295.0000,201.0000,220.0000,201.0000
220.0000,112.0000,296.0000,112.0000,296.0000,207.0000,220.0000,207.0000
220.0000,112.0000,296.0000,112.0000,296.0000,207.0000,220.0000,207.0000
220.0000,112.0000,296.0000,112.0000,296.0000,207.0000,220.0000,207.0000
220.0000,112.0000,296.0000,112.0000,296.0000,207.0000,220.0000,207.0000
220.0000,112.0000,296.0000,112.0000,296.0000,207.0000,220.0000,207.0000
220.0000,112.0000,296.0000,112.0000,296.0000,207.0000,220.0000,207.0000
220.0000,112.0000,296.0000,112.0000,296.0000,207.0000,220.0000,207.0000
220.0000,112.0000,296.0000,112.0000,296.0000,207.0000,220.0000,207.0000
220.0000,112.0000,296.0000,112.0000,296.0000,207.0000,220.0000,207.0000
220.0000,112.0000,296.0000,112.0000,296.0000,207.0000,220.0000,207.0000
220.0000,112.0000,296.0000,112.0000,296.0000,207.0000,220.0000,207.0000
220.0000,112.0000,296.0000,112.0000,296.0000,207.0000,220.0000,207.0000
220.0000,112.0000,296.0000,112.0000,296.0000,207.0000,220.0000,207.0000
220.0000,112.0000,296.0000,112.0000,296.0000,207.0000,220.0000,207.0000
220.0000,112.0000,296.0000,112.0000,296.0000,207.0000,220.0000,207.0000
220.0000,112.0000,296.0000,112.0000,296.0000,207.0000,220.0000,207.0000
220.0000,112.0000,296.0000,112.0000,296.0000,207.0000,220.0000,207.0000
220.0000,112.0000,296.0000,112.0000,296.0000,207.0000,220.0000,207.0000
220.0000,112.0000,296.0000,112.0000,296.0000,207.0000,220.0000,207.0000
209.0000,101.0000,287.0000,101.0000,287.0000,197.0000,209.0000,197.0000
209.0000,101.0000,287.0000,101.0000,287.0000,197.0000,209.0000,197.0000
209.0000,101.0000,287.0000,101.0000,287.0000,197.0000,209.0000,197.0000
209.0000,101.0000,287.0000,101.0000,287.0000,197.0000,209.0000,197.0000
209.0000,101.0000,287.0000,101.0000,287.0000,197.0000,209.0000,197.0000
209.0000,101.0000,287.0000,101.0000,287.0000,197.0000,209.0000,197.0000
209.0000,101.0000,287.0000,101.0000,287.0000,197.0000,209.0000,197.0000
209.0000,101.0000,287.0000,101.0000,287.0000,197.0000,209.0000,197.0000
209.0000,101.0000,287.0000,101.0000,287.0000,197.0000,209.0000,197.0000
209.0000,101.0000,287.0000,101.0000,287.0000,197.0000,209.0000,197.0000
209.0000,101.0000,287.0000,101.0000,287.0000,197.0000,209.0000,197.0000
209.0000,101.0000,287.0000,101.0000,287.0000,197.0000,209.0000,197.0000
209.0000,101.0000,287.0000,101.0000,287.0000,197.0000,209.0000,197.0000
209.0000,101.0000,287.0000,101.0000,287.0000,197.0000,209.0000,197.0000
209.0000,101.0000,287.0000,101.0000,287.0000,197.0000,209.0000,197.0000
209.0000,101.0000,287.0000,101.0000,287.0000,197.0000,209.0000,197.0000
209.0000,101.0000,287.0000,101.0000,287.0000,197.0000,209.0000,197.0000
209.0000,101.0000,287.0000,101.0000,287.0000,197.0000,209.0000,197.0000
209.0000,101.0000,287.0000,101.0000,287.0000,197.0000,209.0000,197.0000
209.0000,101.0000,287.0000,101.0000,287.0000,197.0000,209.0000,197.0000
209.0000,101.0000,287.0000,101.0000,287.0000,197.0000,209.0000,197.0000
209.0000,101.0000,287.0000,101.0000,287.0000,197.0000,209.0000,197.0000
189.0000,93.0000,265.0000,93.0000,265.0000,188.0000,189.0000,188.0000
189.0000,93.0000,265.0000,93.0000,265.0000,188.0000,189.0000,188.0000
189.0000,93.0000,265.0000,93.0000,265.0000,188.0000,189.0000,188.0000
189.0000,93.0000,265.0000,93.0000,265.0000,188.0000,189.0000,188.0000
189.0000,93.0000,265.0000,93.0000,265.0000,188.0000,189.0000,188.0000
189.0000,93.0000,265.0000,93.0000,265.0000,188.0000,189.0000,188.0000
189.0000,93.0000,265.0000,93.0000,265.0000,188.0000,189.0000,188.0000
189.0000,93.0000,265.0000,93.0000,265.0000,188.0000,189.0000,188.0000
189.0000,93.0000,265.0000,93.0000,265.0000,188.0000,189.0000,188.0000
189.0000,93.0000,265.0000,93.0000,265.0000,188.0000,189.0000,188.0000
189.0000,93.0000,265.0000,93.0000,265.0000,188.0000,189.0000,188.0000
189.0000,93.0000,265.0000,93.0000,265.0000,188.0000,189.0000,188.0000
189.0000,93.0000,265.0000,93.0000,265.0000,188.0000,189.0000,188.0000
189.0000,93.0000,265.0000,93.0000,265.0000,188.0000,189.0000,188.0000
189.0000,93.0000,265.0000,93.0000,265.0000,188.0000,189.0000,188.0000
189.0000,93.0000,265.0000,93.0000,265.0000,188.0000,189.0000,188.0000
189.0000,93.0000,265.0000,93.0000,265.0000,188.0000,189.0000,188.0000
189.0000,93.0000,265.0000,93.0000,265.0000,188.0000,189.0000,188.0000
209.0000,100.0000,286.0000,100.0000,286.0000,197.0000,209.0000,197.0000
209.0000,100.0000,286.0000,100.0000,286.0000,197.0000,209.0000,197.0000
209.0000,100.0000,286.0000,100.0000,286.0000,197.0000,209.0000,197.0000
209.0000,100.0000,286.0000,100.0000,286.0000,197.0000,209.0000,197.0000
209.0000,100.0000,286.0000,100.0000,286.0000,197.0000,209.0000,197.0000
209.0000,100.0000,286.0000,100.0000,286.0000,197.0000,209.0000,197.0000
209.0000,100.0000,286.0000,100.0000,286.0000,197.0000,209.0000,197.0000
209.0000,100.0000,286.0000,100.0000,286.0000,197.0000,209.0000,197.0000
209.0000,100.0000,286.0000,100.0000,286.0000,197.0000,209.0000,197.0000
209.0000,100.0000,286.0000,100.0000,286.0000,197.0000,209.0000,197.0000
209.0000,100.0000,286.0000,100.0000,286.0000,197.0000,209.0000,197.0000
209.0000,100.0000,286.0000,100.0000,286.0000,197.0000,209.0000,197.0000
209.0000,100.0000,286.0000,100.0000,286.0000,197.0000,209.0000,197.0000
209.0000,100.0000,286.0000,100.0000,286.0000,197.0000,209.0000,197.0000
209.0000,100.0000,286.0000,100.0000,286.0000,197.0000,209.0000,197.0000
209.0000,100.0000,286.0000,100.0000,286.0000,197.0000,209.0000,197.0000
209.0000,100.0000,286.0000,100.0000,286.0000,197.0000,209.0000,197.0000
209.0000,100.0000,286.0000,100.0000,286.0000,197.0000,209.0000,197.0000
2
0
0
0
0
1
198.3300,42.1900,241.1200,47.5900,216.8000,240.2700,174.0000,234.8700
175.0000,62.0000,228.0000,62.0000,228.0000,219.0000,175.0000,219.0000
175.0000,62.0000,228.0000,62.0000,228.0000,219.0000,175.0000,219.0000
175.0000,62.0000,228.0000,62.0000,228.0000,219.0000,175.0000,219.0000
175.0000,62.0000,228.0000,62.0000,228.0000,219.0000,175.0000,219.0000
175.0000,62.0000,228.0000,62.0000,228.0000,219.0000,175.0000,219.0000
175.0000,62.0000,228.0000,62.0000,228.0000,219.0000,175.0000,219.0000
175.0000,62.0000,228.0000,62.0000,228.0000,219.0000,175.0000,219.0000
175.0000,62.0000,228.0000,62.0000,228.0000,219.0000,175.0000,219.0000
175.0000,62.0000,228.0000,62.0000,228.0000,219.0000,175.0000,219.0000
175.0000,62.0000,228.0000,62.0000,228.0000,219.0000,175.0000,219.0000
175.0000,62.0000,228.0000,62.0000,228.0000,219.0000,175.0000,219.0000
175.0000,62.0000,228.0000,62.0000,228.0000,219.0000,175.0000,219.0000
175.0000,62.0000,228.0000,62.0000,228.0000,219.0000,175.0000,219.0000
175.0000,62.0000,228.0000,62.0000,228.0000,219.0000,175.0000,219.0000
175.0000,62.0000,228.0000,62.0000,228.0000,219.0000,175.0000,219.0000
175.0000,62.0000,228.0000,62.0000,228.0000,219.0000,175.0000,219.0000
175.0000,62.0000,228.0000,62.0000,228.0000,219.0000,175.0000,219.0000
175.0000,62.0000,228.0000,62.0000,228.0000,219.0000,175.0000,219.0000
175.0000,62.0000,228.0000,62.0000,228.0000,219.0000,175.0000,219.0000
175.0000,62.0000,228.0000,62.0000,228.0000,219.0000,175.0000,219.0000
175.0000,62.0000,228.0000,62.0000,228.0000,219.0000,175.0000,219.0000
173.0000,63.0000,225.0000,63.0000,225.0000,218.0000,173.0000,218.0000
173.0000,63.0000,225.0000,63.0000,225.0000,218.0000,173.0000,218.0000
173.0000,63.0000,225.0000,63.0000,225.0000,218.0000,173.0000,218.0000
173.0000,63.0000,225.0000,63.0000,225.0000,218.0000,173.0000,218.0000
173.0000,63.0000,225.0000,63.0000,225.0000,218.0000,173.0000,218.0000
173.0000,63.0000,225.0000,63.0000,225.0000,218.0000,173.0000,218.0000
173.0000,63.0000,225.0000,63.0000,225.0000,218.0000,173.0000,218.0000
173.0000,63.0000,225.0000,63.0000,225.0000,218.0000,173.0000,218.0000
173.0000,63.0000,225.0000,63.0000,225.0000,218.0000,173.0000,218.0000
173.0000,63.0000,225.0000,63.0000,225.0000,218.0000,173.0000,218.0000
173.0000,63.0000,225.0000,63.0000,225.0000,218.0000,173.0000,218.0000
173.0000,63.0000,225.0000,63.0000,225.0000,218.0000,173.0000,218.0000
173.0000,63.0000,225.0000,63.0000,225.0000,218.0000,173.0000,218.0000
173.0000,63.0000,225.0000,63.0000,225.0000,218.0000,173.0000,218.0000
173.0000,63.0000,225.0000,63.0000,225.0000,218.0000,173.0000,218.0000
173.0000,63.0000,225.0000,63.0000,225.0000,218.0000,173.0000,218.0000
173.0000,63.0000,225.0000,63.0000,225.0000,218.0000,173.0000,218.0000
173.0000,63.0000,225.0000,63.0000,225.0000,218.0000,173.0000,218.0000
168.0000,68.0000,219.0000,68.0000,219.0000,221.0000,168.0000,221.0000
168.0000,68.0000,219.0000,68.0000,219.0000,221.0000,168.0000,221.0000
168.0000,68.0000,219.0000,68.0000,219.0000,221.0000,168.0000,221.0000
168.0000,68.0000,219.0000,68.0000,219.0000,221.0000,168.0000,221.0000
168.0000,68.0000,219.0000,68.0000,219.0000,221.0000,168.0000,221.0000
168.0000,68.0000,219.0000,68.0000,219.0000,221.0000,168.0000,221.0000
168.0000,68.0000,219.0000,68.0000,219.0000,221.0000,168.0000,221.0000
168.0000,68.0000,219.0000,68.0000,219.0000,221.0000,168.0000,221.0000
168.0000,68.0000,219.0000,68.0000,219.0000,221.0000,168.0000,221.0000
168.0000,68.0000,219.0000,68.0000,219.0000,221.0000,168.0000,221.0000
168.0000,68.0000,219.0000,68.0000,219.0000,221.0000,168.0000,221.0000
168.0000,68.0000,219.0000,68.0000,219.0000,221.0000,168.0000,221.0000
168.0000,68.0000,219.0000,68.0000,219.0000,221.0000,168.0000,221.0000
168.0000,68.0000,219.0000,68.0000,219.0000,221.0000,168.0000,221.0000
168.0000,68.0000,219.0000,68.0000,219.0000,221.0000,168.0000,221.0000
168.0000,68.0000,219.0000,68.0000,219.0000,221.0000,168.0000,221.0000
168.0000,68.0000,219.0000,68.0000,219.0000,221.0000,168.0000,221.0000
168.0000,68.0000,219.0000,68.0000,219.0000,221.0000,168.0000,221.0000
168.0000,68.0000,219.0000,68.0000,219.0000,221.0000,168.0000,221.0000
178.0000,75.0000,228.0000,75.0000,228.0000,224.0000,178.0000,224.0000
178.0000,75.0000,228.0000,75.0000,228.0000,224.0000,178.0000,224.0000
178.0000,75.0000,228.0000,75.0000,228.0000,224.0000,178.0000,224.0000
178.0000,75.0000,228.0000,75.0000,228.0000,224.0000,178.0000,224.0000
178.0000,75.0000,228.0000,75.0000,228.0000,224.0000,178.0000,224.0000
178.0000,75.0000,228.0000,75.0000,228.0000,224.0000,178.0000,224.0000
178.0000,75.0000,228.0000,75.0000,228.0000,224.0000,178.0000,224.0000
178.0000,75.0000,228.0000,75.0000,228.0000,224.0000,178.0000,224.0000
178.0000,75.0000,228.0000,75.0000,228.0000,224.0000,178.0000,224.0000
178.0000,75.0000,228.0000,75.0000,228.0000,224.0000,178.0000,224.0000
178.0000,75.0000,228.0000,75.0000,228.0000,224.0000,178.0000,224.0000
178.0000,75.0000,228.0000,75.0000,228.0000,224.0000,178.0000,224.0000
178.0000,75.0000,228.0000,75.0000,228.0000,224.0000,178.0000,224.0000
178.0000,75.0000,228.0000,75.0000,228.0000,224.0000,178.0000,224.0000
178.0000,75.0000,228.0000,75.0000,228.0000,224.0000,178.0000,224.0000
178.0000,75.0000,228.0000,75.0000,228.0000,224.0000,178.0000,224.0000
178.0000,75.0000,228.0000,75.0000,228.0000,224.0000,178.0000,224.0000
178.0000,75.0000,228.0000,75.0000,228.0000,224.0000,178.0000,224.0000
178.0000,75.0000,228.0000,75.0000,228.0000,224.0000,178.0000,224.0000
172.0000,70.0000,221.0000,70.0000,221.0000,217.0000,172.0000,217.0000
172.0000,70.0000,221.0000,70.0000,221.0000,217.0000,172.0000,217.0000
2
0
0
0
0
0
0
0
0
0
0
0
0
0
0
0
0
0
0
0
0
231.0000,60.0000,280.0000,60.0000,280.0000,205.0000,231.0000,205.0000
0
0
0
0
1
168.6600,119.4000,200.7800,100.7000,255.9000,195.3700,223.7800,214.0700
183.0000,121.0000,239.0000,121.0000,239.0000,195.0000,183.0000,195.0000
183.0000,121.0000,239.0000,121.0000,239.0000,195.0000,183.0000,195.0000
183.0000,121.0000,239.0000,121.0000,239.0000,195.0000,183.0000,195.0000
183.0000,121.0000,239.0000,121.0000,239.0000,195.0000,183.0000,195.0000
183.0000,121.0000,239.0000,121.0000,239.0000,195.0000,183.0000,195.0000
183.0000,121.0000,239.0000,121.0000,239.0000,195.0000,183.0000,195.0000
183.0000,121.0000,239.0000,121.0000,239.0000,195.0000,183.0000,195.0000
183.0000,121.0000,239.0000,121.0000,239.0000,195.0000,183.0000,195.0000
183.0000,121.0000,239.0000,121.0000,239.0000,195.0000,183.0000,195.0000
183.0000,121.0000,239.0000,121.0000,239.0000,195.0000,183.0000,195.0000
183.0000,121.0000,239.0000,121.0000,239.0000,195.0000,183.0000,195.0000
183.0000,121.0000,239.0000,121.0000,239.0000,195.0000,183.0000,195.0000
183.0000,121.0000,239.0000,121.0000,239.0000,195.0000,183.0000,195.0000
183.0000,121.0000,239.0000,121.0000,239.0000,195.0000,183.0000,195.0000
183.0000,121.0000,239.0000,121.0000,239.0000,195.0000,183.0000,195.0000
183.0000,121.0000,239.0000,121.0000,239.0000,195.0000,183.0000,195.0000
183.0000,121.0000,239.0000,121.0000,239.0000,195.0000,183.0000,195.0000
183.0000,121.0000,239.0000,121.0000,239.0000,195.0000,183.0000,195.0000
183.0000,121.0000,239.0000,121.0000,239.0000,195.0000,183.0000,195.0000
183.0000,121.0000,239.0000,121.0000,239.0000,195.0000,183.0000,195.0000
184.0000,121.0000,240.0000,121.0000,240.0000,194.0000,184.0000,194.0000
184.0000,121.0000,240.0000,121.0000,240.0000,194.0000,184.0000,194.0000
184.0000,121.0000,240.0000,121.0000,240.0000,194.0000,184.0000,194.0000
184.0000,121.0000,240.0000,121.0000,240.0000,194.0000,184.0000,194.0000
184.0000,121.0000,240.0000,121.0000,240.0000,194.0000,184.0000,194.0000
184.0000,121.0000,240.0000,121.0000,240.0000,194.0000,184.0000,194.0000
184.0000,121.0000,240.0000,121.0000,240.0000,194.0000,184.0000,194.0000
184.0000,121.0000,240.0000,121.0000,240.0000,194.0000,184.0000,194.0000
184.0000,121.0000,240.0000,121.0000,240.0000,194.0000,184.0000,194.0000
184.0000,121.0000,240.0000,121.0000,240.0000,194.0000,184.0000,194.0000
184.0000,121.0000,240.0000,121.0000,240.0000,194.0000,184.0000,194.0000
184.0000,121.0000,240.0000,121.0000,240.0000,194.0000,184.0000,194.0000
184.0000,121.0000,240.0000,121.0000,240.0000,194.0000,184.0000,194.0000
184.0000,121.0000,240.0000,121.0000,240.0000,194.0000,184.0000,194.0000
184.0000,121.0000,240.0000,121.0000,240.0000,194.0000,184.0000,194.0000
184.0000,121.0000,240.0000,121.0000,240.0000,194.0000,184.0000,194.0000
184.0000,121.0000,240.0000,121.0000,240.0000,194.0000,184.0000,194.0000
184.0000,121.0000,240.0000,121.0000,240.0000,194.0000,184.0000,194.0000
196.0000,123.0000,251.0000,123.0000,251.0000,195.0000,196.0000,195.0000
196.0000,123.0000,251.0000,123.0000,251.0000,195.0000,196.0000,195.0000
196.0000,123.0000,251.0000,123.0000,251.0000,195.0000,196.0000,195.0000
196.0000,123.0000,251.0000,123.0000,251.0000,195.0000,196.0000,195.0000
196.0000,123.0000,251.0000,123.0000,251.0000,195.0000,196.0000,195.0000
196.0000,123.0000,251.0000,123.0000,251.0000,195.0000,196.0000,195.0000
196.0000,123.0000,251.0000,123.0000,251.0000,195.0000,196.0000,195.0000
196.0000,123.0000,251.0000,123.0000,251.0000,195.0000,196.0000,195.0000
196.0000,123.0000,251.0000,123.0000,251.0000,195.0000,196.0000,195.0000
0
0
0
0
0
0
0
0
0
0
0
2
0
0
0
0
1
259.8500,59.2300,285.6400,49.1700,344.7200,200.6400,318.9300,210.7000
277.0000,81.0000,325.0000,81.0000,325.0000,173.0000,277.0000,173.0000
277.0000,81.0000,325.0000,81.0000,325.0000,173.0000,277.0000,173.0000
277.0000,81.0000,325.0000,81.0000,325.0000,173.0000,277.0000,173.0000
277.0000,81.0000,325.0000,81.0000,325.0000,173.0000,277.0000,173.0000
277.0000,81.0000,325.0000,81.0000,325.0000,173.0000,277.0000,173.0000
277.0000,81.0000,325.0000,81.0000,325.0000,173.0000,277.0000,173.0000
277.0000,81.0000,325.0000,81.0000,325.0000,173.0000,277.0000,173.0000
277.0000,81.0000,325.0000,81.0000,325.0000,173.0000,277.0000,173.0000
277.0000,81.0000,325.0000,81.0000,325.0000,173.0000,277.0000,173.0000
277.0000,81.0000,325.0000,81.0000,325.0000,173.0000,277.0000,173.0000
277.0000,81.0000,325.0000,81.0000,325.0000,173.0000,277.0000,173.0000
277.0000,81.0000,325.0000,81.0000,325.0000,173.0000,277.0000,173.0000
277.0000,81.0000,325.0000,81.0000,325.0000,173.0000,277.0000,173.0000
277.0000,81.0000,325.0000,81.0000,325.0000,173.0000,277.0000,173.0000
277.0000,81.0000,325.0000,81.0000,325.0000,173.0000,277.0000,173.0000
277.0000,81.0000,325.0000,81.0000,325.0000,173.0000,277.0000,173.0000
277.0000,81.0000,325.0000,81.0000,325.0000,173.0000,277.0000,173.0000
277.0000,81.0000,325.0000,81.0000,325.0000,173.0000,277.0000,173.0000
277.0000,81.0000,325.0000,81.0000,325.0000,173.0000,277.0000,173.0000
277.0000,81.0000,325.0000,81.0000,325.0000,173.0000,277.0000,173.0000
275.0000,78.0000,324.0000,78.0000,324.0000,171.0000,275.0000,171.0000
0
0
0
0
0
0
0
0
0
0
0
0
0
0
0
0
0
0
2
0
0
0
0
1
117.3800,59.3100,181.1600,82.8900,103.3800,293.2200,39.6000,269.6400
64.0000,99.0000,158.0000,99.0000,158.0000,255.0000,64.0000,255.0000
64.0000,99.0000,158.0000,99.0000,158.0000,255.0000,64.0000,255.0000
64.0000,99.0000,158.0000,99.0000,158.0000,255.0000,64.0000,255.0000
64.0000,99.0000,158.0000,99.0000,158.0000,255.0000,64.0000,255.0000
64.0000,99.0000,158.0000,99.0000,158.0000,255.0000,64.0000,255.0000
64.0000,99.0000,158.0000,99.0000,158.0000,255.0000,64.0000,255.0000
64.0000,99.0000,158.0000,99.0000,158.0000,255.0000,64.0000,255.0000
64.0000,99.0000,158.0000,99.0000,158.0000,255.0000,64.0000,255.0000
64.0000,99.0000,158.0000,99.0000,158.0000,255.0000,64.0000,255.0000
64.0000,99.0000,158.0000,99.0000,158.0000,255.0000,64.0000,255.0000
64.0000,99.0000,158.0000,99.0000,158.0000,255.0000,64.0000,255.0000
64.0000,99.0000,158.0000,99.0000,158.0000,255.0000,64.0000,255.0000
64.0000,99.0000,158.0000,99.0000,158.0000,255.0000,64.0000,255.0000
64.0000,99.0000,158.0000,99.0000,158.0000,255.0000,64.0000,255.0000
64.0000,99.0000,158.0000,99.0000,158.0000,255.0000,64.0000,255.0000
64.0000,99.0000,158.0000,99.0000,158.0000,255.0000,64.0000,255.0000
64.0000,99.0000,158.0000,99.0000,158.0000,255.0000,64.0000,255.0000
64.0000,99.0000,158.0000,99.0000,158.0000,255.0000,64.0000,255.0000
64.0000,99.0000,158.0000,99.0000,158.0000,255.0000,64.0000,255.0000
64.0000,99.0000,158.0000,99.0000,158.0000,255.0000,64.0000,255.0000
70.0000,102.0000,163.0000,102.0000,163.0000,255.0000,70.0000,255.0000
70.0000,102.0000,163.0000,102.0000,163.0000,255.0000,70.0000,255.0000
70.0000,102.0000,163.0000,102.0000,163.0000,255.0000,70.0000,255.0000
70.0000,102.0000,163.0000,102.0000,163.0000,255.0000,70.0000,255.0000
70.0000,102.0000,163.0000,102.0000,163.0000,255.0000,70.0000,255.0000
70.0000,102.0000,163.0000,102.0000,163.0000,255.0000,70.0000,255.0000
70.0000,102.0000,163.0000,102.0000,163.0000,255.0000,70.0000,255.0000
70.0000,102.0000,163.0000,102.0000,163.0000,255.0000,70.0000,255.0000
70.0000,102.0000,163.0000,102.0000,163.0000,255.0000,70.0000,255.0000
70.0000,102.0000,163.0000,102.0000,163.0000,255.0000,70.0000,255.0000
70.0000,102.0000,163.0000,102.0000,163.0000,255.0000,70.0000,255.0000
70.0000,102.0000,163.0000,102.0000,163.0000,255.0000,70.0000,255.0000
70.0000,102.0000,163.0000,102.0000,163.0000,255.0000,70.0000,255.0000
70.0000,102.0000,163.0000,102.0000,163.0000,255.0000,70.0000,255.0000
70.0000,102.0000,163.0000,102.0000,163.0000,255.0000,70.0000,255.0000
70.0000,102.0000,163.0000,102.0000,163.0000,255.0000,70.0000,255.0000
70.0000,102.0000,163.0000,102.0000,163.0000,255.0000,70.0000,255.0000
70.0000,102.0000,163.0000,102.0000,163.0000,255.0000,70.0000,255.0000
105.0000,65.0000,199.0000,65.0000,199.0000,220.0000,105.0000,220.0000
105.0000,65.0000,199.0000,65.0000,199.0000,220.0000,105.0000,220.0000
105.0000,65.0000,199.0000,65.0000,199.0000,220.0000,105.0000,220.0000
105.0000,65.0000,199.0000,65.0000,199.0000,220.0000,105.0000,220.0000
105.0000,65.0000,199.0000,65.0000,199.0000,220.0000,105.0000,220.0000
105.0000,65.0000,199.0000,65.0000,199.0000,220.0000,105.0000,220.0000
105.0000,65.0000,199.0000,65.0000,199.0000,220.0000,105.0000,220.0000
105.0000,65.0000,199.0000,65.0000,199.0000,220.0000,105.0000,220.0000
105.0000,65.0000,199.0000,65.0000,199.0000,220.0000,105.0000,220.0000
105.0000,65.0000,199.0000,65.0000,199.0000,220.0000,105.0000,220.0000
105.0000,65.0000,199.0000,65.0000,199.0000,220.0000,105.0000,220.0000
105.0000,65.0000,199.0000,65.0000,199.0000,220.0000,105.0000,220.0000
105.0000,65.0000,199.0000,65.0000,199.0000,220.0000,105.0000,220.0000
105.0000,65.0000,199.0000,65.0000,199.0000,220.0000,105.0000,220.0000
105.0000,65.0000,199.0000,65.0000,199.0000,220.0000,105.0000,220.0000
105.0000,65.0000,199.0000,65.0000,199.0000,220.0000,105.0000,220.0000
105.0000,65.0000,199.0000,65.0000,199.0000,220.0000,105.0000,220.0000
105.0000,65.0000,199.0000,65.0000,199.0000,220.0000,105.0000,220.0000
105.0000,65.0000,199.0000,65.0000,199.0000,220.0000,105.0000,220.0000
105.0000,65.0000,199.0000,65.0000,199.0000,220.0000,105.0000,220.0000
140.0000,69.0000,232.0000,69.0000,232.0000,222.0000,140.0000,222.0000
140.0000,69.0000,232.0000,69.0000,232.0000,222.0000,140.0000,222.0000
