3.3961
1.3007
0.34455
0.30241
0.28951
0.29204
0.29402
0.2932
0.33155
0.31713
0.30688
0.26269
0.27241
0.29358
0.26693
0.29602
0.28726
0.26928
0.31507
0.31656
0.33712
0.30952
0.32765
0.32887
0.30873
0.30491
0.27975
0.27039
0.26744
0.24287
0.25763
0.28312
0.2384
0.24415
0.24488
0.24793
0.25297
0.25249
0.26183
0.31317
0.25519
0.24734
0.27913
0.30257
0.29054
0.29368
0.24546
0.29647
0.30366
0.30358
0.27745
0.31716
0.31487
0.30982
0.28026
0.30268
0.28939
0.29402
0.29324
0.28891
0.28594
0.30144
0.29021
0.2875
0.29506
0.28665
0.25227
0.2914
0.28843
0.25706
0.30673
0.29554
0.29693
0.31038
0.29672
0.29765
0.29392
0.28972
0.29528
0.25908
0.26812
0.26012
0.28242
0.24041
0.2116
0.28994
0.27031
0.19903
0.19833
0.23658
0.23375
0.22943
0.22518
0.23302
0.2342
0.23188
0.23677
0.22672
0.23298
0.23561
0.27668
0.23439
0.2506
0.25921
0.22618
0.27111
0.2733
0.22488
0.30643
0.30892
0.25463
0.26879
0.23513
0.23353
0.267
0.26201
0.22825
0.23346
