0.000213
1.4809
0.020693
0.020677
0.021575
0.021385
0.02096
0.020833
0.020619
0.021331
0.020818
0.02067
0.021418
0.020942
0.021327
0.021064
0.020616
0.020574
0.020838
0.021826
0.021267
0.020908
0.020854
0.020804
0.021292
0.022286
0.020879
0.02078
0.020778
0.021538
0.021393
0.020653
0.020711
0.020717
0.020985
0.022039
0.020919
0.020868
0.020775
0.021996
0.021578
0.020839
0.020917
0.020911
0.020936
0.022346
0.020856
0.020757
0.020697
0.021196
0.021982
0.020764
0.020684
0.020666
0.021028
0.021796
0.021403
0.020612
0.020653
0.021164
0.022045
0.020891
0.020756
0.02066
0.020708
0.021854
0.020812
0.020659
0.02058
0.020536
0.021634
0.020703
0.020385
0.020471
0.020595
0.021064
0.020699
0.020544
0.020411
0.020443
0.030531
0.020857
0.02049
0.020569
0.020555
0.021341
0.020609
0.02051
0.020489
0.020517
0.021806
0.020843
0.020698
0.020663
0.020459
0.021212
0.020783
0.020692
0.020577
0.020384
0.021306
0.020631
0.020591
0.020907
0.020342
0.021019
0.020834
0.020663
0.02064
0.020374
0.021326
0.021011
0.020543
0.020562
0.020587
0.021183
0.020941
0.020599
0.020531
0.020547
0.021168
0.021515
0.020495
0.020534
0.020538
0.020569
0.022208
0.021243
0.020388
0.020565
0.020607
0.021782
0.020496
0.020249
0.020505
0.020496
0.021491
0.020718
0.020369
0.020431
0.020385
0.021
0.020466
0.020396
0.020496
0.020475
0.021218
0.020726
0.020442
0.020434
0.020526
0.021182
0.02109
0.021344
0.020591
0.020476
0.021151
0.021041
0.02047
0.020467
0.020578
0.021086
0.021445
0.020606
0.02056
0.020567
0.021047
0.021443
0.020577
0.02054
0.020537
0.020977
0.02167
0.020758
0.02098
0.020581
0.020995
0.021915
0.020643
0.02061
0.020348
0.021154
0.021413
0.020649
0.0206
0.020569
0.021043
0.021785
0.020667
0.020651
0.020644
0.021028
0.022033
0.020664
0.020457
0.020648
0.0208
0.021702
0.020592
0.020312
0.021208
0.020449
0.021426
0.020443
0.020218
0.020323
0.020121
0.020875
0.020477
0.020174
0.020371
0.020469
0.02146
0.020739
0.020391
0.02039
0.02055
0.021047
0.020938
0.02044
0.020475
0.021233
0.021161
0.021405
0.020528
0.020554
0.020514
0.020933
0.021753
0.02059
0.020492
0.020585
0.02033
0.02142
0.020654
0.020463
0.020496
0.020247
0.021485
0.020635
0.020395
0.0203
0.020444
0.020843
0.020537
0.020966
0.02027
0.020156
0.020561
0.021407
0.020516
0.020221
0.020216
0.021102
0.021351
0.020382
0.020275
0.020411
0.020727
0.021523
0.020528
0.020241
0.020281
0.020259
0.021343
0.020787
0.020449
0.020311
0.020486
0.020916
0.020673
0.020461
0.020401
0.02051
0.021001
0.020763
0.020523
0.020404
0.020508
0.021031
0.021108
0.020462
0.020453
0.020523
0.021192
0.021185
0.020581
0.020478
0.020418
0.0209
0.021495
0.020511
0.021524
0.020504
0.020637
0.021583
0.021033
0.020294
0.020374
0.020328
0.021343
0.020585
0.020293
0.020467
0.020382
0.020869
0.020783
0.020432
0.020243
0.02037
