1.1092
19.505
2.426
1.164
1.0153
1.0209
0.94201
0.92953
0.92799
0.90157
0.8792
0.89726
0.92759
0.90432
0.89195
0.88386
0.90815
0.90823
0.90123
0.89029
0.86514
0.8708
0.86664
0.86876
0.87504
0.91835
0.90861
0.89334
0.88858
0.87273
0.88997
0.87936
0.88858
0.87497
0.91259
0.88215
0.87054
0.88079
0.86738
0.87612
0.85545
0.85639
0.86352
0.93883
0.88162
0.87131
0.85716
0.87031
0.86488
0.88221
0.87594
0.86519
0.86654
0.85603
0.89095
0.85588
0.86521
0.88522
0.8723
0.87739
0.85115
0.85933
0.85563
0.86278
0.90014
0.87995
0.85694
0.86444
0.87712
0.8508
0.85834
0.85451
0.8531
0.86317
0.87272
0.84789
0.86648
0.87112
0.86225
0.86465
0.86051
0.85963
0.4343
0.94527
1.0145
0.97624
1.0675
1.0125
0.97899
0.95492
1.072
1.0379
0.99431
0.95792
0.96068
0.97457
0.93256
0.91216
0.91422
1.3656
1.9867
1.969
1.9838
2.1388
2.0512
1.6297
1.926
1.6987
1.3014
1.8811
1.6252
2.019
1.7961
1.3086
2.0348
2.7566
2.8267
1.8626
2.5203
3.0583
3.1238
2.1848
1.6146
1.2068
1.0547
1.0004
1.0095
1.32
1.0954
1.0268
0.997
0.97527
0.97423
0.95662
0.95546
0.93692
0.94379
0.96239
0.97116
0.97126
0.95771
0.97271
0.97977
0.96315
0.94164
0.95814
0.96725
0.92727
0.94727
0.95783
0.95927
0.95889
0.95471
0.94668
0.96225
0.96112
0.96716
0.95418
0.96883
0.9568
0.95204
0.9487
0.94522
0.96101
0.97255
0.95917
0.98205
0.99979
0.99496
1.2098
1.1417
0.97658
0.98122
1.0219
1.0438
0.98606
0.97844
1.0042
1.0071
1.0134
1.0039
1.0333
1.0248
1.0202
1.0319
1.0461
1.056
1.0609
1.0802
1.1973
1.0829
