1
45.4000,40.8000,15.0234,65.1016
36.9400,33.7800,15.1207,65.5230
31.5940,35.7780,15.2375,66.0293
37.3594,34.1778,15.2835,66.2284
31.6359,38.5178,15.3786,66.6407
29.2636,38.9518,15.4635,67.0086
33.5264,36.2952,15.5626,67.4379
37.5526,36.9295,15.6869,67.9765
37.9553,34.2930,15.6874,67.9788
40.6955,34.9293,15.8055,68.4903
44.5696,34.9929,15.9108,68.9468
55.7570,34.9993,15.8276,68.5865
62.2757,34.0999,15.7651,68.3153
61.1276,34.9100,15.8462,68.6670
67.3128,34.0910,15.6756,67.9276
2
0
0
0
0
1
82.4000,33.4000,23.0719,68.2125
88.3400,36.6400,23.2084,68.6162
77.2340,43.2640,23.2864,68.8468
74.3234,43.9264,23.4914,69.4528
76.7323,35.8926,23.4511,69.3336
74.2732,34.1893,23.3159,68.9339
63.2273,18.7189,23.4819,69.4249
53.1227,13.5719,23.5496,69.6250
62.0123,19.3572,23.5659,69.6730
72.8012,20.8357,23.5613,69.6596
79.2801,22.7836,23.5940,69.7561
88.0280,24.7784,23.6691,69.9782
99.7028,16.8778,23.6645,69.9647
112.5703,33.1878,23.6319,69.8683
105.7570,25.8188,23.5777,69.7080
104.1757,22.3819,23.5913,69.7481
123.8176,19.3382,23.0285,68.0843
134.7818,32.5338,23.0077,68.0227
144.8782,33.8534,23.1057,68.3126
148.5878,34.8853,23.2749,68.8126
151.6588,34.9885,23.4181,69.2360
144.7659,35.8989,23.7627,70.2550
148.5766,35.0899,23.8838,70.6131
146.2577,35.0090,23.9210,70.7229
132.5258,40.4009,24.0260,71.0334
115.8526,4.9401,24.4275,72.2204
105.1853,32.8940,24.4691,72.3434
100.5185,36.5894,24.8155,73.3676
103.6519,21.6589,24.7790,73.2596
102.1652,12.0659,24.7265,73.1046
101.1165,12.0066,24.8020,73.3277
109.1116,21.9007,24.8606,73.5009
113.5112,18.3901,24.9133,73.6567
119.3511,35.1390,24.9514,73.7692
107.3351,36.8139,25.1383,74.3219
109.7335,36.9814,25.1260,74.2856
97.3734,23.4981,25.4081,75.1195
97.9373,16.7498,25.3862,75.0549
116.8937,14.2750,25.1069,74.2291
131.3894,21.2275,24.9611,73.7980
127.4389,18.3228,25.0156,73.9590
127.0439,36.0323,25.2021,74.5104
128.8044,36.9032,25.2225,74.5709
128.0804,37.8903,25.3581,74.9719
125.3080,41.5890,25.5095,75.4193
137.6308,57.2589,25.4791,75.3294
137.0631,61.5259,25.6858,75.9406
122.6063,59.2526,25.7848,76.2333
124.7606,45.5253,25.9413,76.6961
115.9761,45.0525,25.9324,76.6698
109.6976,56.7053,25.9545,76.7351
95.5698,44.3705,26.1044,77.1783
94.1570,41.3371,26.0862,77.1244
102.1157,51.8337,26.0800,77.1061
110.1116,64.5834,25.8915,76.5489
119.0112,67.6583,26.0081,76.8935
130.7011,66.1658,25.9303,76.6634
145.3701,66.9166,25.6686,75.8896
134.2370,66.9917,25.7984,76.2737
136.7237,60.6992,25.7949,76.2632
150.4724,58.2699,25.5484,75.5343
159.9472,52.6270,25.5826,75.6354
169.8947,53.8627,25.7300,76.0712
178.9895,53.0863,25.9994,76.8678
173.5990,59.3086,26.0664,77.0659
173.0599,59.0309,26.0216,76.9333
176.6060,60.8031,26.1247,77.2383
172.4606,47.4803,26.0232,76.9381
2
0
0
0
0
1
130.0000,44.4000,30.1055,91.3199
145.3000,44.9400,30.0012,91.0036
147.7300,45.8940,30.0011,91.0032
138.9730,47.7894,29.8955,90.6830
138.9973,45.2789,29.8073,90.4155
142.5997,45.0279,29.6023,89.7936
141.1600,45.0028,29.6848,90.0438
132.9160,24.3003,30.0023,91.0069
155.4916,14.1300,29.8614,90.5797
173.9492,13.1130,29.4924,89.4603
176.6949,19.3113,29.5168,89.5344
183.2695,24.4311,29.6640,89.9807
189.3270,42.9431,29.7283,90.1758
171.9327,44.7943,29.7132,90.1300
172.8933,45.8794,29.9020,90.7026
168.4893,45.9879,30.1172,91.3554
170.7489,46.8988,30.5625,92.7062
150.2749,32.5899,31.1625,94.5262
137.4275,45.5590,31.1336,94.4384
123.5427,46.8559,31.1197,94.3963
126.6543,46.9856,31.1193,94.3951
122.4654,47.8986,31.2521,94.7980
111.2465,51.5899,31.4201,95.3076
127.2247,48.3590,31.5623,95.7389
139.6225,48.0359,31.7631,96.3479
145.3622,48.9036,32.0681,97.2731
149.5362,48.0904,32.0227,97.1356
140.9536,48.9090,32.2694,97.8838
147.2954,28.2909,32.2414,97.7989
148.8295,20.8291,32.3537,98.1395
166.0829,18.2829,31.9957,97.0537
179.5083,14.4283,32.2936,97.9571
175.4508,34.7428,32.5756,98.8128
178.6451,30.4743,32.7705,99.4038
171.7645,26.4474,32.9733,100.0190
167.4765,33.2447,33.1736,100.6265
167.0476,34.8245,33.1934,100.6866
153.5048,21.4824,33.4044,101.3268
140.4505,22.8482,33.3130,101.0494
130.1451,21.1848,33.5534,101.7787
145.3145,12.0185,32.9824,100.0468
139.6315,6.6018,33.1151,100.4493
142.6631,7.8602,33.7467,102.3651
145.6663,17.8860,34.0334,103.2347
