0.000391
9.0249
3.2339
3.0302
2.9295
2.7076
2.8073
2.7626
2.9133
3.2617
3.0582
2.7144
2.9262
2.9204
3.0298
2.9005
2.796
2.7657
2.7207
2.6326
2.7129
2.6198
2.4444
2.5458
2.6521
2.621
2.7604
2.6162
2.215
3.0014
2.9615
2.9307
2.5037
2.5784
2.9513
2.6914
2.84
2.7884
2.8844
2.6636
2.9133
3.1859
3.2045
3.1613
3.1854
3.1812
3.2312
2.7161
2.6058
2.695
2.75
2.6132
1.8315
1.5314
1.5699
1.665
1.6494
1.7025
1.8633
1.7833
1.7523
2.088
2.6781
2.6982
2.5323
2.3822
1.7005
1.6828
1.7129
1.8432
1.7354
1.832
1.7057
1.6821
2.3011
2.3935
2.4929
2.8365
1.6678
1.6388
1.7001
1.8043
2.0066
1.9052
1.7123
1.5646
2.0247
2.3875
2.3976
2.5936
2.1423
1.5484
1.5884
1.6178
1.526
1.798
1.8839
1.8313
1.6174
1.7342
2.6254
2.8462
2.8704
2.8067
2.7824
2.7602
2.7925
2.8169
2.8156
2.7549
2.8726
2.5466
2.7811
2.9167
3.3263
3.0817
2.9908
2.9784
2.7639
2.7359
2.6497
3.0624
2.6663
2.6799
2.5445
2.7155
2.9433
2.8334
2.66
2.7929
2.9203
2.5564
2.7303
3.075
2.8782
2.7211
2.8325
3.0321
3.0553
2.7532
2.9019
2.9899
2.7621
2.8975
3.0065
2.8658
2.7791
2.6163
2.8288
2.9145
2.6948
2.6869
2.8542
2.92
2.8736
2.6669
2.7997
2.7411
2.7883
2.7712
2.7973
2.7463
2.9166
2.9089
2.8074
2.7691
3.0564
2.7378
2.6977
2.8187
2.9721
2.8172
2.6855
2.6251
2.8139
2.8739
2.8048
2.72
2.8142
2.7225
2.8062
2.8017
2.8592
2.7088
2.9343
3.0584
3.347
3.0905
2.9016
3.1218
2.9513
3.3252
2.9867
2.8939
2.7629
3.0531
2.6554
2.7687
2.8578
2.7488
2.6693
2.7176
2.752
3.0416
2.7647
2.7027
2.6995
2.7241
3.2606
2.7994
2.796
2.7236
2.7349
2.9178
3.0967
3.06
2.8979
3.0586
3.2404
3.587
3.2914
2.624
2.2053
2.0036
1.9432
2.119
2.1345
2.0643
1.9561
1.6065
2.3765
2.491
2.6323
2.7259
2.2092
1.9463
2.1281
1.9576
1.9904
2.0902
1.9563
1.8768
2.4801
2.5663
2.7904
2.5215
2.0631
1.8392
1.9187
2.2777
2.33
1.6178
1.9839
2.1197
2.4379
3.3015
2.8881
3.1186
2.1988
2.0308
1.8098
2.2603
2.2824
2.1319
1.7003
1.8178
2.6252
2.4238
2.4373
2.0955
2.0166
1.6972
2.0302
1.7093
2.0407
1.9571
1.7405
1.6645
1.7374
2.1902
1.7327
1.938
1.9272
2.1283
2.3155
2.1662
1.7657
1.6965
1.8336
2.9259
2.368
2.4992
2.6551
2.4901
2.3495
2.2443
2.211
2.023
2.176
2.0166
1.8985
1.7248
1.6451
2.1001
1.7423
1.897
1.943
2.1816
1.6727
1.6721
1.5861
1.7083
1.5951
1.6051
1.6395
1.657
1.5348
1.6002
1.7233
1.5892
1.5494
1.6334
1.6526
1.5317
1.6168
1.703
