1
186.0000,215.0000,41.0000,99.0000
185.0000,214.9999,41.0000,99.0000
185.0000,214.9999,41.0000,99.0000
185.0000,214.9999,41.0000,99.0000
185.0000,214.9999,41.0000,99.0000
185.0000,214.9999,41.0000,99.0000
185.0000,214.9999,41.0000,99.0000
185.0000,214.9999,41.0000,99.0000
185.0000,214.9999,41.0000,99.0000
185.0000,214.9999,41.0000,99.0000
185.0000,214.9999,41.0000,99.0000
185.0000,214.9999,41.0000,99.0000
185.0000,214.9999,41.0000,99.0000
185.0000,214.9999,41.0000,99.0000
185.0000,214.9999,41.0000,99.0000
185.0000,214.9999,41.0000,99.0000
185.0000,214.9999,41.0000,99.0000
185.0000,214.9999,41.0000,99.0000
185.0000,214.9999,41.0000,99.0000
185.0000,214.9999,41.0000,99.0000
185.0000,214.9999,41.0000,99.0000
185.0000,214.9999,41.0000,99.0000
185.0000,214.9999,41.0000,99.0000
185.0000,214.9999,41.0000,99.0000
185.0000,214.9999,41.0000,99.0000
185.0000,214.9999,41.0000,99.0000
185.0000,214.9999,41.0000,99.0000
0
0
0
0
0
0
0
0
2
0
0
0
0
1
277.0000,242.0000,56.0000,77.0000
279.9999,243.0000,54.0000,75.0000
279.9999,243.0000,54.0000,75.0000
279.9999,243.0000,54.0000,75.0000
279.9999,243.0000,54.0000,75.0000
279.9999,243.0000,54.0000,75.0000
279.9999,243.0000,54.0000,75.0000
279.9999,243.0000,54.0000,75.0000
279.9999,243.0000,54.0000,75.0000
279.9999,243.0000,54.0000,75.0000
279.9999,243.0000,54.0000,75.0000
279.9999,243.0000,54.0000,75.0000
279.9999,243.0000,54.0000,75.0000
279.9999,243.0000,54.0000,75.0000
279.9999,243.0000,54.0000,75.0000
279.9999,243.0000,54.0000,75.0000
279.9999,243.0000,54.0000,75.0000
279.9999,243.0000,54.0000,75.0000
279.9999,243.0000,54.0000,75.0000
279.9999,243.0000,54.0000,75.0000
279.9999,243.0000,54.0000,75.0000
279.9999,243.0000,54.0000,75.0000
279.9999,243.0000,54.0000,75.0000
279.9999,243.0000,54.0000,75.0000
279.9999,243.0000,54.0000,75.0000
279.9999,243.0000,54.0000,75.0000
279.9999,243.0000,54.0000,75.0000
279.9999,243.0000,54.0000,75.0000
0
0
0
0
0
0
0
0
2
0
0
0
0
1
132.0000,235.0000,49.0000,75.0000
127.0000,234.9999,49.0000,73.0000
127.0000,234.9999,49.0000,73.0000
127.0000,234.9999,49.0000,73.0000
127.0000,234.9999,49.0000,73.0000
127.0000,234.9999,49.0000,73.0000
127.0000,234.9999,49.0000,73.0000
127.0000,234.9999,49.0000,73.0000
127.0000,234.9999,49.0000,73.0000
127.0000,234.9999,49.0000,73.0000
127.0000,234.9999,49.0000,73.0000
127.0000,234.9999,49.0000,73.0000
127.0000,234.9999,49.0000,73.0000
127.0000,234.9999,49.0000,73.0000
127.0000,234.9999,49.0000,73.0000
127.0000,234.9999,49.0000,73.0000
127.0000,234.9999,49.0000,73.0000
127.0000,234.9999,49.0000,73.0000
127.0000,234.9999,49.0000,73.0000
127.0000,234.9999,49.0000,73.0000
127.0000,234.9999,49.0000,73.0000
127.0000,234.9999,49.0000,73.0000
127.0000,234.9999,49.0000,73.0000
127.0000,234.9999,49.0000,73.0000
127.0000,234.9999,49.0000,73.0000
127.0000,234.9999,49.0000,73.0000
127.0000,234.9999,49.0000,73.0000
127.0000,234.9999,49.0000,73.0000
127.0000,234.9999,49.0000,73.0000
127.0000,234.9999,49.0000,73.0000
127.0000,234.9999,49.0000,73.0000
127.0000,234.9999,49.0000,73.0000
127.0000,234.9999,49.0000,73.0000
127.0000,234.9999,49.0000,73.0000
127.0000,234.9999,49.0000,73.0000
127.0000,234.9999,49.0000,73.0000
2
0
0
0
0
1
185.0000,185.0000,46.0000,86.0000
189.9999,186.0000,45.0000,83.0000
189.9999,186.0000,45.0000,83.0000
189.9999,186.0000,45.0000,83.0000
189.9999,186.0000,45.0000,83.0000
189.9999,186.0000,45.0000,83.0000
189.9999,186.0000,45.0000,83.0000
189.9999,186.0000,45.0000,83.0000
189.9999,186.0000,45.0000,83.0000
189.9999,186.0000,45.0000,83.0000
189.9999,186.0000,45.0000,83.0000
189.9999,186.0000,45.0000,83.0000
189.9999,186.0000,45.0000,83.0000
189.9999,186.0000,45.0000,83.0000
189.9999,186.0000,45.0000,83.0000
189.9999,186.0000,45.0000,83.0000
189.9999,186.0000,45.0000,83.0000
189.9999,186.0000,45.0000,83.0000
189.9999,186.0000,45.0000,83.0000
189.9999,186.0000,45.0000,83.0000
189.9999,186.0000,45.0000,83.0000
189.9999,186.0000,45.0000,83.0000
189.9999,186.0000,45.0000,83.0000
189.9999,186.0000,45.0000,83.0000
189.9999,186.0000,45.0000,83.0000
189.9999,186.0000,45.0000,83.0000
189.9999,186.0000,45.0000,83.0000
189.9999,186.0000,45.0000,83.0000
189.9999,186.0000,45.0000,83.0000
189.9999,186.0000,45.0000,83.0000
189.9999,186.0000,45.0000,83.0000
0
0
0
0
2
0
0
0
0
1
268.0000,152.0000,35.0000,104.0000
270.0000,154.0000,34.0000,101.0000
270.0000,154.0000,34.0000,101.0000
270.0000,154.0000,34.0000,101.0000
270.0000,154.0000,34.0000,101.0000
270.0000,154.0000,34.0000,101.0000
270.0000,154.0000,34.0000,101.0000
270.0000,154.0000,34.0000,101.0000
270.0000,154.0000,34.0000,101.0000
270.0000,154.0000,34.0000,101.0000
270.0000,154.0000,34.0000,101.0000
270.0000,154.0000,34.0000,101.0000
270.0000,154.0000,34.0000,101.0000
270.0000,154.0000,34.0000,101.0000
270.0000,154.0000,34.0000,101.0000
270.0000,154.0000,34.0000,101.0000
270.0000,154.0000,34.0000,101.0000
270.0000,154.0000,34.0000,101.0000
270.0000,154.0000,34.0000,101.0000
270.0000,154.0000,34.0000,101.0000
270.0000,154.0000,34.0000,101.0000
270.0000,154.0000,34.0000,101.0000
270.0000,154.0000,34.0000,101.0000
270.0000,154.0000,34.0000,101.0000
270.0000,154.0000,34.0000,101.0000
270.0000,154.0000,34.0000,101.0000
270.0000,154.0000,34.0000,101.0000
270.0000,154.0000,34.0000,101.0000
272.9999,155.0000,34.0000,101.0000
272.9999,155.0000,34.0000,101.0000
272.9999,155.0000,34.0000,101.0000
272.9999,155.0000,34.0000,101.0000
272.9999,155.0000,34.0000,101.0000
272.9999,155.0000,34.0000,101.0000
272.9999,155.0000,34.0000,101.0000
272.9999,155.0000,34.0000,101.0000
272.9999,155.0000,34.0000,101.0000
272.9999,155.0000,34.0000,101.0000
272.9999,155.0000,34.0000,101.0000
272.9999,155.0000,34.0000,101.0000
272.9999,155.0000,34.0000,101.0000
272.9999,155.0000,34.0000,101.0000
272.9999,155.0000,34.0000,101.0000
272.9999,155.0000,34.0000,101.0000
272.9999,155.0000,34.0000,101.0000
272.9999,155.0000,34.0000,101.0000
272.9999,155.0000,34.0000,101.0000
272.9999,155.0000,34.0000,101.0000
272.9999,155.0000,34.0000,101.0000
272.9999,155.0000,34.0000,101.0000
272.9999,155.0000,34.0000,101.0000
272.9999,155.0000,34.0000,101.0000
272.9999,155.0000,34.0000,101.0000
272.9999,155.0000,34.0000,101.0000
284.9998,131.0002,35.0000,105.0000
284.9998,131.0002,35.0000,105.0000
284.9998,131.0002,35.0000,105.0000
284.9998,131.0002,35.0000,105.0000
284.9998,131.0002,35.0000,105.0000
284.9998,131.0002,35.0000,105.0000
284.9998,131.0002,35.0000,105.0000
284.9998,131.0002,35.0000,105.0000
284.9998,131.0002,35.0000,105.0000
284.9998,131.0002,35.0000,105.0000
284.9998,131.0002,35.0000,105.0000
284.9998,131.0002,35.0000,105.0000
284.9998,131.0002,35.0000,105.0000
284.9998,131.0002,35.0000,105.0000
284.9998,131.0002,35.0000,105.0000
284.9998,131.0002,35.0000,105.0000
0
0
0
0
0
0
0
0
0
2
0
0
0
0
1
218.0000,178.0000,34.0000,125.0000
217.0000,180.0000,35.0000,126.0000
217.0000,180.0000,35.0000,126.0000
217.0000,180.0000,35.0000,126.0000
217.0000,180.0000,35.0000,126.0000
217.0000,180.0000,35.0000,126.0000
217.0000,180.0000,35.0000,126.0000
217.0000,180.0000,35.0000,126.0000
217.0000,180.0000,35.0000,126.0000
217.0000,180.0000,35.0000,126.0000
217.0000,180.0000,35.0000,126.0000
217.0000,180.0000,35.0000,126.0000
217.0000,180.0000,35.0000,126.0000
217.0000,180.0000,35.0000,126.0000
217.0000,180.0000,35.0000,126.0000
217.0000,180.0000,35.0000,126.0000
217.0000,180.0000,35.0000,126.0000
217.0000,180.0000,35.0000,126.0000
217.0000,180.0000,35.0000,126.0000
217.0000,180.0000,35.0000,126.0000
217.0000,180.0000,35.0000,126.0000
217.0000,180.0000,35.0000,126.0000
217.0000,180.0000,35.0000,126.0000
217.0000,180.0000,35.0000,126.0000
217.0000,180.0000,35.0000,126.0000
217.0000,180.0000,35.0000,126.0000
217.0000,180.0000,35.0000,126.0000
217.0000,180.0000,35.0000,126.0000
217.0000,180.0000,35.0000,126.0000
217.0000,180.0000,35.0000,126.0000
217.0000,180.0000,35.0000,126.0000
217.0000,180.0000,35.0000,126.0000
217.0000,180.0000,35.0000,126.0000
217.0000,180.0000,35.0000,126.0000
217.0000,180.0000,35.0000,126.0000
217.0000,180.0000,35.0000,126.0000
217.0000,180.0000,35.0000,126.0000
217.0000,180.9999,34.0000,125.0000
217.0000,180.9999,34.0000,125.0000
217.0000,180.9999,34.0000,125.0000
217.0000,180.9999,34.0000,125.0000
217.0000,180.9999,34.0000,125.0000
217.0000,180.9999,34.0000,125.0000
217.0000,180.9999,34.0000,125.0000
217.0000,180.9999,34.0000,125.0000
217.0000,180.9999,34.0000,125.0000
217.0000,180.9999,34.0000,125.0000
217.0000,180.9999,34.0000,125.0000
217.0000,180.9999,34.0000,125.0000
217.0000,180.9999,34.0000,125.0000
217.0000,180.9999,34.0000,125.0000
217.0000,180.9999,34.0000,125.0000
0
0
0
0
0
0
0
0
0
0
0
0
0
0
0
0
0
0
2
0
0
0
0
1
126.0000,206.0000,44.0000,129.0000
128.0000,208.0000,42.0000,125.0000
128.0000,208.0000,42.0000,125.0000
128.0000,208.0000,42.0000,125.0000
128.0000,208.0000,42.0000,125.0000
128.0000,208.0000,42.0000,125.0000
128.0000,208.0000,42.0000,125.0000
128.0000,208.0000,42.0000,125.0000
128.0000,208.0000,42.0000,125.0000
128.0000,208.0000,42.0000,125.0000
128.0000,208.0000,42.0000,125.0000
128.0000,208.0000,42.0000,125.0000
128.0000,208.0000,42.0000,125.0000
128.0000,208.0000,42.0000,125.0000
128.0000,208.0000,42.0000,125.0000
128.0000,208.0000,42.0000,125.0000
128.0000,208.0000,42.0000,125.0000
128.0000,208.0000,42.0000,125.0000
128.0000,208.0000,42.0000,125.0000
128.0000,208.0000,42.0000,125.0000
128.0000,208.0000,42.0000,125.0000
128.0000,208.0000,42.0000,125.0000
128.0000,208.0000,42.0000,125.0000
128.0000,208.0000,42.0000,125.0000
128.0000,208.0000,42.0000,125.0000
128.0000,208.0000,42.0000,125.0000
128.0000,208.0000,42.0000,125.0000
128.0000,208.0000,42.0000,125.0000
128.0000,208.0000,42.0000,125.0000
128.0000,208.0000,42.0000,125.0000
128.0000,208.0000,42.0000,125.0000
128.0000,208.0000,42.0000,125.0000
128.0000,208.0000,42.0000,125.0000
128.0000,208.0000,42.0000,125.0000
128.0000,208.0000,42.0000,125.0000
129.0000,207.9999,43.0000,127.0000
129.0000,207.9999,43.0000,127.0000
129.0000,207.9999,43.0000,127.0000
129.0000,207.9999,43.0000,127.0000
129.0000,207.9999,43.0000,127.0000
129.0000,207.9999,43.0000,127.0000
129.0000,207.9999,43.0000,127.0000
129.0000,207.9999,43.0000,127.0000
129.0000,207.9999,43.0000,127.0000
129.0000,207.9999,43.0000,127.0000
129.0000,207.9999,43.0000,127.0000
129.0000,207.9999,43.0000,127.0000
129.0000,207.9999,43.0000,127.0000
129.0000,207.9999,43.0000,127.0000
129.0000,207.9999,43.0000,127.0000
129.0000,207.9999,43.0000,127.0000
129.0000,207.9999,43.0000,127.0000
129.0000,207.9999,43.0000,127.0000
129.0000,207.9999,43.0000,127.0000
129.0000,207.9999,43.0000,127.0000
129.0000,207.9999,43.0000,127.0000
129.0000,207.9999,43.0000,127.0000
129.0000,207.9999,43.0000,127.0000
129.0000,207.9999,43.0000,127.0000
129.0000,207.9999,43.0000,127.0000
129.0000,207.9999,43.0000,127.0000
129.0000,207.9999,43.0000,127.0000
129.0000,207.9999,43.0000,127.0000
129.0000,207.9999,43.0000,127.0000
129.0000,207.9999,43.0000,127.0000
129.0000,207.9999,43.0000,127.0000
129.0000,207.9999,43.0000,127.0000
129.0000,207.9999,43.0000,127.0000
136.9999,212.9999,43.0000,126.0000
136.9999,212.9999,43.0000,126.0000
136.9999,212.9999,43.0000,126.0000
136.9999,212.9999,43.0000,126.0000
136.9999,212.9999,43.0000,126.0000
136.9999,212.9999,43.0000,126.0000
136.9999,212.9999,43.0000,126.0000
136.9999,212.9999,43.0000,126.0000
136.9999,212.9999,43.0000,126.0000
136.9999,212.9999,43.0000,126.0000
136.9999,212.9999,43.0000,126.0000
136.9999,212.9999,43.0000,126.0000
136.9999,212.9999,43.0000,126.0000
136.9999,212.9999,43.0000,126.0000
136.9999,212.9999,43.0000,126.0000
136.9999,212.9999,43.0000,126.0000
136.9999,212.9999,43.0000,126.0000
136.9999,212.9999,43.0000,126.0000
136.9999,212.9999,43.0000,126.0000
136.9999,212.9999,43.0000,126.0000
136.9999,212.9999,43.0000,126.0000
136.9999,212.9999,43.0000,126.0000
136.9999,212.9999,43.0000,126.0000
136.9999,212.9999,43.0000,126.0000
136.9999,212.9999,43.0000,126.0000
136.9999,212.9999,43.0000,126.0000
136.9999,212.9999,43.0000,126.0000
136.9999,212.9999,43.0000,126.0000
136.9999,212.9999,43.0000,126.0000
136.9999,212.9999,43.0000,126.0000
136.9999,212.9999,43.0000,126.0000
136.9999,212.9999,43.0000,126.0000
136.9999,212.9999,43.0000,126.0000
151.9997,227.9999,41.0001,122.0001
151.9997,227.9999,41.0001,122.0001
151.9997,227.9999,41.0001,122.0001
151.9997,227.9999,41.0001,122.0001
151.9997,227.9999,41.0001,122.0001
151.9997,227.9999,41.0001,122.0001
151.9997,227.9999,41.0001,122.0001
151.9997,227.9999,41.0001,122.0001
151.9997,227.9999,41.0001,122.0001
151.9997,227.9999,41.0001,122.0001
151.9997,227.9999,41.0001,122.0001
151.9997,227.9999,41.0001,122.0001
151.9997,227.9999,41.0001,122.0001
0
0
0
0
0
0
0
0
0
0
0
0
0
0
0
0
0
0
0
0
0
0
2
0
0
0
0
1
290.0000,234.0000,43.0000,99.0000
297.9999,232.0001,43.0000,99.0000
297.9999,232.0001,43.0000,99.0000
297.9999,232.0001,43.0000,99.0000
297.9999,232.0001,43.0000,99.0000
297.9999,232.0001,43.0000,99.0000
297.9999,232.0001,43.0000,99.0000
297.9999,232.0001,43.0000,99.0000
297.9999,232.0001,43.0000,99.0000
0
0
0
0
0
0
0
0
0
0
0
0
0
0
0
0
0
0
0
0
0
0
0
0
0
0
2
0
0
0
0
1
359.0000,191.0000,42.0000,92.0000
358.0000,192.0000,42.0000,92.0000
358.0000,192.0000,42.0000,92.0000
358.0000,192.0000,42.0000,92.0000
358.0000,192.0000,42.0000,92.0000
358.0000,192.0000,42.0000,92.0000
358.0000,192.0000,42.0000,92.0000
358.0000,192.0000,42.0000,92.0000
358.0000,192.0000,42.0000,92.0000
358.0000,192.0000,42.0000,92.0000
358.0000,192.0000,42.0000,92.0000
358.0000,192.0000,42.0000,92.0000
358.0000,192.0000,42.0000,92.0000
358.0000,192.0000,42.0000,92.0000
358.0000,192.0000,42.0000,92.0000
358.0000,192.0000,42.0000,92.0000
358.0000,192.0000,42.0000,92.0000
358.0000,192.0000,42.0000,92.0000
358.0000,192.0000,42.0000,92.0000
358.0000,192.0000,42.0000,92.0000
358.0000,192.0000,42.0000,92.0000
358.0000,192.0000,42.0000,92.0000
358.0000,192.0000,42.0000,92.0000
358.0000,192.0000,42.0000,92.0000
358.0000,192.0000,42.0000,92.0000
358.0000,192.0000,42.0000,92.0000
358.0000,192.0000,42.0000,92.0000
358.0000,192.0000,42.0000,92.0000
358.0000,192.0000,42.0000,92.0000
358.0000,192.0000,42.0000,92.0000
358.0000,192.0000,42.0000,92.0000
358.0000,192.0000,42.0000,92.0000
358.0000,192.0000,42.0000,92.0000
358.0000,192.0000,42.0000,92.0000
358.0000,192.0000,42.0000,92.0000
357.0000,193.0000,40.0000,89.0000
357.0000,193.0000,40.0000,89.0000
357.0000,193.0000,40.0000,89.0000
357.0000,193.0000,40.0000,89.0000
357.0000,193.0000,40.0000,89.0000
357.0000,193.0000,40.0000,89.0000
357.0000,193.0000,40.0000,89.0000
357.0000,193.0000,40.0000,89.0000
357.0000,193.0000,40.0000,89.0000
2
0
0
0
0
0
0
0
0
0
0
0
0
0
0
0
0
0
0
0
0
0
0
0
0
332.0001,209.9997,40.0000,88.0000
0
0
0
0
1
290.0000,178.0000,45.0000,79.0000
289.0000,177.0000,46.0000,80.0000
289.0000,177.0000,46.0000,80.0000
289.0000,177.0000,46.0000,80.0000
289.0000,177.0000,46.0000,80.0000
289.0000,177.0000,46.0000,80.0000
289.0000,177.0000,46.0000,80.0000
289.0000,177.0000,46.0000,80.0000
289.0000,177.0000,46.0000,80.0000
289.0000,177.0000,46.0000,80.0000
289.0000,177.0000,46.0000,80.0000
289.0000,177.0000,46.0000,80.0000
289.0000,177.0000,46.0000,80.0000
289.0000,177.0000,46.0000,80.0000
289.0000,177.0000,46.0000,80.0000
289.0000,177.0000,46.0000,80.0000
289.0000,177.0000,46.0000,80.0000
289.0000,177.0000,46.0000,80.0000
289.0000,177.0000,46.0000,80.0000
289.0000,177.0000,46.0000,80.0000
289.0000,177.0000,46.0000,80.0000
289.0000,177.0000,46.0000,80.0000
289.0000,177.0000,46.0000,80.0000
289.0000,177.0000,46.0000,80.0000
289.0000,177.0000,46.0000,80.0000
289.0000,177.0000,46.0000,80.0000
289.0000,177.0000,46.0000,80.0000
289.0000,177.0000,46.0000,80.0000
289.0000,177.0000,46.0000,80.0000
289.0000,177.0000,46.0000,80.0000
289.0000,177.0000,46.0000,80.0000
289.0000,177.0000,46.0000,80.0000
289.0000,177.0000,46.0000,80.0000
289.0000,177.0000,46.0000,80.0000
289.0000,177.0000,46.0000,80.0000
289.0000,177.0000,46.0000,80.0000
289.0000,177.0000,46.0000,80.0000
289.0000,177.0000,46.0000,80.0000
289.0000,177.0000,46.0000,80.0000
289.0000,177.0000,46.0000,80.0000
289.0000,177.0000,46.0000,80.0000
289.0000,177.0000,46.0000,80.0000
289.0000,177.0000,46.0000,80.0000
289.0000,177.0000,46.0000,80.0000
289.0000,177.0000,46.0000,80.0000
289.0000,177.0000,46.0000,80.0000
289.0000,177.0000,46.0000,80.0000
289.0000,177.0000,46.0000,80.0000
289.0000,177.0000,46.0000,80.0000
289.0000,177.0000,46.0000,80.0000
289.0000,177.0000,46.0000,80.0000
289.0000,177.0000,46.0000,80.0000
289.0000,177.0000,46.0000,80.0000
289.0000,177.0000,46.0000,80.0000
327.9998,162.0002,45.0000,79.0000
327.9998,162.0002,45.0000,79.0000
327.9998,162.0002,45.0000,79.0000
327.9998,162.0002,45.0000,79.0000
327.9998,162.0002,45.0000,79.0000
327.9998,162.0002,45.0000,79.0000
327.9998,162.0002,45.0000,79.0000
327.9998,162.0002,45.0000,79.0000
327.9998,162.0002,45.0000,79.0000
327.9998,162.0002,45.0000,79.0000
327.9998,162.0002,45.0000,79.0000
327.9998,162.0002,45.0000,79.0000
327.9998,162.0002,45.0000,79.0000
327.9998,162.0002,45.0000,79.0000
327.9998,162.0002,45.0000,79.0000
327.9998,162.0002,45.0000,79.0000
327.9998,162.0002,45.0000,79.0000
327.9998,162.0002,45.0000,79.0000
327.9998,162.0002,45.0000,79.0000
327.9998,162.0002,45.0000,79.0000
327.9998,162.0002,45.0000,79.0000
327.9998,162.0002,45.0000,79.0000
327.9998,162.0002,45.0000,79.0000
327.9998,162.0002,45.0000,79.0000
327.9998,162.0002,45.0000,79.0000
327.9998,162.0002,45.0000,79.0000
306.9997,179.0003,46.0000,80.0000
306.9997,179.0003,46.0000,80.0000
306.9997,179.0003,46.0000,80.0000
306.9997,179.0003,46.0000,80.0000
306.9997,179.0003,46.0000,80.0000
306.9997,179.0003,46.0000,80.0000
306.9997,179.0003,46.0000,80.0000
306.9997,179.0003,46.0000,80.0000
306.9997,179.0003,46.0000,80.0000
306.9997,179.0003,46.0000,80.0000
306.9997,179.0003,46.0000,80.0000
306.9997,179.0003,46.0000,80.0000
306.9997,179.0003,46.0000,80.0000
306.9997,179.0003,46.0000,80.0000
306.9997,179.0003,46.0000,80.0000
306.9997,179.0003,46.0000,80.0000
306.9997,179.0003,46.0000,80.0000
306.9997,179.0003,46.0000,80.0000
306.9997,179.0003,46.0000,80.0000
306.9997,179.0003,46.0000,80.0000
306.9997,179.0003,46.0000,80.0000
306.9997,179.0003,46.0000,80.0000
306.9997,179.0003,46.0000,80.0000
306.9997,179.0003,46.0000,80.0000
306.9997,179.0003,46.0000,80.0000
306.9997,179.0003,46.0000,80.0000
306.9997,179.0003,46.0000,80.0000
310.9997,179.0003,46.0000,80.0000
310.9997,179.0003,46.0000,80.0000
310.9997,179.0003,46.0000,80.0000
310.9997,179.0003,46.0000,80.0000
310.9997,179.0003,46.0000,80.0000
310.9997,179.0003,46.0000,80.0000
310.9997,179.0003,46.0000,80.0000
310.9997,179.0003,46.0000,80.0000
310.9997,179.0003,46.0000,80.0000
310.9997,179.0003,46.0000,80.0000
310.9997,179.0003,46.0000,80.0000
310.9997,179.0003,46.0000,80.0000
310.9997,179.0003,46.0000,80.0000
310.9997,179.0003,46.0000,80.0000
310.9997,179.0003,46.0000,80.0000
310.9997,179.0003,46.0000,80.0000
310.9997,179.0003,46.0000,80.0000
310.9997,179.0003,46.0000,80.0000
310.9997,179.0003,46.0000,80.0000
310.9997,179.0003,46.0000,80.0000
310.9997,179.0003,46.0000,80.0000
310.9997,179.0003,46.0000,80.0000
310.9997,179.0003,46.0000,80.0000
310.9997,179.0003,46.0000,80.0000
310.9997,179.0003,46.0000,80.0000
310.9997,179.0003,46.0000,80.0000
310.9997,179.0003,46.0000,80.0000
345.9997,200.0003,46.0000,80.0001
345.9997,200.0003,46.0000,80.0001
345.9997,200.0003,46.0000,80.0001
345.9997,200.0003,46.0000,80.0001
345.9997,200.0003,46.0000,80.0001
