0.000178,0.000213,0.000178,0,0,0,0,0,0,0,0,0,0,0,0
3.3514,3.4978,3.1694,0,0,0,0,0,0,0,0,0,0,0,0
0.025275,0.019759,0.016799,0,0,0,0,0,0,0,0,0,0,0,0
0.020897,0.017433,0.014676,0,0,0,0,0,0,0,0,0,0,0,0
0.019391,0.016869,0.014194,0,0,0,0,0,0,0,0,0,0,0,0
0.018068,0.017051,0.014841,0,0,0,0,0,0,0,0,0,0,0,0
0.016871,0.017436,0.014572,0,0,0,0,0,0,0,0,0,0,0,0
0.01587,0.017262,0.014899,0,0,0,0,0,0,0,0,0,0,0,0
0.016181,0.017081,0.014127,0,0,0,0,0,0,0,0,0,0,0,0
0.016037,0.016955,0.014562,0,0,0,0,0,0,0,0,0,0,0,0
0.016111,0.017181,0.014652,0,0,0,0,0,0,0,0,0,0,0,0
0.016137,0.016956,0.015,0,0,0,0,0,0,0,0,0,0,0,0
0.016111,0.016964,0.014548,0,0,0,0,0,0,0,0,0,0,0,0
0.016092,0.017338,0.014627,0,0,0,0,0,0,0,0,0,0,0,0
0.015987,0.016811,0.014435,0,0,0,0,0,0,0,0,0,0,0,0
0.015898,0.017021,0.014559,0,0,0,0,0,0,0,0,0,0,0,0
0.015889,0.017319,0.014434,0,0,0,0,0,0,0,0,0,0,0,0
0.015811,0.017055,0.014367,0,0,0,0,0,0,0,0,0,0,0,0
0.015802,0.016913,0.01466,0,0,0,0,0,0,0,0,0,0,0,0
0.01586,0.016877,0.014594,0,0,0,0,0,0,0,0,0,0,0,0
0.015757,0.016998,0.014636,0,0,0,0,0,0,0,0,0,0,0,0
0.015857,0.016804,0.014229,0,0,0,0,0,0,0,0,0,0,0,0
0.01612,0.016842,0.014673,0,0,0,0,0,0,0,0,0,0,0,0
0.015984,0.016986,0.014291,0,0,0,0,0,0,0,0,0,0,0,0
0.016114,0.017088,0.014568,0,0,0,0,0,0,0,0,0,0,0,0
0.016062,0.016342,0.014427,0,0,0,0,0,0,0,0,0,0,0,0
0.015889,0.016022,0.014659,0,0,0,0,0,0,0,0,0,0,0,0
0.016203,0.016089,0.014768,0,0,0,0,0,0,0,0,0,0,0,0
0.015976,0.015817,0.014719,0,0,0,0,0,0,0,0,0,0,0,0
0.016873,0.018421,0.016358,0,0,0,0,0,0,0,0,0,0,0,0
0.016488,0.017459,0.016086,0,0,0,0,0,0,0,0,0,0,0,0
0.019167,0.016575,0.015953,0,0,0,0,0,0,0,0,0,0,0,0
0.016426,0.01581,0.01627,0,0,0,0,0,0,0,0,0,0,0,0
0.015729,0.015945,0.014604,0,0,0,0,0,0,0,0,0,0,0,0
0.016066,0.01589,0.014442,0,0,0,0,0,0,0,0,0,0,0,0
0.016002,0.016044,0.014502,0,0,0,0,0,0,0,0,0,0,0,0
0.015941,0.018141,0.01476,0,0,0,0,0,0,0,0,0,0,0,0
0.015961,0.016833,0.014671,0,0,0,0,0,0,0,0,0,0,0,0
0.01605,0.015876,0.014699,0,0,0,0,0,0,0,0,0,0,0,0
0.015941,0.016127,0.014386,0,0,0,0,0,0,0,0,0,0,0,0
0.015871,0.015566,0.014532,0,0,0,0,0,0,0,0,0,0,0,0
0.015827,0.015477,0.014348,0,0,0,0,0,0,0,0,0,0,0,0
0.01607,0.015602,0.014837,0,0,0,0,0,0,0,0,0,0,0,0
0.016054,0.015438,0.014693,0,0,0,0,0,0,0,0,0,0,0,0
0.016037,0.015276,0.014592,0,0,0,0,0,0,0,0,0,0,0,0
0.01603,0.015545,0.014626,0,0,0,0,0,0,0,0,0,0,0,0
0.016198,0.015557,0.014607,0,0,0,0,0,0,0,0,0,0,0,0
0.01594,0.015742,0.014751,0,0,0,0,0,0,0,0,0,0,0,0
0.015488,0.01585,0.014581,0,0,0,0,0,0,0,0,0,0,0,0
0.014822,0.016122,0.014393,0,0,0,0,0,0,0,0,0,0,0,0
0.014997,0.015735,0.014438,0,0,0,0,0,0,0,0,0,0,0,0
0.014486,0.015456,0.015608,0,0,0,0,0,0,0,0,0,0,0,0
0.01441,0.015837,0.014978,0,0,0,0,0,0,0,0,0,0,0,0
0.014183,0.015472,0.015102,0,0,0,0,0,0,0,0,0,0,0,0
0.014232,0.015753,0.0149,0,0,0,0,0,0,0,0,0,0,0,0
0.014451,0.016052,0.014762,0,0,0,0,0,0,0,0,0,0,0,0
0.014382,0.015789,0.01419,0,0,0,0,0,0,0,0,0,0,0,0
0.014681,0.015345,0.01466,0,0,0,0,0,0,0,0,0,0,0,0
0.013849,0.015443,0.015218,0,0,0,0,0,0,0,0,0,0,0,0
0.014439,0.01563,0.015936,0,0,0,0,0,0,0,0,0,0,0,0
0.014267,0.015841,0.014531,0,0,0,0,0,0,0,0,0,0,0,0
0.01431,0.015517,0.014578,0,0,0,0,0,0,0,0,0,0,0,0
0.014466,0.015677,0.014643,0,0,0,0,0,0,0,0,0,0,0,0
0.014664,0.015279,0.014864,0,0,0,0,0,0,0,0,0,0,0,0
0.015111,0.015671,0.015704,0,0,0,0,0,0,0,0,0,0,0,0
0.01444,0.015513,0.014533,0,0,0,0,0,0,0,0,0,0,0,0
0.014448,0.015302,0.014717,0,0,0,0,0,0,0,0,0,0,0,0
0.015054,0.015527,0.014837,0,0,0,0,0,0,0,0,0,0,0,0
0.014836,0.015474,0.01492,0,0,0,0,0,0,0,0,0,0,0,0
0.016135,0.015334,0.014476,0,0,0,0,0,0,0,0,0,0,0,0
0.015677,0.015367,0.014304,0,0,0,0,0,0,0,0,0,0,0,0
0.015096,0.015559,0.013779,0,0,0,0,0,0,0,0,0,0,0,0
0.015027,0.015802,0.014277,0,0,0,0,0,0,0,0,0,0,0,0
0.01498,0.015804,0.014449,0,0,0,0,0,0,0,0,0,0,0,0
0.014973,0.015379,0.014277,0,0,0,0,0,0,0,0,0,0,0,0
0.014816,0.015416,0.014307,0,0,0,0,0,0,0,0,0,0,0,0
0.014399,0.015317,0.014808,0,0,0,0,0,0,0,0,0,0,0,0
0.014227,0.015389,0.014279,0,0,0,0,0,0,0,0,0,0,0,0
0.014441,0.015072,0.014165,0,0,0,0,0,0,0,0,0,0,0,0
0.014832,0.015525,0.014467,0,0,0,0,0,0,0,0,0,0,0,0
0.014426,0.015369,0.014747,0,0,0,0,0,0,0,0,0,0,0,0
0.014327,0.015495,0.014845,0,0,0,0,0,0,0,0,0,0,0,0
0.014616,0.015953,0.014498,0,0,0,0,0,0,0,0,0,0,0,0
0.01458,0.015716,0.014266,0,0,0,0,0,0,0,0,0,0,0,0
0.014384,0.015751,0.014937,0,0,0,0,0,0,0,0,0,0,0,0
0.014747,0.015506,0.014925,0,0,0,0,0,0,0,0,0,0,0,0
0.014659,0.01543,0.014246,0,0,0,0,0,0,0,0,0,0,0,0
0.014453,0.015674,0.014473,0,0,0,0,0,0,0,0,0,0,0,0
0.014841,0.015766,0.014504,0,0,0,0,0,0,0,0,0,0,0,0
0.014666,0.015938,0.01442,0,0,0,0,0,0,0,0,0,0,0,0
0.014467,0.0154,0.014741,0,0,0,0,0,0,0,0,0,0,0,0
0.01449,0.015543,0.014434,0,0,0,0,0,0,0,0,0,0,0,0
0.014541,0.01563,0.01474,0,0,0,0,0,0,0,0,0,0,0,0
0.014557,0.015851,0.014523,0,0,0,0,0,0,0,0,0,0,0,0
0.015039,0.017744,0.015528,0,0,0,0,0,0,0,0,0,0,0,0
0.016153,0.015977,0.024002,0,0,0,0,0,0,0,0,0,0,0,0
0.017192,0.019275,0.027005,0,0,0,0,0,0,0,0,0,0,0,0
0.015,0.015907,0.021609,0,0,0,0,0,0,0,0,0,0,0,0
0.014669,0.017406,0.019589,0,0,0,0,0,0,0,0,0,0,0,0
0.014694,0.015913,0.018323,0,0,0,0,0,0,0,0,0,0,0,0
0.014268,0.015466,0.017452,0,0,0,0,0,0,0,0,0,0,0,0
0.014709,0.015908,0.016376,0,0,0,0,0,0,0,0,0,0,0,0
0.014372,0.015475,0.015716,0,0,0,0,0,0,0,0,0,0,0,0
0.014303,0.015591,0.015539,0,0,0,0,0,0,0,0,0,0,0,0
0.014561,0.015761,0.015726,0,0,0,0,0,0,0,0,0,0,0,0
0.01439,0.015445,0.015792,0,0,0,0,0,0,0,0,0,0,0,0
0.014286,0.015303,0.016289,0,0,0,0,0,0,0,0,0,0,0,0
0.014368,0.015378,0.015766,0,0,0,0,0,0,0,0,0,0,0,0
0.014943,0.015353,0.015947,0,0,0,0,0,0,0,0,0,0,0,0
0.01464,0.015881,0.015775,0,0,0,0,0,0,0,0,0,0,0,0
0.014329,0.015467,0.015925,0,0,0,0,0,0,0,0,0,0,0,0
0.014251,0.015565,0.015908,0,0,0,0,0,0,0,0,0,0,0,0
0.014609,0.015979,0.015849,0,0,0,0,0,0,0,0,0,0,0,0
0.014994,0.01561,0.01607,0,0,0,0,0,0,0,0,0,0,0,0
0.014683,0.015682,0.01589,0,0,0,0,0,0,0,0,0,0,0,0
0.014315,0.015511,0.015809,0,0,0,0,0,0,0,0,0,0,0,0
0.01534,0.017201,0.017205,0,0,0,0,0,0,0,0,0,0,0,0
0.014112,0.015627,0.01593,0,0,0,0,0,0,0,0,0,0,0,0
0.015564,0.016564,0.017129,0,0,0,0,0,0,0,0,0,0,0,0
0.015508,0.016481,0.016981,0,0,0,0,0,0,0,0,0,0,0,0
0.014363,0.015261,0.015575,0,0,0,0,0,0,0,0,0,0,0,0
0.014095,0.015494,0.016099,0,0,0,0,0,0,0,0,0,0,0,0
0.014427,0.015795,0.015851,0,0,0,0,0,0,0,0,0,0,0,0
0.014585,0.016016,0.015994,0,0,0,0,0,0,0,0,0,0,0,0
0.014721,0.015916,0.015897,0,0,0,0,0,0,0,0,0,0,0,0
0.014202,0.016131,0.016173,0,0,0,0,0,0,0,0,0,0,0,0
0.01425,0.015715,0.015909,0,0,0,0,0,0,0,0,0,0,0,0
0.014499,0.018789,0.01593,0,0,0,0,0,0,0,0,0,0,0,0
0.01455,0.024114,0.01603,0,0,0,0,0,0,0,0,0,0,0,0
0.014643,0.021335,0.016224,0,0,0,0,0,0,0,0,0,0,0,0
0.014366,0.019236,0.015822,0,0,0,0,0,0,0,0,0,0,0,0
0.01449,0.018472,0.015858,0,0,0,0,0,0,0,0,0,0,0,0
0.014422,0.018053,0.016044,0,0,0,0,0,0,0,0,0,0,0,0
0.014832,0.017415,0.015745,0,0,0,0,0,0,0,0,0,0,0,0
0.014501,0.017121,0.015743,0,0,0,0,0,0,0,0,0,0,0,0
0.014339,0.016979,0.015599,0,0,0,0,0,0,0,0,0,0,0,0
0.014816,0.017117,0.015752,0,0,0,0,0,0,0,0,0,0,0,0
0.014557,0.017171,0.016143,0,0,0,0,0,0,0,0,0,0,0,0
0.014301,0.017253,0.015609,0,0,0,0,0,0,0,0,0,0,0,0
0.014508,0.017072,0.015677,0,0,0,0,0,0,0,0,0,0,0,0
0.014723,0.017437,0.015889,0,0,0,0,0,0,0,0,0,0,0,0
0.014237,0.016965,0.015884,0,0,0,0,0,0,0,0,0,0,0,0
0.019075,0.017177,0.015701,0,0,0,0,0,0,0,0,0,0,0,0
0.049903,0.016994,0.015112,0,0,0,0,0,0,0,0,0,0,0,0
0.036912,0.017192,0.015293,0,0,0,0,0,0,0,0,0,0,0,0
0.018893,0.016807,0.014812,0,0,0,0,0,0,0,0,0,0,0,0
0.018069,0.017007,0.014799,0,0,0,0,0,0,0,0,0,0,0,0
0.017937,0.016854,0.014595,0,0,0,0,0,0,0,0,0,0,0,0
0.017039,0.017317,0.01467,0,0,0,0,0,0,0,0,0,0,0,0
0.016732,0.016875,0.014778,0,0,0,0,0,0,0,0,0,0,0,0
0.015999,0.016933,0.014627,0,0,0,0,0,0,0,0,0,0,0,0
0.015726,0.017122,0.014793,0,0,0,0,0,0,0,0,0,0,0,0
0.016002,0.017059,0.014914,0,0,0,0,0,0,0,0,0,0,0,0
0.015952,0.016896,0.016926,0,0,0,0,0,0,0,0,0,0,0,0
0.015879,0.016959,0.023815,0,0,0,0,0,0,0,0,0,0,0,0
0.01583,0.0172,0.022144,0,0,0,0,0,0,0,0,0,0,0,0
0.01601,0.016892,0.020956,0,0,0,0,0,0,0,0,0,0,0,0
0.015751,0.016946,0.020262,0,0,0,0,0,0,0,0,0,0,0,0
0.016755,0.017801,0.020956,0,0,0,0,0,0,0,0,0,0,0,0
0.016444,0.017467,0.019662,0,0,0,0,0,0,0,0,0,0,0,0
0.018388,0.017932,0.019409,0,0,0,0,0,0,0,0,0,0,0,0
0.018113,0.019939,0.017944,0,0,0,0,0,0,0,0,0,0,0,0
0.018601,0.018146,0.016391,0,0,0,0,0,0,0,0,0,0,0,0
0.015911,0.021097,0.015831,0,0,0,0,0,0,0,0,0,0,0,0
0.015801,0.020986,0.015952,0,0,0,0,0,0,0,0,0,0,0,0
0.015913,0.020839,0.015793,0,0,0,0,0,0,0,0,0,0,0,0
0.015963,0.019544,0.015775,0,0,0,0,0,0,0,0,0,0,0,0
0.016142,0.019191,0.016069,0,0,0,0,0,0,0,0,0,0,0,0
0.015932,0.018404,0.015969,0,0,0,0,0,0,0,0,0,0,0,0
0.01608,0.01546,0.015811,0,0,0,0,0,0,0,0,0,0,0,0
0.015699,0.015366,0.015742,0,0,0,0,0,0,0,0,0,0,0,0
0.016138,0.015715,0.015891,0,0,0,0,0,0,0,0,0,0,0,0
0.01605,0.015431,0.015661,0,0,0,0,0,0,0,0,0,0,0,0
0.016115,0.015517,0.016069,0,0,0,0,0,0,0,0,0,0,0,0
0.016191,0.01551,0.015745,0,0,0,0,0,0,0,0,0,0,0,0
0.016455,0.015322,0.015853,0,0,0,0,0,0,0,0,0,0,0,0
0.016239,0.01553,0.015921,0,0,0,0,0,0,0,0,0,0,0,0
0.016266,0.015237,0.01603,0,0,0,0,0,0,0,0,0,0,0,0
0.016245,0.015388,0.015854,0,0,0,0,0,0,0,0,0,0,0,0
0.016217,0.015955,0.015777,0,0,0,0,0,0,0,0,0,0,0,0
0.016189,0.015433,0.016064,0,0,0,0,0,0,0,0,0,0,0,0
0.015789,0.01547,0.016085,0,0,0,0,0,0,0,0,0,0,0,0
0.016035,0.015689,0.016016,0,0,0,0,0,0,0,0,0,0,0,0
0.015755,0.015788,0.015901,0,0,0,0,0,0,0,0,0,0,0,0
0.015955,0.015554,0.015748,0,0,0,0,0,0,0,0,0,0,0,0
0.01601,0.015707,0.016243,0,0,0,0,0,0,0,0,0,0,0,0
0.016209,0.015527,0.015891,0,0,0,0,0,0,0,0,0,0,0,0
0.015899,0.015374,0.015955,0,0,0,0,0,0,0,0,0,0,0,0
0.016065,0.015555,0.01597,0,0,0,0,0,0,0,0,0,0,0,0
0.016154,0.015737,0.015872,0,0,0,0,0,0,0,0,0,0,0,0
0.015953,0.01578,0.016033,0,0,0,0,0,0,0,0,0,0,0,0
0.014485,0.015795,0.016026,0,0,0,0,0,0,0,0,0,0,0,0
0.014345,0.015574,0.015941,0,0,0,0,0,0,0,0,0,0,0,0
0.014498,0.015243,0.015889,0,0,0,0,0,0,0,0,0,0,0,0
0.014752,0.015129,0.015802,0,0,0,0,0,0,0,0,0,0,0,0
0.014584,0.015375,0.015987,0,0,0,0,0,0,0,0,0,0,0,0
0.014573,0.015537,0.015929,0,0,0,0,0,0,0,0,0,0,0,0
0.014648,0.015159,0.015883,0,0,0,0,0,0,0,0,0,0,0,0
0.01487,0.015468,0.016072,0,0,0,0,0,0,0,0,0,0,0,0
0.014272,0.014934,0.015726,0,0,0,0,0,0,0,0,0,0,0,0
0.014341,0.015397,0.015966,0,0,0,0,0,0,0,0,0,0,0,0
0.014581,0.01522,0.015687,0,0,0,0,0,0,0,0,0,0,0,0
0.01491,0.015309,0.015706,0,0,0,0,0,0,0,0,0,0,0,0
0.014417,0.015393,0.015902,0,0,0,0,0,0,0,0,0,0,0,0
0.01454,0.015315,0.015814,0,0,0,0,0,0,0,0,0,0,0,0
0.014445,0.01505,0.015889,0,0,0,0,0,0,0,0,0,0,0,0
0.014725,0.015437,0.015885,0,0,0,0,0,0,0,0,0,0,0,0
0.015096,0.015762,0.015649,0,0,0,0,0,0,0,0,0,0,0,0
0.01419,0.015423,0.015402,0,0,0,0,0,0,0,0,0,0,0,0
0.014374,0.015545,0.014836,0,0,0,0,0,0,0,0,0,0,0,0
0.014893,0.015672,0.014786,0,0,0,0,0,0,0,0,0,0,0,0
0.014888,0.015538,0.014677,0,0,0,0,0,0,0,0,0,0,0,0
0.014753,0.015482,0.014852,0,0,0,0,0,0,0,0,0,0,0,0
0.01484,0.015425,0.014666,0,0,0,0,0,0,0,0,0,0,0,0
0.014439,0.015515,0.014719,0,0,0,0,0,0,0,0,0,0,0,0
0.014834,0.015633,0.014369,0,0,0,0,0,0,0,0,0,0,0,0
0.014653,0.015296,0.014596,0,0,0,0,0,0,0,0,0,0,0,0
0.014723,0.015568,0.01445,0,0,0,0,0,0,0,0,0,0,0,0
0.014496,0.015435,0.014104,0,0,0,0,0,0,0,0,0,0,0,0
0.014948,0.015692,0.014344,0,0,0,0,0,0,0,0,0,0,0,0
0.014647,0.015532,0.014411,0,0,0,0,0,0,0,0,0,0,0,0
0.014631,0.015696,0.014289,0,0,0,0,0,0,0,0,0,0,0,0
0.014797,0.015612,0.014404,0,0,0,0,0,0,0,0,0,0,0,0
0.015767,0.016722,0.015227,0,0,0,0,0,0,0,0,0,0,0,0
0.014855,0.01583,0.015356,0,0,0,0,0,0,0,0,0,0,0,0
0.015632,0.015521,0.01522,0,0,0,0,0,0,0,0,0,0,0,0
0.017229,0.019065,0.016335,0,0,0,0,0,0,0,0,0,0,0,0
0.015659,0.016902,0.014856,0,0,0,0,0,0,0,0,0,0,0,0
0.014563,0.016924,0.014497,0,0,0,0,0,0,0,0,0,0,0,0
0.014372,0.015587,0.014523,0,0,0,0,0,0,0,0,0,0,0,0
0.01447,0.015576,0.014507,0,0,0,0,0,0,0,0,0,0,0,0
0.015005,0.01516,0.014584,0,0,0,0,0,0,0,0,0,0,0,0
0.014493,0.015643,0.014279,0,0,0,0,0,0,0,0,0,0,0,0
0.014541,0.015562,0.01462,0,0,0,0,0,0,0,0,0,0,0,0
0.013983,0.015508,0.014227,0,0,0,0,0,0,0,0,0,0,0,0
0.014346,0.015061,0.014239,0,0,0,0,0,0,0,0,0,0,0,0
0.014001,0.015281,0.014554,0,0,0,0,0,0,0,0,0,0,0,0
0.014291,0.015529,0.014451,0,0,0,0,0,0,0,0,0,0,0,0
0.014324,0.015551,0.01418,0,0,0,0,0,0,0,0,0,0,0,0
0.014482,0.015428,0.014296,0,0,0,0,0,0,0,0,0,0,0,0
0.014708,0.015351,0.014133,0,0,0,0,0,0,0,0,0,0,0,0
0.014539,0.015293,0.014535,0,0,0,0,0,0,0,0,0,0,0,0
0.014472,0.015235,0.014075,0,0,0,0,0,0,0,0,0,0,0,0
0.014542,0.015262,0.014133,0,0,0,0,0,0,0,0,0,0,0,0
0.014494,0.015156,0.013923,0,0,0,0,0,0,0,0,0,0,0,0
0.014496,0.015736,0.014159,0,0,0,0,0,0,0,0,0,0,0,0
0.014347,0.015573,0.013959,0,0,0,0,0,0,0,0,0,0,0,0
0.014492,0.015284,0.013962,0,0,0,0,0,0,0,0,0,0,0,0
0.014556,0.015117,0.013897,0,0,0,0,0,0,0,0,0,0,0,0
0.014523,0.015099,0.013994,0,0,0,0,0,0,0,0,0,0,0,0
0.014408,0.015185,0.014509,0,0,0,0,0,0,0,0,0,0,0,0
0.014591,0.015158,0.014385,0,0,0,0,0,0,0,0,0,0,0,0
0.014617,0.015715,0.014197,0,0,0,0,0,0,0,0,0,0,0,0
0.014476,0.015655,0.014088,0,0,0,0,0,0,0,0,0,0,0,0
0.01432,0.015409,0.014173,0,0,0,0,0,0,0,0,0,0,0,0
0.014202,0.015114,0.014078,0,0,0,0,0,0,0,0,0,0,0,0
0.014504,0.015239,0.014168,0,0,0,0,0,0,0,0,0,0,0,0
0.014652,0.015307,0.01396,0,0,0,0,0,0,0,0,0,0,0,0
0.014389,0.01537,0.013738,0,0,0,0,0,0,0,0,0,0,0,0
0.014356,0.01561,0.014011,0,0,0,0,0,0,0,0,0,0,0,0
0.014512,0.015311,0.013938,0,0,0,0,0,0,0,0,0,0,0,0
0.014288,0.015259,0.014009,0,0,0,0,0,0,0,0,0,0,0,0
0.014404,0.01521,0.014522,0,0,0,0,0,0,0,0,0,0,0,0
0.014348,0.014786,0.014326,0,0,0,0,0,0,0,0,0,0,0,0
0.014502,0.015303,0.014032,0,0,0,0,0,0,0,0,0,0,0,0
0.014612,0.015149,0.014295,0,0,0,0,0,0,0,0,0,0,0,0
0.014383,0.015127,0.01426,0,0,0,0,0,0,0,0,0,0,0,0
0.01423,0.014821,0.014727,0,0,0,0,0,0,0,0,0,0,0,0
0.014671,0.0148,0.014095,0,0,0,0,0,0,0,0,0,0,0,0
0.015064,0.015193,0.014368,0,0,0,0,0,0,0,0,0,0,0,0
0.014208,0.01542,0.014618,0,0,0,0,0,0,0,0,0,0,0,0
0.014219,0.014982,0.014263,0,0,0,0,0,0,0,0,0,0,0,0
0.014493,0.015175,0.014078,0,0,0,0,0,0,0,0,0,0,0,0
0.01438,0.015069,0.014313,0,0,0,0,0,0,0,0,0,0,0,0
0.014076,0.01504,0.013981,0,0,0,0,0,0,0,0,0,0,0,0
0.014681,0.016172,0.014312,0,0,0,0,0,0,0,0,0,0,0,0
0.014693,0.015137,0.013834,0,0,0,0,0,0,0,0,0,0,0,0
0.014587,0.015522,0.014356,0,0,0,0,0,0,0,0,0,0,0,0
0.014375,0.015343,0.014007,0,0,0,0,0,0,0,0,0,0,0,0
0.014352,0.01531,0.014588,0,0,0,0,0,0,0,0,0,0,0,0
0.014694,0.015514,0.014033,0,0,0,0,0,0,0,0,0,0,0,0
0.015152,0.015369,0.013834,0,0,0,0,0,0,0,0,0,0,0,0
0.014744,0.015247,0.014168,0,0,0,0,0,0,0,0,0,0,0,0
0.014358,0.015355,0.014496,0,0,0,0,0,0,0,0,0,0,0,0
0.014468,0.015314,0.014592,0,0,0,0,0,0,0,0,0,0,0,0
0.014283,0.015365,0.014124,0,0,0,0,0,0,0,0,0,0,0,0
0.014597,0.015193,0.014136,0,0,0,0,0,0,0,0,0,0,0,0
0.015226,0.016434,0.01705,0,0,0,0,0,0,0,0,0,0,0,0
0.015051,0.016806,0.014766,0,0,0,0,0,0,0,0,0,0,0,0
0.014998,0.015863,0.015663,0,0,0,0,0,0,0,0,0,0,0,0
0.018386,0.017229,0.015296,0,0,0,0,0,0,0,0,0,0,0,0
0.015175,0.01561,0.016202,0,0,0,0,0,0,0,0,0,0,0,0
0.014709,0.015434,0.01461,0,0,0,0,0,0,0,0,0,0,0,0
0.014539,0.015463,0.014157,0,0,0,0,0,0,0,0,0,0,0,0
0.014584,0.015595,0.014381,0,0,0,0,0,0,0,0,0,0,0,0
0.014301,0.015583,0.014216,0,0,0,0,0,0,0,0,0,0,0,0
0.014577,0.015396,0.014772,0,0,0,0,0,0,0,0,0,0,0,0
0.014741,0.01528,0.014733,0,0,0,0,0,0,0,0,0,0,0,0
0.0147,0.015294,0.014275,0,0,0,0,0,0,0,0,0,0,0,0
0.014327,0.015259,0.014674,0,0,0,0,0,0,0,0,0,0,0,0
0.014602,0.015318,0.014336,0,0,0,0,0,0,0,0,0,0,0,0
0.014338,0.015338,0.014412,0,0,0,0,0,0,0,0,0,0,0,0
0.01477,0.015345,0.014055,0,0,0,0,0,0,0,0,0,0,0,0
0.014668,0.015546,0.014581,0,0,0,0,0,0,0,0,0,0,0,0
0.014669,0.015295,0.014309,0,0,0,0,0,0,0,0,0,0,0,0
0.014288,0.015342,0.014173,0,0,0,0,0,0,0,0,0,0,0,0
0.014845,0.015337,0.014084,0,0,0,0,0,0,0,0,0,0,0,0
0.014652,0.015174,0.014401,0,0,0,0,0,0,0,0,0,0,0,0
0.014666,0.015453,0.014105,0,0,0,0,0,0,0,0,0,0,0,0
0.014716,0.015351,0.01428,0,0,0,0,0,0,0,0,0,0,0,0
0.014416,0.015345,0.014132,0,0,0,0,0,0,0,0,0,0,0,0
0.014566,0.01532,0.013831,0,0,0,0,0,0,0,0,0,0,0,0
0.014464,0.01507,0.013745,0,0,0,0,0,0,0,0,0,0,0,0
0.014547,0.015532,0.014434,0,0,0,0,0,0,0,0,0,0,0,0
0.014477,0.015143,0.01447,0,0,0,0,0,0,0,0,0,0,0,0
0.014274,0.015291,0.014118,0,0,0,0,0,0,0,0,0,0,0,0
0.01463,0.015361,0.014509,0,0,0,0,0,0,0,0,0,0,0,0
0.014176,0.015538,0.014315,0,0,0,0,0,0,0,0,0,0,0,0
0.014071,0.015053,0.014072,0,0,0,0,0,0,0,0,0,0,0,0
0.014279,0.01546,0.014324,0,0,0,0,0,0,0,0,0,0,0,0
0.014483,0.015608,0.014236,0,0,0,0,0,0,0,0,0,0,0,0
0.014304,0.015094,0.014648,0,0,0,0,0,0,0,0,0,0,0,0
0.014802,0.015044,0.014086,0,0,0,0,0,0,0,0,0,0,0,0
0.014667,0.015165,0.01415,0,0,0,0,0,0,0,0,0,0,0,0
0.014378,0.015383,0.014507,0,0,0,0,0,0,0,0,0,0,0,0
0.014607,0.015772,0.014214,0,0,0,0,0,0,0,0,0,0,0,0
0.014394,0.015382,0.014746,0,0,0,0,0,0,0,0,0,0,0,0
0.014844,0.015652,0.013963,0,0,0,0,0,0,0,0,0,0,0,0
0.014263,0.015298,0.014199,0,0,0,0,0,0,0,0,0,0,0,0
0.01434,0.015529,0.013944,0,0,0,0,0,0,0,0,0,0,0,0
0.014416,0.015303,0.014712,0,0,0,0,0,0,0,0,0,0,0,0
0.014651,0.015655,0.014094,0,0,0,0,0,0,0,0,0,0,0,0
0.014582,0.015307,0.014258,0,0,0,0,0,0,0,0,0,0,0,0
0.01452,0.015418,0.014314,0,0,0,0,0,0,0,0,0,0,0,0
0.01426,0.015122,0.014262,0,0,0,0,0,0,0,0,0,0,0,0
0.014849,0.01501,0.014027,0,0,0,0,0,0,0,0,0,0,0,0
0.014219,0.01506,0.014087,0,0,0,0,0,0,0,0,0,0,0,0
0.014507,0.015266,0.014415,0,0,0,0,0,0,0,0,0,0,0,0
0.014366,0.015124,0.014202,0,0,0,0,0,0,0,0,0,0,0,0
0.014414,0.035457,0.014111,0,0,0,0,0,0,0,0,0,0,0,0
0.014257,0.01534,0.0143,0,0,0,0,0,0,0,0,0,0,0,0
0.014378,0.015228,0.013821,0,0,0,0,0,0,0,0,0,0,0,0
0.014076,0.015481,0.013662,0,0,0,0,0,0,0,0,0,0,0,0
0.014556,0.015807,0.014167,0,0,0,0,0,0,0,0,0,0,0,0
0.01466,0.015701,0.014319,0,0,0,0,0,0,0,0,0,0,0,0
0.014117,0.015487,0.0142,0,0,0,0,0,0,0,0,0,0,0,0
0.014735,0.015666,0.014109,0,0,0,0,0,0,0,0,0,0,0,0
0.014729,0.015496,0.013996,0,0,0,0,0,0,0,0,0,0,0,0
0.014981,0.015661,0.014379,0,0,0,0,0,0,0,0,0,0,0,0
0.014507,0.015303,0.013972,0,0,0,0,0,0,0,0,0,0,0,0
0.014696,0.015401,0.014017,0,0,0,0,0,0,0,0,0,0,0,0
0.014436,0.015452,0.014372,0,0,0,0,0,0,0,0,0,0,0,0
0.014967,0.016859,0.016383,0,0,0,0,0,0,0,0,0,0,0,0
0.015803,0.01552,0.015126,0,0,0,0,0,0,0,0,0,0,0,0
0.015227,0.016901,0.015052,0,0,0,0,0,0,0,0,0,0,0,0
0.015714,0.021716,0.015596,0,0,0,0,0,0,0,0,0,0,0,0
0.015357,0.015386,0.01406,0,0,0,0,0,0,0,0,0,0,0,0
0.014167,0.015025,0.013989,0,0,0,0,0,0,0,0,0,0,0,0
0.014087,0.015042,0.014226,0,0,0,0,0,0,0,0,0,0,0,0
0.014196,0.015015,0.014345,0,0,0,0,0,0,0,0,0,0,0,0
0.01469,0.015163,0.013699,0,0,0,0,0,0,0,0,0,0,0,0
0.014281,0.015925,0.014174,0,0,0,0,0,0,0,0,0,0,0,0
0.01452,0.015547,0.013544,0,0,0,0,0,0,0,0,0,0,0,0
0.01452,0.015392,0.013889,0,0,0,0,0,0,0,0,0,0,0,0
0.014773,0.015102,0.014313,0,0,0,0,0,0,0,0,0,0,0,0
0.014534,0.015033,0.014045,0,0,0,0,0,0,0,0,0,0,0,0
0.014725,0.015487,0.013854,0,0,0,0,0,0,0,0,0,0,0,0
0.014249,0.017064,0.014275,0,0,0,0,0,0,0,0,0,0,0,0
0.014378,0.023081,0.014184,0,0,0,0,0,0,0,0,0,0,0,0
0.01442,0.021443,0.014212,0,0,0,0,0,0,0,0,0,0,0,0
0.014544,0.019987,0.013991,0,0,0,0,0,0,0,0,0,0,0,0
0.014142,0.019504,0.013818,0,0,0,0,0,0,0,0,0,0,0,0
0.014357,0.018875,0.014728,0,0,0,0,0,0,0,0,0,0,0,0
0.014425,0.019035,0.01375,0,0,0,0,0,0,0,0,0,0,0,0
0.014379,0.018754,0.014346,0,0,0,0,0,0,0,0,0,0,0,0
0.014224,0.018203,0.014025,0,0,0,0,0,0,0,0,0,0,0,0
0.01443,0.0196,0.013968,0,0,0,0,0,0,0,0,0,0,0,0
0.014387,0.02286,0.014024,0,0,0,0,0,0,0,0,0,0,0,0
0.014275,0.021759,0.013803,0,0,0,0,0,0,0,0,0,0,0,0
0.014207,0.02111,0.014443,0,0,0,0,0,0,0,0,0,0,0,0
0.014545,0.020176,0.013983,0,0,0,0,0,0,0,0,0,0,0,0
0.014098,0.019493,0.014226,0,0,0,0,0,0,0,0,0,0,0,0
0.014258,0.019003,0.014373,0,0,0,0,0,0,0,0,0,0,0,0
0.014433,0.018428,0.014031,0,0,0,0,0,0,0,0,0,0,0,0
0.01416,0.017972,0.013898,0,0,0,0,0,0,0,0,0,0,0,0
0.014315,0.018728,0.013908,0,0,0,0,0,0,0,0,0,0,0,0
0.013994,0.02223,0.013411,0,0,0,0,0,0,0,0,0,0,0,0
0.014502,0.020813,0.014445,0,0,0,0,0,0,0,0,0,0,0,0
0.014162,0.020469,0.01426,0,0,0,0,0,0,0,0,0,0,0,0
0.014656,0.019176,0.014075,0,0,0,0,0,0,0,0,0,0,0,0
0.014352,0.018976,0.014271,0,0,0,0,0,0,0,0,0,0,0,0
0.014491,0.019352,0.014098,0,0,0,0,0,0,0,0,0,0,0,0
0.013973,0.023318,0.014449,0,0,0,0,0,0,0,0,0,0,0,0
0.014172,0.021895,0.013647,0,0,0,0,0,0,0,0,0,0,0,0
0.014579,0.021,0.01404,0,0,0,0,0,0,0,0,0,0,0,0
0.014373,0.020463,0.013875,0,0,0,0,0,0,0,0,0,0,0,0
0.014212,0.019327,0.01381,0,0,0,0,0,0,0,0,0,0,0,0
0.014537,0.019318,0.01371,0,0,0,0,0,0,0,0,0,0,0,0
0.014477,0.019212,0.013492,0,0,0,0,0,0,0,0,0,0,0,0
0.014665,0.018699,0.014387,0,0,0,0,0,0,0,0,0,0,0,0
0.014135,0.018096,0.014,0,0,0,0,0,0,0,0,0,0,0,0
0.014252,0.017598,0.014446,0,0,0,0,0,0,0,0,0,0,0,0
0.014348,0.018373,0.014295,0,0,0,0,0,0,0,0,0,0,0,0
0.014395,0.024163,0.014466,0,0,0,0,0,0,0,0,0,0,0,0
0.014477,0.023643,0.014037,0,0,0,0,0,0,0,0,0,0,0,0
0.014862,0.023695,0.015048,0,0,0,0,0,0,0,0,0,0,0,0
0.01467,0.022132,0.017671,0,0,0,0,0,0,0,0,0,0,0,0
0.014382,0.021121,0.014162,0,0,0,0,0,0,0,0,0,0,0,0
0.014534,0.020947,0.013943,0,0,0,0,0,0,0,0,0,0,0,0
0.014317,0.024165,0.014014,0,0,0,0,0,0,0,0,0,0,0,0
0.014702,0.022605,0.013755,0,0,0,0,0,0,0,0,0,0,0,0
0.014323,0.021966,0.01427,0,0,0,0,0,0,0,0,0,0,0,0
0.014274,0.020895,0.013814,0,0,0,0,0,0,0,0,0,0,0,0
0.014562,0.020291,0.013984,0,0,0,0,0,0,0,0,0,0,0,0
0.014783,0.019272,0.014255,0,0,0,0,0,0,0,0,0,0,0,0
0.014975,0.018588,0.01416,0,0,0,0,0,0,0,0,0,0,0,0
0.015362,0.018324,0.016917,0,0,0,0,0,0,0,0,0,0,0,0
0.015645,0.018552,0.014844,0,0,0,0,0,0,0,0,0,0,0,0
0.016743,0.023311,0.016069,0,0,0,0,0,0,0,0,0,0,0,0
0.016295,0.017201,0.016248,0,0,0,0,0,0,0,0,0,0,0,0
0.014714,0.017331,0.015047,0,0,0,0,0,0,0,0,0,0,0,0
0.014326,0.016634,0.015506,0,0,0,0,0,0,0,0,0,0,0,0
0.014797,0.016691,0.014199,0,0,0,0,0,0,0,0,0,0,0,0
0.014677,0.016446,0.013885,0,0,0,0,0,0,0,0,0,0,0,0
0.014487,0.016583,0.014109,0,0,0,0,0,0,0,0,0,0,0,0
0.014547,0.016529,0.013925,0,0,0,0,0,0,0,0,0,0,0,0
0.01427,0.016849,0.014238,0,0,0,0,0,0,0,0,0,0,0,0
0.014416,0.016925,0.014105,0,0,0,0,0,0,0,0,0,0,0,0
0.01413,0.0166,0.014275,0,0,0,0,0,0,0,0,0,0,0,0
0.014367,0.016883,0.014161,0,0,0,0,0,0,0,0,0,0,0,0
0.014497,0.016635,0.013934,0,0,0,0,0,0,0,0,0,0,0,0
0.014964,0.016569,0.01401,0,0,0,0,0,0,0,0,0,0,0,0
0.014171,0.01651,0.014392,0,0,0,0,0,0,0,0,0,0,0,0
0.014456,0.016802,0.014232,0,0,0,0,0,0,0,0,0,0,0,0
0.014794,0.016702,0.014159,0,0,0,0,0,0,0,0,0,0,0,0
0.014504,0.016853,0.01422,0,0,0,0,0,0,0,0,0,0,0,0
0.014845,0.016678,0.014452,0,0,0,0,0,0,0,0,0,0,0,0
0.01435,0.016786,0.014066,0,0,0,0,0,0,0,0,0,0,0,0
0.014505,0.017143,0.014046,0,0,0,0,0,0,0,0,0,0,0,0
0.014649,0.016704,0.014258,0,0,0,0,0,0,0,0,0,0,0,0
0.015002,0.017274,0.014244,0,0,0,0,0,0,0,0,0,0,0,0
0.014774,0.01764,0.01412,0,0,0,0,0,0,0,0,0,0,0,0
0.014888,0.020133,0.014005,0,0,0,0,0,0,0,0,0,0,0,0
0.01428,0.019545,0.014133,0,0,0,0,0,0,0,0,0,0,0,0
0.01449,0.018918,0.014441,0,0,0,0,0,0,0,0,0,0,0,0
0.014984,0.019535,0.013886,0,0,0,0,0,0,0,0,0,0,0,0
0.015026,0.024221,0.01423,0,0,0,0,0,0,0,0,0,0,0,0
0.014439,0.022135,0.013884,0,0,0,0,0,0,0,0,0,0,0,0
0.014525,0.020505,0.014358,0,0,0,0,0,0,0,0,0,0,0,0
0.014465,0.019468,0.014318,0,0,0,0,0,0,0,0,0,0,0,0
0.0145,0.01854,0.013962,0,0,0,0,0,0,0,0,0,0,0,0
0.014308,0.017987,0.013939,0,0,0,0,0,0,0,0,0,0,0,0
0.014233,0.017592,0.014067,0,0,0,0,0,0,0,0,0,0,0,0
0.014814,0.01749,0.013927,0,0,0,0,0,0,0,0,0,0,0,0
0.014463,0.016892,0.013807,0,0,0,0,0,0,0,0,0,0,0,0
0.01443,0.018277,0.013825,0,0,0,0,0,0,0,0,0,0,0,0
0.014916,0.023223,0.014033,0,0,0,0,0,0,0,0,0,0,0,0
0.014577,0.02251,0.014106,0,0,0,0,0,0,0,0,0,0,0,0
0.014931,0.021507,0.013945,0,0,0,0,0,0,0,0,0,0,0,0
0.014597,0.020574,0.013877,0,0,0,0,0,0,0,0,0,0,0,0
0.01509,0.021546,0.014074,0,0,0,0,0,0,0,0,0,0,0,0
NaN,NaN,NaN,0,0,0,0,0,0,0,0,0,0,0,0
NaN,NaN,NaN,0,0,0,0,0,0,0,0,0,0,0,0
NaN,NaN,NaN,0,0,0,0,0,0,0,0,0,0,0,0
NaN,NaN,NaN,0,0,0,0,0,0,0,0,0,0,0,0
0.000191,0.0002,0.000443,0,0,0,0,0,0,0,0,0,0,0,0
3.3814,3.6662,3.6453,0,0,0,0,0,0,0,0,0,0,0,0
0.024008,0.025243,0.042223,0,0,0,0,0,0,0,0,0,0,0,0
0.01802,0.023229,0.024781,0,0,0,0,0,0,0,0,0,0,0,0
0.017661,0.018979,0.022141,0,0,0,0,0,0,0,0,0,0,0,0
0.016846,0.017427,0.020493,0,0,0,0,0,0,0,0,0,0,0,0
0.015971,0.01665,0.019067,0,0,0,0,0,0,0,0,0,0,0,0
0.01584,0.016259,0.018231,0,0,0,0,0,0,0,0,0,0,0,0
0.015983,0.016043,0.017333,0,0,0,0,0,0,0,0,0,0,0,0
0.016098,0.016152,0.016741,0,0,0,0,0,0,0,0,0,0,0,0
0.015941,0.016171,0.016618,0,0,0,0,0,0,0,0,0,0,0,0
0.015649,0.015923,0.016845,0,0,0,0,0,0,0,0,0,0,0,0
0.015672,0.016039,0.016658,0,0,0,0,0,0,0,0,0,0,0,0
0.016148,0.015787,0.016858,0,0,0,0,0,0,0,0,0,0,0,0
0.015807,0.016106,0.016745,0,0,0,0,0,0,0,0,0,0,0,0
0.015789,0.015711,0.017108,0,0,0,0,0,0,0,0,0,0,0,0
0.015686,0.016096,0.016894,0,0,0,0,0,0,0,0,0,0,0,0
0.016027,0.016438,0.017002,0,0,0,0,0,0,0,0,0,0,0,0
0.015905,0.018905,0.016954,0,0,0,0,0,0,0,0,0,0,0,0
0.015801,0.017913,0.017024,0,0,0,0,0,0,0,0,0,0,0,0
0.015992,0.017723,0.016854,0,0,0,0,0,0,0,0,0,0,0,0
0.016083,0.017509,0.016881,0,0,0,0,0,0,0,0,0,0,0,0
0.01606,0.018128,0.01714,0,0,0,0,0,0,0,0,0,0,0,0
0.016027,0.017699,0.016885,0,0,0,0,0,0,0,0,0,0,0,0
0.015859,0.01772,0.016772,0,0,0,0,0,0,0,0,0,0,0,0
0.015696,0.016984,0.01704,0,0,0,0,0,0,0,0,0,0,0,0
0.015709,0.016298,0.016855,0,0,0,0,0,0,0,0,0,0,0,0
0.015858,0.016079,0.01701,0,0,0,0,0,0,0,0,0,0,0,0
0.015981,0.016007,0.016947,0,0,0,0,0,0,0,0,0,0,0,0
0.015736,0.015993,0.017357,0,0,0,0,0,0,0,0,0,0,0,0
0.015952,0.016127,0.017068,0,0,0,0,0,0,0,0,0,0,0,0
0.015977,0.016228,0.017138,0,0,0,0,0,0,0,0,0,0,0,0
0.016125,0.01726,0.017167,0,0,0,0,0,0,0,0,0,0,0,0
0.016039,0.020645,0.017971,0,0,0,0,0,0,0,0,0,0,0,0
0.015786,0.020381,0.017156,0,0,0,0,0,0,0,0,0,0,0,0
0.016022,0.019192,0.016694,0,0,0,0,0,0,0,0,0,0,0,0
0.016245,0.018221,0.016646,0,0,0,0,0,0,0,0,0,0,0,0
0.015975,0.018137,0.016425,0,0,0,0,0,0,0,0,0,0,0,0
0.015336,0.01761,0.016803,0,0,0,0,0,0,0,0,0,0,0,0
0.014819,0.017433,0.016661,0,0,0,0,0,0,0,0,0,0,0,0
0.014943,0.016963,0.017084,0,0,0,0,0,0,0,0,0,0,0,0
0.014516,0.018052,0.016761,0,0,0,0,0,0,0,0,0,0,0,0
0.014411,0.02278,0.016574,0,0,0,0,0,0,0,0,0,0,0,0
0.013979,0.022356,0.016102,0,0,0,0,0,0,0,0,0,0,0,0
0.014531,0.020341,0.015772,0,0,0,0,0,0,0,0,0,0,0,0
0.013797,0.020357,0.015802,0,0,0,0,0,0,0,0,0,0,0,0
0.014455,0.018801,0.015094,0,0,0,0,0,0,0,0,0,0,0,0
0.01734,0.018479,0.016423,0,0,0,0,0,0,0,0,0,0,0,0
0.014975,0.017739,0.015611,0,0,0,0,0,0,0,0,0,0,0,0
0.014489,0.018194,0.015918,0,0,0,0,0,0,0,0,0,0,0,0
0.016589,0.021447,0.017266,0,0,0,0,0,0,0,0,0,0,0,0
0.016174,0.019643,0.01726,0,0,0,0,0,0,0,0,0,0,0,0
0.015971,0.019703,0.015932,0,0,0,0,0,0,0,0,0,0,0,0
0.014561,0.023325,0.015506,0,0,0,0,0,0,0,0,0,0,0,0
