1
572.0000,308.0000,700.0000,243.0000,826.0000,494.0000,698.0000,558.0000
606.0000,284.0000,745.0000,242.0000,826.0000,511.0000,687.0000,553.0000
561.0000,109.0000,1000.0000,109.0000,1000.0000,586.0000,561.0000,586.0000
2
0
0
0
0
1
618.0000,273.0000,903.0000,295.0000,884.0000,556.0000,598.0000,535.0000
647.0000,256.0000,925.0000,327.0000,860.0000,582.0000,582.0000,511.0000
680.0000,244.0000,942.0000,363.0000,833.0000,603.0000,571.0000,485.0000
575.0000,207.0000,935.0000,207.0000,935.0000,542.0000,575.0000,542.0000
603.0000,308.0000,804.0000,308.0000,804.0000,496.0000,603.0000,496.0000
602.0000,334.0000,798.0000,334.0000,798.0000,518.0000,602.0000,518.0000
560.0000,210.0000,1031.0000,210.0000,1031.0000,650.0000,560.0000,650.0000
476.0000,240.0000,1018.0000,240.0000,1018.0000,719.0000,476.0000,719.0000
277.0000,423.0000,834.0000,423.0000,834.0000,717.0000,277.0000,716.0000
119.0000,438.0000,738.0000,438.0000,738.0000,717.0000,119.0000,716.0000
2
0
0
0
0
1
583.0000,252.0000,817.0000,127.0000,923.0000,325.0000,688.0000,450.0000
596.0000,218.0000,850.0000,135.0000,920.0000,349.0000,666.0000,432.0000
615.0000,189.0000,881.0000,152.0000,912.0000,375.0000,647.0000,413.0000
637.0000,163.0000,906.0000,172.0000,898.0000,399.0000,629.0000,389.0000
661.0000,140.0000,925.0000,196.0000,878.0000,419.0000,614.0000,363.0000
688.0000,123.0000,940.0000,225.0000,854.0000,437.0000,603.0000,336.0000
716.0000,113.0000,947.0000,257.0000,826.0000,452.0000,595.0000,308.0000
737.0000,115.0000,940.0000,297.0000,786.0000,469.0000,583.0000,286.0000
720.0000,115.0000,923.0000,298.0000,768.0000,470.0000,565.0000,287.0000
557.0000,95.0000,932.0000,95.0000,932.0000,463.0000,557.0000,463.0000
534.0000,80.0000,923.0000,80.0000,923.0000,461.0000,534.0000,461.0000
533.0000,119.0000,875.0000,119.0000,875.0000,455.0000,533.0000,455.0000
463.0000,40.0000,870.0000,40.0000,870.0000,440.0000,463.0000,440.0000
443.0000,1.0000,927.0000,1.0000,927.0000,464.0000,443.0000,464.0000
410.0000,1.0000,917.0000,1.0000,917.0000,456.0000,410.0000,456.0000
392.0000,1.0000,912.0000,1.0000,912.0000,445.0000,392.0000,445.0000
381.0000,1.0000,909.0000,1.0000,909.0000,428.0000,381.0000,428.0000
374.0000,1.0000,910.0000,1.0000,910.0000,408.0000,374.0000,408.0000
398.0000,1.0000,913.0000,1.0000,913.0000,376.0000,398.0000,376.0000
401.0000,1.0000,925.0000,1.0000,925.0000,357.0000,401.0000,357.0000
408.0000,1.0000,938.0000,1.0000,938.0000,336.0000,408.0000,336.0000
413.0000,1.0000,954.0000,1.0000,954.0000,320.0000,413.0000,320.0000
427.0000,1.0000,990.0000,1.0000,990.0000,294.0000,427.0000,294.0000
2
0
0
0
0
1
768.0000,402.0000,943.0000,539.0000,785.0000,717.0000,611.0000,602.0000
800.0000,433.0000,949.0000,600.0000,758.0000,717.0000,609.0000,604.0000
793.0000,403.0000,969.0000,542.0000,810.0000,717.0000,634.0000,605.0000
686.0000,391.0000,997.0000,391.0000,997.0000,708.0000,686.0000,708.0000
695.0000,364.0000,998.0000,364.0000,998.0000,673.0000,695.0000,673.0000
758.0000,358.0000,978.0000,389.0000,941.0000,642.0000,722.0000,610.0000
