0.000337
16.142
1.704
1.6637
1.6342
1.5962
1.6164
1.6301
1.4138
2.9334
1.7302
2.978
1.5783
1.5949
1.5884
1.7075
10.874
3.7733
1.6158
1.6296
1.6236
1.6136
1.649
1.6289
1.6345
1.5962
1.5938
1.6003
1.5971
1.6087
1.6021
1.5952
1.59
3.6226
1.5969
1.5824
1.5916
1.5905
1.5889
1.6111
1.6164
1.5974
1.5818
1.6053
1.59
1.5794
1.5895
1.6052
1.601
3.6863
1.6175
1.5989
1.6106
1.6234
1.624
1.6174
1.6158
1.5897
1.6039
1.5774
1.7833
1.5909
1.593
1.5827
1.6033
3.6371
1.6144
1.6067
1.7376
1.6086
1.5549
1.5572
1.5785
1.7118
1.6165
1.615
1.6437
1.6096
1.626
1.623
1.6521
4.0032
1.9779
1.6686
1.6665
1.6861
2.0354
2.0608
1.661
1.7073
1.7203
1.8264
1.7226
1.7287
1.7365
2.0115
2.0064
3.7188
1.815
1.6481
1.6198
1.6079
1.5889
1.5967
1.601
1.601
1.6323
1.6131
1.9232
1.5953
1.6029
1.608
1.9132
3.6186
1.6497
1.9649
1.6277
1.6357
2.0379
1.6389
1.6407
1.631
1.9563
1.6449
1.6859
1.7531
1.6953
1.7129
1.7158
3.7032
1.7007
2.0273
1.6941
1.6685
1.73
1.6491
1.6613
1.6811
2.0057
1.9681
1.7069
1.7351
1.8142
1.7238
1.7202
3.7479
1.7643
1.7565
1.7136
1.6875
1.6988
1.7757
1.6914
1.6992
1.6922
2.0629
1.7125
1.7274
1.8663
1.7329
1.8546
3.9165
1.7271
1.7204
1.7325
1.7338
1.6846
1.6855
1.7052
1.6744
1.6404
1.636
1.646
1.6412
1.6351
1.6404
1.641
3.6711
1.6694
1.655
1.6331
1.6513
1.6836
1.6574
1.6665
1.6915
1.6959
1.678
1.7069
1.7369
1.723
1.7201
1.6712
3.702
1.6791
1.7094
1.6729
1.6784
1.6626
1.6814
1.6773
1.674
1.6654
1.6363
1.6332
1.6672
1.6907
1.695
1.6667
3.676
1.6723
1.668
1.6473
1.6083
1.6381
1.6299
1.6372
1.6735
1.6923
1.9042
1.6508
1.6377
1.5952
1.6201
1.6087
3.6048
1.7651
1.5662
1.5697
1.5766
1.5856
1.5765
1.5802
1.6097
1.5652
1.5954
1.592
1.6067
1.5831
1.5796
1.5972
3.63
1.6116
1.6175
1.6114
1.5873
1.6161
1.6009
1.6137
1.5864
1.6087
1.6314
1.607
1.608
1.6014
1.5994
1.5981
3.6276
1.6546
1.6328
1.6485
1.6342
1.628
1.6189
1.6022
1.5855
1.5937
1.5619
1.6141
1.572
1.552
1.5655
1.5747
3.5853
1.599
1.5641
1.581
1.5908
1.615
1.6399
1.6163
1.6174
1.6339
1.6123
1.616
1.6102
1.5933
1.5986
1.6393
3.6183
1.6302
1.606
1.6426
1.6424
1.6549
1.6334
1.6154
1.6361
1.6348
1.5943
1.6119
1.5775
1.5546
1.589
1.6141
3.6077
1.6398
1.6139
1.6223
1.596
1.5852
1.5715
1.5755
1.5543
1.5408
1.5321
1.5509
1.5261
1.5369
1.5163
1.531
3.5694
1.5668
1.5649
1.5782
1.5927
1.5826
1.5555
1.5314
1.544
1.5678
1.5641
1.5868
1.5769
1.5804
1.5905
1.6098
3.586
1.5979
1.6017
1.5842
1.5859
1.582
1.5856
1.5769
1.5885
1.5879
1.5633
1.5426
1.5439
1.5468
1.565
1.5451
3.5717
1.5675
1.5614
1.5345
1.5473
1.5231
1.5217
1.5381
1.9217
1.5531
1.5561
1.6021
1.8006
1.5784
1.5577
1.5273
3.8057
1.5123
1.5193
1.6532
1.5091
1.7737
1.5228
1.7538
1.4651
1.4756
1.5089
1.5142
1.5407
1.5237
1.5191
1.4864
3.5208
1.4951
1.571
1.5811
1.5382
1.5235
1.5381
1.5158
1.4913
1.7041
1.4893
1.5103
1.5152
1.6576
1.5008
1.4963
3.581
1.6185
1.4745
1.4732
1.5274
1.4646
1.4603
1.4484
1.4649
1.4761
1.4556
1.4652
1.4645
1.5
1.4834
1.4967
3.5234
1.4908
1.5036
1.5212
1.5068
1.5417
1.5489
1.5488
1.5538
1.5512
1.5624
1.5396
1.5342
1.5235
1.5056
1.4933
3.4999
1.5131
1.5346
1.5387
1.4982
1.47
1.4671
1.4584
1.4585
1.4342
1.4248
1.4209
1.4153
1.4201
1.4376
1.4398
3.4692
1.4522
1.4583
1.4457
1.4213
1.427
1.4286
1.4331
1.4352
1.4551
1.4443
1.4487
1.4341
1.4441
1.4524
1.453
3.4839
1.4752
1.4627
1.4565
1.4558
1.4636
1.4731
1.4433
1.4507
1.457
1.4671
1.495
1.5031
1.4912
1.5056
1.4727
3.5046
1.4783
1.4824
1.4654
1.4495
1.4455
1.4371
1.4385
1.4603
1.4477
1.433
1.4093
1.3798
1.4029
1.42
1.4111
3.4364
1.4235
1.4487
1.4238
1.4179
1.4043
1.4297
1.4207
1.4206
1.4122
1.4218
1.4245
1.4073
1.3979
1.3929
1.4048
3.4278
1.4217
1.428
1.4216
1.4178
1.4059
1.4275
1.4466
1.4374
1.4251
1.4492
1.4607
1.462
1.4805
1.4656
1.475
3.5322
1.4927
1.476
1.4705
1.4675
1.4658
1.4384
1.4401
1.4466
1.444
1.4601
1.4921
1.5071
1.5019
1.5027
1.4595
3.5346
1.4987
1.5086
1.508
1.5084
1.5612
1.7749
1.4914
1.5112
1.4592
1.4557
1.4608
1.4674
1.4871
1.4953
1.4628
3.6065
1.4869
1.6101
1.5348
1.4875
1.4931
1.4883
1.4915
1.4906
1.4961
1.5087
1.534
1.4882
1.6813
1.4957
1.4902
3.5449
1.5047
1.5104
1.487
1.5115
1.4941
1.5075
1.5229
1.5154
1.5262
1.5189
1.5168
1.5179
1.5239
1.509
1.4773
3.4804
1.5068
1.4652
1.4819
1.4834
1.4845
1.5001
1.5045
1.4967
1.4858
1.488
1.4543
1.4694
1.4468
1.4565
1.4461
3.4689
1.4475
1.4574
1.4372
1.4609
1.45
1.4612
1.475
1.4529
1.4514
1.4558
1.4505
1.6314
1.4509
1.4541
1.4443
3.4583
1.4637
1.4632
1.4575
1.447
1.433
1.4052
1.4339
1.4378
1.4297
1.4513
1.4668
1.4569
1.4404
1.44
1.4316
3.4699
1.4595
1.4224
1.4284
1.4313
1.4322
1.4227
1.4368
1.4395
1.437
1.4458
1.4392
1.4327
1.4397
1.4503
1.4264
3.4602
1.4675
1.4701
1.4482
1.4459
1.4492
1.4607
1.4689
1.4664
1.4656
1.472
1.4687
1.5019
1.4552
1.4447
1.4504
3.4545
1.4538
1.4792
1.6224
1.5337
1.4739
1.4497
1.4266
1.4198
1.433
1.4344
1.4612
1.4577
1.4434
1.4356
1.4362
3.4852
1.4647
1.4695
1.9172
1.4809
1.4795
1.4843
1.4972
1.524
1.4929
1.4908
1.4756
1.4803
1.4857
1.4487
1.4428
3.4934
1.4494
1.4596
1.4461
1.4379
1.4567
1.4594
1.4649
1.4551
1.4305
1.4399
1.4458
1.4254
1.4288
1.4366
1.431
3.4643
1.421
1.4148
1.4337
1.4279
1.453
1.4312
1.43
1.4282
1.4336
1.4294
1.4203
1.4162
1.4018
1.3952
1.4022
3.4686
1.387
1.3888
1.3867
1.4079
