6.919
0.35832
0.64478
0.61306
0.59343
0.58839
0.59179
0.57871
0.59111
0.58533
0.58314
0.59832
0.57754
0.59442
0.61064
0.56685
0.60155
0.58599
0.56817
0.60814
0.57745
0.579
0.59624
0.58126
0.58039
0.58636
0.57656
0.5714
0.58299
0.57314
0.56201
0.58073
0.58671
0.57827
0.57893
0.59204
0.56515
0.58804
0.58487
0.58199
0.59454
0.56624
0.59459
0.60024
0.57416
0.59643
0.59742
0.57549
0.60138
0.58201
0.5759
0.59605
0.57948
0.57202
0.57819
0.57546
0.56395
0.5798
0.57842
0.56684
0.58425
0.58808
0.56287
0.58313
0.59413
0.58376
0.59436
0.56702
0.59577
0.612
0.56727
0.59954
0.59383
0.57035
0.61006
0.57887
0.56791
0.59683
0.58552
0.57286
0.59058
0.58897
0.56928
0.58015
0.5968
0.56662
0.58855
0.58775
0.57626
0.58543
0.57605
0.59129
0.61389
0.58105
0.6036
0.5823
0.57816
0.60063
0.58667
0.57417
0.58303
0.58712
0.57332
0.57558
0.58524
0.57159
0.57862
0.59259
0.56519
0.58497
0.56475
0.5363
0.54675
0.55772
0.5561
0.59536
0.56214
0.56037
0.56584
0.57393
0.57206
0.54693
0.54789
0.53424
0.53071
0.5326
0.53736
0.52826
0.53585
0.53386
0.57502
0.5698
0.56583
0.57005
0.55382
0.55648
0.54905
0.55665
0.54751
0.54037
0.54282
0.54184
0.54006
0.5446
0.54561
0.54185
0.53805
0.5374
0.54201
0.56192
0.5434
0.53557
0.56207
0.56108
0.56263
0.55843
0.5773
0.55702
0.57104
0.57869
0.55827
0.57373
0.57129
0.55396
0.57467
0.56902
0.55946
0.57722
0.58299
0.56206
0.57709
0.57459
0.55995
0.57814
0.5772
0.56021
0.57692
0.57761
0.55741
0.57626
0.58313
0.55732
0.57548
0.58281
0.55908
0.57364
0.57358
0.55391
0.57656
0.58048
0.565
0.59194
0.57736
0.56115
0.58398
0.56642
0.58981
0.56355
0.57614
0.59162
0.57091
0.57601
0.58833
0.58285
0.60945
0.56605
0.58896
0.60352
0.57185
0.59657
0.57593
0.57006
0.59141
0.583
0.56791
0.58438
0.5816
0.56709
0.57458
0.57744
0.56337
0.57015
0.57859
0.56158
0.57404
0.58741
0.56237
0.5753
0.58508
0.55986
0.57909
0.58626
0.57168
0.57382
0.57819
0.58493
0.60335
0.56465
0.58982
0.60179
0.57
0.5941
0.58277
0.56963
0.59927
0.56655
0.56916
0.58512
0.57827
0.56522
0.57725
0.57774
0.56623
0.57583
0.56938
0.56469
0.57185
0.57444
0.56055
0.57381
0.57875
0.55932
0.57785
0.58496
0.56529
0.57438
0.57659
0.55482
0.5778
0.58061
0.57771
0.57219
0.57185
0.58764
0.59346
0.56464
0.59674
0.59862
0.55775
0.58574
0.59894
0.56374
0.58798
0.57442
0.53797
0.53661
0.56005
0.54736
0.57764
0.57489
0.55191
0.56033
0.5672
0.56845
0.56457
0.55015
0.53741
0.53687
0.53319
0.53123
0.53166
0.52771
0.53242
0.53345
0.5762
0.56831
0.5548
0.56122
0.53512
0.54801
0.54946
0.54389
0.53548
0.53177
0.53546
0.53289
0.53323
0.54001
0.54146
0.53706
0.53509
0.53167
0.54544
0.55687
0.5361
0.53821
