1
278.7187,127.2897,81.5618,66.0130
278.7187,129.0309,81.5618,66.0130
279.2991,130.7720,81.5618,66.0130
278.1383,132.5132,81.5618,66.0130
278.7187,133.6740,81.5618,66.0130
279.2991,134.8348,81.5618,66.0130
280.4599,135.9956,81.5618,66.0130
282.7815,135.9956,81.5618,66.0130
285.1030,135.4152,81.5618,66.0130
289.6036,135.5211,84.1685,68.1227
293.6410,135.0305,86.8585,70.2999
297.8118,135.1424,89.6345,72.5467
300.8402,135.2576,92.4992,74.8653
308.0872,136.5753,92.4992,74.8653
312.6990,138.5517,92.4992,74.8653
315.9931,141.1870,92.4992,74.8653
317.3108,143.1635,92.4992,74.8653
321.2637,145.1400,92.4992,74.8653
324.5578,145.7988,92.4992,74.8653
327.1931,145.7988,92.4992,74.8653
327.8520,144.4812,92.4992,74.8653
325.2167,141.1870,92.4992,74.8653
324.3973,136.6966,95.4555,77.2580
325.7542,133.9828,95.4555,77.2580
327.6210,132.0698,98.5062,79.7272
328.3210,132.7698,98.5062,79.7272
329.0210,132.0698,98.5062,79.7272
328.1469,131.4958,101.6545,82.2753
328.1469,131.4958,101.6545,82.2753
329.5939,131.4958,101.6545,82.2753
331.7645,131.4958,101.6545,82.2753
335.3822,131.4958,101.6545,82.2753
339.5460,130.1810,104.9034,84.9048
341.0401,130.9281,104.9034,84.9048
342.5342,131.6752,104.9034,84.9048
340.4000,132.2240,101.7012,82.3130
341.8470,132.2240,101.7012,82.3130
343.1160,130.1851,104.9515,84.9438
348.3454,129.4380,104.9515,84.9438
355.8160,129.4380,104.9515,84.9438
359.6590,131.4815,101.7479,82.3508
360.3825,131.4815,101.7479,82.3508
361.1061,132.9286,101.7479,82.3508
362.5531,134.3757,101.7479,82.3508
363.2766,136.5462,101.7479,82.3508
364.0002,137.2698,101.7479,82.3508
365.4472,140.1639,101.7479,82.3508
367.0002,141.4208,98.6420,79.8371
366.1259,142.9528,101.7946,82.3886
366.8494,144.3999,101.7946,82.3886
366.6698,145.9774,105.0479,85.0218
368.9109,151.9539,105.0479,85.0218
375.6345,161.6657,105.0479,85.0218
379.3698,166.1480,105.0479,85.0218
381.7201,168.9398,101.8413,82.4265
381.7201,169.6633,101.8413,82.4265
380.9966,169.6633,101.8413,82.4265
380.0927,168.3462,105.0961,85.0608
379.3456,166.8520,105.0961,85.0608
377.1045,163.8638,105.0961,85.0608
374.8633,160.8756,105.0961,85.0608
371.1280,158.6344,105.0961,85.0608
366.7556,154.7032,101.8881,82.4643
363.8536,152.5268,101.8881,82.4643
360.7745,148.3070,105.1444,85.0999
357.7862,144.5717,105.1444,85.0999
359.3910,144.3765,101.9348,82.5022
358.6655,142.9255,101.9348,82.5022
355.0381,142.2000,101.9348,82.5022
354.4174,143.4592,98.8232,79.9838
353.8139,143.9760,95.8066,77.5422
351.8644,144.4772,92.8821,75.1752
351.9605,144.3030,90.0468,72.8805
350.1290,146.0565,87.2981,70.6558
348.8858,145.4350,87.2981,70.6558
344.5349,145.4350,87.2981,70.6558
340.8054,144.8134,87.2981,70.6558
337.6976,144.1918,87.2981,70.6558
336.4545,143.5702,87.2981,70.6558
333.4359,143.4055,84.6333,68.4990
335.3296,142.6451,82.0499,66.4080
333.5766,142.0608,82.0499,66.4080
330.1544,142.4900,79.5453,64.3809
328.5352,141.2060,77.1171,62.4157
325.8690,141.0606,74.7631,60.5104
326.4787,140.9214,72.4809,58.6633
326.9944,138.3429,72.4809,58.6633
326.5536,134.5971,70.2684,56.8726
327.1261,130.9652,68.1235,55.1365
328.1658,129.8694,66.0440,53.4535
329.1070,129.3988,66.0440,53.4535
329.1739,129.7441,64.0280,51.8218
329.6962,128.7154,62.0735,50.2399
328.3727,128.2742,62.0735,50.2399
326.6079,126.9507,62.0735,50.2399
327.1142,127.2763,60.1787,48.7063
326.7503,128.0197,58.3417,47.2196
325.9189,128.4354,58.3417,47.2196
326.3937,128.7404,56.5608,45.7782
324.7859,128.3385,56.5608,45.7782
323.0781,129.2148,58.3685,47.2412
322.2467,130.8775,58.3685,47.2412
321.4153,131.2932,58.3685,47.2412
320.5840,131.7089,58.3685,47.2412
319.7526,131.2932,58.3685,47.2412
319.8121,132.0142,56.5868,45.7992
319.0082,132.4162,56.5868,45.7992
319.4699,133.9191,54.8595,44.4011
319.4699,135.0897,54.8595,44.4011
319.0797,136.2603,54.8595,44.4011
318.2993,137.4309,54.8595,44.4011
317.5189,137.8211,54.8595,44.4011
317.1287,138.2113,54.8595,44.4011
317.1287,138.9917,54.8595,44.4011
317.9660,138.8890,53.1848,43.0458
318.3993,138.0322,51.5614,41.7318
318.7660,138.7656,51.5614,41.7318
319.1327,138.0322,51.5614,41.7318
318.3087,138.0987,53.2093,43.0656
318.6871,138.4771,53.2093,43.0656
318.3087,138.8556,53.2093,43.0656
319.4992,140.6481,51.5850,41.7510
319.1326,141.3815,51.5850,41.7510
319.4992,141.7481,51.5850,41.7510
320.2866,144.2187,50.0104,40.4765
320.2866,145.2834,50.0104,40.4765
320.2866,146.3481,50.0104,40.4765
319.9317,147.7677,50.0104,40.4765
319.5768,147.4128,50.0104,40.4765
318.7776,147.4758,51.6087,41.7701
318.4109,148.2092,51.6087,41.7701
318.0443,148.5758,51.6087,41.7701
319.5653,150.6800,50.0333,40.4951
321.3496,151.0369,50.0333,40.4951
320.9927,152.1075,50.0333,40.4951
319.8363,151.4603,51.6324,41.7893
319.1030,152.5603,51.6324,41.7893
319.1030,152.5603,51.6324,41.7893
316.5363,152.9270,51.6324,41.7893
312.8697,153.2937,51.6324,41.7893
311.0363,152.9270,51.6324,41.7893
308.4697,153.6603,51.6324,41.7893
306.5446,152.6259,53.2826,43.1249
304.9363,151.9368,54.9855,44.5032
302.8870,150.8354,56.7428,45.9255
301.1724,149.6976,58.5563,47.3933
298.1583,148.1089,60.4278,48.9080
298.6511,148.8553,58.5832,47.4150
297.4570,149.1614,56.7949,45.9677
297.0531,148.3535,56.7949,45.9677
296.2453,147.1418,56.7949,45.9677
306.7472,135.0241,56.7949,45.9677
308.6671,128.6346,58.6101,47.4368
308.1482,126.2060,60.4833,48.9529
307.6111,125.4237,62.4163,50.5174
305.7274,125.0596,64.4112,52.1319
303.3216,125.6030,66.4697,53.7981
301.9039,127.4932,66.4697,53.7981
300.0138,128.9109,66.4697,53.7981
299.5412,129.8560,66.4697,53.7981
300.0138,130.8011,66.4697,53.7981
300.0138,132.6913,66.4697,53.7981
300.4863,134.1089,66.4697,53.7981
302.3765,135.0540,66.4697,53.7981
307.1714,136.3476,64.4407,52.1559
305.6828,134.5966,66.5003,53.8228
305.0927,132.7914,68.6256,55.5430
305.5809,131.3267,68.6256,55.5430
307.9019,130.4391,70.8189,57.3181
312.4372,128.9273,70.8189,57.3181
322.0848,122.7472,68.6571,55.5685
324.0377,120.3061,68.6571,55.5685
325.0142,121.2825,68.6571,55.5685
325.5024,122.7472,68.6571,55.5685
326.4789,123.7237,68.6571,55.5685
327.9436,125.1884,68.6571,55.5685
331.3612,128.1178,68.6571,55.5685
329.4797,134.3365,66.5613,53.8722
326.7152,139.8843,64.5295,52.2277
326.3236,142.9755,62.5597,50.6335
323.9886,143.9468,64.5592,52.2517
321.2357,146.2409,64.5592,52.2517
319.9269,150.2502,62.5885,50.6567
317.3214,153.2488,60.6779,49.1104
318.2475,157.0180,58.8257,47.6113
318.3101,160.6682,57.0300,46.1580
319.5864,165.0256,55.2892,44.7490
320.8244,169.2557,53.6015,43.3830
322.0229,172.2001,51.9653,42.0587
322.4454,177.6597,50.3790,40.7749
321.7790,182.2291,48.8412,39.5302
322.1774,186.3030,47.3503,38.3235
321.5029,187.3148,47.3503,38.3235
320.8284,188.6638,47.3503,38.3235
320.0717,188.7259,48.8636,39.5483
318.9438,188.0939,50.4253,40.8123
317.2017,189.0757,48.8860,39.5665
317.2017,191.1580,48.8860,39.5665
315.4664,192.1992,48.8860,39.5665
313.0370,196.0168,48.8860,39.5665
308.5252,198.4463,48.8860,39.5665
304.0135,200.5286,48.8860,39.5665
299.5537,203.5619,47.3938,38.3587
294.1576,206.5972,47.3938,38.3587
289.7733,207.9462,47.3938,38.3587
285.6434,207.3333,48.9085,39.5847
289.0266,235.8536,50.4716,40.8498
286.1560,240.5183,50.4716,40.8498
283.6442,244.4654,50.4716,40.8498
283.1965,249.5538,52.0847,42.1553
281.6230,252.2155,53.7493,43.5026
281.5288,255.7262,55.4671,44.8930
279.5582,256.9085,55.4671,44.8930
283.7954,265.2558,57.2398,46.3278
284.1042,270.6331,59.0692,47.8084
284.5238,273.1508,59.0692,47.8084
283.2650,274.8292,59.0692,47.8084
282.8454,279.0253,59.0692,47.8084
283.2650,283.6410,59.0692,47.8084
283.2650,285.7390,59.0692,47.8084
282.4258,288.2567,59.0692,47.8084
282.9077,289.8256,57.2661,46.3490
279.2371,290.6413,57.2661,46.3490
274.7509,291.4570,57.2661,46.3490
274.3430,292.6805,57.2661,46.3490
276.0327,294.2036,55.5181,44.9342
276.4860,295.2835,53.8234,43.5626
276.1036,296.4306,53.8234,43.5626
275.3389,297.1953,53.8234,43.5626
274.9565,298.7247,53.8234,43.5626
274.9565,298.7247,53.8234,43.5626
273.4272,299.4894,53.8234,43.5626
271.1330,299.8718,53.8234,43.5626
269.2213,300.2541,53.8234,43.5626
268.0742,300.6364,53.8234,43.5626
267.3095,301.4012,53.8234,43.5626
265.7801,304.0776,53.8234,43.5626
264.6330,307.5188,53.8234,43.5626
263.8683,310.1953,53.8234,43.5626
263.1036,312.8718,53.8234,43.5626
260.0448,317.0776,53.8234,43.5626
259.6624,318.6071,53.8234,43.5626
259.2801,320.1364,53.8234,43.5626
256.9860,322.4306,53.8234,43.5626
253.9271,323.5776,53.8234,43.5626
251.6898,325.7719,52.1804,42.2328
247.9839,326.5131,52.1804,42.2328
245.0192,327.2543,52.1804,42.2328
242.7957,327.6249,52.1804,42.2328
242.4803,329.7518,50.5876,40.9436
242.8916,330.7375,49.0434,39.6938
242.5426,331.4355,49.0434,39.6938
241.5461,332.3904,47.5463,38.4822
239.5737,333.3150,46.0949,37.3075
238.5097,333.7012,47.5681,38.4998
237.1528,333.7012,47.5681,38.4998
236.1827,333.9496,46.1161,37.3246
235.1183,333.6806,47.5900,38.5175
232.6618,333.7435,49.1109,39.7485
233.7604,333.6521,47.6118,38.5352
233.0819,333.6521,47.6118,38.5352
232.3211,333.3755,49.1335,39.7668
232.6701,333.3755,49.1335,39.7668
233.3681,333.3755,49.1335,39.7668
234.1181,333.6335,47.6337,38.5529
233.7789,333.2943,47.6337,38.5529
234.5059,332.8650,46.1796,37.3760
234.5059,331.8768,46.1796,37.3760
237.1872,332.4472,44.7700,36.2351
236.1541,331.8682,46.2008,37.3932
235.4158,330.6118,47.6774,38.5883
236.4827,330.5224,46.2220,37.4104
236.1533,330.5224,46.2220,37.4104
237.5176,331.4228,44.8111,36.2684
239.7548,331.4228,44.8111,36.2684
239.7548,331.7424,44.8111,36.2684
239.7548,332.3816,44.8111,36.2684
239.1156,332.3816,44.8111,36.2684
240.1192,333.2547,43.4432,35.1613
240.4290,332.6351,43.4432,35.1613
242.3312,333.4816,42.1171,34.0880
242.6312,333.4816,42.1171,34.0880
243.5741,334.0019,40.8315,33.0474
244.4875,333.9259,39.5851,32.0387
244.7698,333.9259,39.5851,32.0387
245.0522,333.9259,39.5851,32.0387
246.5034,334.6972,38.3767,31.0607
247.0485,333.6070,38.3767,31.0607
247.9068,333.5360,37.2053,30.1125
247.6421,333.8007,37.2053,30.1125
248.7009,333.5360,37.2053,30.1125
248.9656,333.2713,37.2053,30.1125
248.7009,333.5360,37.2053,30.1125
248.7009,333.2713,37.2053,30.1125
248.1064,332.7901,38.3944,31.0749
248.1064,331.9724,38.3944,31.0749
247.8338,332.2450,38.3944,31.0749
247.5612,332.2450,38.3944,31.0749
247.5612,332.5175,38.3944,31.0749
247.2203,331.4759,39.6214,32.0681
246.8695,330.6811,40.8877,33.0930
249.4812,330.1007,40.8877,33.0930
249.1910,328.9399,40.8877,33.0930
247.9572,326.6699,42.1945,34.1506
246.9830,325.5241,43.5430,35.2421
246.6732,324.5947,43.5430,35.2421
246.6732,323.0457,43.5430,35.2421
246.9830,321.8065,43.5430,35.2421
245.6676,321.2433,44.9347,36.3684
