0.00037619
0.85995
0.19472
0.16928
0.18739
0.14872
0.14492
0.14862
0.1471
0.15136
0.15494
0.14886
0.15633
0.14958
0.15444
0.14728
0.14195
0.14763
0.14911
0.14906
0.14952
0.14619
0.15573
0.15791
0.14619
0.14794
0.14403
0.14464
0.14411
0.14997
0.14595
0.15572
0.15013
0.15175
0.15007
0.14855
0.14642
0.14606
0.15174
0.14716
0.14282
0.14073
0.13936
0.14
0.13836
0.14229
0.14631
0.13776
0.13632
0.14148
0.14738
0.13503
0.13382
0.1339
0.13532
0.13681
0.13556
0.13097
0.13053
0.13674
0.13073
0.12985
0.13284
0.12715
0.14838
0.13121
0.1312
0.12905
0.13316
0.13292
0.13292
0.1295
0.13278
0.13046
0.13006
0.12875
0.13496
0.13447
0.13223
0.13306
0.13195
0.13073
0.12697
0.13388
0.14159
0.13566
0.12757
0.13855
0.13112
0.12956
0.13116
0.12911
0.12801
0.12965
0.12786
0.13472
0.14524
0.12758
0.13443
0.129
0.13177
0.12924
0.13164
0.13181
0.14015
0.1359
0.13813
0.13423
0.13716
0.1352
0.13288
0.13495
0.12906
0.13868
0.12997
0.13344
0.1312
0.13686
0.13145
0.13392
0.13447
0.14551
0.13723
0.12696
0.13186
0.13159
0.13015
0.13153
0.13278
0.13205
0.14068
0.1335
0.13108
0.13842
0.14536
0.13284
0.13416
0.13747
0.13206
0.14128
0.13105
0.14193
0.13379
0.13174
0.13005
0.13326
0.13191
0.13256
0.13127
0.12937
0.1345
0.13687
0.13289
0.13945
0.13533
0.13013
0.12962
0.12813
0.12712
0.13188
0.13267
0.1273
0.12986
0.13334
0.13421
0.13169
0.13051
0.12984
0.1312
0.13254
0.12661
0.13328
0.12742
0.12868
0.12877
0.12953
0.13277
0.13245
0.13315
0.14468
0.13385
0.13923
0.13385
0.13585
0.14218
0.15797
0.142
0.14116
0.14012
0.13796
0.14225
0.14691
0.1477
0.14511
0.14794
0.14623
0.14958
0.1605
0.15509
0.1482
0.14533
0.14367
0.14108
0.14679
0.14163
0.14333
0.14488
0.14379
0.15023
0.14888
0.14491
0.15846
0.15392
0.14882
0.15214
0.15521
0.15154
0.15034
0.14734
0.14758
0.15716
0.14454
0.14534
0.144
0.1425
0.14376
0.14326
0.14366
0.14781
0.14623
0.14519
0.14624
0.14744
0.146
0.15481
0.14738
0.15061
0.14472
0.15193
0.14687
0.14881
0.14039
0.14465
0.15262
0.1537
0.15912
0.14887
0.15717
0.14751
0.14939
0.15033
0.14924
0.1484
0.15584
0.14768
0.14773
0.14714
0.1486
0.15569
0.15163
0.1543
0.15636
0.149
0.15857
0.14442
0.14751
0.14328
0.14822
0.14317
0.14201
0.14338
0.14569
0.15477
0.14354
0.14283
0.14311
0.14413
0.14839
0.14921
0.15479
0.15048
0.14692
0.14342
0.14324
0.14513
0.14845
0.14232
0.14454
0.1414
0.14508
0.14274
0.14175
0.14144
0.14153
0.14237
0.14309
0.14273
0.1399
0.14097
0.14267
0.14371
0.14217
0.14113
0.14443
0.13878
0.14167
0.14752
0.14496
0.1428
0.13726
0.14385
0.14143
0.14058
0.14667
0.14612
0.14606
0.14012
0.14208
0.1367
0.14518
0.1384
0.13846
0.14275
0.13823
0.13946
0.14374
0.13952
0.14413
0.14413
0.13968
0.14064
0.13695
0.14207
0.14212
0.1414
0.13985
0.14186
0.14409
0.14734
0.13728
0.14344
0.13773
0.14005
0.13735
0.13862
0.14922
0.13825
0.13992
0.13943
0.14359
0.13713
0.14645
0.13897
0.14232
0.13794
0.14161
0.14256
0.13769
0.13461
0.1487
0.14967
0.13927
0.14074
0.14156
0.14327
0.13879
0.13943
0.14471
0.13623
0.13334
0.1389
0.13739
0.13819
0.13936
0.14226
0.14151
0.13856
0.14875
0.14852
0.146
0.13841
0.14454
0.14255
0.1425
0.14592
0.14877
0.15255
0.14612
0.13949
0.15677
0.14178
0.14445
0.13888
0.14408
0.14052
0.14405
0.14156
0.13929
0.14851
0.13947
0.13985
0.14983
0.14203
0.13787
0.14187
0.139
0.15219
0.14794
0.14672
0.14245
0.14453
0.15863
0.14382
0.14196
0.14089
0.14539
0.14073
0.13877
0.14456
0.14423
0.1442
0.13983
0.14126
0.14225
0.14793
0.13929
0.15467
0.14114
0.13786
0.13722
0.13806
0.14018
0.14235
0.14928
0.13748
0.14103
0.1395
0.13688
0.13859
0.14614
0.14266
0.14556
0.14313
0.14141
0.13951
0.14409
0.14101
0.14382
0.14832
0.14196
0.14314
0.1507
0.14009
0.14722
0.13867
0.14031
0.14197
0.13701
0.1404
0.13979
0.1385
0.13799
0.1455
0.13793
0.137
0.14574
0.14059
0.14077
0.15193
0.13947
0.14431
0.14167
0.14028
0.14425
0.14785
0.14478
0.14016
0.14663
0.15276
0.14258
0.14927
0.14231
0.14242
0.1417
0.14727
0.14226
0.13582
0.14077
0.14292
0.14198
0.13814
0.13803
0.14443
0.14399
0.14283
0.14674
0.13988
0.14132
0.14099
0.14716
0.13918
0.14165
0.13994
0.13954
0.13795
0.1421
0.14615
0.1433
0.14214
0.14041
0.13812
0.13936
0.14906
0.14484
0.14321
0.14034
0.14507
0.14872
0.13924
0.13687
0.14046
0.13977
0.14141
0.1379
0.13894
0.1487
0.14086
0.14151
0.14477
0.14025
0.14318
0.14152
0.13938
0.14369
0.14118
0.14263
0.13683
0.14031
0.14552
0.14794
0.13775
0.13734
0.13696
0.14188
0.14534
0.15425
0.14324
0.14455
0.14504
0.15938
0.14819
0.14388
0.15314
0.14367
0.1514
0.15003
0.14452
0.15474
0.15907
0.14812
0.14074
0.13898
0.14646
0.14048
0.14127
0.14068
0.14306
0.14466
0.1378
0.14612
0.1432
0.13929
0.1386
0.1395
0.13903
0.13899
0.14183
0.13751
0.13773
0.14104
0.13961
0.13995
0.13908
0.14145
0.14762
0.1501
0.14761
0.14898
0.14144
0.13612
0.14009
0.14668
0.14611
0.13955
0.14263
0.14293
0.14404
0.13741
0.13993
0.14595
0.13902
0.13321
0.13917
0.1381
0.14109
0.13327
0.13523
0.14277
0.14352
0.13811
0.13921
0.13913
0.13551
0.1391
0.13301
0.13849
0.13757
0.1368
0.13885
0.13748
0.13899
0.1393
0.14341
0.14816
0.13621
0.14094
0.13907
0.13758
0.13824
0.14089
0.13301
0.14182
0.13695
0.13893
0.13646
0.13581
0.13887
0.13533
0.1482
0.14103
0.13692
0.13681
0.14242
0.14431
0.13687
0.14279
0.14315
0.14593
0.14143
0.13986
0.1374
0.14074
0.1408
0.1425
0.13633
0.1442
0.13526
0.14029
0.14329
0.13864
0.1379
0.14193
0.13687
0.14164
0.13557
0.13956
0.13513
0.13946
0.13878
0.13519
0.14309
0.141
0.13816
0.13747
0.13911
0.14048
0.1402
0.1405
0.14171
0.14687
0.1416
0.14782
0.13893
0.14346
0.14451
0.13944
0.14052
0.14114
0.14035
0.13962
0.13888
0.139
0.14218
0.15007
0.13748
0.1438
0.13841
0.14741
0.14043
0.14092
0.14054
0.14184
0.14347
0.13808
0.1425
0.1399
0.14182
0.14188
0.13999
0.14046
0.14124
0.13831
0.13695
0.13877
0.15
0.13908
0.13824
0.13705
0.13884
0.13926
0.13904
0.13738
0.13936
0.14749
0.13593
0.14029
0.1421
0.1441
0.14153
0.14139
0.14256
0.14272
0.14624
0.13784
0.14354
0.13986
0.14315
0.13799
0.13948
0.14858
0.13752
0.14171
0.13816
0.14913
0.13856
0.13617
0.14389
0.14025
0.14142
0.13667
0.13872
0.13331
0.13858
0.14219
0.13495
0.14163
0.14199
0.14313
0.13666
0.13851
0.13853
0.14912
0.14203
0.13773
0.14873
0.14442
0.13931
0.13452
0.14048
0.13844
0.13774
0.14371
0.1363
0.14186
0.14208
0.14298
0.14176
0.13771
0.14139
0.13693
0.13826
0.13651
0.13901
0.14918
0.13806
0.13798
0.14057
0.1442
0.14276
0.14263
0.13736
0.13819
0.13818
0.13461
0.1387
0.13586
0.14209
0.13998
0.13819
0.137
0.14266
0.14313
0.14248
0.13944
0.13641
0.13953
0.13894
0.13719
0.13764
0.14027
0.13993
0.13614
0.13886
0.13818
0.14933
0.13654
0.1394
0.13577
0.14497
0.13854
0.13705
0.14352
0.14089
0.14254
0.13548
0.15073
0.13898
0.13873
0.14293
0.13718
0.13902
0.13699
0.13783
0.1488
0.13979
0.14526
0.14043
0.14585
0.13532
0.14083
0.13843
0.14322
0.14901
0.14219
0.13657
0.13992
0.13929
0.13581
0.1399
0.14186
0.13886
0.13841
0.14376
0.14244
0.14017
0.14489
0.13915
0.1352
0.13754
0.13728
0.14708
0.13398
0.13759
0.14017
0.13938
0.13887
0.13737
0.13546
0.13828
0.13572
0.13811
0.14498
0.13446
0.14364
0.15083
0.13621
0.13921
0.13856
0.14018
0.15235
0.13946
0.14142
0.14003
0.13764
0.14451
0.14268
0.13732
0.1422
0.14528
0.13494
0.13785
0.13379
0.14041
0.1415
0.13999
0.13581
0.13708
0.1356
0.14611
0.13992
0.13815
0.14203
0.13827
0.13678
0.14357
0.14946
0.14376
0.13423
0.14668
0.14358
0.13561
0.14281
0.14871
0.13826
0.14103
0.14696
0.13672
0.13993
0.13714
0.13902
0.13994
0.13895
0.13708
0.13823
0.14108
0.13648
0.1409
0.13498
0.13453
0.13813
0.14127
0.14094
0.1352
0.14014
0.14838
0.13818
0.13792
0.13888
0.14209
0.14144
0.1439
0.13767
0.15561
0.13328
0.13406
0.13633
0.13394
0.14255
0.14377
0.14007
0.14155
0.14224
0.14043
0.14489
0.14543
0.14198
0.14006
0.14791
0.14044
0.13699
0.13525
0.13783
0.14841
0.1393
0.14096
0.14405
0.14039
0.14695
0.13733
0.1446
0.14503
0.1397
0.14355
0.13701
0.14187
0.14334
0.14118
0.14786
0.13861
0.1397
0.1434
0.15199
0.14228
0.14807
0.14221
0.14711
0.13867
0.14086
0.14064
0.14228
0.13846
0.14447
0.1432
0.13687
0.1368
0.14004
0.15103
0.1547
0.14522
