0.010854,0.018299,0.018454,0,0,0,0,0,0,0,0,0,0,0,0
0.021519,0.029767,0.025866,0,0,0,0,0,0,0,0,0,0,0,0
0.015536,0.022999,0.021859,0,0,0,0,0,0,0,0,0,0,0,0
0.015503,0.025423,0.019875,0,0,0,0,0,0,0,0,0,0,0,0
0.015756,0.021328,0.020615,0,0,0,0,0,0,0,0,0,0,0,0
0.014646,0.019695,0.022534,0,0,0,0,0,0,0,0,0,0,0,0
0.014268,0.01836,0.017274,0,0,0,0,0,0,0,0,0,0,0,0
0.014699,0.018362,0.015501,0,0,0,0,0,0,0,0,0,0,0,0
0.014716,0.017987,0.014928,0,0,0,0,0,0,0,0,0,0,0,0
0.01663,0.01764,0.015307,0,0,0,0,0,0,0,0,0,0,0,0
0.012546,0.013966,0.0128,0,0,0,0,0,0,0,0,0,0,0,0
0.013048,0.014356,0.012505,0,0,0,0,0,0,0,0,0,0,0,0
0.012195,0.013342,0.012121,0,0,0,0,0,0,0,0,0,0,0,0
0.012461,0.012756,0.012719,0,0,0,0,0,0,0,0,0,0,0,0
0.012806,0.013359,0.011789,0,0,0,0,0,0,0,0,0,0,0,0
0.011987,0.012925,0.012515,0,0,0,0,0,0,0,0,0,0,0,0
0.012632,0.012738,0.012413,0,0,0,0,0,0,0,0,0,0,0,0
0.011762,0.011461,0.011358,0,0,0,0,0,0,0,0,0,0,0,0
0.012675,0.011624,0.012136,0,0,0,0,0,0,0,0,0,0,0,0
0.011766,0.011671,0.01196,0,0,0,0,0,0,0,0,0,0,0,0
0.011898,0.016232,0.011481,0,0,0,0,0,0,0,0,0,0,0,0
0.012829,0.012431,0.012279,0,0,0,0,0,0,0,0,0,0,0,0
0.011725,0.011305,0.011495,0,0,0,0,0,0,0,0,0,0,0,0
0.012773,0.012498,0.011506,0,0,0,0,0,0,0,0,0,0,0,0
0.011723,0.011484,0.012471,0,0,0,0,0,0,0,0,0,0,0,0
0.01163,0.01143,0.012082,0,0,0,0,0,0,0,0,0,0,0,0
0.013384,0.013246,0.013294,0,0,0,0,0,0,0,0,0,0,0,0
0.011673,0.012392,0.012467,0,0,0,0,0,0,0,0,0,0,0,0
0.011492,0.011324,0.011525,0,0,0,0,0,0,0,0,0,0,0,0
0.021441,0.020924,0.020478,0,0,0,0,0,0,0,0,0,0,0,0
0.01709,0.016428,0.016488,0,0,0,0,0,0,0,0,0,0,0,0
0.014656,0.015085,0.014992,0,0,0,0,0,0,0,0,0,0,0,0
0.014948,0.014738,0.013842,0,0,0,0,0,0,0,0,0,0,0,0
0.013978,0.016762,0.013726,0,0,0,0,0,0,0,0,0,0,0,0
0.014925,0.01544,0.015517,0,0,0,0,0,0,0,0,0,0,0,0
0.014353,0.014829,0.016165,0,0,0,0,0,0,0,0,0,0,0,0
NaN,NaN,NaN,0,0,0,0,0,0,0,0,0,0,0,0
NaN,NaN,NaN,0,0,0,0,0,0,0,0,0,0,0,0
NaN,NaN,NaN,0,0,0,0,0,0,0,0,0,0,0,0
NaN,NaN,NaN,0,0,0,0,0,0,0,0,0,0,0,0
0.012198,0.01238,0.012426,0,0,0,0,0,0,0,0,0,0,0,0
0.015796,0.014182,0.014647,0,0,0,0,0,0,0,0,0,0,0,0
0.013999,0.012323,0.011965,0,0,0,0,0,0,0,0,0,0,0,0
0.012366,0.011645,0.011608,0,0,0,0,0,0,0,0,0,0,0,0
0.011528,0.010684,0.010667,0,0,0,0,0,0,0,0,0,0,0,0
0.010763,0.010259,0.010263,0,0,0,0,0,0,0,0,0,0,0,0
0.01025,0.010098,0.009731,0,0,0,0,0,0,0,0,0,0,0,0
0.009781,0.009816999999999999,0.009353999999999999,0,0,0,0,0,0,0,0,0,0,0,0
0.009741,0.017553,0.009157,0,0,0,0,0,0,0,0,0,0,0,0
0.008977000000000001,0.008477,0.008704999999999999,0,0,0,0,0,0,0,0,0,0,0,0
0.011811,0.011475,0.011638,0,0,0,0,0,0,0,0,0,0,0,0
0.010385,0.009756000000000001,0.009891,0,0,0,0,0,0,0,0,0,0,0,0
0.010131,0.009367,0.009509,0,0,0,0,0,0,0,0,0,0,0,0
0.008909,0.008443000000000001,0.008349000000000001,0,0,0,0,0,0,0,0,0,0,0,0
0.010539,0.009679,0.009632999999999999,0,0,0,0,0,0,0,0,0,0,0,0
0.009112,0.008371999999999999,0.008186000000000001,0,0,0,0,0,0,0,0,0,0,0,0
0.008042000000000001,0.007359,0.007427,0,0,0,0,0,0,0,0,0,0,0,0
0.007974,0.007209,0.007376,0,0,0,0,0,0,0,0,0,0,0,0
0.00731,0.006766,0.006818,0,0,0,0,0,0,0,0,0,0,0,0
0.007273,0.006616,0.00668,0,0,0,0,0,0,0,0,0,0,0,0
0.00706,0.006586,0.006676,0,0,0,0,0,0,0,0,0,0,0,0
0.007158,0.006547,0.006732,0,0,0,0,0,0,0,0,0,0,0,0
0.007613,0.006833,0.007019,0,0,0,0,0,0,0,0,0,0,0,0
0.006998,0.006595,0.006651,0,0,0,0,0,0,0,0,0,0,0,0
0.007087,0.006678,0.006697,0,0,0,0,0,0,0,0,0,0,0,0
0.006883,0.006532,0.006518,0,0,0,0,0,0,0,0,0,0,0,0
0.007004,0.00661,0.00669,0,0,0,0,0,0,0,0,0,0,0,0
0.007035,0.006354,0.006469,0,0,0,0,0,0,0,0,0,0,0,0
0.00774,0.007284,0.007441,0,0,0,0,0,0,0,0,0,0,0,0
0.007884,0.007417,0.007744,0,0,0,0,0,0,0,0,0,0,0,0
0.014182,0.014047,0.014454,0,0,0,0,0,0,0,0,0,0,0,0
0.009893000000000001,0.009126,0.010612,0,0,0,0,0,0,0,0,0,0,0,0
0.007296,0.007054,0.007037,0,0,0,0,0,0,0,0,0,0,0,0
0.007074,0.006555,0.006649,0,0,0,0,0,0,0,0,0,0,0,0
0.011856,0.009807,0.009797999999999999,0,0,0,0,0,0,0,0,0,0,0,0
0.01052,0.009719999999999999,0.009637,0,0,0,0,0,0,0,0,0,0,0,0
0.006977,0.006768,0.006674,0,0,0,0,0,0,0,0,0,0,0,0
0.014131,0.013891,0.013947,0,0,0,0,0,0,0,0,0,0,0,0
0.015795,0.01551,0.015456,0,0,0,0,0,0,0,0,0,0,0,0
0.013326,0.013088,0.013033,0,0,0,0,0,0,0,0,0,0,0,0
0.011879,0.011491,0.011544,0,0,0,0,0,0,0,0,0,0,0,0
0.012291,0.011916,0.011851,0,0,0,0,0,0,0,0,0,0,0,0
0.012431,0.012155,0.012186,0,0,0,0,0,0,0,0,0,0,0,0
0.016095,0.015909,0.015913,0,0,0,0,0,0,0,0,0,0,0,0
0.014695,0.014513,0.014557,0,0,0,0,0,0,0,0,0,0,0,0
0.012191,0.011867,0.012007,0,0,0,0,0,0,0,0,0,0,0,0
0.015119,0.014853,0.014899,0,0,0,0,0,0,0,0,0,0,0,0
0.016078,0.018738,0.015625,0,0,0,0,0,0,0,0,0,0,0,0
0.016226,0.015774,0.015822,0,0,0,0,0,0,0,0,0,0,0,0
0.014984,0.014813,0.014814,0,0,0,0,0,0,0,0,0,0,0,0
0.015588,0.015247,0.015201,0,0,0,0,0,0,0,0,0,0,0,0
0.016331,0.01613,0.016246,0,0,0,0,0,0,0,0,0,0,0,0
0.015772,0.015371,0.015344,0,0,0,0,0,0,0,0,0,0,0,0
0.015656,0.015392,0.015286,0,0,0,0,0,0,0,0,0,0,0,0
0.016058,0.015679,0.01562,0,0,0,0,0,0,0,0,0,0,0,0
0.015643,0.015242,0.015176,0,0,0,0,0,0,0,0,0,0,0,0
0.01574,0.015408,0.015435,0,0,0,0,0,0,0,0,0,0,0,0
0.016087,0.015567,0.015574,0,0,0,0,0,0,0,0,0,0,0,0
0.015434,0.014889,0.014894,0,0,0,0,0,0,0,0,0,0,0,0
0.016427,0.015784,0.015822,0,0,0,0,0,0,0,0,0,0,0,0
0.017262,0.016467,0.017188,0,0,0,0,0,0,0,0,0,0,0,0
0.016954,0.016571,0.022063,0,0,0,0,0,0,0,0,0,0,0,0
0.016237,0.015995,0.016022,0,0,0,0,0,0,0,0,0,0,0,0
0.017688,0.016302,0.01622,0,0,0,0,0,0,0,0,0,0,0,0
0.019776,0.019284,0.019214,0,0,0,0,0,0,0,0,0,0,0,0
0.019837,0.019638,0.019752,0,0,0,0,0,0,0,0,0,0,0,0
0.020343,0.020078,0.020145,0,0,0,0,0,0,0,0,0,0,0,0
0.020793,0.02053,0.020504,0,0,0,0,0,0,0,0,0,0,0,0
0.017116,0.016888,0.017147,0,0,0,0,0,0,0,0,0,0,0,0
0.017164,0.016909,0.017022,0,0,0,0,0,0,0,0,0,0,0,0
0.020667,0.020505,0.020538,0,0,0,0,0,0,0,0,0,0,0,0
0.017336,0.017128,0.017088,0,0,0,0,0,0,0,0,0,0,0,0
0.014297,0.01437,0.013767,0,0,0,0,0,0,0,0,0,0,0,0
0.020914,0.021838,0.020642,0,0,0,0,0,0,0,0,0,0,0,0
0.015404,0.015134,0.015115,0,0,0,0,0,0,0,0,0,0,0,0
0.013799,0.013616,0.013788,0,0,0,0,0,0,0,0,0,0,0,0
0.023384,0.023053,0.023224,0,0,0,0,0,0,0,0,0,0,0,0
0.023481,0.023192,0.023507,0,0,0,0,0,0,0,0,0,0,0,0
0.02262,0.022395,0.022618,0,0,0,0,0,0,0,0,0,0,0,0
0.021384,0.02125,0.021287,0,0,0,0,0,0,0,0,0,0,0,0
0.016392,0.016128,0.016206,0,0,0,0,0,0,0,0,0,0,0,0
0.02008,0.019815,0.019989,0,0,0,0,0,0,0,0,0,0,0,0
NaN,NaN,NaN,0,0,0,0,0,0,0,0,0,0,0,0
NaN,NaN,NaN,0,0,0,0,0,0,0,0,0,0,0,0
NaN,NaN,NaN,0,0,0,0,0,0,0,0,0,0,0,0
NaN,NaN,NaN,0,0,0,0,0,0,0,0,0,0,0,0
0.017202,0.01287,0.01248,0,0,0,0,0,0,0,0,0,0,0,0
0.014957,0.016077,0.016462,0,0,0,0,0,0,0,0,0,0,0,0
0.012743,0.013583,0.013747,0,0,0,0,0,0,0,0,0,0,0,0
0.011328,0.012755,0.01217,0,0,0,0,0,0,0,0,0,0,0,0
0.011485,0.011872,0.011788,0,0,0,0,0,0,0,0,0,0,0,0
0.012281,0.012829,0.013018,0,0,0,0,0,0,0,0,0,0,0,0
0.014002,0.014402,0.014567,0,0,0,0,0,0,0,0,0,0,0,0
0.01021,0.010488,0.010621,0,0,0,0,0,0,0,0,0,0,0,0
0.010773,0.011291,0.011143,0,0,0,0,0,0,0,0,0,0,0,0
0.01121,0.010765,0.011078,0,0,0,0,0,0,0,0,0,0,0,0
0.010812,0.010818,0.011006,0,0,0,0,0,0,0,0,0,0,0,0
0.009913999999999999,0.017624,0.01029,0,0,0,0,0,0,0,0,0,0,0,0
0.010555,0.010216,0.010756,0,0,0,0,0,0,0,0,0,0,0,0
0.008305999999999999,0.008188000000000001,0.008354,0,0,0,0,0,0,0,0,0,0,0,0
0.007626,0.007484,0.007516,0,0,0,0,0,0,0,0,0,0,0,0
0.007896,0.007625,0.007774,0,0,0,0,0,0,0,0,0,0,0,0
0.007563,0.007518,0.007699,0,0,0,0,0,0,0,0,0,0,0,0
0.007997000000000001,0.007939,0.008088,0,0,0,0,0,0,0,0,0,0,0,0
0.007503,0.007372,0.007536,0,0,0,0,0,0,0,0,0,0,0,0
0.007254,0.006961,0.006995,0,0,0,0,0,0,0,0,0,0,0,0
0.008349000000000001,0.008052,0.00822,0,0,0,0,0,0,0,0,0,0,0,0
0.007012,0.006546,0.006635,0,0,0,0,0,0,0,0,0,0,0,0
0.006958,0.00678,0.006712,0,0,0,0,0,0,0,0,0,0,0,0
0.006931,0.006556,0.006706,0,0,0,0,0,0,0,0,0,0,0,0
0.006915,0.006572,0.006623,0,0,0,0,0,0,0,0,0,0,0,0
0.006889,0.006521,0.006658,0,0,0,0,0,0,0,0,0,0,0,0
0.006857,0.006624,0.006697,0,0,0,0,0,0,0,0,0,0,0,0
0.006906,0.006613,0.006622,0,0,0,0,0,0,0,0,0,0,0,0
0.006902,0.006601,0.006543,0,0,0,0,0,0,0,0,0,0,0,0
0.006955,0.006595,0.006601,0,0,0,0,0,0,0,0,0,0,0,0
0.007024,0.006643,0.006672,0,0,0,0,0,0,0,0,0,0,0,0
0.006857,0.006686,0.006565,0,0,0,0,0,0,0,0,0,0,0,0
0.006883,0.006634,0.006541,0,0,0,0,0,0,0,0,0,0,0,0
0.006863,0.006747,0.006498,0,0,0,0,0,0,0,0,0,0,0,0
0.00685,0.006572,0.006713,0,0,0,0,0,0,0,0,0,0,0,0
0.006982,0.006651,0.006601,0,0,0,0,0,0,0,0,0,0,0,0
0.006875,0.006536,0.007008,0,0,0,0,0,0,0,0,0,0,0,0
0.006858,0.006585,0.007372,0,0,0,0,0,0,0,0,0,0,0,0
