1.1667
0.097185
0.035439
0.031872
0.031921
0.030581
0.029286
0.031678
0.030792
0.039677
0.030742
0.029769
0.029297
0.02921
0.029031
0.029112
0.029998
0.030125
0.030279
0.030621
0.030254
0.03041
0.03028
0.030679
0.030447
0.030504
0.029571
0.029599
0.02981
0.02961
0.029522
0.029143
0.028796
0.028536
0.028464
0.028391
0.028499
0.028559
0.028588
0.02869
0.028771
0.032809
0.035741
0.032073
0.033928
0.036849
0.033827
0.032576
0.029391
0.029149
0.029317
0.030063
0.029558
0.030671
0.029873
0.030216
0.030066
0.031424
0.031377
0.031841
0.031129
0.031917
0.031661
0.0322
0.032036
0.032087
0.046142
0.04412
0.037444
0.034582
0.032673
0.031263
0.030511
0.030719
0.031228
0.030602
0.030438
0.030629
0.030494
0.030932
0.030908
0.031193
0.030918
0.030843
0.031587
0.031276
0.031595
0.031363
0.03156
0.032247
0.032267
0.031363
0.031801
0.03185
0.032094
0.032246
0.031921
0.032282
0.032348
0.032311
0.032629
0.033032
0.033235
0.032974
0.03352
0.033048
0.031887
0.032
0.032
0.032339
0.03227
0.032571
0.032477
0.033406
0.034007
0.034725
0.034474
0.035931
0.035052
0.036376
0.03544
0.036595
0.03674
0.038305
0.040686
0.042435
0.043025
0.04205
0.041069
0.040154
0.042118
0.042491
0.037607
0.038115
0.038231
0.039387
0.041296
0.039575
0.040992
0.040885
0.041713
0.035949
0.036574
0.036386
0.038571
0.037487
0.03777
0.037354
0.038302
0.039042
0.039995
0.040083
0.038981
0.040067
0.040009
0.039127
0.034036
0.034513
0.035303
0.034431
0.03426
0.035884
0.037208
0.03717
0.037883
0.037835
0.038966
0.038584
0.037359
0.034414
0.041997
0.036453
0.036962
0.035919
0.037188
0.037876
0.037582
0.037446
0.032092
0.03292
0.033284
0.033581
0.033911
0.035417
0.034016
0.033036
0.03402
0.034336
0.034891
0.035125
0.036033
0.037042
0.037778
0.03767
0.037953
0.038303
0.040395
0.033816
0.035442
0.03446
0.035431
0.036417
0.035275
0.035403
0.035581
0.036176
0.036533
0.037024
0.036913
0.03609
0.037634
0.036787
0.036922
0.037169
0.037986
0.037516
0.037496
0.037459
0.037675
0.03804
0.038121
0.038939
0.039066
0.038913
0.038738
0.0381
0.038815
0.037531
0.037551
0.038018
0.037905
0.038513
0.038765
0.032262
0.032392
0.032673
0.033352
0.033427
0.033593
0.033505
0.033835
0.034213
0.034416
0.034794
0.034852
0.035172
0.034352
0.034801
0.035125
0.034703
0.035103
0.034787
0.035191
0.035137
0.035436
0.036274
0.037311
0.037873
0.038594
0.037816
0.037002
0.037124
0.036809
0.036288
0.035893
0.035903
0.035537
0.035134
0.034328
0.034537
0.035528
0.036062
0.036163
0.036664
0.036489
0.037049
0.038177
0.037857
0.038832
0.04041
0.039655
0.039066
0.03933
0.040109
0.039568
0.031151
0.031768
0.031379
0.031423
0.032145
0.032038
0.033199
0.033109
0.033171
0.033922
0.0342
0.035117
0.036397
0.036446
0.036163
0.037572
0.03712
0.038672
0.041004
0.041413
0.03035
0.030079
0.029866
0.030636
NaN
NaN
NaN
NaN
1.1597
0.098215
0.035298
0.033167
0.032654
0.031472
0.03168
0.031334
0.031396
0.031728
0.031486
0.031227
0.031487
0.031366
0.031537
0.031654
0.031405
0.031321
0.031914
0.031251
0.031262
0.031623
0.031161
0.031156
0.031295
0.031438
0.031287
0.031203
0.031781
0.031666
0.032159
0.03256
0.03308
0.032811
0.033672
0.034362
0.033804
0.033772
0.033623
0.03359
0.032565
0.03256
0.034095
0.033939
0.034292
0.03454
0.034369
0.035404
0.035572
0.046406
0.037038
0.037828
0.036405
0.0376
0.035663
0.036397
0.037538
0.037968
0.037598
0.037528
0.036401
0.036456
0.038485
0.03762
0.036541
0.036169
0.036567
0.037001
0.037646
0.037423
0.037697
0.037679
0.039432
0.039138
0.038578
0.037206
0.038598
0.038133
0.039512
0.040464
0.040547
0.042016
0.035701
0.035138
0.036291
0.037346
0.038054
0.037751
0.037442
0.037856
0.038246
0.038145
0.0387
0.038468
0.037713
0.037779
0.037837
0.039106
0.038914
0.039271
0.039322
0.039072
0.03929
0.038796
0.038763
0.038653
0.037955
0.037057
0.036983
0.037046
0.037429
0.03722
0.036671
0.036895
0.037208
0.037285
0.037206
0.036974
0.036721
0.036735
0.042715
0.041747
0.040535
0.040168
0.039397
0.038735
0.038649
0.036652
0.037349
0.038634
0.038854
0.034781
0.037604
0.038375
0.03973
0.039837
0.039947
0.0403
0.040998
0.034412
0.034876
0.035243
0.03513
0.035209
0.035695
0.036001
0.035712
0.036721
0.035717
0.036042
0.036391
0.03621
0.036018
0.036309
0.036402
0.036987
0.036195
0.036204
0.03829
0.037205
0.037721
0.037284
0.036912
0.037023
0.036931
0.036656
0.037268
0.036825
0.035903
0.036273
0.036652
0.036437
0.036141
0.03625
0.03641
0.036583
0.036853
0.037123
0.037697
0.038037
0.037468
0.037954
0.038043
0.037123
0.036899
0.03685
0.037257
0.038402
0.037842
0.038245
0.039149
0.039713
0.040761
0.033959
0.035521
0.035023
0.03474
0.034767
0.035658
0.03581
0.036097
0.036191
0.036318
0.035639
0.036188
0.036418
0.035891
0.035774
0.035808
0.037737
0.035923
0.035269
0.034854
0.034332
0.034552
0.034422
0.034313
0.03427
0.034567
0.035005
0.034771
0.034574
0.03424
0.033782
0.039456
0.040268
0.034711
NaN
NaN
NaN
NaN
1.1302
0.098432
0.036689
0.031459
0.031433
0.031544
0.031644
0.031447
0.031372
0.031315
0.031376
0.031251
0.031157
0.030714
0.041137
0.031178
0.028562
0.028497
0.028655
0.028631
0.028525
0.028776
0.028783
0.028684
0.028905
0.028781
0.028905
0.028969
0.028641
0.028562
0.028533
0.028777
0.028566
0.028744
0.027473
0.027485
0.027592
0.027498
0.027397
0.027363
0.027349
0.027568
0.027415
0.027656
0.027744
0.027731
0.027975
0.028406
0.02862
0.028675
0.02949
0.029148
0.029406
0.029501
0.029616
0.029534
0.030163
0.029773
0.030195
0.030089
0.030524
0.030211
0.030598
0.030591
0.030314
0.031372
0.023721
0.029957
0.029754
0.029871
0.030081
0.029956
0.030716
0.031544
0.031409
0.031182
0.030987
0.031236
0.031487
0.031495
0.031187
0.031329
0.030392
0.029918
0.031551
0.031664
0.031599
0.031665
0.031351
0.031507
0.031533
0.031373
0.03015
0.030173
0.030844
0.030597
0.030444
0.032523
0.030444
0.030442
0.030164
0.030757
0.030535
0.030436
0.030565
0.03035
0.030932
0.030359
0.030202
0.030697
0.030492
0.030359
0.030463
0.030385
0.030841
0.029804
0.029378
0.029263
0.029579
0.029338
0.029443
0.029315
0.029283
0.029361
0.028678
0.028329
0.027879
0.027889
0.02772
0.027775
0.027831
0.027498
0.027744
0.027759
0.028326
0.028243
0.028577
0.028622
0.029162
0.029165
0.030042
0.030175
0.030538
0.030177
0.030485
0.030666
0.030561
0.031138
0.031618
0.03108
0.031345
0.031383
0.031169
0.031615
0.031377
0.031123
0.030965
0.030428
0.030659
0.030504
0.030831
0.030711
0.030273
0.030273
0.030697
0.030224
0.030067
0.030102
0.030149
0.030241
0.03032
0.030329
0.030382
0.030182
0.030295
0.030375
0.03017
0.029924
0.030231
0.030056
0.030338
0.029731
0.029333
0.029612
0.029622
0.029243
0.029103
0.029471
0.029623
0.029349
0.029463
0.029729
0.030296
0.031228
0.030956
0.031599
0.031626
0.031577
0.031445
0.031694
0.031744
0.031606
0.031674
0.031695
0.031342
0.031735
0.031696
0.030619
0.030123
0.030115
0.029796
0.02935
0.029797
0.029009
0.029138
0.029086
0.028864
0.028719
0.028541
0.028998
0.028476
0.028871
0.028644
0.02879
0.029019
0.029014
0.028777
0.029071
0.030202
0.029438
0.029869
0.029996
0.029781
0.030291
0.029892
0.029687
0.030244
0.029987
0.030602
0.02967
0.030029
0.029929
0.029946
0.030289
0.030027
0.030999
0.0302
0.030117
0.030083
0.02944
0.029215
0.029228
0.028917
0.029046
0.02906
0.02914
0.028475
0.028341
0.027956
0.027999
0.02783
0.028278
0.028496
0.0285
0.02882
0.02866
0.028838
0.02873
0.028705
0.028814
0.028847
0.028992
0.028698
0.029175
0.028912
0.0292
0.029038
0.029208
0.029084
0.029565
0.029114
0.028853
0.028286
0.02842
0.027857
0.027881
0.027789
0.027704
0.02756
0.027374
0.027488
0.027543
0.027485
0.02737
0.027433
0.027174
0.027222
0.02729
0.027043
0.026987
0.02698
0.026699
0.026709
0.026943
0.026855
0.026567
0.02712
0.02736
0.02768
0.027755
0.028045
0.028125
0.02823
0.028396
0.029321
0.029204
0.029047
0.028947
0.029169
0.029597
0.029096
0.029303
0.029481
0.029544
0.029642
0.029656
0.029548
0.029688
0.030755
0.029894
0.029351
0.029022
0.029126
0.029072
0.028772
0.028411
0.028262
0.028015
0.027749
0.027675
0.027857
0.02763
0.027721
0.027527
0.027448
0.027568
0.027649
0.027684
0.027778
0.028618
0.027833
0.02777
0.027438
0.027631
0.027451
0.027864
0.02785
0.028258
0.028893
0.029441
0.029298
0.029301
0.029286
0.029452
0.029423
0.029475
0.029766
0.028032
0.028273
0.028371
0.028242
0.02826
0.02844
0.02827
0.027883
0.02768
0.02806
0.027371
0.027788
0.027539
0.028206
0.028282
0.028389
0.02929
0.028563
0.028648
0.028813
0.029311
0.029194
0.029857
0.029662
0.02947
0.029727
0.030279
0.02953
0.029564
0.029489
0.029261
0.029206
0.029079
0.028091
0.028297
0.028387
0.028228
0.028104
0.028023
0.028106
0.028224
0.028013
0.028118
0.027853
0.028084
0.027709
0.028152
0.027828
0.028142
0.028381
0.028948
0.028705
0.028533
0.028447
0.02859
0.028804
0.028944
0.028844
0.029025
0.028842
0.02878
0.028921
0.029133
0.02937
0.029332
0.029108
0.029351
0.029604
0.029012
0.029085
0.029188
0.028933
0.028751
0.028337
0.027859
0.027656
0.028247
0.028067
0.027883
0.028204
0.028364
0.027879
0.028244
0.028014
0.028572
0.028563
0.028019
0.027778
0.028059
0.027896
0.027834
0.027935
0.027987
0.028138
0.028389
0.028343
0.028196
0.027944
0.027829
0.027725
0.027786
0.027598
0.028195
0.027737
0.027552
0.027757
0.027812
0.027844
0.02769
0.027804
0.027928
0.027718
0.027695
0.027864
0.027477
0.027196
0.027447
0.02736
0.02766
0.027558
0.028042
0.027709
0.028796
0.028965
0.029165
0.028802
0.029125
0.028914
0.028812
0.029189
0.029001
0.029037
0.029405
0.028226
0.027897
0.027777
0.02768
0.028408
0.02823
0.028391
0.028316
0.028645
0.028609
0.02885
0.028755
0.029066
0.029006
0.029069
0.029136
0.028906
0.029302
0.028882
0.028857
0.029111
0.029046
0.028832
0.028587
0.028629
0.02854
0.028338
0.028579
0.028499
0.028422
0.027662
0.027219
0.028748
0.028843
0.028847
0.028826
0.028817
0.029283
0.028159
0.027937
0.027872
0.028233
0.02803
0.028161
0.027863
0.028086
0.028006
0.028184
0.028175
0.027872
0.027859
0.027931
0.028134
0.027857
0.028474
0.028117
0.02787
0.027483
0.027593
0.027458
0.027652
0.027666
0.027846
0.027734
0.027816
0.027591
0.027927
0.028008
0.02806
0.027906
0.027676
0.027971
0.028211
0.027354
0.02777
0.028062
0.02765
0.027989
0.027788
0.027983
0.027665
0.027882
0.027819
0.027175
0.027342
0.027408
0.027098
0.027743
0.027518
0.027574
0.027796
0.02751
0.027996
0.027762
0.027836
0.028207
0.027928
0.028071
0.027976
0.027858
0.028445
0.028012
0.027787
0.027663
0.027802
0.027581
0.027928
0.029302
0.028316
0.02838
0.028145
0.028597
0.028621
0.028307
0.028381
0.028791
0.028852
0.029174
0.028826
0.028716
0.029045
0.029019
0.029223
0.028993
0.02924
0.030535
0.029754
0.028997
0.028598
0.028425
0.028384
0.028718
0.028509
0.028666
0.02853
0.028725
0.028481
0.028415
0.028436
0.028059
0.028264
0.0302
0.028335
0.028177
0.02782
0.027912
0.028136
0.027942
0.028406
0.028257
0.028575
0.028466
0.028678
0.028498
0.02848
0.028364
0.028634
0.028533
0.028461
0.028858
0.028611
0.028306
0.028144
0.040473
0.033983
0.031622
0.029709
0.028084
0.027751
0.02738
0.027376
0.027487
0.027392
0.027453
0.027266
0.028399
0.027552
0.027536
0.02728
0.027045
0.027093
0.027023
0.026658
0.026834
0.026457
0.026967
0.02686
0.026831
0.026459
0.026582
0.026999
0.027017
0.026879
0.026709
0.026878
0.026996
0.026726
0.026922
0.026846
0.026785
0.026745
0.026873
0.026825
0.026761
0.027001
0.026849
0.027017
0.026852
0.026787
0.027024
0.026995
0.02738
0.027248
0.027536
0.027123
0.027518
0.027366
0.0272
0.02751
0.027325
0.027337
0.027313
0.027399
0.028033
0.02819
0.027981
0.028015
0.02787
0.027835
0.027611
0.02741
0.027714
0.027395
0.027349
0.026716
0.026837
0.026785
0.027282
0.027145
0.027359
0.027354
0.027469
0.027324
0.028301
0.02757
0.027515
0.027822
0.027979
0.027965
0.028865
0.02873
0.02872
0.027317
0.027755
0.026896
0.027482
0.027282
0.027656
0.027412
0.027571
0.027416
0.027472
0.027634
0.027635
0.027738
0.026964
0.027229
0.027351
0.027357
0.027525
0.028044
0.0288
0.028418
0.029413
0.029624
0.029026
0.028781
0.029564
0.029349
0.029622
0.03032
0.029979
0.030071
0.030817
0.029836
0.030065
0.03029
NaN
NaN
NaN
NaN
1.1801
0.094078
0.033352
0.029652
0.029459
0.029778
0.029742
0.029819
NaN
NaN
NaN
NaN
1.1518
0.093571
0.032613
0.028749
0.03028
0.038648
0.02829
0.02748
0.027571
0.02691
0.026833
0.026866
0.026851
0.027014
0.026966
0.026874
0.031694
0.043569
0.039584
0.033958
0.033248
0.029221
0.027252
0.026828
0.027594
0.0279
0.02798
0.028247
0.027716
0.027835
