6.1606
0.75547
0.75436
0.69636
0.74554
0.72907
0.75795
0.67267
0.67482
0.69449
0.66857
0.66215
0.73336
0.67428
0.68323
0.67711
0.67548
0.66972
0.73676
0.68028
0.66867
0.68094
0.67596
0.67634
0.76004
0.67452
0.67817
0.68588
0.6575
0.69822
0.74668
0.68697
0.68768
0.69028
0.69803
0.68224
0.76412
0.68105
0.70659
0.68758
0.6885
0.69717
0.76619
0.70479
0.6955
0.70699
0.68493
0.69185
0.76208
0.69454
0.68949
0.70787
0.69435
0.69991
0.7533
0.68476
0.67282
0.6708
0.67905
0.66759
0.73312
0.66359
0.67076
0.66586
0.65891
0.66502
0.73597
0.65059
0.65775
0.64187
0.65408
0.65478
0.71439
0.67156
0.67127
0.64197
0.66513
0.65539
0.72578
0.65308
0.65149
0.65684
0.65133
0.65688
0.72761
0.66344
0.67526
0.65868
0.66013
0.66515
0.72298
0.6638
0.65426
0.65903
0.65979
0.63847
0.73264
0.6509
0.65274
0.6616
0.64691
0.65483
0.7278
0.65363
0.65825
0.6633
0.65576
0.67272
0.71767
0.65485
0.64955
0.66083
0.65154
0.64868
0.72967
0.65364
0.65465
0.66013
0.65845
0.66092
0.72083
0.66487
0.65819
0.64763
0.66211
0.66739
0.7384
0.66677
0.66234
0.66623
0.66512
0.65277
0.73181
0.6656
0.65823
0.66174
0.67009
0.73586
0.79228
0.74221
0.74102
0.74722
0.71787
0.72787
0.79936
0.70763
0.71909
