0.000199,0.00019,0.000217,0,0,0,0,0,0,0,0,0,0,0,0
3.1807,3.8416,3.1572,0,0,0,0,0,0,0,0,0,0,0,0
0.031558,0.046021,0.044322,0,0,0,0,0,0,0,0,0,0,0,0
0.028923,0.037449,0.037393,0,0,0,0,0,0,0,0,0,0,0,0
0.029553,0.035132,0.03641,0,0,0,0,0,0,0,0,0,0,0,0
0.029273,0.03338,0.035146,0,0,0,0,0,0,0,0,0,0,0,0
0.02941,0.031347,0.031951,0,0,0,0,0,0,0,0,0,0,0,0
0.028675,0.029509,0.031285,0,0,0,0,0,0,0,0,0,0,0,0
0.028943,0.031137,0.032275,0,0,0,0,0,0,0,0,0,0,0,0
0.029283,0.046507,0.047105,0,0,0,0,0,0,0,0,0,0,0,0
0.028874,0.051021,0.059117,0,0,0,0,0,0,0,0,0,0,0,0
0.029145,0.044388,0.055024,0,0,0,0,0,0,0,0,0,0,0,0
0.029781,0.041371,0.048108,0,0,0,0,0,0,0,0,0,0,0,0
0.028758,0.039551,0.044655,0,0,0,0,0,0,0,0,0,0,0,0
0.029262,0.048712,0.042195,0,0,0,0,0,0,0,0,0,0,0,0
0.029875,0.05459,0.044058,0,0,0,0,0,0,0,0,0,0,0,0
0.029646,0.052471,0.04974,0,0,0,0,0,0,0,0,0,0,0,0
0.029838,0.049995,0.054557,0,0,0,0,0,0,0,0,0,0,0,0
0.029604,0.044598,0.049021,0,0,0,0,0,0,0,0,0,0,0,0
0.028956,0.043297,0.045821,0,0,0,0,0,0,0,0,0,0,0,0
0.030386,0.041671,0.044445,0,0,0,0,0,0,0,0,0,0,0,0
0.042005,0.043537,0.044827,0,0,0,0,0,0,0,0,0,0,0,0
0.051798,0.050014,0.043454,0,0,0,0,0,0,0,0,0,0,0,0
0.060511,0.055041,0.35276,0,0,0,0,0,0,0,0,0,0,0,0
0.054565,0.35042,0.05202,0,0,0,0,0,0,0,0,0,0,0,0
0.047241,0.053229,0.068339,0,0,0,0,0,0,0,0,0,0,0,0
0.048209,0.061703,0.055104,0,0,0,0,0,0,0,0,0,0,0,0
0.052534,0.055893,0.044087,0,0,0,0,0,0,0,0,0,0,0,0
0.051955,0.037169,0.035661,0,0,0,0,0,0,0,0,0,0,0,0
0.051372,0.039736,0.038317,0,0,0,0,0,0,0,0,0,0,0,0
0.054388,0.042204,0.042638,0,0,0,0,0,0,0,0,0,0,0,0
0.052076,0.038037,0.038284,0,0,0,0,0,0,0,0,0,0,0,0
0.055556,0.039415,0.036526,0,0,0,0,0,0,0,0,0,0,0,0
0.05187,0.037382,0.03522,0,0,0,0,0,0,0,0,0,0,0,0
0.37024,0.02913,0.032925,0,0,0,0,0,0,0,0,0,0,0,0
0.052964,0.029653,0.031998,0,0,0,0,0,0,0,0,0,0,0,0
0.061446,0.030043,0.030738,0,0,0,0,0,0,0,0,0,0,0,0
0.051418,0.029281,0.02935,0,0,0,0,0,0,0,0,0,0,0,0
0.038911,0.0293,0.030087,0,0,0,0,0,0,0,0,0,0,0,0
0.036485,0.030118,0.032149,0,0,0,0,0,0,0,0,0,0,0,0
0.034119,0.029544,0.032543,0,0,0,0,0,0,0,0,0,0,0,0
0.033602,0.029331,0.032054,0,0,0,0,0,0,0,0,0,0,0,0
0.032175,0.030234,0.031185,0,0,0,0,0,0,0,0,0,0,0,0
0.029503,0.029265,0.028776,0,0,0,0,0,0,0,0,0,0,0,0
0.038557,0.029354,0.029943,0,0,0,0,0,0,0,0,0,0,0,0
0.033288,0.032199,0.029422,0,0,0,0,0,0,0,0,0,0,0,0
0.028927,0.030023,0.028962,0,0,0,0,0,0,0,0,0,0,0,0
0.029515,0.02999,0.029764,0,0,0,0,0,0,0,0,0,0,0,0
0.030079,0.030564,0.030452,0,0,0,0,0,0,0,0,0,0,0,0
0.029035,0.02953,0.03001,0,0,0,0,0,0,0,0,0,0,0,0
0.030181,0.03008,0.030006,0,0,0,0,0,0,0,0,0,0,0,0
0.030001,0.030657,0.031995,0,0,0,0,0,0,0,0,0,0,0,0
0.029777,0.02965,0.032974,0,0,0,0,0,0,0,0,0,0,0,0
0.029378,0.029839,0.031688,0,0,0,0,0,0,0,0,0,0,0,0
0.029756,0.029057,0.030785,0,0,0,0,0,0,0,0,0,0,0,0
0.028972,0.029067,0.028991,0,0,0,0,0,0,0,0,0,0,0,0
0.029146,0.029249,0.029606,0,0,0,0,0,0,0,0,0,0,0,0
0.029731,0.030776,0.029058,0,0,0,0,0,0,0,0,0,0,0,0
0.029183,0.029438,0.029773,0,0,0,0,0,0,0,0,0,0,0,0
0.029304,0.029731,0.029603,0,0,0,0,0,0,0,0,0,0,0,0
0.030551,0.032577,0.030065,0,0,0,0,0,0,0,0,0,0,0,0
0.029459,0.03713,0.029164,0,0,0,0,0,0,0,0,0,0,0,0
0.029717,0.038581,0.029706,0,0,0,0,0,0,0,0,0,0,0,0
0.02916,0.036668,0.030184,0,0,0,0,0,0,0,0,0,0,0,0
0.029019,0.032492,0.02873,0,0,0,0,0,0,0,0,0,0,0,0
0.029597,0.032914,0.029581,0,0,0,0,0,0,0,0,0,0,0,0
0.029333,0.032392,0.030166,0,0,0,0,0,0,0,0,0,0,0,0
0.029115,0.03226,0.028805,0,0,0,0,0,0,0,0,0,0,0,0
0.029637,0.032918,0.035092,0,0,0,0,0,0,0,0,0,0,0,0
0.029125,0.033532,0.041393,0,0,0,0,0,0,0,0,0,0,0,0
0.028499,0.03242,0.035191,0,0,0,0,0,0,0,0,0,0,0,0
0.029537,0.032828,0.03494,0,0,0,0,0,0,0,0,0,0,0,0
0.029722,0.033384,0.034649,0,0,0,0,0,0,0,0,0,0,0,0
0.028772,0.032442,0.031081,0,0,0,0,0,0,0,0,0,0,0,0
0.029392,0.032798,0.031525,0,0,0,0,0,0,0,0,0,0,0,0
0.029249,0.033483,0.031303,0,0,0,0,0,0,0,0,0,0,0,0
0.029198,0.032204,0.031029,0,0,0,0,0,0,0,0,0,0,0,0
NaN,NaN,NaN,0,0,0,0,0,0,0,0,0,0,0,0
NaN,NaN,NaN,0,0,0,0,0,0,0,0,0,0,0,0
NaN,NaN,NaN,0,0,0,0,0,0,0,0,0,0,0,0
NaN,NaN,NaN,0,0,0,0,0,0,0,0,0,0,0,0
0.000211,0.000207,0.000226,0,0,0,0,0,0,0,0,0,0,0,0
3.037,3.7752,3.1371,0,0,0,0,0,0,0,0,0,0,0,0
0.046047,0.043675,0.042656,0,0,0,0,0,0,0,0,0,0,0,0
0.036631,0.03758,0.038302,0,0,0,0,0,0,0,0,0,0,0,0
0.037222,0.03665,0.037134,0,0,0,0,0,0,0,0,0,0,0,0
0.032744,0.034858,0.033826,0,0,0,0,0,0,0,0,0,0,0,0
0.030336,0.033011,0.030705,0,0,0,0,0,0,0,0,0,0,0,0
0.030249,0.03091,0.036119,0,0,0,0,0,0,0,0,0,0,0,0
0.029765,0.029873,0.040251,0,0,0,0,0,0,0,0,0,0,0,0
0.031039,0.030814,0.037437,0,0,0,0,0,0,0,0,0,0,0,0
0.029792,0.028425,0.034637,0,0,0,0,0,0,0,0,0,0,0,0
0.030418,0.029727,0.032685,0,0,0,0,0,0,0,0,0,0,0,0
0.031301,0.029384,0.031892,0,0,0,0,0,0,0,0,0,0,0,0
0.030902,0.028577,0.029363,0,0,0,0,0,0,0,0,0,0,0,0
0.031774,0.029423,0.029328,0,0,0,0,0,0,0,0,0,0,0,0
0.03083,0.030038,0.029852,0,0,0,0,0,0,0,0,0,0,0,0
0.029917,0.028714,0.028737,0,0,0,0,0,0,0,0,0,0,0,0
0.032329,0.02942,0.029709,0,0,0,0,0,0,0,0,0,0,0,0
0.043399,0.030429,0.028745,0,0,0,0,0,0,0,0,0,0,0,0
0.041587,0.028791,0.030215,0,0,0,0,0,0,0,0,0,0,0,0
0.047562,0.02905,0.02911,0,0,0,0,0,0,0,0,0,0,0,0
0.050802,0.031365,0.02976,0,0,0,0,0,0,0,0,0,0,0,0
0.046681,0.031209,0.028718,0,0,0,0,0,0,0,0,0,0,0,0
0.04572,0.03031,0.030872,0,0,0,0,0,0,0,0,0,0,0,0
NaN,NaN,NaN,0,0,0,0,0,0,0,0,0,0,0,0
NaN,NaN,NaN,0,0,0,0,0,0,0,0,0,0,0,0
NaN,NaN,NaN,0,0,0,0,0,0,0,0,0,0,0,0
NaN,NaN,NaN,0,0,0,0,0,0,0,0,0,0,0,0
0.000222,0.000186,0.00021,0,0,0,0,0,0,0,0,0,0,0,0
3.671,3.5163,3.2829,0,0,0,0,0,0,0,0,0,0,0,0
0.045935,0.045121,0.047148,0,0,0,0,0,0,0,0,0,0,0,0
0.039765,0.037926,0.040636,0,0,0,0,0,0,0,0,0,0,0,0
0.037368,0.036168,0.036687,0,0,0,0,0,0,0,0,0,0,0,0
0.035152,0.034026,0.034888,0,0,0,0,0,0,0,0,0,0,0,0
0.031749,0.031403,0.032059,0,0,0,0,0,0,0,0,0,0,0,0
0.030739,0.029513,0.030905,0,0,0,0,0,0,0,0,0,0,0,0
0.029,0.03013,0.029808,0,0,0,0,0,0,0,0,0,0,0,0
0.029707,0.031131,0.03089,0,0,0,0,0,0,0,0,0,0,0,0
0.028564,0.02969,0.029633,0,0,0,0,0,0,0,0,0,0,0,0
0.035859,0.030071,0.0311,0,0,0,0,0,0,0,0,0,0,0,0
0.043501,0.03134,0.032402,0,0,0,0,0,0,0,0,0,0,0,0
0.037464,0.030131,0.030347,0,0,0,0,0,0,0,0,0,0,0,0
0.034543,0.029757,0.029997,0,0,0,0,0,0,0,0,0,0,0,0
0.033236,0.029864,0.030705,0,0,0,0,0,0,0,0,0,0,0,0
0.030573,0.02869,0.0298,0,0,0,0,0,0,0,0,0,0,0,0
0.030992,0.029019,0.030266,0,0,0,0,0,0,0,0,0,0,0,0
0.030964,0.029561,0.030204,0,0,0,0,0,0,0,0,0,0,0,0
0.028563,0.02858,0.029982,0,0,0,0,0,0,0,0,0,0,0,0
0.029261,0.029121,0.030565,0,0,0,0,0,0,0,0,0,0,0,0
0.029616,0.030939,0.031061,0,0,0,0,0,0,0,0,0,0,0,0
0.029848,0.030519,0.030179,0,0,0,0,0,0,0,0,0,0,0,0
0.030011,0.029546,0.029545,0,0,0,0,0,0,0,0,0,0,0,0
0.030854,0.029131,0.029829,0,0,0,0,0,0,0,0,0,0,0,0
0.028797,0.028477,0.028815,0,0,0,0,0,0,0,0,0,0,0,0
0.02926,0.029017,0.029631,0,0,0,0,0,0,0,0,0,0,0,0
0.030211,0.029549,0.02893,0,0,0,0,0,0,0,0,0,0,0,0
0.033967,0.028698,0.028834,0,0,0,0,0,0,0,0,0,0,0,0
0.042769,0.029311,0.029333,0,0,0,0,0,0,0,0,0,0,0,0
0.048531,0.029523,0.03002,0,0,0,0,0,0,0,0,0,0,0,0
0.052827,0.028903,0.029836,0,0,0,0,0,0,0,0,0,0,0,0
0.051861,0.029225,0.047886,0,0,0,0,0,0,0,0,0,0,0,0
0.051821,0.029356,0.067437,0,0,0,0,0,0,0,0,0,0,0,0
0.051225,0.028863,0.051352,0,0,0,0,0,0,0,0,0,0,0,0
0.053716,0.04049,0.050734,0,0,0,0,0,0,0,0,0,0,0,0
0.052699,0.04201,0.051383,0,0,0,0,0,0,0,0,0,0,0,0
0.05136,0.037491,0.050947,0,0,0,0,0,0,0,0,0,0,0,0
0.051598,0.0349,0.055473,0,0,0,0,0,0,0,0,0,0,0,0
0.052676,0.034665,0.051153,0,0,0,0,0,0,0,0,0,0,0,0
0.053179,0.031805,0.044218,0,0,0,0,0,0,0,0,0,0,0,0
0.053796,0.031367,0.043499,0,0,0,0,0,0,0,0,0,0,0,0
0.049029,0.030829,0.041618,0,0,0,0,0,0,0,0,0,0,0,0
0.3421,0.029609,0.049001,0,0,0,0,0,0,0,0,0,0,0,0
0.054053,0.030151,0.052215,0,0,0,0,0,0,0,0,0,0,0,0
0.061548,0.031036,0.047361,0,0,0,0,0,0,0,0,0,0,0,0
0.055478,0.029576,0.35663,0,0,0,0,0,0,0,0,0,0,0,0
0.036517,0.030301,0.079251,0,0,0,0,0,0,0,0,0,0,0,0
0.034562,0.033528,0.052755,0,0,0,0,0,0,0,0,0,0,0,0
0.033778,0.040579,0.057596,0,0,0,0,0,0,0,0,0,0,0,0
0.034438,0.04564,0.040989,0,0,0,0,0,0,0,0,0,0,0,0
0.035133,0.041193,0.036089,0,0,0,0,0,0,0,0,0,0,0,0
0.033588,0.041525,0.032683,0,0,0,0,0,0,0,0,0,0,0,0
0.031163,0.041568,0.030942,0,0,0,0,0,0,0,0,0,0,0,0
0.030719,0.043143,0.030618,0,0,0,0,0,0,0,0,0,0,0,0
0.028972,0.041793,0.029005,0,0,0,0,0,0,0,0,0,0,0,0
0.029785,0.039982,0.029683,0,0,0,0,0,0,0,0,0,0,0,0
0.030295,0.046383,0.03007,0,0,0,0,0,0,0,0,0,0,0,0
0.028886,0.051261,0.029042,0,0,0,0,0,0,0,0,0,0,0,0
0.029115,0.052445,0.029427,0,0,0,0,0,0,0,0,0,0,0,0
0.029726,0.055409,0.029733,0,0,0,0,0,0,0,0,0,0,0,0
0.028883,0.052805,0.029442,0,0,0,0,0,0,0,0,0,0,0,0
0.029214,0.051767,0.030967,0,0,0,0,0,0,0,0,0,0,0,0
0.029751,0.052967,0.031082,0,0,0,0,0,0,0,0,0,0,0,0
0.029415,0.36809,0.029927,0,0,0,0,0,0,0,0,0,0,0,0
0.030329,0.059789,0.030802,0,0,0,0,0,0,0,0,0,0,0,0
