8.2e-05,0.000147,0.000122,0,0,0,0,0,0,0,0,0,0,0,0
0.044607,0.057937,0.054667,0,0,0,0,0,0,0,0,0,0,0,0
0.029872,0.040479,0.039126,0,0,0,0,0,0,0,0,0,0,0,0
0.026243,0.030705,0.030368,0,0,0,0,0,0,0,0,0,0,0,0
0.023491,0.025328,0.024856,0,0,0,0,0,0,0,0,0,0,0,0
0.023013,0.02328,0.022768,0,0,0,0,0,0,0,0,0,0,0,0
0.023263,0.023325,0.023135,0,0,0,0,0,0,0,0,0,0,0,0
0.022368,0.022225,0.022669,0,0,0,0,0,0,0,0,0,0,0,0
0.02266,0.02274,0.022729,0,0,0,0,0,0,0,0,0,0,0,0
0.022935,0.023524,0.023236,0,0,0,0,0,0,0,0,0,0,0,0
0.030908,0.030292,0.030781,0,0,0,0,0,0,0,0,0,0,0,0
0.022985,0.022919,0.022869,0,0,0,0,0,0,0,0,0,0,0,0
0.023158,0.023024,0.023134,0,0,0,0,0,0,0,0,0,0,0,0
0.022164,0.02225,0.022059,0,0,0,0,0,0,0,0,0,0,0,0
0.020541,0.020803,0.020868,0,0,0,0,0,0,0,0,0,0,0,0
0.018517,0.019371,0.019032,0,0,0,0,0,0,0,0,0,0,0,0
0.01713,0.017225,0.017402,0,0,0,0,0,0,0,0,0,0,0,0
0.021702,0.023045,0.023516,0,0,0,0,0,0,0,0,0,0,0,0
0.014778,0.016074,0.016443,0,0,0,0,0,0,0,0,0,0,0,0
0.015511,0.016675,0.017363,0,0,0,0,0,0,0,0,0,0,0,0
0.02843,0.034204,0.034859,0,0,0,0,0,0,0,0,0,0,0,0
0.013054,0.015626,0.015991,0,0,0,0,0,0,0,0,0,0,0,0
0.015806,0.018463,0.018852,0,0,0,0,0,0,0,0,0,0,0,0
0.016196,0.01952,0.019644,0,0,0,0,0,0,0,0,0,0,0,0
0.015003,0.017609,0.018286,0,0,0,0,0,0,0,0,0,0,0,0
0.015303,0.017736,0.018736,0,0,0,0,0,0,0,0,0,0,0,0
0.015268,0.017953,0.01891,0,0,0,0,0,0,0,0,0,0,0,0
0.014193,0.017087,0.018017,0,0,0,0,0,0,0,0,0,0,0,0
0.023717,0.030335,0.030354,0,0,0,0,0,0,0,0,0,0,0,0
0.020644,0.026775,0.026929,0,0,0,0,0,0,0,0,0,0,0,0
0.026016,0.032024,0.032891,0,0,0,0,0,0,0,0,0,0,0,0
0.021719,0.025543,0.025301,0,0,0,0,0,0,0,0,0,0,0,0
0.020882,0.025157,0.02454,0,0,0,0,0,0,0,0,0,0,0,0
0.020757,0.023742,0.02371,0,0,0,0,0,0,0,0,0,0,0,0
0.021124,0.023993,0.022224,0,0,0,0,0,0,0,0,0,0,0,0
0.021086,0.024408,0.021547,0,0,0,0,0,0,0,0,0,0,0,0
0.019918,0.023256,0.020656,0,0,0,0,0,0,0,0,0,0,0,0
0.019637,0.024049,0.021127,0,0,0,0,0,0,0,0,0,0,0,0
0.019545,0.024078,0.020791,0,0,0,0,0,0,0,0,0,0,0,0
0.016575,0.018427,0.017227,0,0,0,0,0,0,0,0,0,0,0,0
0.009955,0.011032,0.010313,0,0,0,0,0,0,0,0,0,0,0,0
0.047256,0.050763,0.051627,0,0,0,0,0,0,0,0,0,0,0,0
NaN,NaN,NaN,0,0,0,0,0,0,0,0,0,0,0,0
NaN,NaN,NaN,0,0,0,0,0,0,0,0,0,0,0,0
NaN,NaN,NaN,0,0,0,0,0,0,0,0,0,0,0,0
NaN,NaN,NaN,0,0,0,0,0,0,0,0,0,0,0,0
0.000186,0.000139,0.000197,0,0,0,0,0,0,0,0,0,0,0,0
0.061622,0.056041,0.058548,0,0,0,0,0,0,0,0,0,0,0,0
0.04297,0.027222,0.041439,0,0,0,0,0,0,0,0,0,0,0,0
0.037279,0.027389,0.036659,0,0,0,0,0,0,0,0,0,0,0,0
0.03049,0.025061,0.030655,0,0,0,0,0,0,0,0,0,0,0,0
0.02827,0.023899,0.027913,0,0,0,0,0,0,0,0,0,0,0,0
0.02791,0.022988,0.028124,0,0,0,0,0,0,0,0,0,0,0,0
0.027524,0.023054,0.026981,0,0,0,0,0,0,0,0,0,0,0,0
0.027756,0.023231,0.027962,0,0,0,0,0,0,0,0,0,0,0,0
0.027837,0.024128,0.028283,0,0,0,0,0,0,0,0,0,0,0,0
0.035173,0.031371,0.034891,0,0,0,0,0,0,0,0,0,0,0,0
0.027812,0.024491,0.028094,0,0,0,0,0,0,0,0,0,0,0,0
0.027975,0.024771,0.028222,0,0,0,0,0,0,0,0,0,0,0,0
0.026842,0.023918,0.027527,0,0,0,0,0,0,0,0,0,0,0,0
0.02752,0.024435,0.027154,0,0,0,0,0,0,0,0,0,0,0,0
0.02843,0.024124,0.027836,0,0,0,0,0,0,0,0,0,0,0,0
0.027117,0.023361,0.027228,0,0,0,0,0,0,0,0,0,0,0,0
0.027236,0.023594,0.02786,0,0,0,0,0,0,0,0,0,0,0,0
0.027771,0.024392,0.027766,0,0,0,0,0,0,0,0,0,0,0,0
0.026413,0.023178,0.026911,0,0,0,0,0,0,0,0,0,0,0,0
0.034179,0.030175,0.034608,0,0,0,0,0,0,0,0,0,0,0,0
0.026223,0.02252,0.026858,0,0,0,0,0,0,0,0,0,0,0,0
0.025976,0.023478,0.026087,0,0,0,0,0,0,0,0,0,0,0,0
0.026206,0.023499,0.025943,0,0,0,0,0,0,0,0,0,0,0,0
0.026204,0.022359,0.026042,0,0,0,0,0,0,0,0,0,0,0,0
0.025182,0.021086,0.024301,0,0,0,0,0,0,0,0,0,0,0,0
0.025457,0.022226,0.024741,0,0,0,0,0,0,0,0,0,0,0,0
0.026087,0.023344,0.025574,0,0,0,0,0,0,0,0,0,0,0,0
0.025109,0.022661,0.024363,0,0,0,0,0,0,0,0,0,0,0,0
0.02602,0.023073,0.024849,0,0,0,0,0,0,0,0,0,0,0,0
0.034562,0.030063,0.032545,0,0,0,0,0,0,0,0,0,0,0,0
0.030415,0.0269,0.029466,0,0,0,0,0,0,0,0,0,0,0,0
0.026488,0.027436,0.027833,0,0,0,0,0,0,0,0,0,0,0,0
0.028719,0.027183,0.027565,0,0,0,0,0,0,0,0,0,0,0,0
0.02746,0.024472,0.027764,0,0,0,0,0,0,0,0,0,0,0,0
0.026748,0.025123,0.026212,0,0,0,0,0,0,0,0,0,0,0,0
0.026006,0.024668,0.026085,0,0,0,0,0,0,0,0,0,0,0,0
0.023677,0.023972,0.02532,0,0,0,0,0,0,0,0,0,0,0,0
0.023315,0.023311,0.023065,0,0,0,0,0,0,0,0,0,0,0,0
0.023927,0.024887,0.023525,0,0,0,0,0,0,0,0,0,0,0,0
0.031379,0.031338,0.03137,0,0,0,0,0,0,0,0,0,0,0,0
0.02586,0.02631,0.025794,0,0,0,0,0,0,0,0,0,0,0,0
0.025568,0.02512,0.025053,0,0,0,0,0,0,0,0,0,0,0,0
0.023463,0.024205,0.024744,0,0,0,0,0,0,0,0,0,0,0,0
0.022581,0.023101,0.022142,0,0,0,0,0,0,0,0,0,0,0,0
0.023872,0.024626,0.023195,0,0,0,0,0,0,0,0,0,0,0,0
0.02344,0.024059,0.022881,0,0,0,0,0,0,0,0,0,0,0,0
0.023002,0.023414,0.02519,0,0,0,0,0,0,0,0,0,0,0,0
0.021815,0.022477,0.023846,0,0,0,0,0,0,0,0,0,0,0,0
0.023066,0.022993,0.022642,0,0,0,0,0,0,0,0,0,0,0,0
0.030747,0.031147,0.031671,0,0,0,0,0,0,0,0,0,0,0,0
0.023825,0.024441,0.023528,0,0,0,0,0,0,0,0,0,0,0,0
0.024278,0.023443,0.02403,0,0,0,0,0,0,0,0,0,0,0,0
0.023621,0.024434,0.024263,0,0,0,0,0,0,0,0,0,0,0,0
0.022912,0.023029,0.023276,0,0,0,0,0,0,0,0,0,0,0,0
0.021615,0.021386,0.021838,0,0,0,0,0,0,0,0,0,0,0,0
0.023104,0.023995,0.023037,0,0,0,0,0,0,0,0,0,0,0,0
0.017811,0.01832,0.018148,0,0,0,0,0,0,0,0,0,0,0,0
0.04543,0.04451,0.043719,0,0,0,0,0,0,0,0,0,0,0,0
0.03943,0.040504,0.040362,0,0,0,0,0,0,0,0,0,0,0,0
0.025239,0.025723,0.025286,0,0,0,0,0,0,0,0,0,0,0,0
0.025344,0.026226,0.025389,0,0,0,0,0,0,0,0,0,0,0,0
0.023171,0.025164,0.022938,0,0,0,0,0,0,0,0,0,0,0,0
0.022924,0.023883,0.023298,0,0,0,0,0,0,0,0,0,0,0,0
0.023523,0.024258,0.023668,0,0,0,0,0,0,0,0,0,0,0,0
0.022795,0.022656,0.021376,0,0,0,0,0,0,0,0,0,0,0,0
0.022999,0.022416,0.022259,0,0,0,0,0,0,0,0,0,0,0,0
0.022902,0.022867,0.02241,0,0,0,0,0,0,0,0,0,0,0,0
0.028272,0.026556,0.026311,0,0,0,0,0,0,0,0,0,0,0,0
0.023224,0.022226,0.022309,0,0,0,0,0,0,0,0,0,0,0,0
0.023262,0.02194,0.023265,0,0,0,0,0,0,0,0,0,0,0,0
0.022715,0.021592,0.022315,0,0,0,0,0,0,0,0,0,0,0,0
0.022358,0.020844,0.022608,0,0,0,0,0,0,0,0,0,0,0,0
0.023034,0.021104,0.0223,0,0,0,0,0,0,0,0,0,0,0,0
0.021849,0.020132,0.020857,0,0,0,0,0,0,0,0,0,0,0,0
0.021075,0.020233,0.021475,0,0,0,0,0,0,0,0,0,0,0,0
0.022295,0.020801,0.023037,0,0,0,0,0,0,0,0,0,0,0,0
0.022573,0.020243,0.022765,0,0,0,0,0,0,0,0,0,0,0,0
0.029014,0.025956,0.028172,0,0,0,0,0,0,0,0,0,0,0,0
0.022091,0.019785,0.022251,0,0,0,0,0,0,0,0,0,0,0,0
0.01969,0.01821,0.020644,0,0,0,0,0,0,0,0,0,0,0,0
0.01855,0.017112,0.019406,0,0,0,0,0,0,0,0,0,0,0,0
0.028438,0.027954,0.02953,0,0,0,0,0,0,0,0,0,0,0,0
0.022194,0.023625,0.02427,0,0,0,0,0,0,0,0,0,0,0,0
0.022863,0.023865,0.023154,0,0,0,0,0,0,0,0,0,0,0,0
0.022951,0.023655,0.023567,0,0,0,0,0,0,0,0,0,0,0,0
0.02302,0.022245,0.022397,0,0,0,0,0,0,0,0,0,0,0,0
0.022735,0.024014,0.02306,0,0,0,0,0,0,0,0,0,0,0,0
0.029416,0.031334,0.028677,0,0,0,0,0,0,0,0,0,0,0,0
0.035269,0.035333,0.033728,0,0,0,0,0,0,0,0,0,0,0,0
0.03398,0.034323,0.031669,0,0,0,0,0,0,0,0,0,0,0,0
0.031372,0.032025,0.031038,0,0,0,0,0,0,0,0,0,0,0,0
0.027374,0.02774,0.02745,0,0,0,0,0,0,0,0,0,0,0,0
0.027698,0.026851,0.026205,0,0,0,0,0,0,0,0,0,0,0,0
0.026632,0.025624,0.026473,0,0,0,0,0,0,0,0,0,0,0,0
0.026004,0.025215,0.026358,0,0,0,0,0,0,0,0,0,0,0,0
0.025983,0.026142,0.02584,0,0,0,0,0,0,0,0,0,0,0,0
0.026701,0.026196,0.02589,0,0,0,0,0,0,0,0,0,0,0,0
0.027551,0.027469,0.027095,0,0,0,0,0,0,0,0,0,0,0,0
0.02616,0.026044,0.026015,0,0,0,0,0,0,0,0,0,0,0,0
0.026888,0.026875,0.026676,0,0,0,0,0,0,0,0,0,0,0,0
0.026445,0.025641,0.025632,0,0,0,0,0,0,0,0,0,0,0,0
0.026879,0.025714,0.026006,0,0,0,0,0,0,0,0,0,0,0,0
0.027281,0.025924,0.025717,0,0,0,0,0,0,0,0,0,0,0,0
0.02665,0.025479,0.025718,0,0,0,0,0,0,0,0,0,0,0,0
0.026927,0.026498,0.027633,0,0,0,0,0,0,0,0,0,0,0,0
0.026909,0.026745,0.026377,0,0,0,0,0,0,0,0,0,0,0,0
0.025664,0.025046,0.02569,0,0,0,0,0,0,0,0,0,0,0,0
0.02765,0.026948,0.027389,0,0,0,0,0,0,0,0,0,0,0,0
0.025395,0.025674,0.026278,0,0,0,0,0,0,0,0,0,0,0,0
0.024418,0.028052,0.026344,0,0,0,0,0,0,0,0,0,0,0,0
0.02769,0.027556,0.025411,0,0,0,0,0,0,0,0,0,0,0,0
0.025104,0.02737,0.026783,0,0,0,0,0,0,0,0,0,0,0,0
0.026949,0.025868,0.028641,0,0,0,0,0,0,0,0,0,0,0,0
0.026274,0.026263,0.0264,0,0,0,0,0,0,0,0,0,0,0,0
0.026319,0.026012,0.026443,0,0,0,0,0,0,0,0,0,0,0,0
0.02533,0.024491,0.025832,0,0,0,0,0,0,0,0,0,0,0,0
0.025213,0.028664,0.025968,0,0,0,0,0,0,0,0,0,0,0,0
0.03313,0.037946,0.033712,0,0,0,0,0,0,0,0,0,0,0,0
0.025327,0.028621,0.026907,0,0,0,0,0,0,0,0,0,0,0,0
0.02644,0.027619,0.027197,0,0,0,0,0,0,0,0,0,0,0,0
0.037434,0.038585,0.036518,0,0,0,0,0,0,0,0,0,0,0,0
0.031003,0.031993,0.03004,0,0,0,0,0,0,0,0,0,0,0,0
0.033808,0.032657,0.031726,0,0,0,0,0,0,0,0,0,0,0,0
0.032802,0.031431,0.029066,0,0,0,0,0,0,0,0,0,0,0,0
0.030599,0.029539,0.028091,0,0,0,0,0,0,0,0,0,0,0,0
0.030708,0.029857,0.028708,0,0,0,0,0,0,0,0,0,0,0,0
0.029224,0.029332,0.027613,0,0,0,0,0,0,0,0,0,0,0,0
0.035409,0.035265,0.032798,0,0,0,0,0,0,0,0,0,0,0,0
0.030005,0.028171,0.027066,0,0,0,0,0,0,0,0,0,0,0,0
0.029474,0.028117,0.027577,0,0,0,0,0,0,0,0,0,0,0,0
0.028515,0.0273,0.026569,0,0,0,0,0,0,0,0,0,0,0,0
0.028996,0.027998,0.027301,0,0,0,0,0,0,0,0,0,0,0,0
0.077044,0.062623,0.062777,0,0,0,0,0,0,0,0,0,0,0,0
0.037791,0.028507,0.026592,0,0,0,0,0,0,0,0,0,0,0,0
0.033998,0.02725,0.02745,0,0,0,0,0,0,0,0,0,0,0,0
0.033031,0.029504,0.028774,0,0,0,0,0,0,0,0,0,0,0,0
0.031157,0.028365,0.027384,0,0,0,0,0,0,0,0,0,0,0,0
0.036319,0.034003,0.033736,0,0,0,0,0,0,0,0,0,0,0,0
0.033571,0.030815,0.030597,0,0,0,0,0,0,0,0,0,0,0,0
0.029298,0.027149,0.027392,0,0,0,0,0,0,0,0,0,0,0,0
0.031361,0.028686,0.028046,0,0,0,0,0,0,0,0,0,0,0,0
0.032851,0.028438,0.027757,0,0,0,0,0,0,0,0,0,0,0,0
0.031608,0.027609,0.027053,0,0,0,0,0,0,0,0,0,0,0,0
0.031274,0.027317,0.026574,0,0,0,0,0,0,0,0,0,0,0,0
0.030752,0.027223,0.026518,0,0,0,0,0,0,0,0,0,0,0,0
0.030487,0.026343,0.025702,0,0,0,0,0,0,0,0,0,0,0,0
0.030924,0.025792,0.026123,0,0,0,0,0,0,0,0,0,0,0,0
0.038595,0.033222,0.032448,0,0,0,0,0,0,0,0,0,0,0,0
0.030599,0.025768,0.026032,0,0,0,0,0,0,0,0,0,0,0,0
0.030309,0.026232,0.026391,0,0,0,0,0,0,0,0,0,0,0,0
0.039296,0.03741,0.034639,0,0,0,0,0,0,0,0,0,0,0,0
0.033481,0.033268,0.032128,0,0,0,0,0,0,0,0,0,0,0,0
0.032203,0.032338,0.03009,0,0,0,0,0,0,0,0,0,0,0,0
0.034746,0.030596,0.029875,0,0,0,0,0,0,0,0,0,0,0,0
0.033577,0.02899,0.029439,0,0,0,0,0,0,0,0,0,0,0,0
0.032355,0.027954,0.028095,0,0,0,0,0,0,0,0,0,0,0,0
0.0347,0.028295,0.028378,0,0,0,0,0,0,0,0,0,0,0,0
0.039874,0.03356,0.033815,0,0,0,0,0,0,0,0,0,0,0,0
0.031953,0.028944,0.029614,0,0,0,0,0,0,0,0,0,0,0,0
0.030715,0.028336,0.028927,0,0,0,0,0,0,0,0,0,0,0,0
0.028722,0.027299,0.028596,0,0,0,0,0,0,0,0,0,0,0,0
0.028369,0.027996,0.028291,0,0,0,0,0,0,0,0,0,0,0,0
0.028019,0.028377,0.028236,0,0,0,0,0,0,0,0,0,0,0,0
0.02806,0.027132,0.027009,0,0,0,0,0,0,0,0,0,0,0,0
0.027506,0.027264,0.026986,0,0,0,0,0,0,0,0,0,0,0,0
0.028131,0.030428,0.027729,0,0,0,0,0,0,0,0,0,0,0,0
0.027875,0.030435,0.027605,0,0,0,0,0,0,0,0,0,0,0,0
0.03373,0.038238,0.03413,0,0,0,0,0,0,0,0,0,0,0,0
0.030105,0.030304,0.027386,0,0,0,0,0,0,0,0,0,0,0,0
0.029174,0.029181,0.027748,0,0,0,0,0,0,0,0,0,0,0,0
0.029214,0.028847,0.027855,0,0,0,0,0,0,0,0,0,0,0,0
0.029447,0.028883,0.028542,0,0,0,0,0,0,0,0,0,0,0,0
0.029671,0.028641,0.027701,0,0,0,0,0,0,0,0,0,0,0,0
0.029705,0.029075,0.027888,0,0,0,0,0,0,0,0,0,0,0,0
0.02895,0.028458,0.027152,0,0,0,0,0,0,0,0,0,0,0,0
0.028148,0.027286,0.026948,0,0,0,0,0,0,0,0,0,0,0,0
0.027975,0.027296,0.027482,0,0,0,0,0,0,0,0,0,0,0,0
0.033792,0.033726,0.033602,0,0,0,0,0,0,0,0,0,0,0,0
0.027139,0.026192,0.027084,0,0,0,0,0,0,0,0,0,0,0,0
0.02885,0.027064,0.027711,0,0,0,0,0,0,0,0,0,0,0,0
0.039067,0.038654,0.034905,0,0,0,0,0,0,0,0,0,0,0,0
0.033318,0.035303,0.03444,0,0,0,0,0,0,0,0,0,0,0,0
0.03226,0.032152,0.03194,0,0,0,0,0,0,0,0,0,0,0,0
0.03057,0.031749,0.030355,0,0,0,0,0,0,0,0,0,0,0,0
0.029895,0.031628,0.032282,0,0,0,0,0,0,0,0,0,0,0,0
0.030456,0.031246,0.03155,0,0,0,0,0,0,0,0,0,0,0,0
0.028758,0.030468,0.030094,0,0,0,0,0,0,0,0,0,0,0,0
0.029148,0.03064,0.031994,0,0,0,0,0,0,0,0,0,0,0,0
0.029108,0.029631,0.032837,0,0,0,0,0,0,0,0,0,0,0,0
0.028023,0.028529,0.030774,0,0,0,0,0,0,0,0,0,0,0,0
0.028264,0.028371,0.029627,0,0,0,0,0,0,0,0,0,0,0,0
0.028075,0.027833,0.029639,0,0,0,0,0,0,0,0,0,0,0,0
0.027329,0.027454,0.028789,0,0,0,0,0,0,0,0,0,0,0,0
0.02823,0.02793,0.028039,0,0,0,0,0,0,0,0,0,0,0,0
0.028537,0.028719,0.029466,0,0,0,0,0,0,0,0,0,0,0,0
0.029621,0.028928,0.030061,0,0,0,0,0,0,0,0,0,0,0,0
0.028822,0.028012,0.028997,0,0,0,0,0,0,0,0,0,0,0,0
0.034349,0.037566,0.03472,0,0,0,0,0,0,0,0,0,0,0,0
0.028998,0.028905,0.027752,0,0,0,0,0,0,0,0,0,0,0,0
0.029706,0.029679,0.028506,0,0,0,0,0,0,0,0,0,0,0,0
0.026518,0.026942,0.026745,0,0,0,0,0,0,0,0,0,0,0,0
0.028074,0.028288,0.027216,0,0,0,0,0,0,0,0,0,0,0,0
0.028695,0.028299,0.027947,0,0,0,0,0,0,0,0,0,0,0,0
0.028541,0.028251,0.027708,0,0,0,0,0,0,0,0,0,0,0,0
0.02842,0.028347,0.027272,0,0,0,0,0,0,0,0,0,0,0,0
0.027998,0.027916,0.026688,0,0,0,0,0,0,0,0,0,0,0,0
0.027226,0.024735,0.024933,0,0,0,0,0,0,0,0,0,0,0,0
0.071586,0.064732,0.068914,0,0,0,0,0,0,0,0,0,0,0,0
0.030431,0.029271,0.031511,0,0,0,0,0,0,0,0,0,0,0,0
0.030366,0.02918,0.029358,0,0,0,0,0,0,0,0,0,0,0,0
0.039464,0.03656,0.04121,0,0,0,0,0,0,0,0,0,0,0,0
0.033696,0.030308,0.033532,0,0,0,0,0,0,0,0,0,0,0,0
0.033488,0.03139,0.0354,0,0,0,0,0,0,0,0,0,0,0,0
0.033384,0.029792,0.03219,0,0,0,0,0,0,0,0,0,0,0,0
0.031482,0.029088,0.03179,0,0,0,0,0,0,0,0,0,0,0,0
0.030748,0.028773,0.031518,0,0,0,0,0,0,0,0,0,0,0,0
0.029973,0.028012,0.031234,0,0,0,0,0,0,0,0,0,0,0,0
0.03485,0.033136,0.036438,0,0,0,0,0,0,0,0,0,0,0,0
0.031863,0.028887,0.030246,0,0,0,0,0,0,0,0,0,0,0,0
0.02947,0.027921,0.029246,0,0,0,0,0,0,0,0,0,0,0,0
0.030774,0.027803,0.029471,0,0,0,0,0,0,0,0,0,0,0,0
0.030481,0.028133,0.029559,0,0,0,0,0,0,0,0,0,0,0,0
0.030522,0.027789,0.029434,0,0,0,0,0,0,0,0,0,0,0,0
0.030139,0.028174,0.029001,0,0,0,0,0,0,0,0,0,0,0,0
0.031145,0.028715,0.029538,0,0,0,0,0,0,0,0,0,0,0,0
0.030889,0.02923,0.030109,0,0,0,0,0,0,0,0,0,0,0,0
0.030392,0.029027,0.029666,0,0,0,0,0,0,0,0,0,0,0,0
0.03632,0.034491,0.03502,0,0,0,0,0,0,0,0,0,0,0,0
0.030061,0.028941,0.031585,0,0,0,0,0,0,0,0,0,0,0,0
0.032176,0.029372,0.031659,0,0,0,0,0,0,0,0,0,0,0,0
0.032362,0.029077,0.030626,0,0,0,0,0,0,0,0,0,0,0,0
0.031044,0.028436,0.03083,0,0,0,0,0,0,0,0,0,0,0,0
0.030237,0.028085,0.029967,0,0,0,0,0,0,0,0,0,0,0,0
0.030728,0.028737,0.029908,0,0,0,0,0,0,0,0,0,0,0,0
0.029869,0.028458,0.02951,0,0,0,0,0,0,0,0,0,0,0,0
0.033184,0.028176,0.029368,0,0,0,0,0,0,0,0,0,0,0,0
0.030084,0.028301,0.029159,0,0,0,0,0,0,0,0,0,0,0,0
0.036582,0.03339,0.034152,0,0,0,0,0,0,0,0,0,0,0,0
0.03076,0.02858,0.029524,0,0,0,0,0,0,0,0,0,0,0,0
0.029183,0.02835,0.028918,0,0,0,0,0,0,0,0,0,0,0,0
0.037382,0.03635,0.036915,0,0,0,0,0,0,0,0,0,0,0,0
0.029903,0.028879,0.029861,0,0,0,0,0,0,0,0,0,0,0,0
0.029057,0.027285,0.031984,0,0,0,0,0,0,0,0,0,0,0,0
0.029679,0.027934,0.029846,0,0,0,0,0,0,0,0,0,0,0,0
0.031075,0.029399,0.030373,0,0,0,0,0,0,0,0,0,0,0,0
0.029012,0.027438,0.028287,0,0,0,0,0,0,0,0,0,0,0,0
0.02812,0.029705,0.028113,0,0,0,0,0,0,0,0,0,0,0,0
0.034242,0.034405,0.033683,0,0,0,0,0,0,0,0,0,0,0,0
0.0297,0.029235,0.029281,0,0,0,0,0,0,0,0,0,0,0,0
0.028623,0.027691,0.028549,0,0,0,0,0,0,0,0,0,0,0,0
0.028612,0.027901,0.028177,0,0,0,0,0,0,0,0,0,0,0,0
0.029849,0.028372,0.029034,0,0,0,0,0,0,0,0,0,0,0,0
0.028799,0.028062,0.02845,0,0,0,0,0,0,0,0,0,0,0,0
0.029114,0.027783,0.028717,0,0,0,0,0,0,0,0,0,0,0,0
0.025521,0.025305,0.025336,0,0,0,0,0,0,0,0,0,0,0,0
0.030666,0.030005,0.030264,0,0,0,0,0,0,0,0,0,0,0,0
0.028395,0.027224,0.027671,0,0,0,0,0,0,0,0,0,0,0,0
0.029221,0.028939,0.02967,0,0,0,0,0,0,0,0,0,0,0,0
0.028524,0.027472,0.02832,0,0,0,0,0,0,0,0,0,0,0,0
0.029054,0.027922,0.029136,0,0,0,0,0,0,0,0,0,0,0,0
0.029855,0.02813,0.028188,0,0,0,0,0,0,0,0,0,0,0,0
0.028162,0.027226,0.028135,0,0,0,0,0,0,0,0,0,0,0,0
0.029036,0.027828,0.028751,0,0,0,0,0,0,0,0,0,0,0,0
0.029418,0.028148,0.029073,0,0,0,0,0,0,0,0,0,0,0,0
0.028746,0.027192,0.027785,0,0,0,0,0,0,0,0,0,0,0,0
0.028898,0.028167,0.028906,0,0,0,0,0,0,0,0,0,0,0,0
0.026392,0.024697,0.024944,0,0,0,0,0,0,0,0,0,0,0,0
0.035083,0.033041,0.033748,0,0,0,0,0,0,0,0,0,0,0,0
0.027519,0.02662,0.027381,0,0,0,0,0,0,0,0,0,0,0,0
0.028457,0.027722,0.028259,0,0,0,0,0,0,0,0,0,0,0,0
0.039393,0.037424,0.038053,0,0,0,0,0,0,0,0,0,0,0,0
0.034294,0.032168,0.032036,0,0,0,0,0,0,0,0,0,0,0,0
0.031746,0.030835,0.030594,0,0,0,0,0,0,0,0,0,0,0,0
0.03055,0.029234,0.029239,0,0,0,0,0,0,0,0,0,0,0,0
0.03037,0.028682,0.029131,0,0,0,0,0,0,0,0,0,0,0,0
0.030496,0.029769,0.029606,0,0,0,0,0,0,0,0,0,0,0,0
0.029554,0.02895,0.028519,0,0,0,0,0,0,0,0,0,0,0,0
0.036105,0.035257,0.034633,0,0,0,0,0,0,0,0,0,0,0,0
0.029642,0.02874,0.029049,0,0,0,0,0,0,0,0,0,0,0,0
0.029762,0.029385,0.029272,0,0,0,0,0,0,0,0,0,0,0,0
0.029605,0.029357,0.028749,0,0,0,0,0,0,0,0,0,0,0,0
0.030377,0.02966,0.029233,0,0,0,0,0,0,0,0,0,0,0,0
0.059457,0.059567,0.058344,0,0,0,0,0,0,0,0,0,0,0,0
0.029607,0.029542,0.028329,0,0,0,0,0,0,0,0,0,0,0,0
0.030294,0.028944,0.028659,0,0,0,0,0,0,0,0,0,0,0,0
0.032182,0.031384,0.031296,0,0,0,0,0,0,0,0,0,0,0,0
0.030687,0.029715,0.029602,0,0,0,0,0,0,0,0,0,0,0,0
0.03205,0.030764,0.030538,0,0,0,0,0,0,0,0,0,0,0,0
0.029669,0.028365,0.028326,0,0,0,0,0,0,0,0,0,0,0,0
0.030667,0.029323,0.029317,0,0,0,0,0,0,0,0,0,0,0,0
0.030367,0.029251,0.028884,0,0,0,0,0,0,0,0,0,0,0,0
0.029751,0.028948,0.029127,0,0,0,0,0,0,0,0,0,0,0,0
0.030559,0.029057,0.029325,0,0,0,0,0,0,0,0,0,0,0,0
0.030968,0.029606,0.029782,0,0,0,0,0,0,0,0,0,0,0,0
0.031215,0.029922,0.02971,0,0,0,0,0,0,0,0,0,0,0,0
0.030681,0.029894,0.029248,0,0,0,0,0,0,0,0,0,0,0,0
0.030938,0.029783,0.029334,0,0,0,0,0,0,0,0,0,0,0,0
0.030751,0.029798,0.029683,0,0,0,0,0,0,0,0,0,0,0,0
0.029962,0.029434,0.028717,0,0,0,0,0,0,0,0,0,0,0,0
0.031468,0.030607,0.030092,0,0,0,0,0,0,0,0,0,0,0,0
0.038536,0.041393,0.037544,0,0,0,0,0,0,0,0,0,0,0,0
0.032537,0.035084,0.030736,0,0,0,0,0,0,0,0,0,0,0,0
0.026989,0.029209,0.026413,0,0,0,0,0,0,0,0,0,0,0,0
0.029455,0.031954,0.029154,0,0,0,0,0,0,0,0,0,0,0,0
0.029415,0.030361,0.029033,0,0,0,0,0,0,0,0,0,0,0,0
0.029254,0.030183,0.028727,0,0,0,0,0,0,0,0,0,0,0,0
0.029536,0.029505,0.028696,0,0,0,0,0,0,0,0,0,0,0,0
0.034249,0.035229,0.034423,0,0,0,0,0,0,0,0,0,0,0,0
0.0261,0.027063,0.026303,0,0,0,0,0,0,0,0,0,0,0,0
0.027551,0.028138,0.027747,0,0,0,0,0,0,0,0,0,0,0,0
0.028119,0.029058,0.028932,0,0,0,0,0,0,0,0,0,0,0,0
0.029435,0.029681,0.029573,0,0,0,0,0,0,0,0,0,0,0,0
0.029243,0.028801,0.028527,0,0,0,0,0,0,0,0,0,0,0,0
0.028399,0.027393,0.027462,0,0,0,0,0,0,0,0,0,0,0,0
0.029274,0.027894,0.027984,0,0,0,0,0,0,0,0,0,0,0,0
0.030692,0.03029,0.030247,0,0,0,0,0,0,0,0,0,0,0,0
0.029709,0.029121,0.029322,0,0,0,0,0,0,0,0,0,0,0,0
0.031039,0.030662,0.030703,0,0,0,0,0,0,0,0,0,0,0,0
0.029171,0.028979,0.028856,0,0,0,0,0,0,0,0,0,0,0,0
0.029232,0.02839,0.028514,0,0,0,0,0,0,0,0,0,0,0,0
0.029788,0.028948,0.028885,0,0,0,0,0,0,0,0,0,0,0,0
0.029599,0.029136,0.030001,0,0,0,0,0,0,0,0,0,0,0,0
0.03036,0.029503,0.030316,0,0,0,0,0,0,0,0,0,0,0,0
0.030352,0.029612,0.029908,0,0,0,0,0,0,0,0,0,0,0,0
0.028711,0.028894,0.02927,0,0,0,0,0,0,0,0,0,0,0,0
0.029104,0.030207,0.02948,0,0,0,0,0,0,0,0,0,0,0,0
0.026086,0.027104,0.026737,0,0,0,0,0,0,0,0,0,0,0,0
0.034866,0.034561,0.034876,0,0,0,0,0,0,0,0,0,0,0,0
0.030069,0.029966,0.030363,0,0,0,0,0,0,0,0,0,0,0,0
0.029018,0.029287,0.029433,0,0,0,0,0,0,0,0,0,0,0,0
0.033583,0.034102,0.033373,0,0,0,0,0,0,0,0,0,0,0,0
0.029377,0.02949,0.02872,0,0,0,0,0,0,0,0,0,0,0,0
0.027817,0.027479,0.027064,0,0,0,0,0,0,0,0,0,0,0,0
0.026876,0.027032,0.027207,0,0,0,0,0,0,0,0,0,0,0,0
0.039869,0.039927,0.04246,0,0,0,0,0,0,0,0,0,0,0,0
0.03382,0.033431,0.036691,0,0,0,0,0,0,0,0,0,0,0,0
0.02968,0.029594,0.032105,0,0,0,0,0,0,0,0,0,0,0,0
0.030215,0.029695,0.031508,0,0,0,0,0,0,0,0,0,0,0,0
0.030154,0.028497,0.030889,0,0,0,0,0,0,0,0,0,0,0,0
0.029993,0.027945,0.029913,0,0,0,0,0,0,0,0,0,0,0,0
0.030486,0.028274,0.03078,0,0,0,0,0,0,0,0,0,0,0,0
0.032099,0.029969,0.032427,0,0,0,0,0,0,0,0,0,0,0,0
0.030583,0.028306,0.030092,0,0,0,0,0,0,0,0,0,0,0,0
0.031215,0.029557,0.031256,0,0,0,0,0,0,0,0,0,0,0,0
0.031517,0.029342,0.030774,0,0,0,0,0,0,0,0,0,0,0,0
0.031126,0.029238,0.031112,0,0,0,0,0,0,0,0,0,0,0,0
0.031464,0.029449,0.031339,0,0,0,0,0,0,0,0,0,0,0,0
0.036774,0.034894,0.036611,0,0,0,0,0,0,0,0,0,0,0,0
0.030033,0.027547,0.029632,0,0,0,0,0,0,0,0,0,0,0,0
0.029289,0.027745,0.028986,0,0,0,0,0,0,0,0,0,0,0,0
0.032241,0.029952,0.031541,0,0,0,0,0,0,0,0,0,0,0,0
0.031086,0.029157,0.030284,0,0,0,0,0,0,0,0,0,0,0,0
0.031187,0.029778,0.030925,0,0,0,0,0,0,0,0,0,0,0,0
0.031245,0.02933,0.031052,0,0,0,0,0,0,0,0,0,0,0,0
0.031851,0.029958,0.0316,0,0,0,0,0,0,0,0,0,0,0,0
0.033202,0.031308,0.033029,0,0,0,0,0,0,0,0,0,0,0,0
0.05051,0.049082,0.051053,0,0,0,0,0,0,0,0,0,0,0,0
0.084305,0.083981,0.087712,0,0,0,0,0,0,0,0,0,0,0,0
0.040843,0.042717,0.04055,0,0,0,0,0,0,0,0,0,0,0,0
0.036938,0.038527,0.0381,0,0,0,0,0,0,0,0,0,0,0,0
0.0353,0.037297,0.03648,0,0,0,0,0,0,0,0,0,0,0,0
0.035751,0.036116,0.036641,0,0,0,0,0,0,0,0,0,0,0,0
0.038463,0.037647,0.03952,0,0,0,0,0,0,0,0,0,0,0,0
0.035723,0.035646,0.036187,0,0,0,0,0,0,0,0,0,0,0,0
0.03458,0.03447,0.034408,0,0,0,0,0,0,0,0,0,0,0,0
0.035472,0.034381,0.034846,0,0,0,0,0,0,0,0,0,0,0,0
0.033815,0.033704,0.033988,0,0,0,0,0,0,0,0,0,0,0,0
0.041587,0.04135,0.041831,0,0,0,0,0,0,0,0,0,0,0,0
0.036405,0.037401,0.036511,0,0,0,0,0,0,0,0,0,0,0,0
0.036209,0.03772,0.035675,0,0,0,0,0,0,0,0,0,0,0,0
0.036578,0.037227,0.035746,0,0,0,0,0,0,0,0,0,0,0,0
0.0362,0.036064,0.034978,0,0,0,0,0,0,0,0,0,0,0,0
0.035057,0.034898,0.034691,0,0,0,0,0,0,0,0,0,0,0,0
0.037122,0.036895,0.037526,0,0,0,0,0,0,0,0,0,0,0,0
0.037693,0.037872,0.037372,0,0,0,0,0,0,0,0,0,0,0,0
0.0358,0.036471,0.036637,0,0,0,0,0,0,0,0,0,0,0,0
0.034927,0.035774,0.03553,0,0,0,0,0,0,0,0,0,0,0,0
0.0436,0.043848,0.043734,0,0,0,0,0,0,0,0,0,0,0,0
0.034154,0.035338,0.037897,0,0,0,0,0,0,0,0,0,0,0,0
0.033095,0.033095,0.035622,0,0,0,0,0,0,0,0,0,0,0,0
0.051274,0.051059,0.047972,0,0,0,0,0,0,0,0,0,0,0,0
0.04644,0.042695,0.04051,0,0,0,0,0,0,0,0,0,0,0,0
0.040364,0.040638,0.039251,0,0,0,0,0,0,0,0,0,0,0,0
0.038224,0.038665,0.037281,0,0,0,0,0,0,0,0,0,0,0,0
0.037377,0.038647,0.036394,0,0,0,0,0,0,0,0,0,0,0,0
0.036565,0.036164,0.034767,0,0,0,0,0,0,0,0,0,0,0,0
0.036656,0.035811,0.035264,0,0,0,0,0,0,0,0,0,0,0,0
0.042473,0.040588,0.03989,0,0,0,0,0,0,0,0,0,0,0,0
0.038201,0.037401,0.045946,0,0,0,0,0,0,0,0,0,0,0,0
0.036748,0.036672,0.040733,0,0,0,0,0,0,0,0,0,0,0,0
0.038063,0.03704,0.039731,0,0,0,0,0,0,0,0,0,0,0,0
0.039093,0.038038,0.039538,0,0,0,0,0,0,0,0,0,0,0,0
0.040161,0.041024,0.039807,0,0,0,0,0,0,0,0,0,0,0,0
0.038396,0.037381,0.038468,0,0,0,0,0,0,0,0,0,0,0,0
0.038381,0.03772,0.038021,0,0,0,0,0,0,0,0,0,0,0,0
0.038387,0.037564,0.037751,0,0,0,0,0,0,0,0,0,0,0,0
0.038293,0.037064,0.037775,0,0,0,0,0,0,0,0,0,0,0,0
0.043865,0.042324,0.042869,0,0,0,0,0,0,0,0,0,0,0,0
0.038757,0.040055,0.038902,0,0,0,0,0,0,0,0,0,0,0,0
0.03784,0.038171,0.037875,0,0,0,0,0,0,0,0,0,0,0,0
0.038535,0.039163,0.038292,0,0,0,0,0,0,0,0,0,0,0,0
0.038333,0.038225,0.036896,0,0,0,0,0,0,0,0,0,0,0,0
0.038187,0.037603,0.037634,0,0,0,0,0,0,0,0,0,0,0,0
0.038627,0.037142,0.036995,0,0,0,0,0,0,0,0,0,0,0,0
0.038028,0.036799,0.036678,0,0,0,0,0,0,0,0,0,0,0,0
0.046956,0.051429,0.052389,0,0,0,0,0,0,0,0,0,0,0,0
0.046045,0.050477,0.050523,0,0,0,0,0,0,0,0,0,0,0,0
0.039439,0.042637,0.043093,0,0,0,0,0,0,0,0,0,0,0,0
0.036565,0.038798,0.038512,0,0,0,0,0,0,0,0,0,0,0,0
0.036841,0.037742,0.038232,0,0,0,0,0,0,0,0,0,0,0,0
0.037251,0.036825,0.037129,0,0,0,0,0,0,0,0,0,0,0,0
0.037545,0.03733,0.0375,0,0,0,0,0,0,0,0,0,0,0,0
0.036629,0.036739,0.037218,0,0,0,0,0,0,0,0,0,0,0,0
0.038521,0.037577,0.038602,0,0,0,0,0,0,0,0,0,0,0,0
0.036264,0.035365,0.03597,0,0,0,0,0,0,0,0,0,0,0,0
0.037285,0.036618,0.037244,0,0,0,0,0,0,0,0,0,0,0,0
0.038231,0.037273,0.038816,0,0,0,0,0,0,0,0,0,0,0,0
0.038074,0.03747,0.037971,0,0,0,0,0,0,0,0,0,0,0,0
0.037474,0.03682,0.037347,0,0,0,0,0,0,0,0,0,0,0,0
0.039952,0.037973,0.039086,0,0,0,0,0,0,0,0,0,0,0,0
0.04184,0.039857,0.039771,0,0,0,0,0,0,0,0,0,0,0,0
0.040487,0.039005,0.038816,0,0,0,0,0,0,0,0,0,0,0,0
0.04228,0.040069,0.04146,0,0,0,0,0,0,0,0,0,0,0,0
0.040307,0.038403,0.038395,0,0,0,0,0,0,0,0,0,0,0,0
0.042679,0.040186,0.041563,0,0,0,0,0,0,0,0,0,0,0,0
0.040753,0.038942,0.040259,0,0,0,0,0,0,0,0,0,0,0,0
0.040021,0.037342,0.038342,0,0,0,0,0,0,0,0,0,0,0,0
0.044645,0.042771,0.043516,0,0,0,0,0,0,0,0,0,0,0,0
0.039794,0.037541,0.038931,0,0,0,0,0,0,0,0,0,0,0,0
0.033813,0.031797,0.033451,0,0,0,0,0,0,0,0,0,0,0,0
0.038097,0.035987,0.03697,0,0,0,0,0,0,0,0,0,0,0,0
0.038735,0.037282,0.038258,0,0,0,0,0,0,0,0,0,0,0,0
0.066131,0.063297,0.064285,0,0,0,0,0,0,0,0,0,0,0,0
0.038734,0.035756,0.037664,0,0,0,0,0,0,0,0,0,0,0,0
0.039016,0.036638,0.038325,0,0,0,0,0,0,0,0,0,0,0,0
0.048229,0.04495,0.047097,0,0,0,0,0,0,0,0,0,0,0,0
0.052794,0.047456,0.048,0,0,0,0,0,0,0,0,0,0,0,0
0.044709,0.040442,0.041161,0,0,0,0,0,0,0,0,0,0,0,0
0.040389,0.037762,0.03842,0,0,0,0,0,0,0,0,0,0,0,0
0.037943,0.035856,0.036403,0,0,0,0,0,0,0,0,0,0,0,0
0.039249,0.037025,0.038216,0,0,0,0,0,0,0,0,0,0,0,0
0.049284,0.049278,0.051246,0,0,0,0,0,0,0,0,0,0,0,0
0.050435,0.05506,0.049822,0,0,0,0,0,0,0,0,0,0,0,0
0.041845,0.044309,0.042202,0,0,0,0,0,0,0,0,0,0,0,0
0.040696,0.041237,0.040481,0,0,0,0,0,0,0,0,0,0,0,0
0.041515,0.040334,0.041155,0,0,0,0,0,0,0,0,0,0,0,0
0.040376,0.040181,0.039861,0,0,0,0,0,0,0,0,0,0,0,0
0.036241,0.034238,0.035462,0,0,0,0,0,0,0,0,0,0,0,0
0.040577,0.03882,0.039998,0,0,0,0,0,0,0,0,0,0,0,0
0.041464,0.04041,0.040696,0,0,0,0,0,0,0,0,0,0,0,0
0.039912,0.039006,0.039469,0,0,0,0,0,0,0,0,0,0,0,0
0.04103,0.039578,0.040105,0,0,0,0,0,0,0,0,0,0,0,0
0.041643,0.039632,0.04048,0,0,0,0,0,0,0,0,0,0,0,0
0.036409,0.03483,0.034861,0,0,0,0,0,0,0,0,0,0,0,0
0.041093,0.039904,0.03937,0,0,0,0,0,0,0,0,0,0,0,0
0.043277,0.041003,0.041634,0,0,0,0,0,0,0,0,0,0,0,0
0.042814,0.040958,0.040574,0,0,0,0,0,0,0,0,0,0,0,0
0.043146,0.040544,0.04012,0,0,0,0,0,0,0,0,0,0,0,0
0.04402,0.040662,0.040992,0,0,0,0,0,0,0,0,0,0,0,0
0.043824,0.04002,0.041685,0,0,0,0,0,0,0,0,0,0,0,0
0.043104,0.041828,0.041622,0,0,0,0,0,0,0,0,0,0,0,0
0.043492,0.041864,0.043495,0,0,0,0,0,0,0,0,0,0,0,0
0.044581,0.042251,0.043197,0,0,0,0,0,0,0,0,0,0,0,0
0.044723,0.04401,0.043121,0,0,0,0,0,0,0,0,0,0,0,0
0.045055,0.043341,0.04305,0,0,0,0,0,0,0,0,0,0,0,0
0.058764,0.058935,0.052236,0,0,0,0,0,0,0,0,0,0,0,0
0.05959,0.059605,0.052536,0,0,0,0,0,0,0,0,0,0,0,0
0.051071,0.051174,0.045787,0,0,0,0,0,0,0,0,0,0,0,0
0.04581,0.044355,0.041994,0,0,0,0,0,0,0,0,0,0,0,0
0.046198,0.043725,0.043528,0,0,0,0,0,0,0,0,0,0,0,0
0.04622,0.042873,0.043417,0,0,0,0,0,0,0,0,0,0,0,0
0.044609,0.041661,0.042942,0,0,0,0,0,0,0,0,0,0,0,0
0.043915,0.041765,0.042128,0,0,0,0,0,0,0,0,0,0,0,0
0.044128,0.042154,0.041666,0,0,0,0,0,0,0,0,0,0,0,0
0.042433,0.040471,0.039689,0,0,0,0,0,0,0,0,0,0,0,0
0.042802,0.040342,0.040366,0,0,0,0,0,0,0,0,0,0,0,0
0.045878,0.043644,0.043036,0,0,0,0,0,0,0,0,0,0,0,0
0.045306,0.042929,0.042482,0,0,0,0,0,0,0,0,0,0,0,0
0.043632,0.042194,0.042345,0,0,0,0,0,0,0,0,0,0,0,0
0.043503,0.041845,0.042432,0,0,0,0,0,0,0,0,0,0,0,0
0.046234,0.042353,0.043828,0,0,0,0,0,0,0,0,0,0,0,0
0.043961,0.043023,0.042482,0,0,0,0,0,0,0,0,0,0,0,0
0.04474,0.042872,0.041016,0,0,0,0,0,0,0,0,0,0,0,0
0.042675,0.040728,0.040325,0,0,0,0,0,0,0,0,0,0,0,0
0.045642,0.043759,0.042818,0,0,0,0,0,0,0,0,0,0,0,0
0.047266,0.044963,0.044811,0,0,0,0,0,0,0,0,0,0,0,0
0.045082,0.043139,0.042675,0,0,0,0,0,0,0,0,0,0,0,0
0.046103,0.04457,0.044514,0,0,0,0,0,0,0,0,0,0,0,0
0.044145,0.04398,0.043539,0,0,0,0,0,0,0,0,0,0,0,0
0.044688,0.04364,0.04332,0,0,0,0,0,0,0,0,0,0,0,0
0.045182,0.043399,0.043218,0,0,0,0,0,0,0,0,0,0,0,0
0.0455,0.043629,0.044017,0,0,0,0,0,0,0,0,0,0,0,0
0.045399,0.043216,0.043357,0,0,0,0,0,0,0,0,0,0,0,0
0.046091,0.043177,0.043928,0,0,0,0,0,0,0,0,0,0,0,0
0.046325,0.047087,0.044308,0,0,0,0,0,0,0,0,0,0,0,0
0.060738,0.060493,0.0593,0,0,0,0,0,0,0,0,0,0,0,0
0.062134,0.061767,0.061708,0,0,0,0,0,0,0,0,0,0,0,0
0.053057,0.052051,0.052243,0,0,0,0,0,0,0,0,0,0,0,0
0.048068,0.046872,0.046852,0,0,0,0,0,0,0,0,0,0,0,0
0.046837,0.045521,0.04557,0,0,0,0,0,0,0,0,0,0,0,0
0.047757,0.045985,0.045884,0,0,0,0,0,0,0,0,0,0,0,0
0.045891,0.043708,0.042711,0,0,0,0,0,0,0,0,0,0,0,0
0.04846,0.046778,0.045528,0,0,0,0,0,0,0,0,0,0,0,0
0.045862,0.043542,0.043051,0,0,0,0,0,0,0,0,0,0,0,0
0.045267,0.043358,0.042587,0,0,0,0,0,0,0,0,0,0,0,0
0.046156,0.043797,0.043088,0,0,0,0,0,0,0,0,0,0,0,0
0.045215,0.04356,0.043222,0,0,0,0,0,0,0,0,0,0,0,0
0.051442,0.049251,0.04966,0,0,0,0,0,0,0,0,0,0,0,0
0.047713,0.043107,0.042912,0,0,0,0,0,0,0,0,0,0,0,0
0.047339,0.044254,0.043702,0,0,0,0,0,0,0,0,0,0,0,0
0.047079,0.044309,0.044024,0,0,0,0,0,0,0,0,0,0,0,0
