0.00010377
0.10594
0.067379
0.07406
0.068895
NaN
0.080607
0.067705
NaN
0.085465
NaN
0.085944
0.087214
NaN
0.10118
NaN
0.10081
NaN
0.10859
NaN
0.087189
NaN
0.080255
NaN
0.080996
0.07685
NaN
NaN
NaN
NaN
NaN
9.6256e-05
0.17273
0.11165
0.1369
NaN
NaN
0.17043
NaN
NaN
0.16191
NaN
NaN
NaN
NaN
NaN
NaN
0.0001181
0.18409
0.12693
0.2198
NaN
NaN
NaN
0.15808
NaN
NaN
NaN
0.14485
NaN
0.11358
NaN
NaN
0.22953
NaN
NaN
NaN
0.19139
NaN
NaN
NaN
0.23289
NaN
NaN
NaN
NaN
0.17192
NaN
NaN
0.13503
NaN
NaN
0.0991
NaN
0.13717
NaN
NaN
0.16884
NaN
NaN
0.0899
NaN
NaN
NaN
NaN
NaN
0.0001024
0.10361
0.073611
0.07206
0.072789
NaN
0.079274
0.075387
NaN
0.072039
0.075176
NaN
0.072357
0.070161
NaN
0.072082
0.073082
NaN
0.072518
0.069724
NaN
0.072931
