1
339.0000,113.0000,83.0000,17.0000
334.0000,114.0000,83.0000,17.0000
334.0000,114.0000,83.0000,17.0000
334.0000,114.0000,83.0000,17.0000
334.0000,114.0000,83.0000,17.0000
334.0000,114.0000,83.0000,17.0000
334.0000,114.0000,83.0000,17.0000
334.0000,114.0000,83.0000,17.0000
0
0
0
0
0
0
0
0
0
0
0
0
0
0
0
0
0
0
0
0
0
0
0
0
0
0
0
0
0
0
0
0
0
0
0
0
0
0
0
0
0
0
0
0
0
0
0
0
0
0
0
0
0
0
0
0
0
0
0
0
0
0
0
2
0
0
0
0
1
230.0000,226.0000,32.0000,88.0000
230.0000,231.0000,32.0000,88.0000
230.0000,231.0000,32.0000,88.0000
230.0000,231.0000,32.0000,88.0000
230.0000,231.0000,32.0000,88.0000
230.0000,231.0000,32.0000,88.0000
230.0000,231.0000,32.0000,88.0000
230.0000,231.0000,32.0000,88.0000
230.0000,231.0000,32.0000,88.0000
230.0000,231.0000,32.0000,88.0000
230.0000,231.0000,32.0000,88.0000
230.0000,231.0000,32.0000,88.0000
230.0000,231.0000,32.0000,88.0000
230.0000,231.0000,32.0000,88.0000
0
0
0
0
0
0
0
0
0
0
0
0
0
0
0
0
0
0
0
0
0
0
0
0
0
0
0
0
0
0
0
0
0
0
0
0
0
0
0
0
0
0
0
0
0
0
0
0
0
0
0
0
0
0
0
0
0
0
2
0
0
0
0
1
425.0000,477.0000,71.0000,57.0000
432.0000,480.0000,71.0000,57.0000
432.0000,480.0000,71.0000,57.0000
432.0000,480.0000,71.0000,57.0000
432.0000,480.0000,71.0000,57.0000
432.0000,480.0000,71.0000,57.0000
432.0000,480.0000,71.0000,57.0000
432.0000,480.0000,71.0000,57.0000
432.0000,480.0000,71.0000,57.0000
432.0000,480.0000,71.0000,57.0000
432.0000,480.0000,71.0000,57.0000
432.0000,480.0000,71.0000,57.0000
432.0000,480.0000,71.0000,57.0000
0
0
0
0
0
0
0
0
0
0
0
0
0
0
0
0
0
0
0
0
0
0
0
0
0
0
0
0
0
0
0
0
0
0
0
0
0
0
0
0
0
0
0
0
0
0
0
0
0
0
0
0
0
0
0
0
0
0
0
2
0
0
0
0
1
979.0000,603.0000,72.0000,19.0000
985.0000,604.0000,72.0000,19.0000
985.0000,604.0000,72.0000,19.0000
985.0000,604.0000,72.0000,19.0000
985.0000,604.0000,72.0000,19.0000
985.0000,604.0000,72.0000,19.0000
985.0000,604.0000,72.0000,19.0000
985.0000,604.0000,72.0000,19.0000
985.0000,604.0000,72.0000,19.0000
985.0000,604.0000,72.0000,19.0000
0
0
0
0
0
0
0
0
0
0
0
0
0
0
0
0
0
0
0
0
0
0
0
0
0
0
0
0
0
0
0
0
0
0
0
0
0
0
0
0
0
0
0
0
0
0
0
0
0
0
0
0
0
0
0
0
0
0
0
0
2
0
0
0
0
1
985.0000,343.0000,35.0000,56.0000
992.0000,342.0000,35.0000,56.0000
992.0000,342.0000,35.0000,56.0000
992.0000,342.0000,35.0000,56.0000
992.0000,342.0000,35.0000,56.0000
992.0000,342.0000,35.0000,56.0000
992.0000,342.0000,35.0000,56.0000
0
0
0
0
0
0
0
0
0
0
0
0
0
0
0
0
0
0
0
0
0
0
0
0
0
0
0
0
0
0
0
0
0
0
0
0
0
0
0
0
0
0
0
0
0
0
0
0
0
0
0
0
0
0
0
0
0
0
0
0
0
0
0
0
0
2
0
0
0
0
1
336.0000,97.0000,91.0000,31.0000
340.0000,90.0000,91.0000,31.0000
340.0000,90.0000,91.0000,31.0000
340.0000,90.0000,91.0000,31.0000
340.0000,90.0000,91.0000,31.0000
340.0000,90.0000,91.0000,31.0000
340.0000,90.0000,91.0000,31.0000
340.0000,90.0000,91.0000,31.0000
340.0000,90.0000,91.0000,31.0000
340.0000,90.0000,91.0000,31.0000
340.0000,90.0000,91.0000,31.0000
2
