6.8454,6.8997,6.891,0,0,0,0,0,0,0,0,0,0,0,0
0.34139,0.35895,0.34773,0,0,0,0,0,0,0,0,0,0,0,0
0.61588,0.6149,0.59241,0,0,0,0,0,0,0,0,0,0,0,0
0.5924,0.57627,0.57638,0,0,0,0,0,0,0,0,0,0,0,0
0.58252,0.5594,0.55634,0,0,0,0,0,0,0,0,0,0,0,0
0.56759,0.54554,0.54296,0,0,0,0,0,0,0,0,0,0,0,0
0.56274,0.5398,0.54313,0,0,0,0,0,0,0,0,0,0,0,0
0.55409,0.55484,0.54204,0,0,0,0,0,0,0,0,0,0,0,0
0.54027,0.54083,0.5497,0,0,0,0,0,0,0,0,0,0,0,0
0.5334,0.53504,0.53457,0,0,0,0,0,0,0,0,0,0,0,0
0.55661,0.55114,0.54843,0,0,0,0,0,0,0,0,0,0,0,0
0.54918,0.54489,0.53174,0,0,0,0,0,0,0,0,0,0,0,0
0.53929,0.53995,0.54829,0,0,0,0,0,0,0,0,0,0,0,0
0.54256,0.55295,0.54701,0,0,0,0,0,0,0,0,0,0,0,0
0.54993,0.54631,0.56277,0,0,0,0,0,0,0,0,0,0,0,0
0.5376,0.54197,0.53817,0,0,0,0,0,0,0,0,0,0,0,0
0.54995,0.55871,0.53905,0,0,0,0,0,0,0,0,0,0,0,0
0.53711,0.54253,0.53803,0,0,0,0,0,0,0,0,0,0,0,0
0.53104,0.53975,0.53987,0,0,0,0,0,0,0,0,0,0,0,0
0.5416,0.55383,0.5372,0,0,0,0,0,0,0,0,0,0,0,0
0.54151,0.54447,0.53802,0,0,0,0,0,0,0,0,0,0,0,0
0.55182,0.5456,0.53865,0,0,0,0,0,0,0,0,0,0,0,0
0.57003,0.55614,0.53689,0,0,0,0,0,0,0,0,0,0,0,0
0.5417,0.54567,0.57647,0,0,0,0,0,0,0,0,0,0,0,0
0.53922,0.54675,0.54502,0,0,0,0,0,0,0,0,0,0,0,0
0.53902,0.55721,0.53965,0,0,0,0,0,0,0,0,0,0,0,0
0.54782,0.54544,0.54358,0,0,0,0,0,0,0,0,0,0,0,0
0.53666,0.54741,0.53838,0,0,0,0,0,0,0,0,0,0,0,0
0.54818,0.55214,0.53816,0,0,0,0,0,0,0,0,0,0,0,0
0.54221,0.545,0.567,0,0,0,0,0,0,0,0,0,0,0,0
0.5355,0.54391,0.54384,0,0,0,0,0,0,0,0,0,0,0,0
0.55226,0.55531,0.54445,0,0,0,0,0,0,0,0,0,0,0,0
0.53829,0.54447,0.54681,0,0,0,0,0,0,0,0,0,0,0,0
0.54193,0.54417,0.5504,0,0,0,0,0,0,0,0,0,0,0,0
0.5541,0.55746,0.54985,0,0,0,0,0,0,0,0,0,0,0,0
0.53729,0.55503,0.53627,0,0,0,0,0,0,0,0,0,0,0,0
0.53345,0.54632,0.52924,0,0,0,0,0,0,0,0,0,0,0,0
0.53538,0.55906,0.54175,0,0,0,0,0,0,0,0,0,0,0,0
0.53617,0.5458,0.54093,0,0,0,0,0,0,0,0,0,0,0,0
0.53289,0.54106,0.53003,0,0,0,0,0,0,0,0,0,0,0,0
0.53747,0.55274,0.5519,0,0,0,0,0,0,0,0,0,0,0,0
0.54299,0.54636,0.53331,0,0,0,0,0,0,0,0,0,0,0,0
0.53284,0.54126,0.54496,0,0,0,0,0,0,0,0,0,0,0,0
0.55493,0.54766,0.58834,0,0,0,0,0,0,0,0,0,0,0,0
0.54632,0.55966,0.54704,0,0,0,0,0,0,0,0,0,0,0,0
0.53561,0.55337,0.55685,0,0,0,0,0,0,0,0,0,0,0,0
0.53487,0.54218,0.55572,0,0,0,0,0,0,0,0,0,0,0,0
0.53968,0.53748,0.55471,0,0,0,0,0,0,0,0,0,0,0,0
0.54046,0.53698,0.54747,0,0,0,0,0,0,0,0,0,0,0,0
0.53497,0.53792,0.54339,0,0,0,0,0,0,0,0,0,0,0,0
0.53702,0.56058,0.5388,0,0,0,0,0,0,0,0,0,0,0,0
0.53225,0.53323,0.53783,0,0,0,0,0,0,0,0,0,0,0,0
0.54293,0.54263,0.52994,0,0,0,0,0,0,0,0,0,0,0,0
0.53713,0.55104,0.52832,0,0,0,0,0,0,0,0,0,0,0,0
0.53093,0.53951,0.52709,0,0,0,0,0,0,0,0,0,0,0,0
0.5337,0.53601,0.52703,0,0,0,0,0,0,0,0,0,0,0,0
0.53924,0.554,0.52707,0,0,0,0,0,0,0,0,0,0,0,0
0.53183,0.54003,0.52925,0,0,0,0,0,0,0,0,0,0,0,0
0.53428,0.53644,0.52722,0,0,0,0,0,0,0,0,0,0,0,0
0.53635,0.54106,0.57354,0,0,0,0,0,0,0,0,0,0,0,0
0.53553,0.53015,0.54968,0,0,0,0,0,0,0,0,0,0,0,0
0.54097,0.53456,0.55207,0,0,0,0,0,0,0,0,0,0,0,0
0.54343,0.53218,0.54972,0,0,0,0,0,0,0,0,0,0,0,0
0.53968,0.54513,0.55633,0,0,0,0,0,0,0,0,0,0,0,0
0.53523,0.53255,0.5489,0,0,0,0,0,0,0,0,0,0,0,0
0.54367,0.54205,0.54012,0,0,0,0,0,0,0,0,0,0,0,0
0.53346,0.53555,0.53814,0,0,0,0,0,0,0,0,0,0,0,0
0.53825,0.56111,0.53844,0,0,0,0,0,0,0,0,0,0,0,0
0.53437,0.54267,0.53754,0,0,0,0,0,0,0,0,0,0,0,0
0.55742,0.54158,0.54223,0,0,0,0,0,0,0,0,0,0,0,0
0.54723,0.5644,0.54023,0,0,0,0,0,0,0,0,0,0,0,0
0.55062,0.54217,0.53444,0,0,0,0,0,0,0,0,0,0,0,0
0.54194,0.53603,0.53787,0,0,0,0,0,0,0,0,0,0,0,0
0.53645,0.5468,0.5366,0,0,0,0,0,0,0,0,0,0,0,0
0.53352,0.5355,0.55144,0,0,0,0,0,0,0,0,0,0,0,0
0.53759,0.52981,0.56896,0,0,0,0,0,0,0,0,0,0,0,0
0.55003,0.52346,0.55939,0,0,0,0,0,0,0,0,0,0,0,0
0.54485,0.53204,0.55943,0,0,0,0,0,0,0,0,0,0,0,0
0.53607,0.54576,0.58148,0,0,0,0,0,0,0,0,0,0,0,0
0.53955,0.53188,0.56498,0,0,0,0,0,0,0,0,0,0,0,0
0.53295,0.53267,0.57144,0,0,0,0,0,0,0,0,0,0,0,0
0.52829,0.55283,0.58537,0,0,0,0,0,0,0,0,0,0,0,0
0.53585,0.54556,0.58295,0,0,0,0,0,0,0,0,0,0,0,0
0.53463,0.53258,0.5702,0,0,0,0,0,0,0,0,0,0,0,0
0.52327,0.55362,0.55136,0,0,0,0,0,0,0,0,0,0,0,0
0.53027,0.53645,0.54785,0,0,0,0,0,0,0,0,0,0,0,0
0.53367,0.54084,0.56859,0,0,0,0,0,0,0,0,0,0,0,0
0.52083,0.55232,0.5551,0,0,0,0,0,0,0,0,0,0,0,0
0.54385,0.54101,0.58243,0,0,0,0,0,0,0,0,0,0,0,0
0.5454,0.54588,0.55725,0,0,0,0,0,0,0,0,0,0,0,0
0.52699,0.55615,0.56214,0,0,0,0,0,0,0,0,0,0,0,0
0.54844,0.54488,0.56072,0,0,0,0,0,0,0,0,0,0,0,0
0.53182,0.53337,0.54945,0,0,0,0,0,0,0,0,0,0,0,0
0.52491,0.55182,0.56853,0,0,0,0,0,0,0,0,0,0,0,0
0.53653,0.53138,0.55395,0,0,0,0,0,0,0,0,0,0,0,0
0.53443,0.54514,0.54012,0,0,0,0,0,0,0,0,0,0,0,0
0.60216,0.52903,0.55003,0,0,0,0,0,0,0,0,0,0,0,0
0.6886,0.54794,0.54497,0,0,0,0,0,0,0,0,0,0,0,0
0.52977,0.53673,0.53382,0,0,0,0,0,0,0,0,0,0,0,0
0.52663,0.53485,0.54555,0,0,0,0,0,0,0,0,0,0,0,0
0.53521,0.55593,0.54468,0,0,0,0,0,0,0,0,0,0,0,0
0.54445,0.52929,0.53548,0,0,0,0,0,0,0,0,0,0,0,0
0.52916,0.53877,0.54367,0,0,0,0,0,0,0,0,0,0,0,0
0.53353,0.55211,0.57796,0,0,0,0,0,0,0,0,0,0,0,0
0.53385,0.53032,0.57026,0,0,0,0,0,0,0,0,0,0,0,0
0.52567,0.54035,0.5708,0,0,0,0,0,0,0,0,0,0,0,0
0.54476,0.55147,0.56923,0,0,0,0,0,0,0,0,0,0,0,0
0.53513,0.53798,0.54892,0,0,0,0,0,0,0,0,0,0,0,0
0.52591,0.53452,0.55991,0,0,0,0,0,0,0,0,0,0,0,0
0.53179,0.55054,0.55972,0,0,0,0,0,0,0,0,0,0,0,0
0.53161,0.53341,0.55698,0,0,0,0,0,0,0,0,0,0,0,0
0.52496,0.52775,0.57071,0,0,0,0,0,0,0,0,0,0,0,0
0.53382,0.54529,0.56536,0,0,0,0,0,0,0,0,0,0,0,0
0.52795,0.54082,0.56104,0,0,0,0,0,0,0,0,0,0,0,0
0.51812,0.52809,0.55896,0,0,0,0,0,0,0,0,0,0,0,0
0.52921,0.54781,0.58589,0,0,0,0,0,0,0,0,0,0,0,0
0.53617,0.53315,0.545,0,0,0,0,0,0,0,0,0,0,0,0
0.52184,0.53091,0.57735,0,0,0,0,0,0,0,0,0,0,0,0
0.5328,0.54392,0.56253,0,0,0,0,0,0,0,0,0,0,0,0
0.52646,0.5326,0.556,0,0,0,0,0,0,0,0,0,0,0,0
0.52116,0.52107,0.58175,0,0,0,0,0,0,0,0,0,0,0,0
0.53074,0.51981,0.56641,0,0,0,0,0,0,0,0,0,0,0,0
0.52612,0.52251,0.56059,0,0,0,0,0,0,0,0,0,0,0,0
0.52224,0.52287,0.58496,0,0,0,0,0,0,0,0,0,0,0,0
0.53254,0.52752,0.58181,0,0,0,0,0,0,0,0,0,0,0,0
0.53388,0.52027,0.5952,0,0,0,0,0,0,0,0,0,0,0,0
0.52656,0.52251,0.58469,0,0,0,0,0,0,0,0,0,0,0,0
0.5373,0.52437,0.58618,0,0,0,0,0,0,0,0,0,0,0,0
0.52783,0.52234,0.59263,0,0,0,0,0,0,0,0,0,0,0,0
0.52633,0.53202,0.60013,0,0,0,0,0,0,0,0,0,0,0,0
0.5294,0.53221,0.60151,0,0,0,0,0,0,0,0,0,0,0,0
0.52675,0.53737,0.62072,0,0,0,0,0,0,0,0,0,0,0,0
0.52232,0.53593,0.59134,0,0,0,0,0,0,0,0,0,0,0,0
0.53124,0.53504,0.59647,0,0,0,0,0,0,0,0,0,0,0,0
0.52048,0.53448,0.59517,0,0,0,0,0,0,0,0,0,0,0,0
0.5211,0.53451,0.58598,0,0,0,0,0,0,0,0,0,0,0,0
0.53219,0.53521,0.59909,0,0,0,0,0,0,0,0,0,0,0,0
0.53153,0.53104,0.60036,0,0,0,0,0,0,0,0,0,0,0,0
0.51899,0.5361,0.58178,0,0,0,0,0,0,0,0,0,0,0,0
0.53202,0.53566,0.60787,0,0,0,0,0,0,0,0,0,0,0,0
0.52128,0.53911,0.5981,0,0,0,0,0,0,0,0,0,0,0,0
0.52056,0.53317,0.58469,0,0,0,0,0,0,0,0,0,0,0,0
0.52936,0.53283,0.59572,0,0,0,0,0,0,0,0,0,0,0,0
0.52977,0.53762,0.59675,0,0,0,0,0,0,0,0,0,0,0,0
0.52791,0.53185,0.57821,0,0,0,0,0,0,0,0,0,0,0,0
0.53419,0.53245,0.59609,0,0,0,0,0,0,0,0,0,0,0,0
0.53801,0.53019,0.59348,0,0,0,0,0,0,0,0,0,0,0,0
0.53165,0.53062,0.58824,0,0,0,0,0,0,0,0,0,0,0,0
0.54507,0.53058,0.60102,0,0,0,0,0,0,0,0,0,0,0,0
0.53472,0.52674,0.58903,0,0,0,0,0,0,0,0,0,0,0,0
0.52202,0.53366,0.58074,0,0,0,0,0,0,0,0,0,0,0,0
0.54683,0.52931,0.59278,0,0,0,0,0,0,0,0,0,0,0,0
0.53536,0.53119,0.59161,0,0,0,0,0,0,0,0,0,0,0,0
0.53651,0.53003,0.59027,0,0,0,0,0,0,0,0,0,0,0,0
0.54537,0.53702,0.54907,0,0,0,0,0,0,0,0,0,0,0,0
0.54135,0.53687,0.5356,0,0,0,0,0,0,0,0,0,0,0,0
0.53339,0.53987,0.56675,0,0,0,0,0,0,0,0,0,0,0,0
0.54663,0.53255,0.55048,0,0,0,0,0,0,0,0,0,0,0,0
0.54469,0.52589,0.54175,0,0,0,0,0,0,0,0,0,0,0,0
0.53122,0.52931,0.57083,0,0,0,0,0,0,0,0,0,0,0,0
0.53815,0.52867,0.54912,0,0,0,0,0,0,0,0,0,0,0,0
0.53797,0.52642,0.54877,0,0,0,0,0,0,0,0,0,0,0,0
0.53176,0.53122,0.56137,0,0,0,0,0,0,0,0,0,0,0,0
0.53636,0.52623,0.55561,0,0,0,0,0,0,0,0,0,0,0,0
0.53978,0.52608,0.5641,0,0,0,0,0,0,0,0,0,0,0,0
0.52885,0.52751,0.55002,0,0,0,0,0,0,0,0,0,0,0,0
0.54348,0.53016,0.54096,0,0,0,0,0,0,0,0,0,0,0,0
0.54117,0.53226,0.54158,0,0,0,0,0,0,0,0,0,0,0,0
0.53444,0.53093,0.5408,0,0,0,0,0,0,0,0,0,0,0,0
0.53772,0.53035,0.52972,0,0,0,0,0,0,0,0,0,0,0,0
0.53948,0.53391,0.54431,0,0,0,0,0,0,0,0,0,0,0,0
0.53379,0.53894,0.54163,0,0,0,0,0,0,0,0,0,0,0,0
0.53724,0.53691,0.53978,0,0,0,0,0,0,0,0,0,0,0,0
0.56016,0.5307,0.55498,0,0,0,0,0,0,0,0,0,0,0,0
0.53463,0.52631,0.57969,0,0,0,0,0,0,0,0,0,0,0,0
0.54224,0.52995,0.56988,0,0,0,0,0,0,0,0,0,0,0,0
0.53859,0.5378,0.56548,0,0,0,0,0,0,0,0,0,0,0,0
0.54284,0.53274,0.56692,0,0,0,0,0,0,0,0,0,0,0,0
0.54137,0.53036,0.54862,0,0,0,0,0,0,0,0,0,0,0,0
0.55285,0.53035,0.55496,0,0,0,0,0,0,0,0,0,0,0,0
0.5293,0.53682,0.55011,0,0,0,0,0,0,0,0,0,0,0,0
0.53759,0.53452,0.54146,0,0,0,0,0,0,0,0,0,0,0,0
0.54398,0.52892,0.55695,0,0,0,0,0,0,0,0,0,0,0,0
0.52834,0.5363,0.55041,0,0,0,0,0,0,0,0,0,0,0,0
0.53689,0.52532,0.5426,0,0,0,0,0,0,0,0,0,0,0,0
0.53956,0.52735,0.5554,0,0,0,0,0,0,0,0,0,0,0,0
0.53132,0.52754,0.54777,0,0,0,0,0,0,0,0,0,0,0,0
0.54191,0.53651,0.54227,0,0,0,0,0,0,0,0,0,0,0,0
0.53715,0.54048,0.54971,0,0,0,0,0,0,0,0,0,0,0,0
0.53269,0.53306,0.54177,0,0,0,0,0,0,0,0,0,0,0,0
0.53599,0.53617,0.56174,0,0,0,0,0,0,0,0,0,0,0,0
0.54382,0.53501,0.56618,0,0,0,0,0,0,0,0,0,0,0,0
0.53059,0.53067,0.55159,0,0,0,0,0,0,0,0,0,0,0,0
0.5452,0.52864,0.55619,0,0,0,0,0,0,0,0,0,0,0,0
0.54736,0.53458,0.58404,0,0,0,0,0,0,0,0,0,0,0,0
0.52282,0.53251,0.58106,0,0,0,0,0,0,0,0,0,0,0,0
0.54187,0.53566,0.58474,0,0,0,0,0,0,0,0,0,0,0,0
0.54558,0.53248,0.59758,0,0,0,0,0,0,0,0,0,0,0,0
0.52299,0.53107,0.61788,0,0,0,0,0,0,0,0,0,0,0,0
0.53871,0.53011,0.59598,0,0,0,0,0,0,0,0,0,0,0,0
0.54492,0.53367,0.5841,0,0,0,0,0,0,0,0,0,0,0,0
0.54322,0.54113,0.60525,0,0,0,0,0,0,0,0,0,0,0,0
0.53631,0.526,0.60006,0,0,0,0,0,0,0,0,0,0,0,0
0.53642,0.5337,0.59169,0,0,0,0,0,0,0,0,0,0,0,0
0.52589,0.53461,0.60484,0,0,0,0,0,0,0,0,0,0,0,0
0.54071,0.54103,0.60251,0,0,0,0,0,0,0,0,0,0,0,0
0.54374,0.53679,0.59416,0,0,0,0,0,0,0,0,0,0,0,0
0.53053,0.53846,0.56439,0,0,0,0,0,0,0,0,0,0,0,0
0.53889,0.52947,0.54295,0,0,0,0,0,0,0,0,0,0,0,0
0.5364,0.52839,0.55578,0,0,0,0,0,0,0,0,0,0,0,0
0.52736,0.52785,0.54715,0,0,0,0,0,0,0,0,0,0,0,0
0.54148,0.54082,0.55602,0,0,0,0,0,0,0,0,0,0,0,0
0.54121,0.52834,0.57375,0,0,0,0,0,0,0,0,0,0,0,0
0.53317,0.52875,0.55392,0,0,0,0,0,0,0,0,0,0,0,0
0.53595,0.52884,0.54437,0,0,0,0,0,0,0,0,0,0,0,0
0.53916,0.529,0.5674,0,0,0,0,0,0,0,0,0,0,0,0
0.52909,0.52671,0.56934,0,0,0,0,0,0,0,0,0,0,0,0
0.53886,0.52804,0.55309,0,0,0,0,0,0,0,0,0,0,0,0
0.53278,0.52714,0.56265,0,0,0,0,0,0,0,0,0,0,0,0
0.52614,0.52835,0.55352,0,0,0,0,0,0,0,0,0,0,0,0
0.53556,0.52877,0.53065,0,0,0,0,0,0,0,0,0,0,0,0
0.54068,0.52727,0.54404,0,0,0,0,0,0,0,0,0,0,0,0
0.52718,0.52488,0.53743,0,0,0,0,0,0,0,0,0,0,0,0
0.53586,0.52996,0.53154,0,0,0,0,0,0,0,0,0,0,0,0
0.53577,0.52727,0.5522,0,0,0,0,0,0,0,0,0,0,0,0
0.5288,0.52905,0.5542,0,0,0,0,0,0,0,0,0,0,0,0
0.53439,0.52656,0.53005,0,0,0,0,0,0,0,0,0,0,0,0
0.53448,0.52936,0.59894,0,0,0,0,0,0,0,0,0,0,0,0
0.52333,0.53148,0.56466,0,0,0,0,0,0,0,0,0,0,0,0
0.53834,0.53448,0.55666,0,0,0,0,0,0,0,0,0,0,0,0
0.54088,0.53148,0.56376,0,0,0,0,0,0,0,0,0,0,0,0
0.52836,0.53266,0.56176,0,0,0,0,0,0,0,0,0,0,0,0
0.53892,0.5398,0.55413,0,0,0,0,0,0,0,0,0,0,0,0
0.54032,0.54311,0.54896,0,0,0,0,0,0,0,0,0,0,0,0
0.53139,0.53309,0.5594,0,0,0,0,0,0,0,0,0,0,0,0
0.54222,0.52749,0.56088,0,0,0,0,0,0,0,0,0,0,0,0
0.55146,0.53322,0.54619,0,0,0,0,0,0,0,0,0,0,0,0
0.5345,0.52788,0.56656,0,0,0,0,0,0,0,0,0,0,0,0
0.54101,0.53364,0.56339,0,0,0,0,0,0,0,0,0,0,0,0
0.54687,0.52882,0.53729,0,0,0,0,0,0,0,0,0,0,0,0
0.52743,0.52982,0.55936,0,0,0,0,0,0,0,0,0,0,0,0
0.53621,0.53969,0.55722,0,0,0,0,0,0,0,0,0,0,0,0
0.54662,0.53851,0.56133,0,0,0,0,0,0,0,0,0,0,0,0
0.53309,0.53136,0.56154,0,0,0,0,0,0,0,0,0,0,0,0
0.53122,0.53453,0.5592,0,0,0,0,0,0,0,0,0,0,0,0
0.5315,0.53705,0.5607,0,0,0,0,0,0,0,0,0,0,0,0
0.52744,0.53465,0.57321,0,0,0,0,0,0,0,0,0,0,0,0
0.5391,0.54553,0.56907,0,0,0,0,0,0,0,0,0,0,0,0
0.54396,0.5447,0.58254,0,0,0,0,0,0,0,0,0,0,0,0
0.52461,0.54269,0.58496,0,0,0,0,0,0,0,0,0,0,0,0
0.54713,0.53645,0.56723,0,0,0,0,0,0,0,0,0,0,0,0
0.56136,0.5403,0.61776,0,0,0,0,0,0,0,0,0,0,0,0
0.53397,0.53898,0.57673,0,0,0,0,0,0,0,0,0,0,0,0
0.53561,0.5353,0.56998,0,0,0,0,0,0,0,0,0,0,0,0
0.54778,0.53548,0.6074,0,0,0,0,0,0,0,0,0,0,0,0
0.52678,0.533,0.57981,0,0,0,0,0,0,0,0,0,0,0,0
0.5405,0.53566,0.56359,0,0,0,0,0,0,0,0,0,0,0,0
0.53362,0.53801,0.59141,0,0,0,0,0,0,0,0,0,0,0,0
0.52674,0.53358,0.6087,0,0,0,0,0,0,0,0,0,0,0,0
0.53541,0.53045,0.56526,0,0,0,0,0,0,0,0,0,0,0,0
0.53144,0.53497,0.5782,0,0,0,0,0,0,0,0,0,0,0,0
0.5235,0.53484,0.58298,0,0,0,0,0,0,0,0,0,0,0,0
0.53738,0.53814,0.56095,0,0,0,0,0,0,0,0,0,0,0,0
0.53044,0.54091,0.59308,0,0,0,0,0,0,0,0,0,0,0,0
0.5235,0.53457,0.58969,0,0,0,0,0,0,0,0,0,0,0,0
0.53657,0.53374,0.56427,0,0,0,0,0,0,0,0,0,0,0,0
0.5315,0.54137,0.58362,0,0,0,0,0,0,0,0,0,0,0,0
0.5209,0.52983,0.58972,0,0,0,0,0,0,0,0,0,0,0,0
0.54169,0.54391,0.57244,0,0,0,0,0,0,0,0,0,0,0,0
0.53564,0.53819,0.58354,0,0,0,0,0,0,0,0,0,0,0,0
0.53158,0.53067,0.59748,0,0,0,0,0,0,0,0,0,0,0,0
0.54112,0.53674,0.57127,0,0,0,0,0,0,0,0,0,0,0,0
0.54611,0.53276,0.57979,0,0,0,0,0,0,0,0,0,0,0,0
0.52859,0.53319,0.59905,0,0,0,0,0,0,0,0,0,0,0,0
0.57884,0.52891,0.57669,0,0,0,0,0,0,0,0,0,0,0,0
0.5633,0.52824,0.59275,0,0,0,0,0,0,0,0,0,0,0,0
0.52988,0.53215,0.59529,0,0,0,0,0,0,0,0,0,0,0,0
0.53606,0.53661,0.57572,0,0,0,0,0,0,0,0,0,0,0,0
0.56929,0.52978,0.58713,0,0,0,0,0,0,0,0,0,0,0,0
0.5332,0.52957,0.59683,0,0,0,0,0,0,0,0,0,0,0,0
0.54019,0.53254,0.57713,0,0,0,0,0,0,0,0,0,0,0,0
0.54041,0.53322,0.59276,0,0,0,0,0,0,0,0,0,0,0,0
0.52119,0.52793,0.58154,0,0,0,0,0,0,0,0,0,0,0,0
0.5308,0.53196,0.58964,0,0,0,0,0,0,0,0,0,0,0,0
0.53528,0.53196,0.58375,0,0,0,0,0,0,0,0,0,0,0,0
0.53068,0.53391,0.57659,0,0,0,0,0,0,0,0,0,0,0,0
0.54116,0.532,0.57659,0,0,0,0,0,0,0,0,0,0,0,0
0.53331,0.53955,0.58276,0,0,0,0,0,0,0,0,0,0,0,0
0.52273,0.52839,0.57481,0,0,0,0,0,0,0,0,0,0,0,0
0.53296,0.53101,0.57775,0,0,0,0,0,0,0,0,0,0,0,0
0.5351,0.53512,0.58615,0,0,0,0,0,0,0,0,0,0,0,0
0.52123,0.5341,0.56845,0,0,0,0,0,0,0,0,0,0,0,0
0.53777,0.53204,0.57848,0,0,0,0,0,0,0,0,0,0,0,0
0.53217,0.53155,0.58664,0,0,0,0,0,0,0,0,0,0,0,0
0.52809,0.52802,0.57044,0,0,0,0,0,0,0,0,0,0,0,0
0.53179,0.53319,0.57346,0,0,0,0,0,0,0,0,0,0,0,0
0.53186,0.52758,0.58775,0,0,0,0,0,0,0,0,0,0,0,0
0.52776,0.53171,0.57085,0,0,0,0,0,0,0,0,0,0,0,0
0.53284,0.53372,0.56412,0,0,0,0,0,0,0,0,0,0,0,0
0.52825,0.53518,0.58569,0,0,0,0,0,0,0,0,0,0,0,0
0.52865,0.52882,0.58481,0,0,0,0,0,0,0,0,0,0,0,0
0.53692,0.53333,0.56773,0,0,0,0,0,0,0,0,0,0,0,0
0.53259,0.52911,0.58715,0,0,0,0,0,0,0,0,0,0,0,0
0.5221,0.53645,0.57896,0,0,0,0,0,0,0,0,0,0,0,0
0.53357,0.53223,0.56981,0,0,0,0,0,0,0,0,0,0,0,0
0.53418,0.53239,0.59559,0,0,0,0,0,0,0,0,0,0,0,0
0.53008,0.53772,0.57487,0,0,0,0,0,0,0,0,0,0,0,0
0.53727,0.53572,0.56545,0,0,0,0,0,0,0,0,0,0,0,0
0.53354,0.53387,0.60019,0,0,0,0,0,0,0,0,0,0,0,0
0.52267,0.53422,0.58313,0,0,0,0,0,0,0,0,0,0,0,0
0.5348,0.53529,0.56837,0,0,0,0,0,0,0,0,0,0,0,0
0.53432,0.53845,0.59274,0,0,0,0,0,0,0,0,0,0,0,0
0.53491,0.53741,0.58242,0,0,0,0,0,0,0,0,0,0,0,0
0.53605,0.54015,0.57237,0,0,0,0,0,0,0,0,0,0,0,0
0.53425,0.53285,0.55316,0,0,0,0,0,0,0,0,0,0,0,0
0.52761,0.53513,0.54303,0,0,0,0,0,0,0,0,0,0,0,0
0.53848,0.53891,0.54364,0,0,0,0,0,0,0,0,0,0,0,0
0.53373,0.53665,0.55946,0,0,0,0,0,0,0,0,0,0,0,0
0.52284,0.53614,0.57852,0,0,0,0,0,0,0,0,0,0,0,0
0.55003,0.53725,0.55663,0,0,0,0,0,0,0,0,0,0,0,0
0.53179,0.5411,0.53512,0,0,0,0,0,0,0,0,0,0,0,0
0.52243,0.53504,0.54624,0,0,0,0,0,0,0,0,0,0,0,0
0.53874,0.54193,0.55819,0,0,0,0,0,0,0,0,0,0,0,0
0.53094,0.5335,0.54883,0,0,0,0,0,0,0,0,0,0,0,0
0.52681,0.53634,0.56262,0,0,0,0,0,0,0,0,0,0,0,0
0.54242,0.53528,0.54455,0,0,0,0,0,0,0,0,0,0,0,0
0.53303,0.52816,0.53351,0,0,0,0,0,0,0,0,0,0,0,0
0.54206,0.53636,0.54101,0,0,0,0,0,0,0,0,0,0,0,0
0.53728,0.53333,0.53265,0,0,0,0,0,0,0,0,0,0,0,0
0.53421,0.53618,0.53207,0,0,0,0,0,0,0,0,0,0,0,0
0.53902,0.5334,0.53571,0,0,0,0,0,0,0,0,0,0,0,0
0.53353,0.53559,0.52758,0,0,0,0,0,0,0,0,0,0,0,0
0.54245,0.52973,0.54372,0,0,0,0,0,0,0,0,0,0,0,0
0.52623,0.5365,0.54208,0,0,0,0,0,0,0,0,0,0,0,0
0.53769,0.53739,0.55811,0,0,0,0,0,0,0,0,0,0,0,0
0.52997,0.53514,0.57451,0,0,0,0,0,0,0,0,0,0,0,0
0.52103,0.52716,0.56189,0,0,0,0,0,0,0,0,0,0,0,0
0.5299,0.52546,0.5492,0,0,0,0,0,0,0,0,0,0,0,0
0.53405,0.53962,0.55131,0,0,0,0,0,0,0,0,0,0,0,0
0.52173,0.54651,0.54641,0,0,0,0,0,0,0,0,0,0,0,0
0.53903,0.54579,0.53817,0,0,0,0,0,0,0,0,0,0,0,0
0.538,0.53875,0.54998,0,0,0,0,0,0,0,0,0,0,0,0
0.52971,0.53912,0.54604,0,0,0,0,0,0,0,0,0,0,0,0
0.5326,0.53554,0.54168,0,0,0,0,0,0,0,0,0,0,0,0
0.53545,0.53006,0.57424,0,0,0,0,0,0,0,0,0,0,0,0
0.52917,0.5318,0.572,0,0,0,0,0,0,0,0,0,0,0,0
0.53337,0.53365,0.54006,0,0,0,0,0,0,0,0,0,0,0,0
0.53358,0.53647,0.55324,0,0,0,0,0,0,0,0,0,0,0,0
0.54189,0.54743,0.54959,0,0,0,0,0,0,0,0,0,0,0,0
0.53595,0.53401,0.55688,0,0,0,0,0,0,0,0,0,0,0,0
0.52505,0.54072,0.5579,0,0,0,0,0,0,0,0,0,0,0,0
0.52922,0.53699,0.56151,0,0,0,0,0,0,0,0,0,0,0,0
0.54434,0.53511,0.54776,0,0,0,0,0,0,0,0,0,0,0,0
0.53724,0.52891,0.55214,0,0,0,0,0,0,0,0,0,0,0,0
0.52565,0.53686,0.56755,0,0,0,0,0,0,0,0,0,0,0,0
0.53939,0.53633,0.576,0,0,0,0,0,0,0,0,0,0,0,0
0.53521,0.53692,0.5539,0,0,0,0,0,0,0,0,0,0,0,0
0.54556,0.53069,0.59154,0,0,0,0,0,0,0,0,0,0,0,0
0.53332,0.53194,0.57797,0,0,0,0,0,0,0,0,0,0,0,0
0.53051,0.53636,0.56455,0,0,0,0,0,0,0,0,0,0,0,0
0.52787,0.53827,0.60445,0,0,0,0,0,0,0,0,0,0,0,0
0.53744,0.53897,0.57908,0,0,0,0,0,0,0,0,0,0,0,0
0.53405,0.53633,0.56264,0,0,0,0,0,0,0,0,0,0,0,0
0.52843,0.53417,0.58998,0,0,0,0,0,0,0,0,0,0,0,0
0.53555,0.53134,0.58256,0,0,0,0,0,0,0,0,0,0,0,0
0.53473,0.54285,0.5639,0,0,0,0,0,0,0,0,0,0,0,0
0.52485,0.5285,0.58346,0,0,0,0,0,0,0,0,0,0,0,0
0.54389,0.5346,0.5914,0,0,0,0,0,0,0,0,0,0,0,0
0.54222,0.52826,0.56868,0,0,0,0,0,0,0,0,0,0,0,0
0.52555,0.53216,0.58155,0,0,0,0,0,0,0,0,0,0,0,0
0.53643,0.5362,0.59596,0,0,0,0,0,0,0,0,0,0,0,0
0.53899,0.53629,0.58377,0,0,0,0,0,0,0,0,0,0,0,0
0.52496,0.53543,0.58089,0,0,0,0,0,0,0,0,0,0,0,0
0.54203,0.53423,0.58549,0,0,0,0,0,0,0,0,0,0,0,0
0.54139,0.54003,0.60482,0,0,0,0,0,0,0,0,0,0,0,0
0.52598,0.54214,0.58712,0,0,0,0,0,0,0,0,0,0,0,0
0.54002,0.53451,0.57594,0,0,0,0,0,0,0,0,0,0,0,0
0.54282,0.52963,0.60486,0,0,0,0,0,0,0,0,0,0,0,0
0.53082,0.53706,0.56954,0,0,0,0,0,0,0,0,0,0,0,0
0.53584,0.5404,0.56005,0,0,0,0,0,0,0,0,0,0,0,0
0.54671,0.53413,0.59243,0,0,0,0,0,0,0,0,0,0,0,0
0.53641,0.54217,0.58114,0,0,0,0,0,0,0,0,0,0,0,0
0.55112,0.53999,0.56332,0,0,0,0,0,0,0,0,0,0,0,0
0.53242,0.52888,0.59215,0,0,0,0,0,0,0,0,0,0,0,0
0.52478,0.52897,0.58258,0,0,0,0,0,0,0,0,0,0,0,0
0.53388,0.52963,0.56565,0,0,0,0,0,0,0,0,0,0,0,0
0.54002,0.53395,0.5972,0,0,0,0,0,0,0,0,0,0,0,0
0.54787,0.52973,0.58953,0,0,0,0,0,0,0,0,0,0,0,0
0.54935,0.55142,0.5624,0,0,0,0,0,0,0,0,0,0,0,0
0.54906,0.55646,0.59862,0,0,0,0,0,0,0,0,0,0,0,0
0.53565,0.53969,0.58317,0,0,0,0,0,0,0,0,0,0,0,0
0.54177,0.54177,0.57126,0,0,0,0,0,0,0,0,0,0,0,0
0.55246,0.54423,0.58029,0,0,0,0,0,0,0,0,0,0,0,0
0.53503,0.53588,0.6019,0,0,0,0,0,0,0,0,0,0,0,0
0.54017,0.53442,0.57254,0,0,0,0,0,0,0,0,0,0,0,0
0.55503,0.53579,0.58675,0,0,0,0,0,0,0,0,0,0,0,0
0.53474,0.53763,0.65752,0,0,0,0,0,0,0,0,0,0,0,0
0.54123,0.53752,0.5811,0,0,0,0,0,0,0,0,0,0,0,0
0.54784,0.54217,0.59989,0,0,0,0,0,0,0,0,0,0,0,0
0.5327,0.53763,0.63421,0,0,0,0,0,0,0,0,0,0,0,0
0.53148,0.54037,0.5949,0,0,0,0,0,0,0,0,0,0,0,0
0.54082,0.54088,0.5703,0,0,0,0,0,0,0,0,0,0,0,0
0.54069,0.55049,0.60246,0,0,0,0,0,0,0,0,0,0,0,0
0.538,0.54188,0.60042,0,0,0,0,0,0,0,0,0,0,0,0
0.54739,0.53523,0.58724,0,0,0,0,0,0,0,0,0,0,0,0
0.53309,0.56434,0.63481,0,0,0,0,0,0,0,0,0,0,0,0
0.53616,0.54611,0.62678,0,0,0,0,0,0,0,0,0,0,0,0
0.54312,0.54624,0.59283,0,0,0,0,0,0,0,0,0,0,0,0
0.55014,0.54758,0.59853,0,0,0,0,0,0,0,0,0,0,0,0
0.53788,0.55151,0.58811,0,0,0,0,0,0,0,0,0,0,0,0
0.53585,0.54808,0.60023,0,0,0,0,0,0,0,0,0,0,0,0
0.52694,0.53563,0.6011,0,0,0,0,0,0,0,0,0,0,0,0
0.53804,0.52484,0.56996,0,0,0,0,0,0,0,0,0,0,0,0
0.53902,0.52521,0.55802,0,0,0,0,0,0,0,0,0,0,0,0
0.53601,0.52806,0.55797,0,0,0,0,0,0,0,0,0,0,0,0
0.54444,0.54946,0.54061,0,0,0,0,0,0,0,0,0,0,0,0
0.53866,0.53532,0.55124,0,0,0,0,0,0,0,0,0,0,0,0
0.53394,0.5318,0.58323,0,0,0,0,0,0,0,0,0,0,0,0
0.53785,0.54286,0.56051,0,0,0,0,0,0,0,0,0,0,0,0
0.53395,0.54447,0.56578,0,0,0,0,0,0,0,0,0,0,0,0
0.53106,0.53197,0.57354,0,0,0,0,0,0,0,0,0,0,0,0
0.53941,0.56686,0.59689,0,0,0,0,0,0,0,0,0,0,0,0
0.54302,0.53789,0.60754,0,0,0,0,0,0,0,0,0,0,0,0
0.53317,0.54063,0.58267,0,0,0,0,0,0,0,0,0,0,0,0
0.55825,0.55007,0.57885,0,0,0,0,0,0,0,0,0,0,0,0
0.54239,0.54945,0.59806,0,0,0,0,0,0,0,0,0,0,0,0
0.53852,0.54774,0.63638,0,0,0,0,0,0,0,0,0,0,0,0
0.54253,0.54162,0.61408,0,0,0,0,0,0,0,0,0,0,0,0
0.54269,0.53561,0.61037,0,0,0,0,0,0,0,0,0,0,0,0
0.53263,0.53758,0.63892,0,0,0,0,0,0,0,0,0,0,0,0
0.54679,0.52819,0.58422,0,0,0,0,0,0,0,0,0,0,0,0
0.54666,0.53501,0.57297,0,0,0,0,0,0,0,0,0,0,0,0
0.54238,0.52813,0.56372,0,0,0,0,0,0,0,0,0,0,0,0
0.54455,0.5343,0.57151,0,0,0,0,0,0,0,0,0,0,0,0
0.54664,0.53822,0.58001,0,0,0,0,0,0,0,0,0,0,0,0
0.53166,0.53262,0.56749,0,0,0,0,0,0,0,0,0,0,0,0
0.53972,0.54617,0.55541,0,0,0,0,0,0,0,0,0,0,0,0
0.54881,0.5739,0.58361,0,0,0,0,0,0,0,0,0,0,0,0
0.52907,0.55648,0.56242,0,0,0,0,0,0,0,0,0,0,0,0
0.54483,0.5558,0.55605,0,0,0,0,0,0,0,0,0,0,0,0
0.55223,0.54479,0.56716,0,0,0,0,0,0,0,0,0,0,0,0
0.55457,0.54401,0.59901,0,0,0,0,0,0,0,0,0,0,0,0
0.54763,0.53753,0.57048,0,0,0,0,0,0,0,0,0,0,0,0
0.5612,0.53715,0.59776,0,0,0,0,0,0,0,0,0,0,0,0
0.53643,0.53925,0.59987,0,0,0,0,0,0,0,0,0,0,0,0
0.54337,0.541,0.59933,0,0,0,0,0,0,0,0,0,0,0,0
0.54473,0.54202,0.62676,0,0,0,0,0,0,0,0,0,0,0,0
0.53183,0.56038,0.59534,0,0,0,0,0,0,0,0,0,0,0,0
0.54567,0.53748,0.59104,0,0,0,0,0,0,0,0,0,0,0,0
0.53916,0.5363,0.58944,0,0,0,0,0,0,0,0,0,0,0,0
0.53011,0.53695,0.5795,0,0,0,0,0,0,0,0,0,0,0,0
0.54792,0.53591,0.58233,0,0,0,0,0,0,0,0,0,0,0,0
0.54234,0.55392,0.59053,0,0,0,0,0,0,0,0,0,0,0,0
0.54855,0.54552,0.61319,0,0,0,0,0,0,0,0,0,0,0,0
0.54296,0.53569,0.62397,0,0,0,0,0,0,0,0,0,0,0,0
0.54207,0.55188,0.60544,0,0,0,0,0,0,0,0,0,0,0,0
0.53314,0.54729,0.58676,0,0,0,0,0,0,0,0,0,0,0,0
0.54362,0.54241,0.62936,0,0,0,0,0,0,0,0,0,0,0,0
0.53878,0.53455,0.59774,0,0,0,0,0,0,0,0,0,0,0,0
0.53053,0.5356,0.58991,0,0,0,0,0,0,0,0,0,0,0,0
0.54105,0.54771,0.61226,0,0,0,0,0,0,0,0,0,0,0,0
0.54996,0.53998,0.59073,0,0,0,0,0,0,0,0,0,0,0,0
0.52953,0.5414,0.71971,0,0,0,0,0,0,0,0,0,0,0,0
0.54718,0.55769,0.65853,0,0,0,0,0,0,0,0,0,0,0,0
0.53795,0.54115,0.61229,0,0,0,0,0,0,0,0,0,0,0,0
0.53317,0.54291,0.574,0,0,0,0,0,0,0,0,0,0,0,0
0.54069,0.54654,0.59325,0,0,0,0,0,0,0,0,0,0,0,0
0.54661,0.53585,0.58394,0,0,0,0,0,0,0,0,0,0,0,0
0.5412,0.53718,0.56852,0,0,0,0,0,0,0,0,0,0,0,0
0.54426,0.54322,0.58789,0,0,0,0,0,0,0,0,0,0,0,0
0.55944,0.54225,0.58423,0,0,0,0,0,0,0,0,0,0,0,0
0.55367,0.53733,0.58349,0,0,0,0,0,0,0,0,0,0,0,0
0.53869,0.53741,0.60736,0,0,0,0,0,0,0,0,0,0,0,0
0.55216,0.53557,0.61103,0,0,0,0,0,0,0,0,0,0,0,0
0.53336,0.54167,0.57984,0,0,0,0,0,0,0,0,0,0,0,0
0.53471,0.55003,0.59907,0,0,0,0,0,0,0,0,0,0,0,0
0.53792,0.55218,0.58717,0,0,0,0,0,0,0,0,0,0,0,0
0.53075,0.53863,0.5713,0,0,0,0,0,0,0,0,0,0,0,0
0.5473,0.54213,0.58143,0,0,0,0,0,0,0,0,0,0,0,0
0.53765,0.54215,0.56993,0,0,0,0,0,0,0,0,0,0,0,0
0.52981,0.53236,0.58873,0,0,0,0,0,0,0,0,0,0,0,0
0.54611,0.54328,0.60583,0,0,0,0,0,0,0,0,0,0,0,0
0.54123,0.54199,0.60864,0,0,0,0,0,0,0,0,0,0,0,0
0.53417,0.54062,0.58573,0,0,0,0,0,0,0,0,0,0,0,0
0.54491,0.54261,0.59017,0,0,0,0,0,0,0,0,0,0,0,0
0.54062,0.542,0.58989,0,0,0,0,0,0,0,0,0,0,0,0
0.53791,0.54819,0.55253,0,0,0,0,0,0,0,0,0,0,0,0
0.54769,0.54194,0.58401,0,0,0,0,0,0,0,0,0,0,0,0
0.54198,0.54077,0.59321,0,0,0,0,0,0,0,0,0,0,0,0
0.53904,0.5412,0.59633,0,0,0,0,0,0,0,0,0,0,0,0
0.55184,0.54974,0.61605,0,0,0,0,0,0,0,0,0,0,0,0
0.54133,0.54269,0.61029,0,0,0,0,0,0,0,0,0,0,0,0
0.55062,0.55029,0.59739,0,0,0,0,0,0,0,0,0,0,0,0
0.54909,0.54336,0.60407,0,0,0,0,0,0,0,0,0,0,0,0
0.53927,0.54344,0.59567,0,0,0,0,0,0,0,0,0,0,0,0
0.53068,0.54349,0.58964,0,0,0,0,0,0,0,0,0,0,0,0
0.54172,0.53516,0.58183,0,0,0,0,0,0,0,0,0,0,0,0
0.53801,0.54511,0.59347,0,0,0,0,0,0,0,0,0,0,0,0
0.53909,0.54637,0.61345,0,0,0,0,0,0,0,0,0,0,0,0
0.55391,0.54117,0.61031,0,0,0,0,0,0,0,0,0,0,0,0
0.54061,0.54308,0.63351,0,0,0,0,0,0,0,0,0,0,0,0
0.5378,0.54124,0.59615,0,0,0,0,0,0,0,0,0,0,0,0
0.54224,0.53874,0.58927,0,0,0,0,0,0,0,0,0,0,0,0
0.53732,0.54322,0.60549,0,0,0,0,0,0,0,0,0,0,0,0
0.53455,0.53867,0.58658,0,0,0,0,0,0,0,0,0,0,0,0
0.53793,0.54648,0.6035,0,0,0,0,0,0,0,0,0,0,0,0
0.54223,0.53844,0.62237,0,0,0,0,0,0,0,0,0,0,0,0
0.52616,0.53393,0.60946,0,0,0,0,0,0,0,0,0,0,0,0
0.54034,0.54472,0.59548,0,0,0,0,0,0,0,0,0,0,0,0
0.54444,0.54913,0.62768,0,0,0,0,0,0,0,0,0,0,0,0
0.52662,0.54643,0.59919,0,0,0,0,0,0,0,0,0,0,0,0
0.53726,0.55595,0.57978,0,0,0,0,0,0,0,0,0,0,0,0
0.54055,0.55334,0.60416,0,0,0,0,0,0,0,0,0,0,0,0
0.53621,0.55695,0.58792,0,0,0,0,0,0,0,0,0,0,0,0
0.54491,0.54275,0.58949,0,0,0,0,0,0,0,0,0,0,0,0
0.53962,0.54971,0.59454,0,0,0,0,0,0,0,0,0,0,0,0
0.53857,0.53355,0.60244,0,0,0,0,0,0,0,0,0,0,0,0
0.55234,0.54325,0.59358,0,0,0,0,0,0,0,0,0,0,0,0
0.5498,0.54054,0.62156,0,0,0,0,0,0,0,0,0,0,0,0
