0.00027313
0.82802
0.15517
0.13563
NaN
NaN
0.1744
NaN
NaN
0.11761
NaN
NaN
0.11769
NaN
0.11608
NaN
0.11199
NaN
0.11252
NaN
NaN
0.11135
NaN
0.11542
NaN
0.11207
NaN
0.11162
NaN
NaN
0.10916
NaN
0.1102
NaN
0.10576
NaN
0.11292
NaN
0.107
NaN
NaN
0.10605
NaN
0.11293
NaN
0.11101
NaN
0.11277
NaN
0.10648
NaN
NaN
0.11003
NaN
0.11278
NaN
0.10596
NaN
0.10979
NaN
0.11033
NaN
NaN
0.11336
NaN
0.11139
NaN
0.11441
NaN
0.10564
NaN
0.10676
NaN
NaN
0.10788
NaN
0.11063
NaN
0.10894
NaN
NaN
NaN
NaN
NaN
0.00027162
0.74544
0.12529
0.103
NaN
0.12936
NaN
NaN
0.089582
0.082094
NaN
0.08114
NaN
0.079911
0.083447
NaN
0.079977
NaN
0.077615
0.078794
NaN
0.079384
0.076326
NaN
0.079354
0.083369
NaN
0.075446
NaN
0.076155
0.077109
NaN
0.077645
0.076095
NaN
0.07774
0.079203
NaN
0.08456
NaN
0.07478
0.07552
NaN
0.074413
0.082067
NaN
0.075248
0.077342
NaN
0.077837
0.079952
NaN
NaN
NaN
NaN
NaN
0.00027583
0.74758
0.11979
0.10254
NaN
0.12696
NaN
NaN
0.085298
0.083403
NaN
0.079639
NaN
0.078431
0.079441
NaN
0.077476
0.079935
NaN
0.08208
NaN
0.079315
0.080882
NaN
0.078742
0.085826
NaN
0.079461
NaN
0.074086
0.07856
NaN
0.092049
0.078062
NaN
0.074859
NaN
0.081446
0.078744
NaN
0.085964
0.075939
NaN
0.086076
NaN
0.079245
0.081152
NaN
0.081041
NaN
0.077848
0.075511
NaN
0.07489
0.077772
NaN
0.076933
0.084746
NaN
0.074533
0.07497
NaN
0.075147
0.075741
NaN
0.078712
0.074008
NaN
0.076278
0.074201
NaN
0.073512
0.080043
NaN
0.074902
NaN
0.075494
0.085679
NaN
0.07503
0.07447
NaN
0.075517
0.076107
NaN
0.074558
0.073137
NaN
0.073261
0.072969
NaN
0.076401
0.078061
NaN
0.076781
0.083201
NaN
0.077587
0.076716
NaN
0.074645
NaN
0.075005
0.074006
NaN
0.073942
0.075894
0.074663
NaN
0.078822
NaN
0.074715
0.078986
NaN
0.076801
0.07358
NaN
0.078142
0.072843
NaN
0.081296
0.078187
NaN
0.076047
0.074405
NaN
0.073783
0.075044
NaN
0.07723
0.078087
NaN
0.078695
NaN
0.076572
0.076154
NaN
0.08005
0.07165
NaN
0.085589
0.076317
NaN
0.074351
0.075969
NaN
0.082548
NaN
0.082669
0.075157
NaN
0.080488
0.083624
NaN
0.074695
0.076055
NaN
0.074716
0.076122
NaN
0.076062
0.077624
NaN
0.074783
NaN
0.075457
0.078481
NaN
0.075376
0.073371
