1
276.8675,127.4597,82.0231,66.0418
276.4522,129.0893,81.9104,65.9927
275.1520,129.7340,81.9854,66.0290
271.3651,129.6233,82.8085,66.4905
269.9454,130.8254,82.8213,66.6089
269.6422,131.1472,82.8616,66.6244
267.5386,131.8864,82.9928,66.7044
266.2291,131.5849,83.0644,66.7739
265.1306,130.8543,83.0946,66.7742
265.0157,131.6933,83.0981,66.7126
264.6288,131.3039,83.1185,66.6816
265.1779,131.4372,83.0836,66.6086
265.2756,131.5629,83.0774,66.5666
265.0637,131.4768,82.9400,66.4399
265.0333,131.2856,82.8830,66.4149
265.4735,131.7513,82.9842,66.5431
264.2512,131.3348,83.0728,66.6452
264.1517,130.5706,83.1903,66.7681
264.4451,130.7919,83.3637,66.9058
264.5971,130.7307,83.4379,66.9675
265.0416,130.9987,83.4566,66.9917
264.6093,129.9942,83.5527,67.0575
264.5918,129.8985,83.6231,67.1242
264.7532,130.3497,83.7230,67.2092
261.8564,129.9682,83.7617,67.2620
260.6062,130.4278,83.7047,67.2438
258.9402,130.4860,83.6706,67.2052
255.8025,129.3770,83.6876,67.2145
253.5291,127.4518,83.7238,67.2166
251.5493,126.5603,83.7353,67.2199
249.3104,124.4939,83.7741,67.2367
244.8965,123.0509,83.8416,67.2693
241.2641,119.6472,83.8883,67.2911
238.3408,119.4714,83.9847,67.3567
235.9361,117.6525,84.0693,67.4159
232.2964,115.4936,84.1618,67.4682
229.3957,114.0361,84.2247,67.5235
225.7856,112.5558,84.2588,67.5460
224.5204,111.0235,84.2547,67.5210
220.2752,109.7349,84.3471,67.5943
219.5518,108.7021,84.4582,67.6753
216.6012,107.4629,84.4911,67.7021
215.1964,107.6592,84.5645,67.7398
211.5883,107.3179,84.6299,67.7843
211.0594,107.7474,84.6422,67.7855
209.5795,106.9291,84.6468,67.7927
207.4935,107.4343,84.6467,67.7931
206.1096,107.0320,84.6108,67.7632
205.0095,106.9652,84.6689,67.7849
202.9491,106.9590,84.6934,67.7973
202.1158,106.3590,84.7093,67.7915
199.4018,106.1036,84.7832,67.8195
199.0048,106.3542,84.8183,67.8214
198.2524,104.9300,84.8617,67.8226
194.8698,102.7172,84.8806,67.8258
193.6945,100.7091,84.9338,67.8434
190.4497,98.4312,85.0488,67.9199
185.7746,95.8013,85.1401,67.9580
183.4984,92.8362,85.2131,68.0030
178.7712,89.0073,85.3153,68.0567
175.6097,84.4046,85.4354,68.1243
170.8242,82.4644,85.5845,68.2134
166.0085,77.6539,85.7578,68.3221
160.5791,74.5335,85.8898,68.4093
154.9439,70.3320,86.0382,68.5225
150.6397,66.6524,86.2462,68.6835
146.4067,64.1533,86.4024,68.7988
141.1932,61.4956,86.6353,68.9710
136.6323,59.2221,86.8082,69.1377
132.7013,57.8203,86.9934,69.3070
127.8713,56.6193,87.2035,69.4918
123.5044,56.0800,87.3667,69.6258
119.2009,55.3065,87.5412,69.7793
115.4117,56.2997,87.6664,69.8971
111.2122,56.5767,87.7682,69.9913
106.0212,55.6308,87.9827,70.1712
101.6755,55.5305,88.1897,70.3383
98.1779,55.6859,88.3085,70.4612
94.3673,55.6171,88.4515,70.5977
91.3470,55.6164,88.5457,70.6887
89.0260,55.9860,88.6771,70.8131
87.1084,56.6295,88.7675,70.9067
84.4910,56.4736,88.8556,70.9910
83.3545,55.5414,89.0043,71.1126
81.5539,56.3403,89.0898,71.1810
80.4501,57.4001,89.1451,71.2419
79.6652,59.2267,89.2131,71.3176
78.9814,61.2190,89.2957,71.3896
78.6415,61.7053,89.4026,71.4703
78.8730,62.8289,89.4547,71.5224
78.5111,63.4472,89.4885,71.5514
78.3711,65.4578,89.5675,71.6246
78.2326,66.7614,89.6489,71.7044
77.3655,68.4768,89.6986,71.7377
77.6824,71.5901,89.7708,71.8061
76.6791,75.4486,89.8171,71.8612
76.3611,78.8352,89.8520,71.8837
76.7773,79.7818,89.9288,71.9658
75.9380,80.9820,89.9611,71.9981
75.2641,82.3982,90.0051,72.0362
74.8460,83.6147,90.0707,72.0848
74.3843,86.4085,90.1421,72.1293
73.2357,87.7607,90.1798,72.1512
74.8204,89.9925,90.3124,72.2515
74.3089,90.8308,90.3398,72.2924
73.6845,92.5275,90.3385,72.3156
73.9420,93.7923,90.3642,72.3490
74.7188,95.0928,90.3973,72.3577
73.8318,97.1001,90.3894,72.3538
74.2617,98.2196,90.4383,72.3878
73.8290,98.6771,90.4367,72.3730
74.3403,100.6413,90.4329,72.3561
73.5496,101.8405,90.4645,72.3638
73.5710,102.5826,90.5026,72.3862
73.1471,103.5926,90.5410,72.4150
72.3849,103.9099,90.5371,72.4190
72.4121,104.6107,90.5624,72.4510
72.5793,105.1601,90.5664,72.4559
72.8510,107.0144,90.5854,72.4779
73.1082,108.0582,90.6219,72.5124
72.2839,109.7252,90.6686,72.5469
72.0934,111.6659,90.6786,72.5732
71.9872,113.3696,90.6108,72.5234
72.8134,114.1696,90.6426,72.5549
71.7905,115.2436,90.6593,72.5735
72.3050,116.9921,90.6876,72.5945
71.5222,118.8521,90.6993,72.6159
71.3269,119.7702,90.7257,72.6474
71.2596,121.5326,90.7628,72.6824
71.1663,123.1752,90.8079,72.7283
71.0828,124.2985,90.8527,72.7708
71.2293,125.6673,90.8962,72.8089
71.1350,127.5446,90.9387,72.8553
70.9899,128.9122,91.0088,72.9241
70.4218,130.6097,91.0116,72.9327
70.4335,130.7299,91.0462,72.9655
70.0231,131.5385,91.0787,73.0005
69.6247,132.0858,91.1643,73.0752
68.4070,132.2480,91.2293,73.1363
66.3504,133.1213,91.3276,73.2154
64.4920,133.2870,91.3832,73.2584
60.7825,134.1000,91.5028,73.3481
58.7149,134.9205,91.5757,73.4147
55.8727,135.9564,91.6546,73.4851
54.5345,136.1969,91.7362,73.5599
52.4146,137.4204,91.7949,73.6224
51.5341,137.7473,91.8608,73.6859
49.3158,138.6024,91.9772,73.7930
48.2387,140.3894,92.0740,73.8684
46.3626,141.7868,92.1290,73.9164
45.1096,142.1306,92.1846,73.9750
44.2948,143.5023,92.2921,74.0802
43.1489,144.2700,92.3996,74.1659
43.3985,146.3591,92.4923,74.2399
42.8145,146.8205,92.6585,74.3745
40.8929,150.9217,92.7557,74.4650
39.0234,152.6620,92.9199,74.5997
36.6473,154.1680,93.1166,74.7405
35.3082,155.3381,93.2633,74.8431
33.0296,156.6326,93.4000,74.9479
30.7570,157.8706,93.4955,75.0162
28.5167,158.4654,93.6111,75.1107
27.5155,160.2415,93.7149,75.1880
26.3360,161.4235,93.8231,75.2589
25.5427,162.5381,93.8925,75.3135
23.4559,163.8211,93.9745,75.3701
23.0280,164.1520,94.0697,75.4366
23.5230,164.6113,94.1545,75.4929
22.9558,164.0206,94.2346,75.5445
23.3774,164.6730,94.3217,75.6164
22.9940,165.1549,94.4019,75.6846
23.5910,165.3315,94.4720,75.7408
22.7035,165.7142,94.5780,75.8251
22.9919,165.9432,94.6227,75.8630
23.2290,166.2363,94.6524,75.8746
22.2672,166.7982,94.7223,75.9263
22.4147,166.9680,94.8152,75.9830
23.1239,166.5161,94.8886,76.0301
22.6532,166.8048,94.9522,76.0789
22.8353,167.5653,95.0367,76.1413
22.0091,167.6045,95.0799,76.1678
21.3490,167.9279,95.1185,76.2032
21.0125,167.9244,95.1298,76.2114
20.2071,168.6340,95.1722,76.2498
20.4923,168.6932,95.2382,76.2964
20.5105,168.8054,95.2318,76.2927
20.2976,168.4996,95.2811,76.3260
20.0705,169.1476,95.3104,76.3477
19.7897,169.1967,95.3241,76.3621
18.6692,168.7200,95.3290,76.3799
18.7907,169.2164,95.3680,76.4309
17.7630,169.2666,95.3852,76.4480
16.9828,169.4533,95.3979,76.4713
17.1544,169.4935,95.4266,76.5048
17.0657,169.6781,95.4606,76.5405
16.5980,169.6581,95.4720,76.5615
15.5858,170.2085,95.4906,76.5833
13.0483,170.2182,95.4815,76.5860
9.0755,171.5661,95.5307,76.6301
5.4014,173.9384,95.5824,76.6738
0.3030,177.8852,95.6940,76.7251
-4.0792,180.0096,95.8164,76.7990
-11.0705,182.5457,95.9824,76.9187
-19.3893,185.0208,96.1583,77.0631
-25.9155,185.2890,96.4250,77.2632
-29.9465,186.0687,96.6723,77.4956
-34.5143,186.1650,96.7382,77.5735
-37.4979,186.4774,96.9319,77.7506
-41.8394,188.9398,97.0238,77.8902
-44.8830,190.9207,97.0209,77.9534
-46.8759,191.1110,97.0117,78.0018
-47.8378,193.5553,97.0870,78.1420
-51.3387,194.3208,96.9422,78.0525
-51.5661,195.8368,96.8191,77.9698
-53.6655,198.1189,96.8130,77.9887
-55.2345,199.2990,96.8385,78.0635
-56.1432,200.5006,96.8350,78.0899
-58.0483,204.0904,96.8219,78.1290
-59.2740,207.5991,96.7764,78.1520
-60.7064,208.5973,96.7886,78.2197
-63.3761,211.6473,96.6994,78.2534
-65.3203,211.8955,96.6016,78.2249
-66.1671,214.2355,96.5080,78.1629
-65.6812,215.0321,96.4359,78.1067
-66.3793,218.2579,96.3488,77.9957
-65.7721,217.5746,96.2394,77.8855
-67.6098,218.7320,96.2891,77.9144
-67.3568,219.2924,96.2863,77.9229
-67.8094,220.0913,96.1549,77.8023
-67.7778,221.4067,96.2132,77.8525
-69.1383,220.9201,96.1398,77.8225
-72.2632,221.5597,96.1418,77.8015
-74.3377,221.5786,96.1943,77.8261
-76.5992,221.3651,96.2513,77.8352
-78.4181,223.0929,96.1901,77.7276
-79.6282,224.2414,96.0609,77.5686
-81.6008,226.3977,95.8449,77.3765
-81.5381,228.8509,95.6727,77.2588
-81.8824,232.8598,95.7355,77.3138
-84.4896,234.6721,95.6580,77.1926
-87.8238,239.1481,95.8130,77.2473
-89.4349,240.6223,95.9842,77.3738
-89.8504,241.9681,95.9525,77.3628
-92.2542,244.3722,95.9525,77.3628
-96.6572,247.7992,95.9525,77.3628
-99.1903,248.3979,95.9525,77.3628
-104.5103,252.8461,95.9525,77.3628
-108.1427,258.2058,95.9525,77.3628
-110.2838,253.8762,95.9525,77.3628
-111.0864,256.6955,95.9525,77.3628
-111.5573,256.6480,95.9525,77.3628
-112.8122,256.6700,95.9525,77.3628
-116.4508,263.3255,95.9525,77.3628
-116.9066,257.4796,95.9525,77.3628
-117.7964,258.0288,95.9525,77.3628
-119.3625,257.0428,95.9525,77.3628
-118.9860,251.4785,95.9525,77.3628
-118.4352,248.3586,95.9525,77.3628
-82.7631,285.7124,95.9525,77.3628
-90.9231,276.4451,95.9525,77.3628
-89.4668,280.1707,95.9525,77.3628
-88.6670,279.0088,95.9525,77.3628
-89.3845,280.3272,95.9525,77.3628
-90.6379,280.2821,95.9525,77.3628
-46.7572,236.3260,95.9525,77.3628
-59.0666,247.9379,95.9525,77.3628
-56.4206,247.6249,95.9525,77.3628
-100.3013,291.5810,95.9525,77.3628
-88.2261,278.7701,95.9525,77.3628
-89.2559,279.5777,95.9525,77.3628
-89.8592,280.4860,95.9525,77.3628
-88.5117,280.8553,95.9525,77.3628
-88.5984,281.0734,95.9525,77.3628
-88.0023,280.9120,95.9525,77.3628
-87.5204,281.0724,95.9525,77.3628
-88.7563,280.9136,95.9525,77.3628
-85.8388,281.3535,95.9525,77.3628
-88.5839,281.6791,95.9525,77.3628
-88.5236,282.1417,95.9594,77.3553
-88.0193,282.0400,95.9105,77.2678
-87.8321,281.3665,95.9440,77.2179
-88.0744,281.5019,96.1469,77.3111
-87.4175,281.3930,96.2397,77.3793
-88.1143,282.1084,96.3614,77.4447
-88.9652,281.6207,96.4997,77.5266
-87.8835,281.8555,96.5291,77.5532
-88.1572,281.3266,96.5136,77.4871
-87.0457,283.1845,96.5847,77.5109
-87.2262,283.7537,96.7342,77.6096
-86.9204,281.7880,96.6813,77.5011
-87.5672,281.1830,96.8503,77.6304
-86.1917,283.1647,96.8643,77.6323
-87.0639,282.9899,96.8004,77.5379
-86.3985,282.3097,96.7142,77.4471
-85.6898,282.0763,96.6986,77.4356
-85.6715,281.1591,96.7392,77.4605
-85.8187,281.8518,96.8208,77.5506
-85.6193,281.5594,96.9016,77.6321
-84.8785,281.5945,96.9938,77.6908
-84.9237,278.9134,97.2508,77.8520
-84.3382,278.0901,97.4662,78.0762
-81.9590,276.8205,97.4878,78.0804
-82.0422,274.8647,97.6036,78.2215
-81.3021,273.3470,97.8943,78.3813
-80.7920,272.2957,98.0915,78.5139
-79.3907,269.1726,98.1935,78.5866
-80.3448,268.0967,98.1958,78.4921
-80.3241,266.7112,98.0826,78.3777
-79.5382,265.5606,98.0941,78.3570
