8.9618,8.9825,9.0588,0,0,0,0,0,0,0,0,0,0,0,0
0.11254,0.1106,0.11101,0,0,0,0,0,0,0,0,0,0,0,0
0.041664,0.044005,0.04261,0,0,0,0,0,0,0,0,0,0,0,0
0.031631,0.034902,0.031608,0,0,0,0,0,0,0,0,0,0,0,0
0.04033,0.042405,0.040546,0,0,0,0,0,0,0,0,0,0,0,0
0.054947,0.054831,0.054768,0,0,0,0,0,0,0,0,0,0,0,0
0.026324,0.026743,0.026685,0,0,0,0,0,0,0,0,0,0,0,0
0.025451,0.026254,0.025868,0,0,0,0,0,0,0,0,0,0,0,0
0.025389,0.02596,0.026276,0,0,0,0,0,0,0,0,0,0,0,0
0.02595,0.025811,0.026062,0,0,0,0,0,0,0,0,0,0,0,0
0.026752,0.025698,0.026189,0,0,0,0,0,0,0,0,0,0,0,0
0.026229,0.025681,0.025461,0,0,0,0,0,0,0,0,0,0,0,0
0.026894,0.025612,0.026274,0,0,0,0,0,0,0,0,0,0,0,0
0.027294,0.02717,0.028346,0,0,0,0,0,0,0,0,0,0,0,0
0.026514,0.026032,0.025835,0,0,0,0,0,0,0,0,0,0,0,0
0.026139,0.025874,0.025648,0,0,0,0,0,0,0,0,0,0,0,0
0.026267,0.02406,0.025904,0,0,0,0,0,0,0,0,0,0,0,0
0.026231,0.024085,0.026165,0,0,0,0,0,0,0,0,0,0,0,0
0.026123,0.024822,0.025597,0,0,0,0,0,0,0,0,0,0,0,0
0.027273,0.026533,0.026645,0,0,0,0,0,0,0,0,0,0,0,0
0.026072,0.024557,0.025889,0,0,0,0,0,0,0,0,0,0,0,0
0.026494,0.025089,0.026091,0,0,0,0,0,0,0,0,0,0,0,0
0.026128,0.026032,0.025557,0,0,0,0,0,0,0,0,0,0,0,0
0.026296,0.025829,0.025302,0,0,0,0,0,0,0,0,0,0,0,0
0.026298,0.026326,0.024547,0,0,0,0,0,0,0,0,0,0,0,0
0.027102,0.026662,0.02553,0,0,0,0,0,0,0,0,0,0,0,0
0.026359,0.02562,0.024296,0,0,0,0,0,0,0,0,0,0,0,0
0.024514,0.025891,0.024937,0,0,0,0,0,0,0,0,0,0,0,0
0.026255,0.026324,0.025643,0,0,0,0,0,0,0,0,0,0,0,0
0.025316,0.025899,0.024543,0,0,0,0,0,0,0,0,0,0,0,0
0.026588,0.025816,0.025237,0,0,0,0,0,0,0,0,0,0,0,0
0.025688,0.025665,0.025874,0,0,0,0,0,0,0,0,0,0,0,0
0.025742,0.025913,0.025854,0,0,0,0,0,0,0,0,0,0,0,0
0.026373,0.025957,0.024664,0,0,0,0,0,0,0,0,0,0,0,0
0.026181,0.025818,0.025217,0,0,0,0,0,0,0,0,0,0,0,0
0.026315,0.025771,0.025844,0,0,0,0,0,0,0,0,0,0,0,0
0.026537,0.025838,0.024595,0,0,0,0,0,0,0,0,0,0,0,0
0.026609,0.026345,0.024634,0,0,0,0,0,0,0,0,0,0,0,0
0.026616,0.02604,0.026058,0,0,0,0,0,0,0,0,0,0,0,0
0.026205,0.02591,0.025709,0,0,0,0,0,0,0,0,0,0,0,0
0.026344,0.025742,0.023902,0,0,0,0,0,0,0,0,0,0,0,0
0.02626,0.025093,0.02465,0,0,0,0,0,0,0,0,0,0,0,0
0.026592,0.024868,0.025004,0,0,0,0,0,0,0,0,0,0,0,0
0.025815,0.025923,0.024903,0,0,0,0,0,0,0,0,0,0,0,0
0.025739,0.025284,0.024383,0,0,0,0,0,0,0,0,0,0,0,0
0.026401,0.025973,0.025437,0,0,0,0,0,0,0,0,0,0,0,0
0.024409,0.025716,0.024417,0,0,0,0,0,0,0,0,0,0,0,0
0.026886,0.026057,0.025845,0,0,0,0,0,0,0,0,0,0,0,0
0.02531,0.025851,0.025931,0,0,0,0,0,0,0,0,0,0,0,0
0.026051,0.026387,0.025714,0,0,0,0,0,0,0,0,0,0,0,0
0.026543,0.02608,0.026056,0,0,0,0,0,0,0,0,0,0,0,0
0.026715,0.026023,0.025577,0,0,0,0,0,0,0,0,0,0,0,0
0.026285,0.025765,0.025719,0,0,0,0,0,0,0,0,0,0,0,0
0.026313,0.02617,0.02605,0,0,0,0,0,0,0,0,0,0,0,0
0.026986,0.026791,0.026695,0,0,0,0,0,0,0,0,0,0,0,0
0.02612,0.025758,0.025684,0,0,0,0,0,0,0,0,0,0,0,0
0.024826,0.025917,0.025613,0,0,0,0,0,0,0,0,0,0,0,0
0.024251,0.025719,0.025597,0,0,0,0,0,0,0,0,0,0,0,0
0.025944,0.025838,0.025028,0,0,0,0,0,0,0,0,0,0,0,0
0.026818,0.025648,0.024531,0,0,0,0,0,0,0,0,0,0,0,0
0.026728,0.025792,0.024282,0,0,0,0,0,0,0,0,0,0,0,0
0.026149,0.025783,0.02563,0,0,0,0,0,0,0,0,0,0,0,0
0.025808,0.026255,0.02441,0,0,0,0,0,0,0,0,0,0,0,0
0.026195,0.025869,0.025522,0,0,0,0,0,0,0,0,0,0,0,0
0.026058,0.025673,0.025762,0,0,0,0,0,0,0,0,0,0,0,0
0.026407,0.02573,0.025729,0,0,0,0,0,0,0,0,0,0,0,0
0.02603,0.025434,0.025763,0,0,0,0,0,0,0,0,0,0,0,0
0.025829,0.025643,0.025708,0,0,0,0,0,0,0,0,0,0,0,0
0.027203,0.026042,0.025908,0,0,0,0,0,0,0,0,0,0,0,0
0.026231,0.025802,0.025657,0,0,0,0,0,0,0,0,0,0,0,0
0.026476,0.02583,0.026038,0,0,0,0,0,0,0,0,0,0,0,0
0.026685,0.025841,0.025674,0,0,0,0,0,0,0,0,0,0,0,0
0.026319,0.026054,0.025754,0,0,0,0,0,0,0,0,0,0,0,0
0.026395,0.026088,0.025903,0,0,0,0,0,0,0,0,0,0,0,0
0.026321,0.02608,0.025763,0,0,0,0,0,0,0,0,0,0,0,0
0.026118,0.026119,0.025993,0,0,0,0,0,0,0,0,0,0,0,0
0.026521,0.025989,0.026296,0,0,0,0,0,0,0,0,0,0,0,0
0.025061,0.02534,0.02648,0,0,0,0,0,0,0,0,0,0,0,0
0.026407,0.025302,0.025687,0,0,0,0,0,0,0,0,0,0,0,0
0.025504,0.025237,0.025748,0,0,0,0,0,0,0,0,0,0,0,0
0.025382,0.026073,0.026099,0,0,0,0,0,0,0,0,0,0,0,0
0.025384,0.025379,0.026017,0,0,0,0,0,0,0,0,0,0,0,0
0.025307,0.026407,0.025791,0,0,0,0,0,0,0,0,0,0,0,0
0.024798,0.02549,0.025862,0,0,0,0,0,0,0,0,0,0,0,0
0.026423,0.025982,0.025869,0,0,0,0,0,0,0,0,0,0,0,0
0.027052,0.026084,0.025983,0,0,0,0,0,0,0,0,0,0,0,0
0.025381,0.026334,0.026386,0,0,0,0,0,0,0,0,0,0,0,0
0.027127,0.026325,0.025965,0,0,0,0,0,0,0,0,0,0,0,0
0.0259,0.026254,0.026675,0,0,0,0,0,0,0,0,0,0,0,0
0.02725,0.026408,0.02616,0,0,0,0,0,0,0,0,0,0,0,0
0.026157,0.02531,0.026033,0,0,0,0,0,0,0,0,0,0,0,0
0.025548,0.026339,0.026225,0,0,0,0,0,0,0,0,0,0,0,0
0.027392,0.025473,0.026817,0,0,0,0,0,0,0,0,0,0,0,0
0.027298,0.026727,0.027341,0,0,0,0,0,0,0,0,0,0,0,0
0.027059,0.026316,0.026785,0,0,0,0,0,0,0,0,0,0,0,0
0.027322,0.026609,0.026112,0,0,0,0,0,0,0,0,0,0,0,0
0.027875,0.026951,0.026704,0,0,0,0,0,0,0,0,0,0,0,0
0.028413,0.027515,0.02739,0,0,0,0,0,0,0,0,0,0,0,0
0.027776,0.028024,0.028086,0,0,0,0,0,0,0,0,0,0,0,0
0.029695,0.02842,0.027645,0,0,0,0,0,0,0,0,0,0,0,0
0.029046,0.029156,0.030199,0,0,0,0,0,0,0,0,0,0,0,0
0.031648,0.034486,0.030212,0,0,0,0,0,0,0,0,0,0,0,0
0.030979,0.028431,0.029069,0,0,0,0,0,0,0,0,0,0,0,0
0.029038,0.02855,0.028164,0,0,0,0,0,0,0,0,0,0,0,0
0.029099,0.028539,0.028357,0,0,0,0,0,0,0,0,0,0,0,0
0.029178,0.02829,0.028403,0,0,0,0,0,0,0,0,0,0,0,0
0.029547,0.028307,0.028287,0,0,0,0,0,0,0,0,0,0,0,0
0.029494,0.02837,0.028413,0,0,0,0,0,0,0,0,0,0,0,0
0.029251,0.028751,0.041883,0,0,0,0,0,0,0,0,0,0,0,0
0.029145,0.028511,0.030779,0,0,0,0,0,0,0,0,0,0,0,0
0.029813,0.028665,0.028461,0,0,0,0,0,0,0,0,0,0,0,0
0.029322,0.028746,0.028408,0,0,0,0,0,0,0,0,0,0,0,0
0.029415,0.030434,0.028958,0,0,0,0,0,0,0,0,0,0,0,0
0.031288,0.030615,0.028577,0,0,0,0,0,0,0,0,0,0,0,0
0.029704,0.029052,0.028487,0,0,0,0,0,0,0,0,0,0,0,0
0.029681,0.028784,0.029022,0,0,0,0,0,0,0,0,0,0,0,0
0.030405,0.029479,0.0292,0,0,0,0,0,0,0,0,0,0,0,0
0.030119,0.030382,0.030516,0,0,0,0,0,0,0,0,0,0,0,0
0.029613,0.030691,0.030504,0,0,0,0,0,0,0,0,0,0,0,0
0.031879,0.030302,0.030412,0,0,0,0,0,0,0,0,0,0,0,0
0.032132,0.031018,0.031128,0,0,0,0,0,0,0,0,0,0,0,0
0.03256,0.031367,0.031573,0,0,0,0,0,0,0,0,0,0,0,0
0.032588,0.041709,0.031516,0,0,0,0,0,0,0,0,0,0,0,0
0.03228,0.031796,0.031635,0,0,0,0,0,0,0,0,0,0,0,0
0.032535,0.031017,0.031866,0,0,0,0,0,0,0,0,0,0,0,0
0.032634,0.03178,0.031765,0,0,0,0,0,0,0,0,0,0,0,0
0.033034,0.03216,0.030944,0,0,0,0,0,0,0,0,0,0,0,0
0.033576,0.032917,0.032375,0,0,0,0,0,0,0,0,0,0,0,0
0.053911,0.052844,0.052579,0,0,0,0,0,0,0,0,0,0,0,0
0.038748,0.037944,0.038125,0,0,0,0,0,0,0,0,0,0,0,0
0.038924,0.037866,0.03761,0,0,0,0,0,0,0,0,0,0,0,0
