0.017894
0.55714
0.54377
0.54029
0.5481
0.55643
0.556
0.53849
0.54366
0.54012
0.54848
0.54149
0.53754
0.53938
0.53713
0.53611
0.54521
0.54735
0.54783
0.54666
0.54472
0.55281
0.52923
0.53943
0.54534
0.55259
0.53827
0.5482
0.54148
0.52797
0.54888
0.53249
0.53442
0.55521
0.54301
0.55763
0.55563
0.56124
0.54046
0.54521
0.52979
0.54633
0.52993
0.53746
0.53446
0.55044
0.5449
0.5563
0.54472
0.57242
0.54244
0.54443
0.55068
0.54164
0.53626
0.53767
0.53682
0.53312
0.53599
0.53514
0.55302
0.55656
0.54225
0.54385
0.54736
0.55559
0.53954
0.53997
0.54361
0.54951
0.54544
0.53777
0.55405
0.54338
0.53829
0.53419
0.54675
0.5449
0.54009
0.54068
0.5366
0.53977
0.54389
0.53357
0.54114
0.54397
0.55101
0.54269
0.54609
0.55984
0.55002
0.54687
0.54551
0.54892
0.54401
0.54125
0.54623
0.54266
0.54388
0.55249
0.5416
0.54328
0.54064
0.54056
0.55478
0.55315
0.55389
0.55067
0.55095
0.54517
0.55324
0.5501
0.55564
0.54587
0.55006
0.56419
0.57773
0.56307
0.55553
0.55534
0.54502
0.54585
0.54235
0.53585
0.54508
0.54826
0.5399
0.54174
0.53939
0.5554
0.55212
0.54048
0.54082
0.51435
0.54252
0.54054
0.55488
0.53988
0.53581
0.53659
0.53807
0.54342
0.53867
0.52951
0.55063
0.55817
0.54611
0.55098
0.54185
0.54458
0.56217
0.5504
0.55063
0.55764
0.54229
0.5443
0.55242
0.5509
0.55387
0.54199
0.5541
0.54779
0.53578
0.54606
0.54253
0.55529
0.54533
0.55719
0.54071
0.54786
0.54702
0.55544
0.55688
0.56215
0.55885
