1.0967
20.36
2.6075
1.2674
0.58454
1.2119
1.1253
1.164
0.52165
0.74858
0.57038
0.58363
1.2869
1.135
1.1201
1.1102
1.1271
1.1183
0.54509
0.60822
1.2069
0.54878
0.52573
0.53332
1.198
1.1365
1.129
1.1627
1.1361
1.1379
1.2172
1.1752
1.1788
1.1268
1.147
1.175
0.62508
0.63152
0.75153
1.6503
1.1956
1.2257
0.6003
0.64034
0.6384
0.65194
0.6989
1.4775
1.2539
1.331
1.3514
1.4879
1.5214
1.4612
1.4073
1.3629
1.3687
1.3962
1.3783
1.4914
1.4417
1.4856
1.3224
1.3397
1.454
1.4311
1.3885
1.3639
1.4253
0.77451
0.73137
0.7506
0.79893
1.661
1.5591
1.5581
1.5848
1.6115
1.5175
1.5759
1.524
1.6866
1.7507
1.6423
1.5067
1.5309
1.575
0.8179
0.8741
0.89374
2.0271
1.6825
1.6952
1.6355
1.7436
1.8125
1.7646
1.9352
2.0745
2.0103
1.8385
2.0059
1.8995
1.9405
1.7846
0.93345
1.7773
0.85343
0.94982
0.92019
2.0868
2.2047
2.1426
1.966
1.0401
1.0585
1.0092
1.0124
1.0634
0.97601
1.0196
2.0893
2.1264
2.2606
2.1645
2.2363
2.4157
2.2402
2.1888
2.4329
2.1961
2.1088
2.1019
2.2005
2.3312
2.3326
2.3351
2.4786
2.4076
2.3771
2.3883
2.2472
2.5375
2.2749
2.5251
2.3876
2.3399
2.3024
2.4912
2.3696
2.3084
2.3955
2.8225
2.972
2.5979
2.619
2.5515
2.4791
2.7035
2.6566
2.4856
2.4508
2.7447
2.6974
2.5383
2.7658
2.8148
2.7777
2.5342
2.7017
2.5674
2.5996
2.4147
2.5011
2.9312
2.7969
2.654
2.7699
2.6796
2.8626
2.7668
2.5649
2.5347
2.5079
2.5799
2.503
2.4601
2.578
2.5262
2.7972
2.7242
2.5663
2.4988
2.6971
2.8065
2.5726
2.515
2.4115
2.5476
2.464
2.5319
2.8344
2.5718
2.5386
2.7987
2.9177
2.6417
2.5874
2.6794
2.669
2.554
2.5229
2.6228
2.604
2.6764
2.5314
2.4817
2.3749
1.2467
1.2036
1.2195
1.2209
1.2947
1.2309
1.1992
1.2256
2.6012
3.0263
2.7903
2.6758
2.6859
2.6419
2.5065
1.2308
1.2466
2.7063
2.8122
2.829
2.617
2.5389
2.5191
2.5824
2.5406
2.4268
2.3723
2.5076
2.6356
2.5515
2.5135
2.5068
2.5527
2.6713
2.5058
2.4166
2.4586
2.4151
2.3281
2.3472
2.7409
2.7406
2.9767
2.7266
2.6873
2.5232
2.6915
2.6507
2.5353
2.6155
3.0278
3.0752
2.9371
2.7505
2.6113
2.8959
2.8101
2.706
2.811
2.7859
2.8157
2.9814
2.835
2.7003
2.6669
2.741
2.8059
2.9375
3.0244
2.8196
2.6984
2.5958
2.808
2.7551
2.6051
2.3799
2.692
2.8108
2.7888
2.7607
2.7099
2.593
2.6781
2.5711
2.7508
2.6711
2.8605
2.7934
2.7553
2.6642
2.5304
2.5018
2.7753
2.7704
2.7623
2.6796
2.7964
3.1411
3.0798
2.8371
3.1216
2.8803
2.7055
2.5798
2.8724
2.9142
2.7718
2.6124
2.6639
2.5409
2.5342
2.7881
2.7421
2.7645
2.9624
2.9044
2.8204
2.5769
2.654
2.4907
2.4726
2.6802
2.7086
2.7351
2.7529
2.7941
2.8856
2.7772
2.7163
2.6149
2.5179
2.7595
2.9731
2.778
2.6154
2.7714
2.7917
2.6745
2.7735
2.7145
2.7273
2.8426
3.0265
2.9519
2.8635
2.6995
2.7945
2.9074
3.1762
3.1773
2.8245
2.8813
2.7353
2.821
2.8704
2.8154
2.6633
1.3315
1.2746
1.3092
2.6737
2.6625
2.6438
2.62
2.8325
2.8095
2.7053
2.6975
2.8604
2.8638
2.8907
2.9333
3.0148
2.8218
2.7262
2.7189
2.7103
2.6549
2.7327
2.7911
2.7303
2.6904
2.455
2.4796
1.326
1.2081
1.2231
1.1894
1.2091
1.2515
1.3002
1.2634
1.2459
1.2696
2.5353
2.6218
2.9704
3.0126
2.8006
2.6622
3.2957
3.097
2.8674
2.9555
2.8456
2.6682
2.5686
2.7697
2.837
2.7386
2.7594
2.6626
2.7094
2.8577
2.8342
2.8018
2.9486
2.805
2.8131
2.8508
2.763
3.1463
3.1027
2.9325
2.7708
2.7755
2.7825
2.7202
2.6373
2.8193
2.8441
2.7257
2.4296
2.6387
2.8924
2.6604
2.6949
2.6142
2.6171
2.5217
2.4981
1.3028
2.585
2.4583
1.2215
1.2318
1.2497
1.2414
1.2916
1.3326
1.3223
1.289
1.3089
1.2499
1.2479
1.323
1.3184
1.2494
2.7111
2.5121
2.4136
2.6851
3.1085
2.908
2.7549
2.6971
1.2435
2.6544
2.6049
2.6474
2.4963
2.4819
2.5793
3.0371
2.9607
2.7137
2.5337
2.7439
2.6644
2.3923
2.4357
2.7615
2.739
2.7964
3.0778
3.1532
2.9244
2.7651
2.868
2.83
2.7267
2.7786
3.2228
3.1597
3.0701
3.0063
3.3339
3.1676
3.0157
3.0289
2.3449
2.3564
2.2718
2.5301
2.4444
2.2802
2.2664
2.5408
2.5328
2.3259
2.1701
2.2554
2.3987
2.6746
2.5301
2.674
2.5134
2.5701
2.5895
2.5129
2.303
2.2657
2.3597
1.1872
2.4214
2.3496
2.1708
2.3407
2.788
2.6898
2.6504
2.8955
2.9801
2.7787
2.609
2.5633
2.6721
2.7713
2.648
2.4621
2.5369
2.7381
2.6984
2.5621
2.9748
3.507
3.2744
2.8719
3.0257
3.0578
2.9595
3.0728
3.0483
2.9525
3.0005
2.7863
2.7889
2.9771
2.7397
2.8634
3.145
3.3362
3.5801
3.3308
3.3354
3.5228
3.337
2.982
2.7164
2.9903
2.8991
2.9677
2.9619
2.839
3.159
2.8631
2.8101
3.0421
3.076
2.9181
2.9636
3.5081
3.5707
3.9192
3.3805
3.1407
3.35
3.5166
3.3459
3.6782
3.4689
3.3281
3.4128
4.2369
4.3581
3.6448
3.5245
3.3062
3.0319
3.3106
3.8581
4.161
3.7492
3.4375
3.5541
3.3003
3.189
3.6731
3.9762
3.6373
3.5721
3.5964
3.6279
3.7
3.9021
3.5521
3.8353
3.3641
3.9035
4.0624
3.8436
3.4547
3.5445
3.4839
3.7535
3.4729
3.5599
3.3856
3.3766
3.6149
4.5933
4.8814
5.2476
4.9871
4.9571
4.1273
4.1078
3.6401
3.4791
3.5103
3.3836
3.2465
3.5452
3.6339
3.3306
3.861
3.9193
3.7642
4.2703
4.1317
4.4914
3.8977
3.9774
4.3841
4.084
3.7199
3.7345
4.0857
3.8727
4.1931
3.4364
3.2656
3.164
3.4499
3.0792
2.9996
2.9462
2.9852
2.9805
2.9133
2.7845
3.0575
3.0228
2.8921
2.7142
2.8966
2.9412
2.7656
3.0005
3.1842
3.0131
3.2158
3.1863
3.5788
3.5844
3.3052
3.0512
3.5186
3.3802
3.0533
2.745
2.8732
3.6331
3.7457
3.5099
3.5746
4.1337
3.917
3.8762
4.0349
3.7881
3.4215
3.2379
3.4525
4.0943
4.2982
3.7413
3.4196
3.2627
1.6289
3.4016
3.4028
3.3233
3.0366
2.8781
1.5229
3.0084
3.1861
3.4736
3.9744
4.1519
4.5633
4.742
4.3365
