1
535.1000,203.6000,569.9000,203.6000,569.9000,232.4000,535.1000,232.4000
529.6000,206.4000,558.4000,206.4000,558.4000,237.6000,529.6000,237.6000
529.1000,219.1000,563.9000,219.1000,563.9000,241.9000,529.1000,241.9000
528.4000,224.5000,559.6000,224.5000,559.6000,242.5000,528.4000,242.5000
526.5000,232.4000,556.5000,232.4000,556.5000,251.6000,526.5000,251.6000
525.5000,239.5000,555.5000,239.5000,555.5000,257.5000,525.5000,257.5000
528.8000,246.3000,555.2000,246.3000,555.2000,266.7000,528.8000,266.7000
527.7000,251.5000,555.3000,251.5000,555.3000,269.5000,527.7000,269.5000
530.8000,255.2000,557.2000,255.2000,557.2000,276.8000,530.8000,276.8000
532.7000,257.1000,560.3000,257.1000,560.3000,279.9000,532.7000,279.9000
536.5000,257.0000,566.5000,257.0000,566.5000,281.0000,536.5000,281.0000
543.6000,261.2000,572.4000,261.2000,572.4000,282.8000,543.6000,282.8000
553.7000,262.2000,581.3000,262.2000,581.3000,283.8000,553.7000,283.8000
563.9000,267.3000,589.1000,267.3000,589.1000,287.7000,563.9000,287.7000
574.0000,268.2000,598.0000,268.2000,598.0000,289.8000,574.0000,289.8000
592.2000,274.5000,613.8000,274.5000,613.8000,292.5000,592.2000,292.5000
599.3000,272.3000,619.7000,272.3000,619.7000,292.7000,599.3000,292.7000
610.2000,275.9000,631.8000,275.9000,631.8000,289.1000,610.2000,289.1000
619.6000,276.9000,636.4000,276.9000,636.4000,290.1000,619.6000,290.1000
629.8000,277.7000,644.2000,277.7000,644.2000,293.3000,629.8000,293.3000
635.9000,276.5000,649.1000,276.5000,649.1000,294.5000,635.9000,294.5000
642.5000,279.4000,660.5000,279.4000,660.5000,298.6000,642.5000,298.6000
652.9000,282.5000,666.1000,282.5000,666.1000,300.5000,652.9000,300.5000
653.6000,284.6000,670.4000,284.6000,670.4000,301.4000,653.6000,301.4000
658.8000,290.0000,673.2000,290.0000,673.2000,302.0000,658.8000,302.0000
671.9000,292.9000,685.1000,292.9000,685.1000,306.1000,671.9000,306.1000
679.9000,288.0000,693.1000,288.0000,693.1000,300.0000,679.9000,300.0000
677.9000,290.1000,691.1000,290.1000,691.1000,300.9000,677.9000,300.9000
682.0000,290.1000,694.0000,290.1000,694.0000,300.9000,682.0000,300.9000
685.1000,290.2000,695.9000,290.2000,695.9000,299.8000,685.1000,299.8000
689.8000,286.9000,704.2000,286.9000,704.2000,300.1000,689.8000,300.1000
694.1000,285.9000,704.9000,285.9000,704.9000,299.1000,694.1000,299.1000
697.0000,285.0000,709.0000,285.0000,709.0000,297.0000,697.0000,297.0000
701.1000,281.1000,711.9000,281.1000,711.9000,291.9000,701.1000,291.9000
703.0000,281.0000,715.0000,281.0000,715.0000,293.0000,703.0000,293.0000
709.1000,275.0000,719.9000,275.0000,719.9000,287.0000,709.1000,287.0000
716.1000,271.0000,726.9000,271.0000,726.9000,283.0000,716.1000,283.0000
721.0000,270.0000,733.0000,270.0000,733.0000,282.0000,721.0000,282.0000
731.0000,263.9000,743.0000,263.9000,743.0000,277.1000,731.0000,277.1000
737.9000,259.7000,751.1000,259.7000,751.1000,275.3000,737.9000,275.3000
736.7000,259.9000,752.3000,259.9000,752.3000,273.1000,736.7000,273.1000
2
0
0
0
0
1
845.3000,215.2000,865.7000,215.2000,865.7000,236.8000,845.3000,236.8000
861.5000,215.5000,879.5000,215.5000,879.5000,233.5000,861.5000,233.5000
877.5000,211.5000,895.5000,211.5000,895.5000,229.5000,877.5000,229.5000
891.3000,208.5000,911.7000,208.5000,911.7000,226.5000,891.3000,226.5000
905.1000,203.5000,927.9000,203.5000,927.9000,221.5000,905.1000,221.5000
921.3000,197.4000,941.7000,197.4000,941.7000,216.6000,921.3000,216.6000
936.2000,192.4000,957.8000,192.4000,957.8000,211.6000,936.2000,211.6000
951.3000,187.5000,971.7000,187.5000,971.7000,205.5000,951.3000,205.5000
966.4000,180.6000,985.6000,180.6000,985.6000,197.4000,966.4000,197.4000
975.1000,173.5000,997.9000,173.5000,997.9000,191.5000,975.1000,191.5000
989.4000,168.6000,1008.6000,168.6000,1008.6000,185.4000,989.4000,185.4000
1001.5000,162.5000,1019.5000,162.5000,1019.5000,180.5000,1001.5000,180.5000
1012.5000,160.6000,1030.5000,160.6000,1030.5000,177.4000,1012.5000,177.4000
1023.4000,158.5000,1042.6000,158.5000,1042.6000,176.5000,1023.4000,176.5000
1034.3000,156.5000,1054.7000,156.5000,1054.7000,174.5000,1034.3000,174.5000
1043.4000,157.4000,1062.6000,157.4000,1062.6000,176.6000,1043.4000,176.6000
1055.6000,162.6000,1072.4000,162.6000,1072.4000,179.4000,1055.6000,179.4000
1061.4000,169.6000,1080.6000,169.6000,1080.6000,186.4000,1061.4000,186.4000
1068.5000,168.6000,1086.5000,168.6000,1086.5000,185.4000,1068.5000,185.4000
1072.4000,163.6000,1091.6000,163.6000,1091.6000,180.4000,1072.4000,180.4000
1075.5000,155.6000,1093.5000,155.6000,1093.5000,172.4000,1075.5000,172.4000
1079.5000,147.7000,1097.5000,147.7000,1097.5000,163.3000,1079.5000,163.3000
1081.9000,145.0000,1095.1000,145.0000,1095.1000,157.0000,1081.9000,157.0000
1084.1000,138.9000,1094.9000,138.9000,1094.9000,152.1000,1084.1000,152.1000
1083.8000,134.9000,1098.2000,134.9000,1098.2000,148.1000,1083.8000,148.1000
1085.8000,128.9000,1100.2000,128.9000,1100.2000,142.1000,1085.8000,142.1000
1087.8000,123.9000,1102.2000,123.9000,1102.2000,137.1000,1087.8000,137.1000
1093.1000,120.1000,1103.9000,120.1000,1103.9000,130.9000,1093.1000,130.9000
1095.2000,119.1000,1104.8000,119.1000,1104.8000,129.9000,1095.2000,129.9000
1098.2000,117.1000,1107.8000,117.1000,1107.8000,127.9000,1098.2000,127.9000
1096.2000,118.1000,1105.8000,118.1000,1105.8000,128.9000,1096.2000,128.9000
2
0
0
0
0
1
1120.4000,53.5000,1139.6000,53.5000,1139.6000,71.5000,1120.4000,71.5000
1126.6000,53.9000,1143.4000,53.9000,1143.4000,67.1000,1126.6000,67.1000
1131.6000,49.7000,1148.4000,49.7000,1148.4000,65.3000,1131.6000,65.3000
1138.0000,45.7000,1150.0000,45.7000,1150.0000,61.3000,1138.0000,61.3000
1142.9000,41.7000,1156.1000,41.7000,1156.1000,57.3000,1142.9000,57.3000
1153.2000,41.8000,1162.8000,41.8000,1162.8000,56.2000,1153.2000,56.2000
1157.9000,45.0000,1171.1000,45.0000,1171.1000,57.0000,1157.9000,57.0000
1163.0000,40.8000,1175.0000,40.8000,1175.0000,55.2000,1163.0000,55.2000
1168.9000,38.8000,1182.1000,38.8000,1182.1000,53.2000,1168.9000,53.2000
1172.8000,39.1000,1187.2000,39.1000,1187.2000,49.9000,1172.8000,49.9000
1178.7000,41.0000,1194.3000,41.0000,1194.3000,53.0000,1178.7000,53.0000
1184.8000,43.1000,1199.2000,43.1000,1199.2000,53.9000,1184.8000,53.9000
1190.8000,47.1000,1205.2000,47.1000,1205.2000,57.9000,1190.8000,57.9000
1199.2000,48.9000,1208.8000,48.9000,1208.8000,62.1000,1199.2000,62.1000
1204.1000,56.0000,1214.9000,56.0000,1214.9000,68.0000,1204.1000,68.0000
1210.0000,66.0000,1222.0000,66.0000,1222.0000,78.0000,1210.0000,78.0000
1222.2000,78.0000,1231.8000,78.0000,1231.8000,90.0000,1222.2000,90.0000
2
0
0
0
0
1
1248.1000,184.9000,1270.9000,184.9000,1270.9000,198.1000,1248.1000,198.1000
1252.2000,203.0000,1273.8000,203.0000,1273.8000,215.0000,1252.2000,215.0000
1252.3000,216.7000,1272.7000,216.7000,1272.7000,232.3000,1252.3000,232.3000
1252.7000,234.4000,1268.3000,234.4000,1268.3000,253.6000,1252.7000,253.6000
1255.8000,251.2000,1270.2000,251.2000,1270.2000,272.8000,1255.8000,272.8000
1258.9000,272.7000,1272.1000,272.7000,1272.1000,288.3000,1258.9000,288.3000
1259.8000,286.9000,1274.2000,286.9000,1274.2000,300.1000,1259.8000,300.1000
1253.3000,296.0000,1273.7000,296.0000,1273.7000,308.0000,1253.3000,308.0000
1253.4000,299.5000,1272.6000,299.5000,1272.6000,317.5000,1253.4000,317.5000
1247.9000,305.8000,1273.1000,305.8000,1273.1000,320.2000,1247.9000,320.2000
1243.2000,309.7000,1264.8000,309.7000,1264.8000,325.3000,1243.2000,325.3000
1241.6000,315.0000,1258.4000,315.0000,1258.4000,327.0000,1241.6000,327.0000
1236.0000,315.8000,1248.0000,315.8000,1248.0000,330.2000,1236.0000,330.2000
1232.0000,319.6000,1244.0000,319.6000,1244.0000,336.4000,1232.0000,336.4000
1220.7000,326.9000,1236.3000,326.9000,1236.3000,340.1000,1220.7000,340.1000
1212.7000,336.0000,1228.3000,336.0000,1228.3000,348.0000,1212.7000,348.0000
1204.7000,344.0000,1220.3000,344.0000,1220.3000,356.0000,1204.7000,356.0000
1195.7000,354.1000,1211.3000,354.1000,1211.3000,364.9000,1195.7000,364.9000
1197.0000,367.1000,1209.0000,367.1000,1209.0000,377.9000,1197.0000,377.9000
1188.0000,376.1000,1200.0000,376.1000,1200.0000,386.9000,1188.0000,386.9000
1180.2000,385.2000,1189.8000,385.2000,1189.8000,394.8000,1180.2000,394.8000
1176.8000,388.9000,1191.2000,388.9000,1191.2000,402.1000,1176.8000,402.1000
1173.0000,402.8000,1185.0000,402.8000,1185.0000,417.2000,1173.0000,417.2000
1164.8000,415.8000,1179.2000,415.8000,1179.2000,430.2000,1164.8000,430.2000
1153.5000,427.9000,1171.5000,427.9000,1171.5000,441.1000,1153.5000,441.1000
1144.9000,439.1000,1158.1000,439.1000,1158.1000,449.9000,1144.9000,449.9000
1135.8000,441.7000,1150.2000,441.7000,1150.2000,457.3000,1135.8000,457.3000
1130.5000,445.6000,1148.5000,445.6000,1148.5000,462.4000,1130.5000,462.4000
1118.2000,455.1000,1139.8000,455.1000,1139.8000,465.9000,1118.2000,465.9000
1104.8000,454.8000,1131.2000,454.8000,1131.2000,469.2000,1104.8000,469.2000
1104.1000,460.8000,1126.9000,460.8000,1126.9000,475.2000,1104.1000,475.2000
1096.8000,463.0000,1123.2000,463.0000,1123.2000,475.0000,1096.8000,475.0000
1090.3000,464.8000,1122.7000,464.8000,1122.7000,479.2000,1090.3000,479.2000
1089.5000,468.9000,1119.5000,468.9000,1119.5000,482.1000,1089.5000,482.1000
1091.7000,459.3000,1119.3000,459.3000,1119.3000,479.7000,1091.7000,479.7000
1079.9000,460.5000,1105.1000,460.5000,1105.1000,478.5000,1079.9000,478.5000
1081.2000,458.3000,1102.8000,458.3000,1102.8000,478.7000,1081.2000,478.7000
1087.7000,461.0000,1115.3000,461.0000,1115.3000,473.0000,1087.7000,473.0000
1084.1000,447.8000,1106.9000,447.8000,1106.9000,462.2000,1084.1000,462.2000
1078.5000,444.2000,1096.5000,444.2000,1096.5000,465.8000,1078.5000,465.8000
1079.2000,442.8000,1100.8000,442.8000,1100.8000,457.2000,1079.2000,457.2000
1077.6000,443.0000,1094.4000,443.0000,1094.4000,455.0000,1077.6000,455.0000
1067.3000,441.1000,1087.7000,441.1000,1087.7000,451.9000,1067.3000,451.9000
1060.3000,439.9000,1080.7000,439.9000,1080.7000,453.1000,1060.3000,453.1000
1048.9000,437.7000,1074.1000,437.7000,1074.1000,453.3000,1048.9000,453.3000
1040.8000,438.9000,1067.2000,438.9000,1067.2000,452.1000,1040.8000,452.1000
1038.7000,436.4000,1066.3000,436.4000,1066.3000,455.6000,1038.7000,455.6000
1037.1000,437.6000,1059.9000,437.6000,1059.9000,454.4000,1037.1000,454.4000
1038.4000,437.5000,1057.6000,437.5000,1057.6000,455.5000,1038.4000,455.5000
1035.7000,434.4000,1051.3000,434.4000,1051.3000,453.6000,1035.7000,453.6000
1033.5000,428.3000,1051.5000,428.3000,1051.5000,448.7000,1033.5000,448.7000
1021.2000,427.6000,1042.8000,427.6000,1042.8000,444.4000,1021.2000,444.4000
1013.8000,420.3000,1040.2000,420.3000,1040.2000,440.7000,1013.8000,440.7000
1013.9000,418.5000,1039.1000,418.5000,1039.1000,436.5000,1013.9000,436.5000
1013.7000,413.4000,1029.3000,413.4000,1029.3000,432.6000,1013.7000,432.6000
1015.4000,410.3000,1034.6000,410.3000,1034.6000,430.7000,1015.4000,430.7000
1012.1000,406.3000,1034.9000,406.3000,1034.9000,426.7000,1012.1000,426.7000
2
0
0
0
0
1
963.6000,415.2000,992.4000,415.2000,992.4000,436.8000,963.6000,436.8000
956.2000,413.1000,989.8000,413.1000,989.8000,435.9000,956.2000,435.9000
955.5000,411.3000,985.5000,411.3000,985.5000,431.7000,955.5000,431.7000
950.7000,408.4000,978.3000,408.4000,978.3000,427.6000,950.7000,427.6000
946.4000,404.3000,977.6000,404.3000,977.6000,424.7000,946.4000,424.7000
946.7000,401.4000,974.3000,401.4000,974.3000,420.6000,946.7000,420.6000
945.7000,394.2000,973.3000,394.2000,973.3000,415.8000,945.7000,415.8000
949.1000,390.2000,971.9000,390.2000,971.9000,411.8000,949.1000,411.8000
939.8000,385.5000,966.2000,385.5000,966.2000,403.5000,939.8000,403.5000
942.2000,378.4000,963.8000,378.4000,963.8000,397.6000,942.2000,397.6000
937.8000,369.2000,964.2000,369.2000,964.2000,390.8000,937.8000,390.8000
940.8000,364.4000,967.2000,364.4000,967.2000,383.6000,940.8000,383.6000
933.3000,364.6000,965.7000,364.6000,965.7000,381.4000,933.3000,381.4000
939.5000,356.3000,969.5000,356.3000,969.5000,376.7000,939.5000,376.7000
939.3000,353.6000,971.7000,353.6000,971.7000,370.4000,939.3000,370.4000
935.9000,352.8000,973.1000,352.8000,973.1000,367.2000,935.9000,367.2000
936.2000,347.4000,969.8000,347.4000,969.8000,366.6000,936.2000,366.6000
932.0000,346.3000,968.0000,346.3000,968.0000,366.7000,932.0000,366.7000
928.7000,346.3000,968.3000,346.3000,968.3000,366.7000,928.7000,366.7000
931.5000,343.5000,973.5000,343.5000,973.5000,361.5000,931.5000,361.5000
2
0
0
0
0
1
873.0000,319.7000,909.0000,319.7000,909.0000,335.3000,873.0000,335.3000
865.3000,318.5000,897.7000,318.5000,897.7000,336.5000,865.3000,336.5000
861.3000,320.9000,893.7000,320.9000,893.7000,334.1000,861.3000,334.1000
852.3000,320.6000,884.7000,320.6000,884.7000,337.4000,852.3000,337.4000
848.4000,321.7000,879.6000,321.7000,879.6000,337.3000,848.4000,337.3000
842.4000,321.7000,873.6000,321.7000,873.6000,337.3000,842.4000,337.3000
835.8000,320.7000,862.2000,320.7000,862.2000,336.3000,835.8000,336.3000
825.4000,320.7000,856.6000,320.7000,856.6000,336.3000,825.4000,336.3000
818.4000,317.6000,849.6000,317.6000,849.6000,334.4000,818.4000,334.4000
796.5000,321.6000,826.5000,321.6000,826.5000,338.4000,796.5000,338.4000
787.3000,326.7000,819.7000,326.7000,819.7000,342.3000,787.3000,342.3000
781.4000,328.6000,812.6000,328.6000,812.6000,345.4000,781.4000,345.4000
775.4000,332.4000,806.6000,332.4000,806.6000,351.6000,775.4000,351.6000
768.4000,337.4000,799.6000,337.4000,799.6000,356.6000,768.4000,356.6000
763.5000,337.0000,793.5000,337.0000,793.5000,361.0000,763.5000,361.0000
757.6000,338.9000,786.4000,338.9000,786.4000,364.1000,757.6000,364.1000
767.7000,332.2000,795.3000,332.2000,795.3000,353.8000,767.7000,353.8000
765.7000,333.3000,793.3000,333.3000,793.3000,353.7000,765.7000,353.7000
756.9000,336.1000,782.1000,336.1000,782.1000,358.9000,756.9000,358.9000
759.0000,331.1000,783.0000,331.1000,783.0000,353.9000,759.0000,353.9000
2
0
0
0
0
1
716.4000,281.7000,747.6000,281.7000,747.6000,297.3000,716.4000,297.3000
708.2000,273.4000,741.8000,273.4000,741.8000,292.6000,708.2000,292.6000
710.7000,262.8000,738.3000,262.8000,738.3000,289.2000,710.7000,289.2000
712.0000,261.2000,736.0000,261.2000,736.0000,282.8000,712.0000,282.8000
705.8000,261.7000,732.2000,261.7000,732.2000,277.3000,705.8000,277.3000
701.9000,255.6000,727.1000,255.6000,727.1000,272.4000,701.9000,272.4000
692.8000,249.7000,719.2000,249.7000,719.2000,265.3000,692.8000,265.3000
692.8000,247.6000,719.2000,247.6000,719.2000,264.4000,692.8000,264.4000
689.7000,245.2000,717.3000,245.2000,717.3000,266.8000,689.7000,266.8000
686.7000,243.7000,714.3000,243.7000,714.3000,271.3000,686.7000,271.3000
682.9000,235.9000,708.1000,235.9000,708.1000,261.1000,682.9000,261.1000
679.8000,233.4000,706.2000,233.4000,706.2000,252.6000,679.8000,252.6000
682.8000,233.3000,709.2000,233.3000,709.2000,253.7000,682.8000,253.7000
684.2000,239.7000,705.8000,239.7000,705.8000,255.3000,684.2000,255.3000
2
0
0
0
0
1
639.1000,214.5000,661.9000,214.5000,661.9000,232.5000,639.1000,232.5000
628.6000,213.5000,657.4000,213.5000,657.4000,231.5000,628.6000,231.5000
626.3000,215.0000,646.7000,215.0000,646.7000,239.0000,626.3000,239.0000
615.0000,216.1000,639.0000,216.1000,639.0000,238.9000,615.0000,238.9000
606.9000,215.0000,632.1000,215.0000,632.1000,239.0000,606.9000,239.0000
601.7000,213.8000,629.3000,213.8000,629.3000,228.2000,601.7000,228.2000
594.9000,215.0000,620.1000,215.0000,620.1000,227.0000,594.9000,227.0000
582.5000,210.7000,612.5000,210.7000,612.5000,226.3000,582.5000,226.3000
578.9000,215.1000,604.1000,215.1000,604.1000,225.9000,578.9000,225.9000
574.3000,213.7000,594.7000,213.7000,594.7000,229.3000,574.3000,229.3000
563.4000,215.9000,582.6000,215.9000,582.6000,229.1000,563.4000,229.1000
556.6000,214.9000,573.4000,214.9000,573.4000,228.1000,556.6000,228.1000
549.3000,211.9000,569.7000,211.9000,569.7000,225.1000,549.3000,225.1000
544.4000,210.4000,563.6000,210.4000,563.6000,229.6000,544.4000,229.6000
537.5000,209.7000,555.5000,209.7000,555.5000,225.3000,537.5000,225.3000
531.8000,214.9000,546.2000,214.9000,546.2000,228.1000,531.8000,228.1000
533.0000,211.8000,545.0000,211.8000,545.0000,226.2000,533.0000,226.2000
526.9000,212.0000,540.1000,212.0000,540.1000,224.0000,526.9000,224.0000
514.7000,215.0000,530.3000,215.0000,530.3000,227.0000,514.7000,227.0000
516.9000,213.9000,530.1000,213.9000,530.1000,227.1000,516.9000,227.1000
505.8000,222.9000,520.2000,222.9000,520.2000,236.1000,505.8000,236.1000
506.8000,215.5000,521.2000,215.5000,521.2000,233.5000,506.8000,233.5000
493.7000,213.7000,509.3000,213.7000,509.3000,229.3000,493.7000,229.3000
492.6000,217.0000,509.4000,217.0000,509.4000,229.0000,492.6000,229.0000
494.9000,214.6000,508.1000,214.6000,508.1000,231.4000,494.9000,231.4000
489.8000,216.7000,504.2000,216.7000,504.2000,232.3000,489.8000,232.3000
480.7000,224.5000,496.3000,224.5000,496.3000,242.5000,480.7000,242.5000
477.6000,225.7000,494.4000,225.7000,494.4000,241.3000,477.6000,241.3000
474.3000,225.7000,494.7000,225.7000,494.7000,241.3000,474.3000,241.3000
471.8000,230.5000,486.2000,230.5000,486.2000,248.5000,471.8000,248.5000
470.9000,235.8000,484.1000,235.8000,484.1000,250.2000,470.9000,250.2000
468.8000,238.6000,483.2000,238.6000,483.2000,255.4000,468.8000,255.4000
465.8000,241.9000,480.2000,241.9000,480.2000,255.1000,465.8000,255.1000
464.6000,245.4000,481.4000,245.4000,481.4000,264.6000,464.6000,264.6000
463.6000,250.6000,480.4000,250.6000,480.4000,267.4000,463.6000,267.4000
463.9000,254.8000,477.1000,254.8000,477.1000,269.2000,463.9000,269.2000
464.0000,260.9000,476.0000,260.9000,476.0000,274.1000,464.0000,274.1000
465.9000,259.0000,479.1000,259.0000,479.1000,271.0000,465.9000,271.0000
463.2000,265.8000,472.8000,265.8000,472.8000,280.2000,463.2000,280.2000
458.8000,267.1000,473.2000,267.1000,473.2000,277.9000,458.8000,277.9000
457.7000,270.0000,473.3000,270.0000,473.3000,282.0000,457.7000,282.0000
458.8000,273.0000,473.2000,273.0000,473.2000,285.0000,458.8000,285.0000
457.4000,272.7000,476.6000,272.7000,476.6000,288.3000,457.4000,288.3000
462.8000,274.1000,477.2000,274.1000,477.2000,296.9000,462.8000,296.9000
463.7000,278.6000,479.3000,278.6000,479.3000,295.4000,463.7000,295.4000
465.8000,283.7000,480.2000,283.7000,480.2000,299.3000,465.8000,299.3000
467.9000,286.7000,481.1000,286.7000,481.1000,302.3000,467.9000,302.3000
464.8000,293.0000,479.2000,293.0000,479.2000,305.0000,464.8000,305.0000
466.8000,292.7000,481.2000,292.7000,481.2000,308.3000,466.8000,308.3000
471.1000,293.7000,481.9000,293.7000,481.9000,309.3000,471.1000,309.3000
474.1000,298.9000,484.9000,298.9000,484.9000,312.1000,474.1000,312.1000
471.8000,300.9000,486.2000,300.9000,486.2000,314.1000,471.8000,314.1000
476.0000,302.6000,488.0000,302.6000,488.0000,319.4000,476.0000,319.4000
477.0000,304.8000,489.0000,304.8000,489.0000,319.2000,477.0000,319.2000
475.8000,310.2000,490.2000,310.2000,490.2000,319.8000,475.8000,319.8000
479.0000,307.8000,491.0000,307.8000,491.0000,322.2000,479.0000,322.2000
473.8000,311.0000,488.2000,311.0000,488.2000,323.0000,473.8000,323.0000
482.7000,313.9000,498.3000,313.9000,498.3000,327.1000,482.7000,327.1000
481.5000,316.0000,499.5000,316.0000,499.5000,328.0000,481.5000,328.0000
481.7000,316.5000,497.3000,316.5000,497.3000,334.5000,481.7000,334.5000
491.1000,310.9000,501.9000,310.9000,501.9000,324.1000,491.1000,324.1000
2
0
0
0
0
1
459.4000,326.9000,478.6000,326.9000,478.6000,340.1000,459.4000,340.1000
459.9000,326.4000,473.1000,326.4000,473.1000,345.6000,459.9000,345.6000
462.1000,325.6000,472.9000,325.6000,472.9000,342.4000,462.1000,342.4000
455.8000,325.1000,470.2000,325.1000,470.2000,335.9000,455.8000,335.9000
457.1000,322.8000,467.9000,322.8000,467.9000,337.2000,457.1000,337.2000
2
0
0
0
0
1
437.7000,330.8000,465.3000,330.8000,465.3000,345.2000,437.7000,345.2000
436.6000,330.4000,465.4000,330.4000,465.4000,349.6000,436.6000,349.6000
438.6000,331.0000,467.4000,331.0000,467.4000,355.0000,438.6000,355.0000
439.6000,329.7000,468.4000,329.7000,468.4000,357.3000,439.6000,357.3000
439.6000,333.7000,468.4000,333.7000,468.4000,361.3000,439.6000,361.3000
443.7000,332.3000,471.3000,332.3000,471.3000,364.7000,443.7000,364.7000
443.5000,334.8000,473.5000,334.8000,473.5000,361.2000,443.5000,361.2000
448.4000,335.0000,479.6000,335.0000,479.6000,359.0000,448.4000,359.0000
444.4000,338.1000,475.6000,338.1000,475.6000,360.9000,444.4000,360.9000
453.6000,332.9000,482.4000,332.9000,482.4000,358.1000,453.6000,358.1000
452.3000,337.7000,484.7000,337.7000,484.7000,353.3000,452.3000,353.3000
445.8000,343.4000,472.2000,343.4000,472.2000,362.6000,445.8000,362.6000
444.4000,342.4000,463.6000,342.4000,463.6000,361.6000,444.4000,361.6000
443.0000,341.7000,467.0000,341.7000,467.0000,357.3000,443.0000,357.3000
452.0000,343.8000,476.0000,343.8000,476.0000,358.2000,452.0000,358.2000
2
0
0
0
0
1
391.1000,325.0000,413.9000,325.0000,413.9000,337.0000,391.1000,337.0000
384.6000,322.1000,401.4000,322.1000,401.4000,332.9000,384.6000,332.9000
381.6000,316.8000,398.4000,316.8000,398.4000,331.2000,381.6000,331.2000
376.7000,318.2000,392.3000,318.2000,392.3000,327.8000,376.7000,327.8000
371.4000,311.9000,390.6000,311.9000,390.6000,325.1000,371.4000,325.1000
368.7000,311.1000,384.3000,311.1000,384.3000,321.9000,368.7000,321.9000
366.0000,307.0000,378.0000,307.0000,378.0000,319.0000,366.0000,319.0000
362.2000,305.0000,371.8000,305.0000,371.8000,317.0000,362.2000,317.0000
360.2000,303.2000,369.8000,303.2000,369.8000,312.8000,360.2000,312.8000
358.1000,298.0000,368.9000,298.0000,368.9000,310.0000,358.1000,310.0000
355.7000,293.9000,371.3000,293.9000,371.3000,307.1000,355.7000,307.1000
354.5000,295.2000,372.5000,295.2000,372.5000,304.8000,354.5000,304.8000
352.8000,289.9000,367.2000,289.9000,367.2000,303.1000,352.8000,303.1000
