1
162.1530,53.8595,45.0000,174.0000
165.7197,53.3500,45.0000,174.0000
165.2102,52.8405,45.0000,174.0000
169.7960,52.3309,45.0000,174.0000
169.2864,51.8214,45.0000,174.0000
168.7769,51.3119,45.0000,174.0000
168.7747,53.3097,44.0000,169.0000
168.2726,53.8119,44.0000,169.0000
167.7704,53.3097,44.0000,169.0000
163.2507,52.8075,44.0000,169.0000
163.7529,52.3053,44.0000,169.0000
159.2333,51.8031,44.0000,169.0000
159.7354,52.3053,44.0000,169.0000
155.2158,51.8031,44.0000,169.0000
155.7180,51.3010,44.0000,169.0000
152.3144,53.3117,42.0000,164.0000
152.8037,53.8010,42.0000,164.0000
149.3787,54.2902,42.0000,164.0000
149.8680,53.8010,42.0000,164.0000
149.3787,54.2902,42.0000,164.0000
149.8680,54.7795,42.0000,164.0000
149.3787,54.2902,42.0000,164.0000
149.4010,56.3125,41.0000,159.0000
149.8787,56.7902,41.0000,159.0000
150.3564,57.2680,41.0000,159.0000
150.8342,57.7457,41.0000,159.0000
150.3564,57.2680,41.0000,159.0000
150.8342,57.7457,41.0000,159.0000
150.3564,57.2680,41.0000,159.0000
151.3236,59.7351,40.0000,155.0000
151.7907,59.2680,40.0000,155.0000
151.3236,59.7351,40.0000,155.0000
151.7907,59.2680,40.0000,155.0000
151.8403,62.2183,39.0000,150.0000
151.3900,62.6687,39.0000,150.0000
150.9396,63.1191,39.0000,150.0000
150.4893,63.5694,39.0000,150.0000
150.0389,64.0198,39.0000,150.0000
149.5885,64.4702,39.0000,150.0000
146.4360,64.9205,39.0000,150.0000
146.8864,65.3709,39.0000,150.0000
146.4360,65.8212,39.0000,150.0000
146.8864,66.2716,39.0000,150.0000
146.4360,66.7220,39.0000,150.0000
145.9857,67.1723,39.0000,150.0000
145.5353,66.7220,39.0000,150.0000
146.4750,65.6437,38.0000,146.0000
150.4327,65.2040,38.0000,146.0000
149.9930,65.6437,38.0000,146.0000
150.4327,65.2040,38.0000,146.0000
154.7395,67.2810,37.0000,141.0000
155.6519,72.1675,36.0000,137.0000
156.0642,72.5799,36.0000,137.0000
156.4766,69.6934,36.0000,137.0000
156.0642,69.2810,36.0000,137.0000
159.7754,69.6934,36.0000,137.0000
161.1755,72.0934,34.0000,133.0000
163.9758,71.6934,34.0000,133.0000
163.5757,71.2933,34.0000,133.0000
167.1762,70.8933,34.0000,133.0000
167.5762,70.4932,34.0000,133.0000
171.1766,70.0932,34.0000,133.0000
171.5767,70.4932,34.0000,133.0000
175.1771,70.8933,34.0000,133.0000
175.5771,70.4932,34.0000,133.0000
181.5779,70.8933,34.0000,133.0000
181.1778,70.4932,34.0000,133.0000
187.1785,74.0937,34.0000,133.0000
187.5786,73.6936,34.0000,133.0000
191.1790,76.4939,34.0000,133.0000
193.0655,74.0816,36.0000,137.0000
200.0755,74.4939,36.0000,137.0000
199.6632,74.9063,36.0000,137.0000
206.6732,75.3187,36.0000,137.0000
207.0856,74.9063,36.0000,137.0000
214.0956,74.4939,36.0000,137.0000
213.6833,74.0816,36.0000,137.0000
220.6933,70.3704,36.0000,137.0000
220.2810,70.7827,36.0000,137.0000
223.9922,73.6692,36.0000,137.0000
223.9151,71.2463,37.0000,141.0000
224.3381,70.8233,37.0000,141.0000
224.7611,70.4003,37.0000,141.0000
225.1841,67.4395,37.0000,141.0000
224.7611,67.0165,37.0000,141.0000
225.1841,66.5936,37.0000,141.0000
224.2443,63.6538,38.0000,146.0000
223.8046,63.2141,38.0000,146.0000
223.3648,62.7743,38.0000,146.0000
222.9251,63.2141,38.0000,146.0000
222.4853,63.6538,38.0000,146.0000
219.4071,66.7320,38.0000,146.0000
219.8469,69.8102,38.0000,146.0000
216.7687,70.2500,38.0000,146.0000
216.3289,70.6897,38.0000,146.0000
215.8892,71.1295,38.0000,146.0000
215.4494,71.5692,38.0000,146.0000
218.5276,72.0090,38.0000,146.0000
218.0879,71.5692,38.0000,146.0000
229.0815,68.4910,38.0000,146.0000
232.1597,68.0513,38.0000,146.0000
225.5636,82.5628,38.0000,146.0000
221.6059,79.4846,38.0000,146.0000
221.1661,76.4064,38.0000,146.0000
231.2802,75.9667,38.0000,146.0000
227.3225,75.5269,38.0000,146.0000
227.7623,75.0872,38.0000,146.0000
235.2379,78.1654,38.0000,146.0000
227.7623,78.6051,38.0000,146.0000
221.1661,74.6474,38.0000,146.0000
210.1725,89.1590,38.0000,146.0000
209.7328,92.2372,38.0000,146.0000
214.0395,94.3142,37.0000,141.0000
214.4625,94.7372,37.0000,141.0000
214.8855,94.3142,37.0000,141.0000
215.3084,94.7372,37.0000,141.0000
218.2693,90.9304,37.0000,141.0000
215.0580,92.5181,36.0000,137.0000
212.4576,91.7178,34.0000,133.0000
202.4565,84.9170,34.0000,133.0000
198.5700,79.2057,36.0000,137.0000
190.8794,63.2476,37.0000,141.0000
186.4217,53.2720,38.0000,146.0000
178.9461,35.2425,38.0000,146.0000
172.3499,31.2848,38.0000,146.0000
169.2717,27.3271,38.0000,146.0000
165.9649,26.0203,37.0000,141.0000
163.0041,19.6757,37.0000,141.0000
159.1974,16.7149,37.0000,141.0000
159.6203,19.6757,37.0000,141.0000
162.1985,14.0975,38.0000,146.0000
161.2482,8.0443,39.0000,150.0000
164.0181,6.0114,40.0000,155.0000
160.1739,4.4891,41.0000,159.0000
167.3401,8.7889,41.0000,159.0000
167.8179,16.9106,41.0000,159.0000
176.2591,19.3777,40.0000,155.0000
180.8123,25.0303,39.0000,150.0000
192.3060,41.5418,38.0000,146.0000
198.9021,41.1021,38.0000,146.0000
202.8598,55.6136,38.0000,146.0000
210.3355,66.6072,38.0000,146.0000
216.9316,70.5649,38.0000,146.0000
227.0457,73.6432,38.0000,146.0000
231.0034,74.0829,38.0000,146.0000
245.5150,73.6432,38.0000,146.0000
249.4727,69.6855,38.0000,146.0000
253.4304,69.2457,38.0000,146.0000
253.8701,68.8060,38.0000,146.0000
253.4304,68.3662,38.0000,146.0000
253.8701,68.8060,38.0000,146.0000
253.4304,69.2457,38.0000,146.0000
252.9907,69.6855,38.0000,146.0000
252.0403,68.1358,39.0000,150.0000
251.5899,64.9833,39.0000,150.0000
251.1396,69.0365,39.0000,150.0000
250.1724,67.0037,40.0000,155.0000
249.7053,70.2736,40.0000,155.0000
249.2382,70.7407,40.0000,155.0000
249.7053,67.4708,40.0000,155.0000
249.2382,67.9379,40.0000,155.0000
245.9682,71.2079,40.0000,155.0000
245.5011,71.6750,40.0000,155.0000
242.2312,72.1421,40.0000,155.0000
238.9613,71.6750,40.0000,155.0000
234.7571,71.2079,40.0000,155.0000
226.8158,67.0037,40.0000,155.0000
222.0161,65.4814,41.0000,159.0000
217.7164,65.0037,41.0000,159.0000
206.7281,61.6594,41.0000,159.0000
198.6064,58.3152,41.0000,159.0000
190.7671,55.3259,42.0000,164.0000
186.2519,52.3237,44.0000,169.0000
185.7497,51.8215,44.0000,169.0000
185.2475,47.3019,44.0000,169.0000
181.1808,45.3114,45.0000,174.0000
177.6140,45.8210,45.0000,174.0000
181.1808,46.3305,45.0000,174.0000
180.6712,50.9163,45.0000,174.0000
180.1617,54.4830,45.0000,174.0000
179.6521,58.0498,45.0000,174.0000
179.1426,61.6165,45.0000,174.0000
178.6331,65.1833,45.0000,174.0000
175.0663,65.6928,45.0000,174.0000
176.0685,68.6950,44.0000,169.0000
176.5707,72.2103,44.0000,169.0000
180.9957,75.1995,42.0000,164.0000
188.6619,77.2218,41.0000,159.0000
192.0062,77.6995,41.0000,159.0000
191.5284,78.1773,41.0000,159.0000
194.8727,77.6995,41.0000,159.0000
195.3504,78.1773,41.0000,159.0000
203.4721,78.6550,41.0000,159.0000
202.9944,79.1328,41.0000,159.0000
202.5166,79.6105,41.0000,159.0000
199.1724,80.0883,41.0000,159.0000
199.6501,80.5660,41.0000,159.0000
199.1724,80.0883,41.0000,159.0000
198.6947,79.6105,41.0000,159.0000
195.3504,80.0883,41.0000,159.0000
195.8282,79.6105,41.0000,159.0000
195.3504,76.2663,41.0000,159.0000
195.8282,76.7440,41.0000,159.0000
200.1279,77.2218,41.0000,159.0000
204.4276,77.6995,41.0000,159.0000
208.7274,78.1773,41.0000,159.0000
212.6309,76.1666,42.0000,164.0000
217.0345,76.6559,42.0000,164.0000
221.4381,77.1451,42.0000,164.0000
229.7559,77.6344,42.0000,164.0000
234.1595,74.2094,42.0000,164.0000
242.4773,69.8059,42.0000,164.0000
245.9970,63.7906,44.0000,169.0000
244.9874,60.7811,45.0000,174.0000
244.4779,53.1380,45.0000,174.0000
244.4757,52.1228,44.0000,169.0000
244.9865,54.1335,42.0000,164.0000
240.5829,50.7085,42.0000,164.0000
237.1579,47.2835,42.0000,164.0000
234.3136,49.3057,41.0000,159.0000
233.8359,48.8280,41.0000,159.0000
230.4917,48.3502,41.0000,159.0000
230.0139,48.8280,41.0000,159.0000
226.6697,49.3057,41.0000,159.0000
227.1474,49.7835,41.0000,159.0000
227.6252,49.3057,41.0000,159.0000
228.1029,49.7835,41.0000,159.0000
231.4472,53.1277,41.0000,159.0000
231.9249,53.6055,41.0000,159.0000
232.4026,54.0832,41.0000,159.0000
232.8804,57.4275,41.0000,159.0000
233.3581,61.7272,41.0000,159.0000
236.7024,62.2049,41.0000,159.0000
236.2246,65.5492,41.0000,159.0000
239.5689,66.0269,41.0000,159.0000
239.0911,70.3267,41.0000,159.0000
242.4354,70.8044,41.0000,159.0000
242.9131,71.2822,41.0000,159.0000
243.3909,74.6264,41.0000,159.0000
242.9131,77.9706,41.0000,159.0000
243.3909,78.4484,41.0000,159.0000
243.8686,78.9261,41.0000,159.0000
243.3909,82.2704,41.0000,159.0000
240.0466,82.7481,41.0000,159.0000
239.5689,83.2259,41.0000,159.0000
236.2246,82.7481,41.0000,159.0000
231.9249,82.2704,41.0000,159.0000
227.6252,82.7481,41.0000,159.0000
224.2809,83.2259,41.0000,159.0000
220.9367,82.7481,41.0000,159.0000
220.4589,82.2704,41.0000,159.0000
219.9812,81.7926,41.0000,159.0000
219.5034,81.3149,41.0000,159.0000
216.1592,80.8371,41.0000,159.0000
216.6369,80.3594,41.0000,159.0000
216.1592,79.8816,41.0000,159.0000
216.6369,79.4039,41.0000,159.0000
217.1147,79.8816,41.0000,159.0000
216.6369,75.5819,41.0000,159.0000
216.1592,75.1042,41.0000,159.0000
215.6814,71.7599,41.0000,159.0000
215.2037,71.2822,41.0000,159.0000
214.2144,68.2929,42.0000,164.0000
214.7037,68.7822,42.0000,164.0000
214.2144,68.2929,42.0000,164.0000
214.7037,67.8036,42.0000,164.0000
214.2144,67.3143,42.0000,164.0000
213.7251,66.8250,42.0000,164.0000
213.2358,66.3357,42.0000,164.0000
212.7466,66.8250,42.0000,164.0000
213.2358,67.3143,42.0000,164.0000
213.7251,71.7179,42.0000,164.0000
213.2358,71.2286,42.0000,164.0000
213.7251,71.7179,42.0000,164.0000
213.2358,75.1429,42.0000,164.0000
213.7251,75.6322,42.0000,164.0000
214.2144,75.1429,42.0000,164.0000
213.7251,75.6322,42.0000,164.0000
213.2358,76.1215,42.0000,164.0000
212.7466,75.6322,42.0000,164.0000
213.2358,75.1429,42.0000,164.0000
213.7251,75.6322,42.0000,164.0000
213.2358,76.1215,42.0000,164.0000
212.7466,76.6107,42.0000,164.0000
213.2358,76.1215,42.0000,164.0000
212.7466,75.6322,42.0000,164.0000
212.2573,75.1429,42.0000,164.0000
207.8537,74.6536,42.0000,164.0000
208.3430,74.1643,42.0000,164.0000
208.8323,73.6750,42.0000,164.0000
209.3216,73.1857,42.0000,164.0000
209.8109,72.6964,42.0000,164.0000
210.3001,72.2072,42.0000,164.0000
210.7894,71.7179,42.0000,164.0000
211.2787,71.2286,42.0000,164.0000
211.7680,70.7393,42.0000,164.0000
215.1930,70.2500,42.0000,164.0000
215.6823,69.7607,42.0000,164.0000
216.1716,69.2715,42.0000,164.0000
216.6608,65.8465,42.0000,164.0000
217.1501,69.2715,42.0000,164.0000
217.6394,68.7822,42.0000,164.0000
218.1287,68.2929,42.0000,164.0000
218.6180,67.8036,42.0000,164.0000
219.1073,64.3786,42.0000,164.0000
218.6095,62.3808,44.0000,169.0000
219.1116,62.8830,44.0000,169.0000
219.6138,62.3808,44.0000,169.0000
220.1160,61.8786,44.0000,169.0000
223.6313,61.3764,44.0000,169.0000
223.1291,60.8742,44.0000,169.0000
223.6313,60.3721,44.0000,169.0000
224.1335,59.8699,44.0000,169.0000
224.6356,59.3677,44.0000,169.0000
224.1335,59.8699,44.0000,169.0000
224.6356,59.3677,44.0000,169.0000
223.6261,56.3582,45.0000,174.0000
223.1166,55.8486,45.0000,174.0000
222.6070,55.3391,45.0000,174.0000
222.0975,54.8296,45.0000,174.0000
221.5880,59.4154,45.0000,174.0000
218.0212,59.9249,45.0000,174.0000
218.5308,60.4344,45.0000,174.0000
218.0212,64.0012,45.0000,174.0000
217.5117,63.4916,45.0000,174.0000
217.0022,64.0012,45.0000,174.0000
216.4926,64.5107,45.0000,174.0000
217.0022,65.0202,45.0000,174.0000
217.5117,65.5298,45.0000,174.0000
218.0212,66.0393,45.0000,174.0000
218.5308,69.6060,45.0000,174.0000
219.0403,69.0965,45.0000,174.0000
219.5498,69.6060,45.0000,174.0000
220.0594,70.1156,45.0000,174.0000
223.6261,70.6251,45.0000,174.0000
224.1356,71.1346,45.0000,174.0000
227.7024,71.6442,45.0000,174.0000
228.2119,71.1346,45.0000,174.0000
231.7787,71.6442,45.0000,174.0000
232.2882,71.1346,45.0000,174.0000
232.7977,71.6442,45.0000,174.0000
237.3835,71.1346,45.0000,174.0000
241.9693,70.6251,45.0000,174.0000
242.4789,71.1346,45.0000,174.0000
250.1219,71.6442,45.0000,174.0000
253.6886,71.1346,45.0000,174.0000
257.2554,67.5679,45.0000,174.0000
257.7649,67.0584,45.0000,174.0000
261.3316,66.5488,45.0000,174.0000
264.8984,62.9821,45.0000,174.0000
265.4079,63.4916,45.0000,174.0000
265.9174,64.0012,45.0000,174.0000
265.9328,57.8934,46.0000,179.0000
266.4482,57.3780,46.0000,179.0000
270.0560,56.8626,46.0000,179.0000
270.5714,56.3472,46.0000,179.0000
274.1792,55.8318,46.0000,179.0000
274.6946,52.2240,46.0000,179.0000
275.2101,51.7086,46.0000,179.0000
274.6946,48.1008,46.0000,179.0000
273.1696,45.6259,48.0000,185.0000
272.6444,45.1008,48.0000,185.0000
267.9186,44.5757,48.0000,185.0000
264.2429,45.1008,48.0000,185.0000
260.5673,44.5757,48.0000,185.0000
255.8414,45.1008,48.0000,185.0000
251.1156,45.6259,48.0000,185.0000
246.3897,45.1008,48.0000,185.0000
242.7140,45.6259,48.0000,185.0000
237.9882,46.1510,48.0000,185.0000
233.2623,46.6760,48.0000,185.0000
225.3859,47.2011,48.0000,185.0000
220.6600,47.7262,48.0000,185.0000
215.9342,47.2011,48.0000,185.0000
211.2083,46.6760,48.0000,185.0000
204.4773,49.1606,46.0000,179.0000
199.8387,49.6760,46.0000,179.0000
195.2001,50.1914,46.0000,179.0000
191.5923,50.7068,46.0000,179.0000
187.9845,50.1914,46.0000,179.0000
184.3767,49.6760,46.0000,179.0000
180.7689,50.1914,46.0000,179.0000
180.2535,49.6760,46.0000,179.0000
176.6457,49.1606,46.0000,179.0000
176.1303,48.6452,46.0000,179.0000
175.6149,49.1606,46.0000,179.0000
175.0995,48.6452,46.0000,179.0000
174.5841,48.1298,46.0000,179.0000
171.5173,50.1203,45.0000,174.0000
172.0269,49.6108,45.0000,174.0000
171.5173,49.1012,45.0000,174.0000
171.5152,52.1034,44.0000,169.0000
171.0130,55.6187,44.0000,169.0000
170.5108,56.1209,44.0000,169.0000
170.0086,55.6187,44.0000,169.0000
170.5108,55.1165,44.0000,169.0000
170.0086,55.6187,44.0000,169.0000
170.5108,56.1209,44.0000,169.0000
171.0130,56.6231,44.0000,169.0000
171.5152,56.1209,44.0000,169.0000
172.0173,55.6187,44.0000,169.0000
172.5195,55.1165,44.0000,169.0000
173.0217,59.6362,44.0000,169.0000
172.5195,59.1340,44.0000,169.0000
172.0173,59.6362,44.0000,169.0000
172.5195,60.1383,44.0000,169.0000
173.0217,59.6362,44.0000,169.0000
173.5239,59.1340,44.0000,169.0000
174.0346,61.1447,42.0000,164.0000
173.5453,60.6554,42.0000,164.0000
173.0560,60.1661,42.0000,164.0000
173.5453,60.6554,42.0000,164.0000
173.0560,61.1447,42.0000,164.0000
172.5668,61.6340,42.0000,164.0000
169.1418,66.0376,42.0000,164.0000
169.6310,70.4411,42.0000,164.0000
169.1418,69.9518,42.0000,164.0000
169.1640,72.9296,41.0000,159.0000
169.1969,78.1995,40.0000,155.0000
169.2465,81.1499,39.0000,150.0000
169.3068,87.1076,38.0000,146.0000
169.3838,90.0305,37.0000,141.0000
166.9973,95.7417,36.0000,137.0000
167.4097,96.1541,36.0000,137.0000
168.0096,100.9544,34.0000,133.0000
165.2093,101.3545,34.0000,133.0000
164.8092,101.7545,34.0000,133.0000
164.4092,101.3545,34.0000,133.0000
164.8092,100.9544,34.0000,133.0000
164.4092,100.5544,34.0000,133.0000
164.0092,100.1543,34.0000,133.0000
166.8095,99.7543,34.0000,133.0000
168.6960,94.8678,36.0000,137.0000
171.1568,89.9070,37.0000,141.0000
173.7350,87.8467,38.0000,146.0000
177.2882,85.3964,39.0000,150.0000
181.3415,84.9460,39.0000,150.0000
185.3947,81.7935,39.0000,150.0000
189.4480,81.3431,39.0000,150.0000
189.8983,81.7935,39.0000,150.0000
193.9516,81.3431,39.0000,150.0000
198.0048,78.1906,39.0000,150.0000
198.4552,78.6410,39.0000,150.0000
201.6077,78.1906,39.0000,150.0000
201.1574,78.6410,39.0000,150.0000
201.6077,78.1906,39.0000,150.0000
202.0581,77.7402,39.0000,150.0000
205.2106,77.2899,39.0000,150.0000
208.3631,76.8395,39.0000,150.0000
212.8208,78.3998,38.0000,146.0000
216.7785,78.8395,38.0000,146.0000
220.7362,79.2793,38.0000,146.0000
224.6939,79.7190,38.0000,146.0000
227.7721,79.2793,38.0000,146.0000
231.2330,82.2022,37.0000,141.0000
231.6559,82.6252,37.0000,141.0000
235.4627,82.2022,37.0000,141.0000
239.2695,82.6252,37.0000,141.0000
242.2303,82.2022,37.0000,141.0000
246.0370,81.7793,37.0000,141.0000
246.4600,81.3563,37.0000,141.0000
246.8830,78.3955,37.0000,141.0000
245.9432,72.8173,38.0000,146.0000
242.8650,72.3775,38.0000,146.0000
242.4253,71.9378,38.0000,146.0000
241.9855,68.8596,38.0000,146.0000
237.4323,66.4092,39.0000,150.0000
233.3790,65.9588,39.0000,150.0000
229.3258,66.4092,39.0000,150.0000
225.2725,66.8596,39.0000,150.0000
221.8148,71.9378,38.0000,146.0000
218.5081,74.8607,37.0000,141.0000
215.2969,79.7472,36.0000,137.0000
213.4965,87.7479,34.0000,133.0000
211.3072,90.1321,33.0000,129.0000
210.9257,95.0650,33.0000,126.0000
211.0602,97.4306,32.0000,122.0000
211.2052,99.0756,31.0000,118.0000
209.2883,100.2303,30.0000,115.0000
209.4527,104.0794,29.0000,112.0000
209.6277,106.4043,28.0000,108.0000
206.7031,106.0794,28.0000,108.0000
206.8878,102.2198,27.0000,105.0000
204.6810,106.9488,27.0000,105.0000
205.4865,108.7544,26.0000,102.0000
205.1810,109.0600,26.0000,102.0000
204.8834,110.8576,26.0000,99.0000
204.5858,111.1551,26.0000,99.0000
201.9077,110.8576,26.0000,99.0000
202.2052,111.1551,26.0000,99.0000
204.2882,113.8333,26.0000,99.0000
204.5858,113.5357,26.0000,99.0000
204.8834,113.2382,26.0000,99.0000
204.5858,112.9406,26.0000,99.0000
204.8834,112.6430,26.0000,99.0000
205.1810,112.3454,26.0000,99.0000
205.4865,110.5399,26.0000,102.0000
205.7921,110.8454,26.0000,102.0000
206.0977,111.1510,26.0000,102.0000
208.2367,113.2900,26.0000,102.0000
208.5423,113.5956,26.0000,102.0000
210.6813,113.9012,26.0000,102.0000
210.9868,116.0402,26.0000,102.0000
213.7370,118.7903,26.0000,102.0000
214.0426,118.4848,26.0000,102.0000
214.3482,118.1792,26.0000,102.0000
216.4872,116.0402,26.0000,102.0000
216.1816,115.7346,26.0000,102.0000
214.0426,115.4290,26.0000,102.0000
214.3482,113.2900,26.0000,102.0000
211.0107,109.5831,27.0000,105.0000
204.9864,105.8084,28.0000,108.0000
204.8220,103.4728,29.0000,112.0000
204.4864,101.1238,29.0000,112.0000
204.1508,98.1036,29.0000,112.0000
203.8152,95.7545,29.0000,112.0000
200.7950,90.0497,29.0000,112.0000
200.6403,88.2044,30.0000,115.0000
198.2234,85.0970,30.0000,115.0000
198.5687,85.4423,30.0000,115.0000
197.7137,81.4575,31.0000,118.0000
198.0687,81.1026,31.0000,118.0000
198.4236,77.9079,31.0000,118.0000
200.9084,75.4231,31.0000,118.0000
201.2634,75.0682,31.0000,118.0000
203.7481,75.4231,31.0000,118.0000
206.9428,75.0682,31.0000,118.0000
207.2978,75.4231,31.0000,118.0000
212.6222,75.7781,31.0000,118.0000
215.1070,75.4231,31.0000,118.0000
220.4315,75.0682,31.0000,118.0000
226.4659,74.7132,31.0000,118.0000
231.7903,74.3582,31.0000,118.0000
239.9545,74.0033,31.0000,118.0000
249.0863,75.1580,30.0000,115.0000
252.1938,74.8127,30.0000,115.0000
257.3728,74.4674,30.0000,115.0000
263.2425,74.1222,30.0000,115.0000
266.3499,71.7053,30.0000,115.0000
269.4573,69.2884,30.0000,115.0000
269.8026,68.9431,30.0000,115.0000
272.2195,68.5978,30.0000,115.0000
272.5648,68.9431,30.0000,115.0000
272.9101,69.2884,30.0000,115.0000
274.8948,67.4334,31.0000,118.0000
275.2498,64.9486,31.0000,118.0000
278.4445,64.5937,31.0000,118.0000
278.7994,64.2387,31.0000,118.0000
279.1544,61.7540,31.0000,118.0000
279.9997,62.9087,30.0000,115.0000
280.3449,62.5634,30.0000,115.0000
280.5094,61.7144,29.0000,112.0000
281.3343,61.4396,28.0000,108.0000
281.5190,62.6244,27.0000,105.0000
281.8343,62.9396,27.0000,105.0000
282.1496,62.6244,27.0000,105.0000
281.8343,52.2205,27.0000,105.0000
281.5190,52.5358,27.0000,105.0000
280.6941,51.3608,28.0000,108.0000
277.1739,49.0252,29.0000,112.0000
274.2570,45.1083,30.0000,115.0000
273.9117,44.7630,30.0000,115.0000
273.0568,43.6180,31.0000,118.0000
272.7018,46.1027,31.0000,118.0000
269.5071,46.4577,31.0000,118.0000
267.0223,48.9425,31.0000,118.0000
263.9633,49.5015,32.0000,122.0000
263.0818,50.1715,33.0000,126.0000
257.3189,49.0557,33.0000,129.0000
253.8612,51.7451,33.0000,129.0000
249.7607,53.3455,34.0000,133.0000
242.5754,54.2320,36.0000,137.0000
234.8849,52.6550,37.0000,141.0000
226.9092,53.2332,38.0000,146.0000
218.7531,51.6836,39.0000,150.0000
210.3118,49.6507,40.0000,155.0000
197.0797,45.6400,42.0000,164.0000
186.9176,41.1495,45.0000,174.0000
176.4910,35.1244,48.0000,185.0000
161.4557,25.8345,51.0000,196.0000
147.3049,14.6441,52.0000,202.0000
136.8673,7.7580,54.0000,208.0000
127.4296,3.8719,54.0000,208.0000
119.1022,-0.0142,54.0000,208.0000
110.7749,0.5409,54.0000,208.0000
102.4475,1.0961,54.0000,208.0000
97.4511,4.9822,54.0000,208.0000
88.0134,9.9786,54.0000,208.0000
78.5757,19.4163,54.0000,208.0000
74.6614,30.6067,52.0000,202.0000
70.2887,47.1420,51.0000,196.0000
65.4161,46.6006,51.0000,196.0000
65.8840,54.3890,49.0000,190.0000
65.8589,60.5647,48.0000,185.0000
65.3338,64.2404,48.0000,185.0000
70.0597,67.9160,48.0000,185.0000
73.7353,68.4411,48.0000,185.0000
78.3431,71.9565,46.0000,179.0000
81.9510,75.5643,46.0000,179.0000
82.4663,75.0489,46.0000,179.0000
82.9818,75.5643,46.0000,179.0000
86.5896,76.0797,46.0000,179.0000
86.0742,76.5951,46.0000,179.0000
89.6820,76.0797,46.0000,179.0000
90.1974,76.5951,46.0000,179.0000
94.8360,71.9565,46.0000,179.0000
94.3206,71.4411,46.0000,179.0000
102.0516,67.8333,46.0000,179.0000
101.5362,67.3179,46.0000,179.0000
109.2672,63.7101,46.0000,179.0000
108.7518,63.1947,46.0000,179.0000
113.3904,62.6793,46.0000,179.0000
113.9058,62.1639,46.0000,179.0000
117.5136,58.5561,46.0000,179.0000
116.9982,58.0407,46.0000,179.0000
117.5136,54.4329,46.0000,179.0000
118.0290,53.9175,46.0000,179.0000
118.5444,53.4021,46.0000,179.0000
119.0598,52.8867,46.0000,179.0000
119.5752,49.2789,46.0000,179.0000
120.0906,48.7635,46.0000,179.0000
124.7292,48.2481,46.0000,179.0000
125.2446,47.7327,46.0000,179.0000
128.8524,47.2173,46.0000,179.0000
128.3370,46.7019,46.0000,179.0000
128.8524,47.2173,46.0000,179.0000
129.3678,47.7327,46.0000,179.0000
129.8832,51.3405,46.0000,179.0000
130.8927,53.3310,45.0000,174.0000
135.9124,56.3331,44.0000,169.0000
136.4231,59.3224,42.0000,164.0000
137.4008,58.4782,41.0000,159.0000
137.8786,58.0004,41.0000,159.0000
145.0448,57.5227,41.0000,159.0000
144.5670,57.0449,41.0000,159.0000
147.9113,56.5672,41.0000,159.0000
148.3890,56.0895,41.0000,159.0000
152.6888,55.6117,41.0000,159.0000
152.2110,55.1340,41.0000,159.0000
155.5553,54.6562,41.0000,159.0000
155.0775,54.1785,41.0000,159.0000
155.5553,54.6562,41.0000,159.0000
156.0330,54.1785,41.0000,159.0000
160.3327,54.6562,41.0000,159.0000
160.8105,55.1340,41.0000,159.0000
164.1547,55.6117,41.0000,159.0000
164.6325,56.0895,41.0000,159.0000
172.7542,56.5672,41.0000,159.0000
172.2765,56.0895,41.0000,159.0000
179.4427,56.5672,41.0000,159.0000
178.4534,54.5565,42.0000,164.0000
185.7927,55.0458,42.0000,164.0000
185.3034,55.5351,42.0000,164.0000
185.7927,56.0243,42.0000,164.0000
186.2820,56.5136,42.0000,164.0000
186.7713,57.0029,42.0000,164.0000
186.2820,56.5136,42.0000,164.0000
186.7713,56.0243,42.0000,164.0000
186.2820,55.5351,42.0000,164.0000
182.8570,52.1101,42.0000,164.0000
