1
149.8000,73.5000,188.2000,73.5000,188.2000,127.5000,149.8000,127.5000
149.9000,73.5000,187.1000,73.5000,187.1000,127.5000,149.9000,127.5000
149.9000,74.6000,187.1000,74.6000,187.1000,127.4000,149.9000,127.4000
148.9000,73.5000,186.1000,73.5000,186.1000,127.5000,148.9000,127.5000
147.8000,74.6000,186.2000,74.6000,186.2000,127.4000,147.8000,127.4000
147.8000,74.7000,186.2000,74.7000,186.2000,126.3000,147.8000,126.3000
147.8000,74.8000,186.2000,74.8000,186.2000,125.2000,147.8000,125.2000
148.6000,72.7000,189.4000,72.7000,189.4000,124.3000,148.6000,124.3000
149.6000,70.7000,190.4000,70.7000,190.4000,122.3000,149.6000,122.3000
148.4000,66.4000,191.6000,66.4000,191.6000,121.6000,148.4000,121.6000
149.3000,68.9000,193.7000,68.9000,193.7000,118.1000,149.3000,118.1000
150.1000,68.9000,196.9000,68.9000,196.9000,118.1000,150.1000,118.1000
153.1000,64.6000,199.9000,64.6000,199.9000,117.4000,153.1000,117.4000
155.1000,60.5000,201.9000,60.5000,201.9000,114.5000,155.1000,114.5000
159.3000,57.0000,203.7000,57.0000,203.7000,117.0000,159.3000,117.0000
159.2000,56.9000,204.8000,56.9000,204.8000,118.1000,159.2000,118.1000
163.3000,58.8000,207.7000,58.8000,207.7000,121.2000,163.3000,121.2000
167.3000,60.9000,211.7000,60.9000,211.7000,122.1000,167.3000,122.1000
172.1000,64.1000,218.9000,64.1000,218.9000,122.9000,172.1000,122.9000
183.5000,66.3000,225.5000,66.3000,225.5000,122.7000,183.5000,122.7000
189.7000,70.4000,229.3000,70.4000,229.3000,125.6000,189.7000,125.6000
193.6000,73.5000,234.4000,73.5000,234.4000,127.5000,193.6000,127.5000
194.3000,74.5000,238.7000,74.5000,238.7000,128.5000,194.3000,128.5000
192.9000,75.3000,242.1000,75.3000,242.1000,131.7000,192.9000,131.7000
198.9000,77.5000,248.1000,77.5000,248.1000,131.5000,198.9000,131.5000
201.6000,81.6000,254.4000,81.6000,254.4000,134.4000,201.6000,134.4000
206.7000,81.6000,258.3000,81.6000,258.3000,134.4000,206.7000,134.4000
208.7000,84.7000,260.3000,84.7000,260.3000,136.3000,208.7000,136.3000
210.6000,87.8000,263.4000,87.8000,263.4000,138.2000,210.6000,138.2000
212.7000,90.7000,264.3000,90.7000,264.3000,142.3000,212.7000,142.3000
214.5000,92.6000,268.5000,92.6000,268.5000,145.4000,214.5000,145.4000
213.3000,94.7000,269.7000,94.7000,269.7000,146.3000,213.3000,146.3000
214.3000,97.9000,270.7000,97.9000,270.7000,147.1000,214.3000,147.1000
214.2000,102.3000,271.8000,102.3000,271.8000,146.7000,214.2000,146.7000
205.4000,103.8000,260.6000,103.8000,260.6000,142.2000,205.4000,142.2000
207.4000,111.4000,262.6000,111.4000,262.6000,142.6000,207.4000,142.6000
197.3000,108.6000,253.7000,108.6000,253.7000,137.4000,197.3000,137.4000
190.9000,101.1000,240.1000,101.1000,240.1000,135.9000,190.9000,135.9000
182.0000,96.9000,230.0000,96.9000,230.0000,134.1000,182.0000,134.1000
173.8000,91.7000,224.2000,91.7000,224.2000,131.3000,173.8000,131.3000
164.6000,87.6000,217.4000,87.6000,217.4000,128.4000,164.6000,128.4000
156.6000,78.4000,209.4000,78.4000,209.4000,121.6000,156.6000,121.6000
151.2000,73.1000,208.8000,73.1000,208.8000,119.9000,151.2000,119.9000
157.5000,90.3000,211.5000,90.3000,211.5000,134.7000,157.5000,134.7000
157.7000,90.1000,209.3000,90.1000,209.3000,136.9000,157.7000,136.9000
159.0000,93.3000,207.0000,93.3000,207.0000,137.7000,159.0000,137.7000
2
0
0
0
0
1
76.4000,34.9000,119.6000,34.9000,119.6000,84.1000,76.4000,84.1000
72.6000,34.9000,113.4000,34.9000,113.4000,84.1000,72.6000,84.1000
69.8000,35.6000,108.2000,35.6000,108.2000,88.4000,69.8000,88.4000
62.4000,43.2000,105.6000,43.2000,105.6000,88.8000,62.4000,88.8000
57.3000,45.1000,101.7000,45.1000,101.7000,91.9000,57.3000,91.9000
53.3000,49.4000,97.7000,49.4000,97.7000,92.6000,53.3000,92.6000
48.0000,52.3000,96.0000,52.3000,96.0000,96.7000,48.0000,96.7000
45.8000,55.3000,96.2000,55.3000,96.2000,99.7000,45.8000,99.7000
47.7000,61.4000,99.3000,61.4000,99.3000,104.6000,47.7000,104.6000
52.9000,95.8000,102.1000,95.8000,102.1000,146.2000,52.9000,146.2000
59.9000,97.7000,109.1000,97.7000,109.1000,149.3000,59.9000,149.3000
75.3000,95.2000,119.7000,95.2000,119.7000,152.8000,75.3000,152.8000
88.5000,110.6000,130.5000,110.6000,130.5000,163.4000,88.5000,163.4000
111.4000,104.0000,142.6000,104.0000,142.6000,164.0000,111.4000,164.0000
127.4000,105.0000,158.6000,105.0000,158.6000,165.0000,127.4000,165.0000
138.0000,105.0000,174.0000,105.0000,174.0000,165.0000,138.0000,165.0000
2
0
0
0
0
1
209.6000,87.5000,250.4000,87.5000,250.4000,141.5000,209.6000,141.5000
212.7000,87.4000,252.3000,87.4000,252.3000,142.6000,212.7000,142.6000
211.6000,83.2000,252.4000,83.2000,252.4000,140.8000,211.6000,140.8000
207.4000,79.9000,250.6000,79.9000,250.6000,141.1000,207.4000,141.1000
201.0000,78.1000,249.0000,78.1000,249.0000,136.9000,201.0000,136.9000
194.3000,76.2000,250.7000,76.2000,250.7000,133.8000,194.3000,133.8000
188.4000,70.1000,243.6000,70.1000,243.6000,128.9000,188.4000,128.9000
181.3000,67.4000,237.7000,67.4000,237.7000,122.6000,181.3000,122.6000
172.0000,65.6000,232.0000,65.6000,232.0000,118.4000,172.0000,118.4000
163.0000,63.7000,223.0000,63.7000,223.0000,115.3000,163.0000,115.3000
153.9000,59.4000,215.1000,59.4000,215.1000,114.6000,153.9000,114.6000
142.7000,55.9000,206.3000,55.9000,206.3000,105.1000,142.7000,105.1000
133.6000,52.2000,198.4000,52.2000,198.4000,97.8000,133.6000,97.8000
124.6000,49.1000,189.4000,49.1000,189.4000,95.9000,124.6000,95.9000
117.8000,45.4000,180.2000,45.4000,180.2000,88.6000,117.8000,88.6000
110.0000,42.3000,170.0000,42.3000,170.0000,86.7000,110.0000,86.7000
103.7000,39.2000,167.3000,39.2000,167.3000,84.8000,103.7000,84.8000
99.9000,41.2000,161.1000,41.2000,161.1000,86.8000,99.9000,86.8000
98.9000,38.8000,160.1000,38.8000,160.1000,89.2000,98.9000,89.2000
102.1000,39.9000,160.9000,39.9000,160.9000,89.1000,102.1000,89.1000
110.1000,41.7000,168.9000,41.7000,168.9000,93.3000,110.1000,93.3000
109.8000,89.0000,172.2000,89.0000,172.2000,137.0000,109.8000,137.0000
117.8000,95.1000,180.2000,95.1000,180.2000,141.9000,117.8000,141.9000
2
0
0
0
0
1
210.5000,90.2000,240.5000,90.2000,240.5000,135.8000,210.5000,135.8000
216.6000,95.3000,245.4000,95.3000,245.4000,139.7000,216.6000,139.7000
221.7000,100.4000,249.3000,100.4000,249.3000,143.6000,221.7000,143.6000
225.6000,104.5000,254.4000,104.5000,254.4000,146.5000,225.6000,146.5000
227.5000,106.4000,257.5000,106.4000,257.5000,149.6000,227.5000,149.6000
229.5000,110.7000,259.5000,110.7000,259.5000,150.3000,229.5000,150.3000
231.3000,110.6000,263.7000,110.6000,263.7000,151.4000,231.3000,151.4000
233.4000,111.5000,264.6000,111.5000,264.6000,153.5000,233.4000,153.5000
234.4000,113.7000,265.6000,113.7000,265.6000,153.3000,234.4000,153.3000
233.3000,118.7000,265.7000,118.7000,265.7000,158.3000,233.3000,158.3000
232.3000,120.6000,264.7000,120.6000,264.7000,161.4000,232.3000,161.4000
229.3000,122.6000,261.7000,122.6000,261.7000,163.4000,229.3000,163.4000
226.6000,124.8000,255.4000,124.8000,255.4000,163.2000,226.6000,163.2000
222.5000,123.7000,252.5000,123.7000,252.5000,163.3000,222.5000,163.3000
220.5000,120.8000,250.5000,120.8000,250.5000,159.2000,220.5000,159.2000
214.1000,117.8000,248.9000,117.8000,248.9000,156.2000,214.1000,156.2000
208.8000,111.6000,247.2000,111.6000,247.2000,152.4000,208.8000,152.4000
207.4000,104.2000,238.6000,104.2000,238.6000,149.8000,207.4000,149.8000
196.5000,96.9000,226.5000,96.9000,226.5000,146.1000,196.5000,146.1000
197.2000,84.7000,230.8000,84.7000,230.8000,136.3000,197.2000,136.3000
183.2000,77.6000,216.8000,77.6000,216.8000,130.4000,183.2000,130.4000
186.5000,67.6000,216.5000,67.6000,216.5000,120.4000,186.5000,120.4000
157.1000,89.6000,191.9000,89.6000,191.9000,142.4000,157.1000,142.4000
156.8000,81.8000,195.2000,81.8000,195.2000,132.2000,156.8000,132.2000
160.7000,75.4000,200.3000,75.4000,200.3000,130.6000,160.7000,130.6000
159.8000,76.0000,198.2000,76.0000,198.2000,136.0000,159.8000,136.0000
153.6000,73.9000,194.4000,73.9000,194.4000,135.1000,153.6000,135.1000
154.2000,74.9000,199.8000,74.9000,199.8000,136.1000,154.2000,136.1000
159.3000,74.8000,203.7000,74.8000,203.7000,137.2000,159.3000,137.2000
2
0
0
0
0
1
108.7000,70.3000,148.3000,70.3000,148.3000,126.7000,108.7000,126.7000
119.8000,74.3000,158.2000,74.3000,158.2000,130.7000,119.8000,130.7000
128.7000,85.2000,168.3000,85.2000,168.3000,130.8000,128.7000,130.8000
144.7000,94.4000,184.3000,94.4000,184.3000,137.6000,144.7000,137.6000
164.5000,101.4000,206.5000,101.4000,206.5000,144.6000,164.5000,144.6000
188.9000,105.1000,226.1000,105.1000,226.1000,151.9000,188.9000,151.9000
201.8000,104.1000,240.2000,104.1000,240.2000,150.9000,201.8000,150.9000
220.0000,104.8000,256.0000,104.8000,256.0000,155.2000,220.0000,155.2000
198.7000,99.0000,238.3000,99.0000,238.3000,147.0000,198.7000,147.0000
199.8000,100.1000,238.2000,100.1000,238.2000,146.9000,199.8000,146.9000
201.9000,99.0000,239.1000,99.0000,239.1000,147.0000,201.9000,147.0000
202.1000,101.3000,236.9000,101.3000,236.9000,145.7000,202.1000,145.7000
202.1000,97.8000,236.9000,97.8000,236.9000,148.2000,202.1000,148.2000
206.5000,95.6000,236.5000,95.6000,236.5000,148.4000,206.5000,148.4000
207.6000,92.4000,236.4000,92.4000,236.4000,147.6000,207.6000,147.6000
209.8000,95.4000,236.2000,95.4000,236.2000,150.6000,209.8000,150.6000
212.0000,96.5000,236.0000,96.5000,236.0000,150.5000,212.0000,150.5000
213.1000,98.8000,235.9000,98.8000,235.9000,149.2000,213.1000,149.2000
213.1000,96.6000,235.9000,96.6000,235.9000,149.4000,213.1000,149.4000
213.1000,96.3000,235.9000,96.3000,235.9000,152.7000,213.1000,152.7000
212.9000,93.4000,238.1000,93.4000,238.1000,148.6000,212.9000,148.6000
221.3000,93.8000,253.7000,93.8000,253.7000,144.2000,221.3000,144.2000
215.7000,84.6000,243.3000,84.6000,243.3000,137.4000,215.7000,137.4000
205.7000,88.1000,233.3000,88.1000,233.3000,134.9000,205.7000,134.9000
209.1000,97.7000,231.9000,97.7000,231.9000,149.3000,209.1000,149.3000
207.8000,95.6000,234.2000,95.6000,234.2000,148.4000,207.8000,148.4000
206.7000,94.4000,234.3000,94.4000,234.3000,149.6000,206.7000,149.6000
2
0
0
0
0
1
199.4000,41.0000,230.6000,41.0000,230.6000,77.0000,199.4000,77.0000
212.8000,45.0000,239.2000,45.0000,239.2000,81.0000,212.8000,81.0000
221.0000,49.1000,245.0000,49.1000,245.0000,83.9000,221.0000,83.9000
233.0000,53.9000,257.0000,53.9000,257.0000,91.1000,233.0000,91.1000
244.1000,58.9000,266.9000,58.9000,266.9000,96.1000,244.1000,96.1000
248.7000,63.7000,276.3000,63.7000,276.3000,103.3000,248.7000,103.3000
253.7000,70.1000,281.3000,70.1000,281.3000,104.9000,253.7000,104.9000
253.6000,71.0000,282.4000,71.0000,282.4000,107.0000,253.6000,107.0000
249.2000,71.1000,282.8000,71.1000,282.8000,105.9000,249.2000,105.9000
245.0000,70.0000,281.0000,70.0000,281.0000,106.0000,245.0000,106.0000
242.0000,68.0000,278.0000,68.0000,278.0000,104.0000,242.0000,104.0000
237.2000,62.9000,270.8000,62.9000,270.8000,100.1000,237.2000,100.1000
233.3000,59.7000,265.7000,59.7000,265.7000,99.3000,233.3000,99.3000
228.2000,56.6000,261.8000,56.6000,261.8000,97.4000,228.2000,97.4000
223.1000,53.5000,257.9000,53.5000,257.9000,95.5000,223.1000,95.5000
217.2000,51.5000,250.8000,51.5000,250.8000,93.5000,217.2000,93.5000
211.2000,48.6000,244.8000,48.6000,244.8000,89.4000,211.2000,89.4000
200.1000,45.9000,234.9000,45.9000,234.9000,83.1000,200.1000,83.1000
188.9000,43.9000,226.1000,43.9000,226.1000,81.1000,188.9000,81.1000
182.2000,42.8000,215.8000,42.8000,215.8000,81.2000,182.2000,81.2000
169.1000,42.8000,203.9000,42.8000,203.9000,81.2000,169.1000,81.2000
156.0000,41.6000,192.0000,41.6000,192.0000,82.4000,156.0000,82.4000
143.9000,40.5000,181.1000,40.5000,181.1000,82.5000,143.9000,82.5000
131.9000,39.4000,169.1000,39.4000,169.1000,82.6000,131.9000,82.6000
125.2000,38.2000,158.8000,38.2000,158.8000,83.8000,125.2000,83.8000
110.6000,36.2000,151.4000,36.2000,151.4000,81.8000,110.6000,81.8000
101.7000,36.2000,141.3000,36.2000,141.3000,81.8000,101.7000,81.8000
91.7000,36.3000,131.3000,36.3000,131.3000,80.7000,91.7000,80.7000
81.6000,37.3000,122.4000,37.3000,122.4000,81.7000,81.6000,81.7000
73.6000,36.1000,114.4000,36.1000,114.4000,82.9000,73.6000,82.9000
67.5000,40.3000,109.5000,40.3000,109.5000,84.7000,67.5000,84.7000
62.4000,42.2000,105.6000,42.2000,105.6000,87.8000,62.4000,87.8000
58.3000,46.1000,102.7000,46.1000,102.7000,92.9000,58.3000,92.9000
55.2000,50.2000,100.8000,50.2000,100.8000,95.8000,55.2000,95.8000
55.1000,57.7000,101.9000,57.7000,101.9000,109.3000,55.1000,109.3000
53.7000,64.0000,105.3000,64.0000,105.3000,112.0000,53.7000,112.0000
53.2000,69.4000,110.8000,69.4000,110.8000,112.6000,53.2000,112.6000
53.7000,79.6000,117.3000,79.6000,117.3000,120.4000,53.7000,120.4000
59.5000,91.9000,125.5000,91.9000,125.5000,129.1000,59.5000,129.1000
62.9000,99.6000,124.1000,99.6000,124.1000,140.4000,62.9000,140.4000
65.6000,109.8000,130.4000,109.8000,130.4000,148.2000,65.6000,148.2000
68.4000,119.8000,135.6000,119.8000,135.6000,158.2000,68.4000,158.2000
69.3000,133.2000,137.7000,133.2000,137.7000,166.8000,69.3000,166.8000
71.4000,139.2000,138.6000,139.2000,138.6000,172.8000,71.4000,172.8000
71.4000,137.4000,138.6000,137.4000,138.6000,180.6000,71.4000,180.6000
72.4000,140.5000,139.6000,140.5000,139.6000,194.5000,72.4000,194.5000
70.1000,140.0000,140.9000,140.0000,140.9000,188.0000,70.1000,188.0000
67.8000,136.9000,142.2000,136.9000,142.2000,186.1000,67.8000,186.1000
69.8000,135.1000,144.2000,135.1000,144.2000,181.9000,69.8000,181.9000
70.6000,133.8000,147.4000,133.8000,147.4000,184.2000,70.6000,184.2000
80.1000,134.5000,150.9000,134.5000,150.9000,188.5000,80.1000,188.5000
92.9000,135.3000,154.1000,135.3000,154.1000,203.7000,92.9000,203.7000
95.9000,136.3000,157.1000,136.3000,157.1000,204.7000,95.9000,204.7000
95.7000,137.6000,159.3000,137.6000,159.3000,202.4000,95.7000,202.4000
96.6000,136.4000,161.4000,136.4000,161.4000,203.6000,96.6000,203.6000
97.6000,136.3000,162.4000,136.3000,162.4000,204.7000,97.6000,204.7000
99.7000,134.4000,163.3000,134.4000,163.3000,201.6000,99.7000,201.6000
99.6000,132.6000,164.4000,132.6000,164.4000,197.4000,99.6000,197.4000
102.8000,129.4000,165.2000,129.4000,165.2000,196.6000,102.8000,196.6000
101.5000,127.1000,167.5000,127.1000,167.5000,185.9000,101.5000,185.9000
104.7000,124.8000,168.3000,124.8000,168.3000,187.2000,104.7000,187.2000
103.3000,121.9000,171.7000,121.9000,171.7000,183.1000,103.3000,183.1000
104.2000,119.3000,173.8000,119.3000,173.8000,175.7000,104.2000,175.7000
108.4000,116.3000,175.6000,116.3000,175.6000,172.7000,108.4000,172.7000
109.2000,114.3000,178.8000,114.3000,178.8000,170.7000,109.2000,170.7000
109.1000,112.4000,179.9000,112.4000,179.9000,167.6000,109.1000,167.6000
107.7000,110.7000,183.3000,110.7000,183.3000,162.3000,107.7000,162.3000
107.5000,109.3000,185.5000,109.3000,185.5000,153.7000,107.5000,153.7000
111.5000,108.1000,189.5000,108.1000,189.5000,154.9000,111.5000,154.9000
117.6000,106.4000,194.4000,106.4000,194.4000,149.6000,117.6000,149.6000
120.4000,105.4000,199.6000,105.4000,199.6000,148.6000,120.4000,148.6000
125.2000,104.5000,206.8000,104.5000,206.8000,146.5000,125.2000,146.5000
125.0000,103.3000,209.0000,103.3000,209.0000,147.7000,125.0000,147.7000
148.3000,115.3000,228.7000,115.3000,228.7000,147.7000,148.3000,147.7000
155.1000,115.3000,225.9000,115.3000,225.9000,147.7000,155.1000,147.7000
154.8000,116.4000,229.2000,116.4000,229.2000,147.6000,154.8000,147.6000
163.5000,107.6000,229.5000,107.6000,229.5000,148.4000,163.5000,148.4000
173.2000,103.2000,230.8000,103.2000,230.8000,148.8000,173.2000,148.8000
173.1000,101.0000,231.9000,101.0000,231.9000,149.0000,173.1000,149.0000
171.7000,104.3000,235.3000,104.3000,235.3000,148.7000,171.7000,148.7000
2
0
0
0
0
1
89.6000,62.9000,142.4000,62.9000,142.4000,124.1000,89.6000,124.1000
90.5000,61.8000,144.5000,61.8000,144.5000,124.2000,90.5000,124.2000
93.7000,62.6000,145.3000,62.6000,145.3000,127.4000,93.7000,127.4000
94.6000,62.5000,147.4000,62.5000,147.4000,128.5000,94.6000,128.5000
96.5000,62.4000,150.5000,62.4000,150.5000,129.6000,96.5000,129.6000
97.5000,61.3000,151.5000,61.3000,151.5000,129.7000,97.5000,129.7000
98.5000,62.4000,152.5000,62.4000,152.5000,129.6000,98.5000,129.6000
99.5000,62.5000,153.5000,62.5000,153.5000,128.5000,99.5000,128.5000
103.8000,65.7000,154.2000,65.7000,154.2000,129.3000,103.8000,129.3000
