0.000798
9.1457
0.65726
0.416
1.0388
0.30861
0.5202
0.43388
0.87299
0.62748
0.2957
0.77528
1.3807
0.38219
0.77105
1.0333
1.184
0.24949
0.22973
0.24402
0.25213
0.29541
0.55434
0.25198
0.62985
1.5401
0.45987
0.32522
0.29931
1.2686
0.27536
0.76416
0.38605
0.29023
0.23819
0.28137
0.31927
0.24988
0.85215
0.25964
0.3436
0.31713
0.35908
0.76447
0.63581
0.26802
0.27475
0.91788
0.22656
0.22729
0.73766
0.74372
0.25422
0.33759
0.24947
0.34107
0.33186
0.46327
0.25307
0.55404
0.97071
0.75214
0.94673
0.41313
0.38094
0.75645
0.66499
0.5749
0.45372
0.45474
0.76429
0.2597
0.23536
0.61623
0.34359
0.44564
0.32216
0.28811
0.298
0.27337
0.92409
0.67899
0.35748
0.32191
0.3083
0.24953
0.74001
0.26222
0.83388
1.4069
0.51375
1.3433
0.31542
0.38862
0.79837
0.86089
1.2035
0.57446
0.42737
0.30893
0.35766
0.29486
0.86072
0.33081
0.41001
0.60003
0.23624
1.007
1.0134
0.30559
0.34543
0.38028
0.37778
0.48938
0.29637
0.62068
0.73459
0.33324
0.77746
0.98533
0.26827
0.27168
0.29105
0.28845
1.4099
0.69516
0.54837
0.83646
0.72635
0.30494
0.32969
0.3538
0.98504
0.75776
0.73298
0.28598
0.36178
0.30826
1.1078
2.2064
0.26073
0.22168
0.23823
1.3371
0.61497
0.25821
0.27848
0.26072
1.7101
1.9323
0.25958
0.25516
0.23533
0.27915
0.24216
0.21114
0.30486
0.64997
0.25284
0.26565
0.27064
0.26012
0.29375
0.75227
