3.0736
4.2512
20.855
1.0057
1.0235
1.1206
1.0488
1.202
0.98589
1.019
0.98628
1.0146
1.0282
1.1335
1.0269
1.0023
1.0122
0.98883
1.0232
1.1588
1.0045
1.0341
0.99525
1.0117
0.98439
1.0409
1.0243
1.0109
0.99038
1.0306
1.0357
1.1712
0.9862
1.0308
1.049
0.88754
1.0362
1.1859
1.0311
1.0339
0.9288
0.97377
1.035
1.1837
1.0305
1.0398
0.99548
1.0341
0.99999
1.1554
1.0406
0.99661
1.0275
0.99205
0.99354
1.1871
1.0324
1.0345
1.0128
1.0195
0.95692
1.1216
0.98075
1.0197
1.0368
1.032
0.99537
1.1576
1.0139
1.0105
1.0015
1.0071
1.074
1.1734
1.0241
0.89164
1.0353
1.0127
0.95964
1.1931
1.0341
0.98116
1.0281
1.0243
1.0772
1.0858
1.0124
1.0187
1.0335
1.0004
1.0091
1.1666
1.0043
1.0316
0.9672
1.0252
0.99177
1.2293
0.99944
0.99575
1.0376
1.0919
0.96788
1.1688
1.026
1.0058
0.92022
1.05
1.0224
1.187
0.99465
1.0278
1.0394
1.0191
0.94856
1.0389
1.0377
1.0012
1.0272
0.9782
1.0373
1.1563
0.99412
1.0313
1.0325
1.0482
1.0555
1.1952
0.94395
0.99464
1.036
1.0363
1.0315
1.1818
1.0002
1.0308
1.0283
0.96969
1.0356
1.175
1.0333
0.90036
1.0413
1.0334
1.0519
1.1117
1.0413
1.0296
1.0354
0.95723
0.99336
1.1593
0.97805
1.0367
0.97507
0.93023
1.0255
1.173
1.0299
0.97405
1.0321
1.0356
1.0384
1.1546
0.99356
1.0364
1.0341
0.97309
1.2007
1.2205
1.0239
1.0403
1.0205
1.0557
1.0383
1.1799
1.0371
1.0268
1.01
1.037
1.0379
1.1815
1.0486
1.0314
0.9939
1.0235
1.0198
1.1667
1.0052
0.99527
0.9997
0.99498
0.99237
1.1846
1.0442
0.93981
0.97698
1.0314
0.99644
1.1762
1.0139
1.144
1.1454
0.89679
1.026
1.0628
1.0187
0.98181
0.9512
0.98845
1.0206
1.1962
1.1118
0.98789
1.0282
1.0306
1.0159
1.157
0.99709
1.0077
1.032
0.9228
0.96539
1.1582
1.0261
0.9491
1.0152
0.98722
1.0274
1.1477
0.94222
0.95381
0.9836
0.97594
0.98718
1.091
1.0162
0.87469
1.0197
0.97639
0.98978
1.112
1.0215
1.0156
1.0172
1.0279
1.0201
1.092
1.0126
0.96188
1.0426
1.2396
1.1467
1.1934
0.88171
0.98072
0.99783
1.022
0.88042
1.1396
0.99712
1.014
1.0078
0.94185
1.0023
1.0219
1.0119
1.0171
0.9248
1.0316
0.90936
1.1516
0.97643
1.012
1.0037
1.0131
1.0098
1.1533
1.0063
0.97159
0.96908
0.90676
1.0291
1.1464
1.0118
0.9558
1.0171
0.99689
0.91274
1.1605
0.89989
0.99556
1.0173
0.98254
1.0005
1.1473
0.99914
0.97027
1.0097
1.012
0.99972
1.0839
0.98488
1.0171
1.0168
0.99652
1.0005
1.1508
1.0241
0.88165
0.96738
0.97358
0.95823
1.073
1.0133
1.0146
0.9612
0.88931
0.97939
1.1544
0.88038
1.0015
0.97412
1.0214
0.98548
1.1341
0.97807
1.0255
1.0224
1.0159
1.0204
1.1385
0.9831
0.99407
1.005
1.2469
1.1324
1.1873
1.0664
0.99034
0.94767
1.007
0.97477
1.1214
1.0235
1.0199
1.0019
1.0014
1.0115
1.1666
1.007
1.0313
1.0216
1.0066
1.004
1.1198
0.95103
0.97859
0.98908
1.0068
1.0091
1.1356
1.0132
0.98193
1.0101
0.89087
0.97607
1.0595
0.90882
0.94683
1.0197
1.0103
0.97494
1.1315
0.97261
1.017
0.99334
0.9841
1.0016
1.1821
0.99597
1.0246
1.0024
1.1938
1.0115
1.1705
0.99472
0.97979
1.0222
0.9957
1.0223
1.1561
0.98194
1.0175
0.98425
1.0182
0.98406
1.1472
0.88639
1.0184
0.87195
1.0249
1.0267
1.1544
1.0189
1.2702
1.2581
1.0903
1.4606
1.3391
1.0017
1.0203
0.97258
1.0127
0.97857
1.1085
0.94736
0.9983
0.95241
0.98063
1.0242
1.1202
1.0186
0.96966
0.99266
0.9739
0.97884
1.0133
1.005
0.96335
0.97879
1.0085
1.0169
1.0893
0.97802
1.0184
1.0276
1.0245
0.98141
1.1296
1.0151
0.9429
1.0033
0.88673
0.91708
1.0947
1.0189
0.97765
1.0201
0.97043
1.0038
1.1631
0.89255
0.99579
1.0359
0.88589
0.92532
1.1335
1.0075
0.96032
0.98883
0.97207
0.98286
1.1781
1.0223
1.0193
1.0184
0.96747
1.0233
1.1521
1.0062
0.88854
0.9263
0.9877
0.89824
1.1154
0.98574
1.0137
0.92828
1.0053
1.0139
1.1721
1.0293
1.0059
1.0049
1.0146
1.0273
1.1631
0.99588
1.0383
0.88228
0.99973
0.95643
1.167
0.95336
1.0297
0.88294
1.0385
1.0152
1.1601
0.99778
1.0773
1.2923
1.0393
1.0167
1.1499
0.99162
0.9976
1.0341
1.0235
1.0016
1.0279
1.0158
1.0254
0.98028
1.0147
0.98094
1.0908
0.98206
0.98178
1.0198
0.98588
1.0193
1.095
0.98231
1.0221
0.96663
0.98461
1.0164
1.1668
1.0165
0.95835
1.0022
1.0022
1.022
1.1711
1.0377
0.9774
0.98967
0.98329
1.0355
1.1171
0.95933
1.0216
0.89034
1.0217
1.0279
1.1527
1.0013
0.98813
1.0242
1.0254
1.0226
1.0551
1.0222
0.99523
1.0334
0.98249
1.0302
1.1639
1.0249
1.0375
0.88774
0.99876
0.94487
1.1506
1.0183
1.0343
0.9687
1.0222
1.0142
1.1628
0.97213
1.0419
0.99509
1.024
0.95475
1.121
1.0226
0.99874
1.0254
1.0332
1.044
1.1433
1.018
1.0191
0.99079
1.0115
1.0011
1.1166
1.0284
1.0215
1.0211
0.97687
1.0189
1.1703
1.0252
0.91302
1.0158
1.0012
0.9908
1.1717
1.0025
1.0177
1.0209
0.99355
0.95483
1.1584
1.0221
0.98839
1.0104
0.95961
0.88201
1.1589
0.94855
1.0159
1.0201
1.0241
1.027
1.0511
0.98563
1.0111
1.0258
1.0146
1.0219
1.1673
0.92991
0.9693
0.99661
1.0132
0.98594
1.0711
0.99836
0.99491
1.0243
1.0163
0.96007
1.1394
0.98386
1.0014
0.98845
1.0182
0.93826
1.1592
0.98417
1.0126
1.0203
0.94759
1.014
1.1371
1.0252
0.96361
0.88348
1.0224
1.0177
1.1515
1.0258
0.90107
1.0245
1.017
0.98242
1.1
1.0144
1.0079
1.0073
0.95371
0.97672
1.1562
0.99302
0.89315
1.0223
1.0085
1.0249
1.1396
1.0043
0.90122
1.0216
0.96848
0.99268
1.0457
1.0261
1.0306
1.031
1.0246
1.019
1.1183
1.0272
1.0105
1.0223
1.0257
0.97788
1.1369
0.97228
0.97286
0.89698
0.94795
0.99509
1.1071
1.0274
1.0216
0.98868
1.0273
0.88068
1.1181
0.99673
0.98459
1.0149
0.98881
0.89237
1.1532
1.037
0.96202
1.0305
0.9158
0.9877
1.1497
1.0127
1.0281
1.0063
0.99632
1.0179
1.154
0.88828
0.9759
1.0167
0.98998
0.98952
1.1695
1.007
0.99391
1.0145
0.89056
0.94605
1.166
0.88724
0.94263
1.0257
0.9933
1.019
1.1307
0.98515
1.0272
0.98478
0.89972
0.96782
1.1645
1.026
1.0245
1.0205
1.0209
1.0203
1.1409
1.021
1.0342
1.0438
1.0211
1.0237
1.1058
1.0239
0.88926
1.0241
1.0408
1.0114
1.1563
1.0009
1.0265
1.0021
1.0293
0.99428
1.1708
1.027
0.95654
1.0244
1.0377
0.92098
1.152
1.005
1.0174
1.0244
0.89874
0.99241
1.1532
0.98627
1.027
0.95223
1.021
1.0155
1.1676
0.8825
0.97814
1.0287
1.0295
0.98776
1.169
0.99997
1.0594
1.18
1.0488
0.99988
1.1674
1.0131
1.0289
1.026
1.0271
1.0265
1.1584
1.009
0.9684
1.031
1.006
1.0287
1.1865
0.90563
1.0374
0.96231
1.0219
1.0291
1.1575
0.99677
1.019
0.99506
0.98869
1.0262
1.1755
1.0165
1.0223
1.0227
0.93835
1.0197
1.1724
1.0228
1.0221
0.99309
1.0027
0.998
1.1522
1.0155
1.0269
0.92777
0.91156
1.0061
1.1685
0.91465
0.92544
1.0101
0.96863
1.0176
1.1418
0.90434
0.98865
1.0123
1.0146
1.0185
1.123
1.0182
1.0247
1.0243
1.018
1.0189
1.1526
1.0075
0.90945
1.0233
0.88427
0.94534
1.1573
1.0009
0.9049
1.0093
0.95951
1.0212
1.1619
0.96488
0.95441
1.001
1.0251
1.0289
1.176
0.9005
0.90655
1.0184
1.0121
0.95436
1.1452
0.97676
1.0045
0.97729
1.0219
0.98233
1.1518
1.0188
0.95597
0.95624
0.99222
0.98031
1.1188
1.0186
1.011
0.99693
1.0205
0.97818
1.1589
1.0096
1.0182
0.981
0.98711
1.0042
1.1352
1.0179
0.92842
0.97889
0.95527
1.0025
1.1463
1.0292
1.0241
0.91323
1.012
1.0108
1.1398
0.99455
0.98959
0.99123
0.98615
0.97929
1.1273
1.0044
1.008
0.98469
0.98541
0.98835
1.1567
0.96419
1.0081
0.93572
1.0289
0.95341
1.1551
0.89916
1.0148
1.0192
0.97351
0.88473
1.1445
1.0228
0.92306
0.87561
0.94919
1.0286
1.1614
1.0046
1.0212
1.0118
0.99771
1.0111
1.1306
0.91322
0.99667
1.0142
1.018
1.0175
1.1605
1.0054
0.97741
1.0158
0.95447
1.0214
1.1655
1.0142
0.98434
0.94454
0.99826
1.013
1.0172
1.0038
1.0124
1.007
1.0089
0.95903
1.1887
1.0087
0.98737
1.0203
1.0129
0.99738
1.1632
0.93772
1.0191
1.0192
0.9743
1.0138
1.0889
1.0025
1.0158
0.91827
1.0173
1.0142
1.0685
0.97636
0.97841
1.0211
1.177
1.3186
1.1958
1.5825
1.6421
1.4658
1.0164
1.0141
1.1053
1.0164
1.0201
0.96041
0.99229
1.0142
1.1395
0.95841
1.001
0.98774
1.0145
1.0089
1.1632
1.0157
1.0166
0.92953
0.93669
1.0079
1.1631
0.97
0.95107
0.99555
1.014
1.012
1.1561
0.99356
1.014
0.88267
1.0163
0.95515
1.1012
1.0141
1.0178
1.0213
1.0124
0.99643
1.165
1.0196
1.0169
1.0076
0.98546
1.0161
1.0413
0.90333
0.92175
1.0482
1.0387
0.95402
1.1541
0.98495
0.9999
1.0031
0.97803
1.0159
1.0807
1.0211
1.0237
1.0207
1.0127
0.92075
1.1623
0.93291
0.95033
1.0315
1.0264
1.0292
1.1658
1.0417
0.90032
0.95311
1.0331
1.01
1.1688
1.0387
1.0111
1.0264
1.0261
1.0119
1.1429
0.92117
1.0235
0.99295
1.0015
1.0121
1.174
0.88498
0.97079
0.88555
0.98278
0.97237
1.1723
0.88445
1.0245
0.891
0.99997
1.0298
1.1227
1.0285
0.88137
1.0263
0.97179
0.94827
1.1676
0.98548
1.0152
1.0119
0.91155
1.0384
1.0904
1.0111
1.0188
1.0277
1.0216
1.0277
1.1932
1.0106
0.99497
0.99116
1.0149
1.0197
1.1327
0.99747
1.0326
0.97994
0.89362
1.0126
1.1268
1.0141
1.0267
1.0314
1.0373
1.0195
1.0484
0.92459
0.88393
0.89356
1.0219
0.99916
1.1745
1.0325
0.96551
0.99954
1.0204
1.0305
1.2383
0.99901
1.0317
1.031
0.89542
1.0132
1.1643
1.0165
1.0339
1.0324
1.0238
1.0098
1.1772
1.0302
0.91374
0.98163
1.0048
0.91116
1.1857
0.96863
0.95434
0.89984
1.0269
1.0369
1.1631
1.029
1.0308
0.99541
1.0343
1.0291
1.0996
1.0335
1.032
1.0272
1.0111
0.92103
1.1907
1.0285
1.0268
1.0314
1.0211
1.016
1.1229
0.98852
1.0351
1.0271
0.93806
1.0049
1.1325
1.0044
1.0237
1.0321
1.0037
1.03
1.1986
1.0004
0.92087
1.0262
0.89935
0.93239
1.1681
0.99503
1.0281
0.97407
1.0193
1.0005
1.1479
1.0396
1.0027
1.029
1.0204
1.0126
1.2152
1.0229
0.97872
1.0238
1.0047
1.0166
1.0542
1.013
1.0124
0.98433
1.0198
1.0193
1.1717
0.98238
0.93844
1.0088
1.0145
1.0185
1.1611
0.9605
1.0102
1.0162
1.0142
0.96896
1.102
0.9699
1.0073
1.0001
1.0061
1.0257
1.1608
1.0189
1.0274
0.95347
0.89122
1.0322
1.1616
1.0238
1.021
1.0179
1.006
0.98335
1.1332
0.88492
0.93714
0.99421
1.0174
1.03
1.1419
0.98576
0.97053
0.96979
0.98729
0.98774
1.1757
1.0293
1.0345
0.90055
1.0261
1.0158
1.1413
1.0146
1.0235
0.93462
1.0255
1.0264
1.1436
0.96377
0.98966
1.0001
0.90559
0.98705
1.0863
1.0024
1.0248
0.97931
0.98826
1.0266
1.1684
1.0356
0.99331
0.93884
1.0315
1.001
1.1299
0.97114
0.88807
1.0382
1.0177
0.99562
1.1479
0.95993
1.0193
0.99295
1.0215
0.98502
1.1617
1.0154
1.0233
1.0197
1.0299
1.0096
1.1667
0.95871
1.0002
0.92845
0.94059
0.99289
1.1296
1.0286
1.0007
1.0372
1.0255
0.90517
1.1226
1.0363
1.0341
1.0139
1.0268
1.0312
1.051
0.98808
1.0235
1.033
1.0228
0.98239
1.1682
0.91595
0.97564
1.0195
0.96461
1.0357
1.0241
1.0218
1.0239
1.0186
1.0272
0.98127
1.138
1.0212
1.0087
0.9767
0.98901
1.0218
1.1487
0.99604
1.02
1.0194
0.97586
0.98379
1.1271
1.0103
0.98108
1.0234
1.1056
1.3369
1.1733
0.98503
1.008
1.0241
1.0356
1.0266
1.1627
1.0177
1.0411
1.0332
0.92917
1.0328
1.1842
0.90028
0.89838
1.0216
0.91064
1.0554
1.16
1.036
1.0531
1.0303
1.0334
1.0358
1.1255
0.98846
0.98016
1.0505
1.0368
1.0344
1.1844
0.90426
0.99018
1.0256
1.0517
1.0073
1.0734
0.93861
0.994
0.93101
0.88735
1.0223
1.0506
1.0155
1.0044
0.96432
1.0333
1.0103
1.1213
1.0261
1.0221
1.0245
0.99819
0.98792
1.0719
0.91378
0.99305
0.95927
1.0258
1.0265
1.1501
1.0144
0.99059
1.0242
1.0231
0.88954
1.1103
0.96376
0.9804
0.98651
1.0239
0.99812
1.0566
1.0183
0.974
1.0298
1.0385
1.032
1.1731
1.0344
0.9552
1.0288
1.03
1.0205
1.1794
1.0272
1.0315
1.029
1.0328
0.98778
1.1022
0.99633
0.89632
1.0204
1.0288
0.97536
1.1624
1.0019
1.0278
1.0218
0.9534
0.92503
1.1506
1.0214
1.0376
0.98593
1.0236
1.0224
1.0945
0.94684
0.98931
1.0088
0.98693
1.0208
1.1884
1.021
1.02
1.0227
0.98196
