8.7471
0.44026
0.11613
0.10169
NaN
0.10333
NaN
0.10193
NaN
0.16846
NaN
NaN
NaN
0.15036
NaN
NaN
0.14146
NaN
0.1975
NaN
NaN
NaN
0.057085
0.056048
NaN
0.056841
0.066607
0.056274
0.0839
NaN
0.055676
0.056666
0.057179
0.24232
NaN
NaN
NaN
NaN
0.057211
0.078753
NaN
0.057081
0.058341
0.059818
0.057239
0.057608
NaN
0.078388
0.057297
0.16258
NaN
NaN
NaN
0.063655
0.059531
0.057138
0.087594
NaN
0.058486
0.059945
0.061936
NaN
0.065195
0.05815
0.18749
NaN
NaN
NaN
0.056252
0.05684
0.056824
0.058539
0.056292
0.079206
NaN
0.059439
0.057755
0.05891
NaN
0.1664
NaN
NaN
0.13883
NaN
NaN
0.081517
0.057792
0.056954
NaN
0.057657
0.05666
0.057796
0.078001
NaN
0.056363
0.17334
NaN
NaN
0.058195
0.056285
0.056774
NaN
0.079469
0.058318
0.057924
NaN
0.061982
0.06276
0.057298
0.1857
NaN
NaN
NaN
0.056734
0.056535
0.057714
0.05839
0.057344
NaN
0.076889
0.059008
0.056706
0.056682
NaN
0.16659
NaN
NaN
0.057066
0.077617
NaN
0.05632
0.05664
0.056326
0.05597
0.13592
NaN
NaN
0.17061
NaN
NaN
NaN
NaN
NaN
NaN
8.6246
0.44474
0.1067
0.095146
NaN
0.10709
NaN
NaN
NaN
NaN
NaN
8.5958
0.47475
0.10562
0.091574
NaN
0.10635
NaN
0.19548
NaN
NaN
NaN
0.084601
NaN
0.061575
0.057218
0.18252
NaN
NaN
NaN
0.055289
0.055762
0.056607
0.055331
0.055067
0.077631
NaN
0.055337
0.060777
0.056466
0.19009
NaN
NaN
NaN
0.054923
0.070144
0.053379
NaN
0.14525
NaN
0.056624
NaN
0.054823
0.058662
0.068597
0.054963
0.17234
NaN
NaN
NaN
NaN
NaN
NaN
NaN
8.702
0.44345
0.10652
0.094205
NaN
0.1048
NaN
0.097445
NaN
0.057698
0.061921
0.057205
0.20301
NaN
NaN
NaN
NaN
NaN
NaN
NaN
NaN
8.69
0.40816
0.10418
0.19804
NaN
NaN
NaN
0.19441
NaN
NaN
NaN
0.17335
NaN
NaN
0.14551
NaN
NaN
NaN
NaN
NaN
NaN
8.7258
0.41253
0.1118
0.096042
NaN
0.10811
NaN
0.099848
NaN
0.058551
0.058432
0.05657
NaN
0.19735
NaN
NaN
0.066276
NaN
0.057009
0.055551
0.057226
0.055735
0.074402
NaN
0.055613
0.058006
0.14766
NaN
NaN
0.15217
NaN
NaN
0.14092
NaN
NaN
0.16534
NaN
NaN
NaN
NaN
NaN
NaN
8.9669
0.46687
0.13166
0.11993
NaN
0.1303
NaN
NaN
0.10779
NaN
0.061367
0.066144
NaN
0.064978
0.23475
NaN
NaN
NaN
NaN
0.072622
0.064069
0.15429
NaN
NaN
NaN
0.15844
NaN
NaN
0.15071
NaN
NaN
0.20929
NaN
NaN
NaN
NaN
NaN
NaN
NaN
9.321
0.4572
0.10973
0.093817
NaN
0.20924
NaN
NaN
NaN
0.19529
NaN
NaN
NaN
0.14117
NaN
NaN
NaN
NaN
NaN
NaN
8.6982
0.44502
0.12038
0.24035
NaN
NaN
NaN
NaN
NaN
NaN
NaN
NaN
9.3193
0.37959
0.10466
0.093757
NaN
0.20309
NaN
NaN
NaN
NaN
NaN
NaN
NaN
9.7258
0.42204
0.1322
0.12427
NaN
0.1208
NaN
NaN
0.12356
NaN
0.077434
NaN
0.068695
0.064763
NaN
0.21901
NaN
NaN
NaN
0.084169
NaN
0.069294
0.062159
0.059707
0.078459
NaN
