1
33.2693,595.0597,97.6062,59.3688
47.8044,595.1780,98.4832,60.0181
60.6390,600.8774,100.5990,60.6745
58.2674,596.3546,103.0354,60.8879
71.2334,595.9099,104.7258,60.9830
89.4193,592.6094,104.4804,61.1259
89.4193,592.6094,104.4804,61.1259
98.6123,589.8187,105.7048,61.0065
154.2415,584.0964,103.6402,61.1257
203.0202,581.2042,102.2233,61.2451
245.4469,582.7599,101.4246,61.4125
277.3382,583.5755,100.8700,61.4125
317.7296,582.5152,100.3971,61.9883
317.7296,582.5152,100.3971,61.9883
348.5644,580.7760,100.0050,62.2062
0
0
0
0
0
2
0
0
0
0
1
656.0717,528.4206,129.2891,118.4148
657.8961,529.8360,129.0365,118.7849
679.2753,535.0027,129.1374,119.6201
686.7146,534.0693,127.7754,119.9472
2
0
0
0
0
1
713.9866,386.4283,79.3395,49.0383
703.2913,386.4445,79.7114,49.0000
698.2494,382.7921,80.3652,49.1722
693.7398,379.1675,80.9303,49.2491
693.7398,379.1675,80.9303,49.2491
681.1371,376.1423,81.4994,49.4414
670.2589,372.7688,82.9001,49.6539
688.1367,369.5787,84.8755,49.4017
688.2494,364.6988,87.2626,49.3053
688.2494,364.6988,87.2626,49.3053
688.2494,364.6988,87.2626,49.3053
688.2494,364.6988,87.2626,49.3053
688.2494,364.6988,87.2626,49.3053
688.2494,364.6988,87.2626,49.3053
688.2494,364.6988,87.2626,49.3053
684.9464,365.1244,89.5805,49.0741
684.9464,365.1244,89.5805,49.0741
714.4965,363.0143,91.4351,48.6716
714.4965,363.0143,91.4351,48.6716
735.3230,359.8307,93.8639,48.5575
761.4087,355.0746,95.5505,48.3678
762.0591,355.7491,97.0061,48.2922
761.9141,358.9960,98.8629,48.1979
763.1122,358.2039,100.6779,47.8026
764.3324,361.1402,102.5263,47.6158
760.8771,358.6739,104.2484,47.4670
759.4579,359.3279,105.9588,47.4114
759.4755,359.3437,107.5730,47.3744
758.1183,359.3437,109.0857,47.3744
757.4663,359.3594,110.6198,47.3373
756.8052,359.3594,112.1753,47.3373
756.2092,359.4144,113.5775,47.2079
751.8724,358.8109,114.9085,47.1526
738.3662,358.1377,116.1653,47.2631
723.1887,359.6992,117.3905,47.2816
704.7524,359.4872,118.5828,47.0415
682.0341,360.4322,120.1577,47.0231
657.7573,360.4478,120.9556,46.9864
631.8133,359.8472,121.5226,46.9313
605.0819,358.6083,121.7599,46.9130
583.9583,356.8871,121.9977,47.2978
662.0154,372.5601,119.4244,47.3717
613.0246,376.3035,119.0045,47.4457
557.2714,377.7292,118.1678,47.7978
514.5048,381.4746,117.2446,48.6941
464.1503,383.3501,116.6492,49.6071
398.9464,383.9019,115.1455,49.0839
360.7336,383.0626,115.1005,49.5249
2
0
0
0
0
1
558.7441,361.5354,120.2344,43.0840
609.7440,365.2261,120.4692,43.1513
635.3036,360.1542,122.4457,43.6233
652.0538,352.8976,123.2109,43.6573
674.5134,340.3299,120.4194,43.2140
712.0974,350.7827,122.3010,43.6022
750.7966,355.7194,122.9698,44.2494
777.8668,357.0270,124.6030,44.6297
792.6366,354.5375,124.8951,44.9086
801.5524,350.2208,125.3829,44.5402
814.6870,351.8845,125.8237,44.1053
802.7386,349.1534,124.4475,44.3292
806.1683,348.8295,124.1559,44.3985
752.9280,347.0679,121.3914,45.0749
2
0
0
0
0
1
784.4042,225.1390,82.1922,38.2227
781.6752,222.5056,82.1922,38.4466
787.5563,219.8631,82.4811,38.6569
792.6912,217.7068,83.2866,38.8985
808.3986,218.4171,84.0674,39.0504
828.6913,218.6246,84.9212,39.1725
851.3331,220.0878,84.7222,39.4020
875.6800,216.9414,84.3582,40.0330
899.7822,217.9782,83.0071,41.3466
906.6311,222.7076,81.1589,41.8473
869.9154,214.9058,82.5855,42.5502
2
0
0
0
0
1
913.9550,101.5260,84.2695,86.2863
920.7542,103.9469,84.0720,84.6348
905.5268,97.3712,81.8060,82.9156
905.5268,97.3712,81.8060,82.9156
897.6362,106.5388,79.9206,80.7779
882.0063,107.4105,77.9851,78.7269
864.6060,102.2871,76.2791,77.2508
822.9429,100.6712,76.5771,75.0178
808.3865,103.7100,74.9319,73.7284
800.7733,107.7737,72.9415,72.2308
798.1698,100.2551,72.2292,70.7354
782.9530,110.7065,70.7903,69.3538
767.6633,114.9781,69.1588,67.9722
752.3126,112.2247,68.5374,67.0163
743.6765,110.4557,68.5106,65.9430
743.0850,112.5795,68.8318,65.0672
721.0992,109.8358,68.9393,64.4064
720.6071,114.1021,69.0201,63.4252
720.1602,117.1767,68.9932,62.1369
718.3504,115.0826,68.9393,61.2388
701.5148,113.0493,69.7741,60.2819
677.9654,120.6252,70.6735,59.4107
677.9654,120.6252,70.6735,59.4107
668.7198,122.9529,71.4465,58.5752
660.4170,122.4958,70.8883,57.8201
660.4170,122.4958,70.8883,57.8201
652.6379,119.3761,70.3622,57.0296
615.8304,114.5381,71.2142,55.9380
615.8304,114.5381,71.2142,55.9380
592.0313,111.5664,71.5759,55.0640
568.5035,111.2098,71.0167,54.1821
567.7608,114.4841,70.5451,53.2509
