6.0778
0.20381
0.31308
0.26486
0.2716
0.25775
0.28435
0.23239
0.27288
0.24446
0.28154
0.25659
0.25501
0.24498
0.26536
0.24689
0.23812
0.27099
0.25112
0.25663
0.25437
0.23878
0.24432
0.26603
0.2454
0.25299
0.24945
0.24281
0.23854
0.25852
0.2513
0.23628
0.24754
0.24763
0.24048
0.25654
0.2601
0.23517
0.24983
0.24927
0.24001
0.26426
0.26139
0.25076
0.25052
0.24415
0.24066
0.2717
0.25755
0.27357
0.25187
0.24537
0.23957
0.2695
0.25582
0.27581
0.26577
0.24291
0.23967
0.27108
0.24934
0.26833
0.25179
0.24722
0.24563
0.27188
0.2442
0.27046
0.25152
0.24207
0.24587
0.26758
0.24796
0.27051
0.24764
0.24723
0.2408
0.27246
0.24344
0.26712
0.25503
0.24656
0.24177
0.27322
0.2446
0.2633
0.25488
0.24108
0.25312
0.27314
0.2399
0.26398
0.24909
0.2456
0.24283
0.28103
0.2414
0.26397
0.259
0.24772
0.24292
0.27894
0.23427
0.26658
0.25291
0.24267
0.24701
0.27098
0.24256
0.26084
0.25529
0.24698
0.24728
0.27074
0.24188
0.25965
0.25528
0.24277
0.25178
0.27395
0.23153
0.264
0.26057
0.24016
0.24455
0.2764
0.23266
0.25599
0.2544
0.24427
0.24135
