1
81.0000,147.0000,26.0000,24.0000
81.0000,145.0000,27.0000,25.0000
81.0000,145.0000,27.0000,25.0000
81.0000,145.0000,27.0000,25.0000
81.0000,145.0000,27.0000,25.0000
81.0000,145.0000,27.0000,25.0000
81.0000,145.0000,27.0000,25.0000
81.0000,145.0000,27.0000,25.0000
81.0000,145.0000,27.0000,25.0000
81.0000,145.0000,27.0000,25.0000
81.0000,145.0000,27.0000,25.0000
81.0000,145.0000,27.0000,25.0000
81.0000,145.0000,27.0000,25.0000
81.0000,145.0000,27.0000,25.0000
81.0000,145.0000,27.0000,25.0000
81.0000,145.0000,27.0000,25.0000
81.0000,145.0000,27.0000,25.0000
81.0000,145.0000,27.0000,25.0000
81.0000,145.0000,27.0000,25.0000
0
0
0
0
0
0
0
0
0
0
0
0
0
0
0
0
0
0
0
0
0
0
0
0
0
0
0
0
0
0
0
0
0
0
0
0
0
0
0
0
0
0
0
0
0
0
0
0
0
0
0
0
0
0
0
0
0
0
0
0
0
0
0
0
0
0
0
0
0
0
0
0
0
0
0
0
0
2
0
0
0
0
1
106.0000,74.0000,23.0000,36.0000
107.0000,73.0000,23.0000,36.0000
107.0000,73.0000,23.0000,36.0000
107.0000,73.0000,23.0000,36.0000
107.0000,73.0000,23.0000,36.0000
107.0000,73.0000,23.0000,36.0000
107.0000,73.0000,23.0000,36.0000
107.0000,73.0000,23.0000,36.0000
107.0000,73.0000,23.0000,36.0000
107.0000,73.0000,23.0000,36.0000
107.0000,73.0000,23.0000,36.0000
107.0000,73.0000,23.0000,36.0000
107.0000,73.0000,23.0000,36.0000
107.0000,73.0000,23.0000,36.0000
107.0000,73.0000,23.0000,36.0000
107.0000,73.0000,23.0000,36.0000
107.0000,73.0000,23.0000,36.0000
107.0000,73.0000,23.0000,36.0000
107.0000,73.0000,23.0000,36.0000
107.0000,73.0000,23.0000,36.0000
107.0000,73.0000,23.0000,36.0000
107.0000,73.0000,23.0000,36.0000
107.0000,73.0000,23.0000,36.0000
107.0000,73.0000,23.0000,36.0000
107.0000,73.0000,23.0000,36.0000
107.0000,73.0000,23.0000,36.0000
107.0000,73.0000,23.0000,36.0000
107.0000,73.0000,23.0000,36.0000
107.0000,73.0000,23.0000,36.0000
107.0000,73.0000,23.0000,36.0000
107.0000,73.0000,23.0000,36.0000
107.0000,73.0000,23.0000,36.0000
107.0000,73.0000,23.0000,36.0000
107.0000,73.0000,23.0000,36.0000
107.0000,73.0000,23.0000,36.0000
107.0000,73.0000,23.0000,36.0000
107.0000,73.0000,23.0000,36.0000
107.0000,73.0000,23.0000,36.0000
107.0000,73.0000,23.0000,36.0000
107.0000,73.0000,23.0000,36.0000
107.0000,73.0000,23.0000,36.0000
107.0000,73.0000,23.0000,36.0000
107.0000,73.0000,23.0000,36.0000
107.0000,73.0000,23.0000,36.0000
107.0000,73.0000,23.0000,36.0000
107.0000,73.0000,23.0000,36.0000
107.0000,73.0000,23.0000,36.0000
107.0000,73.0000,23.0000,36.0000
107.0000,73.0000,23.0000,36.0000
107.0000,73.0000,23.0000,36.0000
107.0000,73.0000,23.0000,36.0000
107.0000,73.0000,23.0000,36.0000
107.0000,73.0000,23.0000,36.0000
107.0000,73.0000,23.0000,36.0000
107.0000,73.0000,23.0000,36.0000
107.0000,73.0000,23.0000,36.0000
107.0000,73.0000,23.0000,36.0000
107.0000,73.0000,23.0000,36.0000
107.0000,73.0000,23.0000,36.0000
107.0000,73.0000,23.0000,36.0000
107.0000,73.0000,23.0000,36.0000
107.0000,73.0000,23.0000,36.0000
107.0000,73.0000,23.0000,36.0000
107.0000,73.0000,23.0000,36.0000
107.0000,73.0000,23.0000,36.0000
107.0000,73.0000,23.0000,36.0000
107.0000,73.0000,23.0000,36.0000
107.0000,73.0000,23.0000,36.0000
107.0000,73.0000,23.0000,36.0000
107.0000,73.0000,23.0000,36.0000
107.0000,73.0000,23.0000,36.0000
107.0000,73.0000,23.0000,36.0000
107.0000,73.0000,23.0000,36.0000
107.0000,73.0000,23.0000,36.0000
0
0
0
0
0
0
0
0
0
0
0
0
0
0
0
0
0
0
0
0
0
2
0
0
0
0
1
134.0000,92.0000,39.0000,23.0000
132.0000,91.0000,40.0000,24.0000
132.0000,91.0000,40.0000,24.0000
132.0000,91.0000,40.0000,24.0000
132.0000,91.0000,40.0000,24.0000
132.0000,91.0000,40.0000,24.0000
132.0000,91.0000,40.0000,24.0000
132.0000,91.0000,40.0000,24.0000
132.0000,91.0000,40.0000,24.0000
132.0000,91.0000,40.0000,24.0000
132.0000,91.0000,40.0000,24.0000
132.0000,91.0000,40.0000,24.0000
132.0000,91.0000,40.0000,24.0000
132.0000,91.0000,40.0000,24.0000
132.0000,91.0000,40.0000,24.0000
132.0000,91.0000,40.0000,24.0000
132.0000,91.0000,40.0000,24.0000
132.0000,91.0000,40.0000,24.0000
132.0000,91.0000,40.0000,24.0000
132.0000,91.0000,40.0000,24.0000
132.0000,91.0000,40.0000,24.0000
132.0000,91.0000,40.0000,24.0000
132.0000,91.0000,40.0000,24.0000
132.0000,91.0000,40.0000,24.0000
132.0000,91.0000,40.0000,24.0000
132.0000,91.0000,40.0000,24.0000
132.0000,91.0000,40.0000,24.0000
132.0000,91.0000,40.0000,24.0000
132.0000,91.0000,40.0000,24.0000
132.0000,91.0000,40.0000,24.0000
132.0000,91.0000,40.0000,24.0000
132.0000,91.0000,40.0000,24.0000
132.0000,91.0000,40.0000,24.0000
132.0000,91.0000,40.0000,24.0000
132.0000,91.0000,40.0000,24.0000
132.0000,91.0000,40.0000,24.0000
132.0000,91.0000,40.0000,24.0000
132.0000,91.0000,40.0000,24.0000
132.0000,91.0000,40.0000,24.0000
132.0000,91.0000,40.0000,24.0000
132.0000,91.0000,40.0000,24.0000
132.0000,91.0000,40.0000,24.0000
132.0000,91.0000,40.0000,24.0000
132.0000,91.0000,40.0000,24.0000
132.0000,91.0000,40.0000,24.0000
132.0000,91.0000,40.0000,24.0000
132.0000,91.0000,40.0000,24.0000
132.0000,91.0000,40.0000,24.0000
132.0000,91.0000,40.0000,24.0000
132.0000,91.0000,40.0000,24.0000
132.0000,91.0000,40.0000,24.0000
132.0000,91.0000,40.0000,24.0000
132.0000,91.0000,40.0000,24.0000
132.0000,91.0000,40.0000,24.0000
132.0000,91.0000,40.0000,24.0000
132.0000,91.0000,40.0000,24.0000
132.0000,91.0000,40.0000,24.0000
132.0000,91.0000,40.0000,24.0000
132.0000,91.0000,40.0000,24.0000
0
0
0
0
0
0
0
0
0
0
0
0
0
0
0
0
0
0
0
0
0
0
0
0
0
0
0
0
0
0
0
0
0
0
0
0
2
0
0
0
0
1
171.0000,44.0000,35.0000,31.0000
171.0000,43.0000,35.0000,31.0000
171.0000,43.0000,35.0000,31.0000
171.0000,43.0000,35.0000,31.0000
171.0000,43.0000,35.0000,31.0000
171.0000,43.0000,35.0000,31.0000
171.0000,43.0000,35.0000,31.0000
171.0000,43.0000,35.0000,31.0000
171.0000,43.0000,35.0000,31.0000
171.0000,43.0000,35.0000,31.0000
171.0000,43.0000,35.0000,31.0000
171.0000,43.0000,35.0000,31.0000
171.0000,43.0000,35.0000,31.0000
171.0000,43.0000,35.0000,31.0000
171.0000,43.0000,35.0000,31.0000
171.0000,43.0000,35.0000,31.0000
171.0000,43.0000,35.0000,31.0000
171.0000,43.0000,35.0000,31.0000
171.0000,43.0000,35.0000,31.0000
171.0000,43.0000,35.0000,31.0000
171.0000,43.0000,35.0000,31.0000
171.0000,43.0000,35.0000,31.0000
171.0000,43.0000,35.0000,31.0000
171.0000,43.0000,35.0000,31.0000
171.0000,43.0000,35.0000,31.0000
171.0000,43.0000,35.0000,31.0000
171.0000,43.0000,35.0000,31.0000
171.0000,43.0000,35.0000,31.0000
171.0000,43.0000,35.0000,31.0000
171.0000,43.0000,35.0000,31.0000
171.0000,43.0000,35.0000,31.0000
171.0000,43.0000,35.0000,31.0000
171.0000,43.0000,35.0000,31.0000
171.0000,43.0000,35.0000,31.0000
171.0000,43.0000,35.0000,31.0000
171.0000,43.0000,35.0000,31.0000
171.0000,43.0000,35.0000,31.0000
171.0000,43.0000,35.0000,31.0000
171.0000,43.0000,35.0000,31.0000
171.0000,43.0000,35.0000,31.0000
171.0000,43.0000,35.0000,31.0000
171.0000,43.0000,35.0000,31.0000
171.0000,43.0000,35.0000,31.0000
171.0000,43.0000,35.0000,31.0000
171.0000,43.0000,35.0000,31.0000
171.0000,43.0000,35.0000,31.0000
171.0000,43.0000,35.0000,31.0000
171.0000,43.0000,35.0000,31.0000
171.0000,43.0000,35.0000,31.0000
171.0000,43.0000,35.0000,31.0000
171.0000,43.0000,35.0000,31.0000
171.0000,43.0000,35.0000,31.0000
171.0000,43.0000,35.0000,31.0000
171.0000,43.0000,35.0000,31.0000
171.0000,43.0000,35.0000,31.0000
171.0000,43.0000,35.0000,31.0000
171.0000,43.0000,35.0000,31.0000
171.0000,43.0000,35.0000,31.0000
2
0
0
