0.000168
3.857906
0.046091
0.052844
0.047234
0.048907
0.049572
0.056777
0.053557
0.039361
0.044917
0.044296
0.044976
0.046976
0.044575
0.044888
0.043889
0.043969
0.04423
0.044537
0.045808
0.044334
0.044169
0.044304
0.044482
0.044152
0.044154
0.044194
0.043905
0.04407
0.044371
0.04272
0.044347
0.044224
0.044106
0.043987
0.045591
0.04404
0.044093
0.044148
0.044232
0.044147
0.050836
0.048149
0.046725
0.058276
0.050322
0.046575
0.051249
0.046308
0.046539
0.046554
0.045872
0.057462
0.05223
0.054613
0.046465
0.046756
0.046845
0.046721
0.046766
0.05304
0.046856
0.046666
0.046598
0.046735
0.046822
0.046644
0.046808
0.04677
0.046961
0.046902
0.046904
0.046904
0.047024
0.047083
0.041592
0.047011
0.044885
0.046637
0.046606
0.049482
0.047106
0.047085
0.047858
0.05169
0.047611
0.047475
0.047072
0.047525
0.047593
0.047502
0.048075
0.047558
0.047554
0.04753
0.047536
0.047419
0.07820000000000001
0.062565
0.047997
0.048044
0.047665
0.046023
0.047727
0.048872
0.04738
0.047283
0.041825
0.047275
0.047118
0.047145
0.047129
0.047057
0.05891
0.04183
0.041698
0.047245
0.047254
0.04719
