1
618.9000,666.1000,680.1000,666.1000,680.1000,688.9000,618.9000,688.9000
606.6000,657.9000,671.4000,657.9000,671.4000,683.1000,606.6000,683.1000
593.3000,652.8000,661.7000,652.8000,661.7000,679.2000,593.3000,679.2000
569.5000,653.9000,635.5000,653.9000,635.5000,679.1000,569.5000,679.1000
548.6000,644.6000,613.4000,644.6000,613.4000,673.4000,548.6000,673.4000
535.8000,637.4000,598.2000,637.4000,598.2000,668.6000,535.8000,668.6000
520.8000,633.5000,583.2000,633.5000,583.2000,663.5000,520.8000,663.5000
503.7000,630.6000,567.3000,630.6000,567.3000,659.4000,503.7000,659.4000
477.6000,629.9000,542.4000,629.9000,542.4000,655.1000,477.6000,655.1000
459.7000,624.4000,523.3000,624.4000,523.3000,655.6000,459.7000,655.6000
436.8000,607.3000,499.2000,607.3000,499.2000,639.7000,436.8000,639.7000
418.3000,582.5000,474.7000,582.5000,474.7000,624.5000,418.3000,624.5000
394.3000,563.6000,450.7000,563.6000,450.7000,604.4000,394.3000,604.4000
376.1000,556.6000,434.9000,556.6000,434.9000,597.4000,376.1000,597.4000
356.3000,538.2000,412.7000,538.2000,412.7000,583.8000,356.3000,583.8000
335.0000,506.7000,383.0000,506.7000,383.0000,558.3000,335.0000,558.3000
322.2000,491.5000,367.8000,491.5000,367.8000,545.5000,322.2000,545.5000
309.6000,491.9000,362.4000,491.9000,362.4000,541.1000,309.6000,541.1000
282.4000,501.5000,349.6000,501.5000,349.6000,531.5000,282.4000,531.5000
266.4000,499.7000,333.6000,499.7000,333.6000,527.3000,266.4000,527.3000
245.3000,514.0000,313.7000,514.0000,313.7000,538.0000,245.3000,538.0000
223.6000,525.6000,288.4000,525.6000,288.4000,554.4000,223.6000,554.4000
200.7000,551.4000,264.3000,551.4000,264.3000,582.6000,200.7000,582.6000
192.4000,556.2000,247.6000,556.2000,247.6000,601.8000,192.4000,601.8000
186.0000,567.4000,246.0000,567.4000,246.0000,610.6000,186.0000,610.6000
173.0000,581.1000,233.0000,581.1000,233.0000,627.9000,173.0000,627.9000
179.0000,589.1000,227.0000,589.1000,227.0000,647.9000,179.0000,647.9000
193.6000,597.2000,222.4000,597.2000,222.4000,666.8000,193.6000,666.8000
205.1000,622.5000,227.9000,622.5000,227.9000,688.5000,205.1000,688.5000
215.2000,654.3000,236.8000,654.3000,236.8000,722.7000,215.2000,722.7000
225.1000,698.2000,247.9000,698.2000,247.9000,767.8000,225.1000,767.8000
239.2000,725.3000,260.8000,725.3000,260.8000,793.7000,239.2000,793.7000
237.7000,726.0000,265.3000,726.0000,265.3000,798.0000,237.7000,798.0000
246.4000,737.0000,277.6000,737.0000,277.6000,809.0000,246.4000,809.0000
263.8000,756.2000,302.2000,756.2000,302.2000,825.8000,263.8000,825.8000
280.9000,777.4000,318.1000,777.4000,318.1000,844.6000,280.9000,844.6000
291.5000,788.4000,333.5000,788.4000,333.5000,855.6000,291.5000,855.6000
304.5000,793.4000,346.5000,793.4000,346.5000,860.6000,304.5000,860.6000
310.1000,799.0000,356.9000,799.0000,356.9000,859.0000,310.1000,859.0000
323.0000,810.2000,371.0000,810.2000,371.0000,867.8000,323.0000,867.8000
338.4000,817.8000,393.6000,817.8000,393.6000,868.2000,338.4000,868.2000
360.3000,830.7000,416.7000,830.7000,416.7000,882.3000,360.3000,882.3000
382.5000,842.8000,424.5000,842.8000,424.5000,905.2000,382.5000,905.2000
388.7000,847.8000,428.3000,847.8000,428.3000,910.2000,388.7000,910.2000
391.8000,846.8000,430.2000,846.8000,430.2000,909.2000,391.8000,909.2000
392.0000,846.9000,428.0000,846.9000,428.0000,908.1000,392.0000,908.1000
391.4000,845.8000,422.6000,845.8000,422.6000,908.2000,391.4000,908.2000
391.5000,846.9000,421.5000,846.9000,421.5000,908.1000,391.5000,908.1000
389.3000,848.0000,421.7000,848.0000,421.7000,908.0000,389.3000,908.0000
389.3000,846.9000,421.7000,846.9000,421.7000,908.1000,389.3000,908.1000
389.0000,849.1000,425.0000,849.1000,425.0000,907.9000,389.0000,907.9000
390.9000,850.2000,428.1000,850.2000,428.1000,907.8000,390.9000,907.8000
391.7000,855.4000,431.3000,855.4000,431.3000,910.6000,391.7000,910.6000
394.5000,864.8000,436.5000,864.8000,436.5000,915.2000,394.5000,915.2000
396.8000,864.7000,435.2000,864.7000,435.2000,916.3000,396.8000,916.3000
396.9000,864.5000,434.1000,864.5000,434.1000,918.5000,396.9000,918.5000
397.2000,865.5000,430.8000,865.5000,430.8000,919.5000,397.2000,919.5000
396.5000,865.5000,426.5000,865.5000,426.5000,919.5000,396.5000,919.5000
395.5000,866.6000,425.5000,866.6000,425.5000,919.4000,395.5000,919.4000
394.5000,866.6000,424.5000,866.6000,424.5000,919.4000,394.5000,919.4000
390.2000,868.7000,423.8000,868.7000,423.8000,920.3000,390.2000,920.3000
386.1000,868.9000,420.9000,868.9000,420.9000,918.1000,386.1000,918.1000
386.1000,868.7000,420.9000,868.7000,420.9000,920.3000,386.1000,920.3000
387.2000,867.7000,420.8000,867.7000,420.8000,919.3000,387.2000,919.3000
389.5000,868.6000,419.5000,868.6000,419.5000,921.4000,389.5000,921.4000
393.7000,869.7000,421.3000,869.7000,421.3000,921.3000,393.7000,921.3000
393.7000,870.5000,421.3000,870.5000,421.3000,924.5000,393.7000,924.5000
395.9000,870.5000,421.1000,870.5000,421.1000,924.5000,395.9000,924.5000
394.6000,870.5000,423.4000,870.5000,423.4000,924.5000,394.6000,924.5000
394.7000,871.7000,422.3000,871.7000,422.3000,923.3000,394.7000,923.3000
396.6000,871.7000,425.4000,871.7000,425.4000,923.3000,396.6000,923.3000
397.4000,869.7000,428.6000,869.7000,428.6000,921.3000,397.4000,921.3000
397.1000,867.7000,431.9000,867.7000,431.9000,919.3000,397.1000,919.3000
396.4000,866.9000,439.6000,866.9000,439.6000,916.1000,396.4000,916.1000
399.6000,863.7000,440.4000,863.7000,440.4000,915.3000,399.6000,915.3000
402.0000,862.7000,438.0000,862.7000,438.0000,914.3000,402.0000,914.3000
402.2000,864.5000,435.8000,864.5000,435.8000,918.5000,402.2000,918.5000
403.2000,867.6000,436.8000,867.6000,436.8000,920.4000,403.2000,920.4000
405.0000,873.9000,441.0000,873.9000,441.0000,923.1000,405.0000,923.1000
409.9000,880.3000,447.1000,880.3000,447.1000,924.7000,409.9000,924.7000
418.0000,884.4000,454.0000,884.4000,454.0000,927.6000,418.0000,927.6000
419.8000,885.8000,458.2000,885.8000,458.2000,924.2000,419.8000,924.2000
424.3000,886.8000,456.7000,886.8000,456.7000,925.2000,424.3000,925.2000
424.4000,887.1000,455.6000,887.1000,455.6000,921.9000,424.4000,921.9000
424.5000,888.3000,454.5000,888.3000,454.5000,920.7000,424.5000,920.7000
422.5000,889.8000,452.5000,889.8000,452.5000,916.2000,422.5000,916.2000
420.5000,889.7000,450.5000,889.7000,450.5000,917.3000,420.5000,917.3000
418.1000,890.8000,452.9000,890.8000,452.9000,917.2000,418.1000,917.2000
418.0000,888.6000,454.0000,888.6000,454.0000,917.4000,418.0000,917.4000
412.8000,887.6000,451.2000,887.6000,451.2000,916.4000,412.8000,916.4000
410.7000,886.6000,450.3000,886.6000,450.3000,915.4000,410.7000,915.4000
404.4000,886.7000,447.6000,886.7000,447.6000,914.3000,404.4000,914.3000
411.7000,891.9000,451.3000,891.9000,451.3000,917.1000,411.7000,917.1000
403.9000,890.8000,441.1000,890.8000,441.1000,917.2000,403.9000,917.2000
403.9000,890.7000,441.1000,890.7000,441.1000,918.3000,403.9000,918.3000
409.2000,890.6000,442.8000,890.6000,442.8000,919.4000,409.2000,919.4000
411.4000,889.6000,442.6000,889.6000,442.6000,918.4000,411.4000,918.4000
411.5000,889.7000,441.5000,889.7000,441.5000,917.3000,411.5000,917.3000
412.7000,889.8000,440.3000,889.8000,440.3000,916.2000,412.7000,916.2000
411.0000,889.8000,435.0000,889.8000,435.0000,916.2000,411.0000,916.2000
404.6000,889.9000,433.4000,889.9000,433.4000,915.1000,404.6000,915.1000
402.7000,889.9000,430.3000,889.9000,430.3000,915.1000,402.7000,915.1000
402.4000,889.8000,433.6000,889.8000,433.6000,916.2000,402.4000,916.2000
402.6000,888.8000,431.4000,888.8000,431.4000,915.2000,402.6000,915.2000
408.5000,885.5000,438.5000,885.5000,438.5000,915.5000,408.5000,915.5000
414.7000,888.5000,442.3000,888.5000,442.3000,918.5000,414.7000,918.5000
417.6000,890.7000,446.4000,890.7000,446.4000,918.3000,417.6000,918.3000
418.2000,889.8000,451.8000,889.8000,451.8000,916.2000,418.2000,916.2000
417.6000,889.8000,458.4000,889.8000,458.4000,916.2000,417.6000,916.2000
425.0000,890.8000,461.0000,890.8000,461.0000,917.2000,425.0000,917.2000
428.8000,888.7000,467.2000,888.7000,467.2000,916.3000,428.8000,916.3000
429.7000,886.4000,469.3000,886.4000,469.3000,917.6000,429.7000,917.6000
432.8000,885.2000,471.2000,885.2000,471.2000,918.8000,432.8000,918.8000
433.7000,886.3000,473.3000,886.3000,473.3000,918.7000,433.7000,918.7000
434.8000,883.4000,473.2000,883.4000,473.2000,914.6000,434.8000,914.6000
437.5000,883.3000,479.5000,883.3000,479.5000,915.7000,437.5000,915.7000
435.2000,881.7000,480.8000,881.7000,480.8000,909.3000,435.2000,909.3000
433.2000,881.5000,478.8000,881.5000,478.8000,911.5000,433.2000,911.5000
435.4000,878.3000,478.6000,878.3000,478.6000,910.7000,435.4000,910.7000
435.2000,879.5000,480.8000,879.5000,480.8000,909.5000,435.2000,909.5000
436.2000,881.9000,481.8000,881.9000,481.8000,907.1000,436.2000,907.1000
436.1000,881.7000,482.9000,881.7000,482.9000,909.3000,436.1000,909.3000
440.9000,884.1000,490.1000,884.1000,490.1000,906.9000,440.9000,906.9000
460.1000,875.9000,506.9000,875.9000,506.9000,901.1000,460.1000,901.1000
473.9000,870.8000,523.1000,870.8000,523.1000,897.2000,473.9000,897.2000
489.4000,865.4000,532.6000,865.4000,532.6000,896.6000,489.4000,896.6000
500.4000,862.7000,543.6000,862.7000,543.6000,890.3000,500.4000,890.3000
522.5000,854.8000,564.5000,854.8000,564.5000,881.2000,522.5000,881.2000
545.2000,854.9000,590.8000,854.9000,590.8000,880.1000,545.2000,880.1000
574.7000,851.7000,614.3000,851.7000,614.3000,879.3000,574.7000,879.3000
582.7000,851.5000,622.3000,851.5000,622.3000,881.5000,582.7000,881.5000
582.5000,849.2000,624.5000,849.2000,624.5000,882.8000,582.5000,882.8000
588.0000,855.4000,624.0000,855.4000,624.0000,886.6000,588.0000,886.6000
588.0000,856.6000,624.0000,856.6000,624.0000,885.4000,588.0000,885.4000
588.3000,858.2000,620.7000,858.2000,620.7000,891.8000,588.3000,891.8000
587.9000,858.7000,625.1000,858.7000,625.1000,886.3000,587.9000,886.3000
586.7000,855.7000,626.3000,855.7000,626.3000,883.3000,586.7000,883.3000
583.3000,850.4000,627.7000,850.4000,627.7000,881.6000,583.3000,881.6000
585.8000,840.4000,636.2000,840.4000,636.2000,871.6000,585.8000,871.6000
584.7000,842.5000,636.3000,842.5000,636.3000,872.5000,584.7000,872.5000
589.6000,841.8000,642.4000,841.8000,642.4000,868.2000,589.6000,868.2000
589.5000,839.7000,643.5000,839.7000,643.5000,867.3000,589.5000,867.3000
594.8000,825.6000,645.2000,825.6000,645.2000,854.4000,594.8000,854.4000
594.8000,823.2000,645.2000,823.2000,645.2000,856.8000,594.8000,856.8000
596.1000,822.9000,642.9000,822.9000,642.9000,860.1000,596.1000,860.1000
599.8000,820.2000,650.2000,820.2000,650.2000,853.8000,599.8000,853.8000
598.7000,820.3000,650.3000,820.3000,650.3000,852.7000,598.7000,852.7000
601.8000,816.1000,652.2000,816.1000,652.2000,850.9000,601.8000,850.9000
601.9000,817.1000,651.1000,817.1000,651.1000,851.9000,601.9000,851.9000
600.5000,820.5000,654.5000,820.5000,654.5000,850.5000,600.5000,850.5000
598.3000,820.5000,654.7000,820.5000,654.7000,850.5000,598.3000,850.5000
600.5000,819.6000,654.5000,819.6000,654.5000,848.4000,600.5000,848.4000
602.3000,817.4000,658.7000,817.4000,658.7000,848.6000,602.3000,848.6000
601.9000,819.4000,663.1000,819.4000,663.1000,850.6000,601.9000,850.6000
601.0000,820.5000,661.0000,820.5000,661.0000,850.5000,601.0000,850.5000
599.9000,820.5000,661.1000,820.5000,661.1000,850.5000,599.9000,850.5000
2
0
0
0
0
1
704.8000,786.5000,755.2000,786.5000,755.2000,828.5000,704.8000,828.5000
707.7000,779.2000,759.3000,779.2000,759.3000,824.8000,707.7000,824.8000
718.2000,755.8000,763.8000,755.8000,763.8000,806.2000,718.2000,806.2000
726.8000,742.6000,777.2000,742.6000,777.2000,795.4000,726.8000,795.4000
738.9000,725.5000,788.1000,725.5000,788.1000,779.5000,738.9000,779.5000
757.9000,703.4000,807.1000,703.4000,807.1000,758.6000,757.9000,758.6000
765.9000,682.2000,815.1000,682.2000,815.1000,739.8000,765.9000,739.8000
773.4000,671.7000,828.6000,671.7000,828.6000,723.3000,773.4000,723.3000
776.1000,663.5000,834.9000,663.5000,834.9000,717.5000,776.1000,717.5000
779.0000,670.0000,839.0000,670.0000,839.0000,718.0000,779.0000,718.0000
777.6000,675.5000,842.4000,675.5000,842.4000,717.5000,777.6000,717.5000
777.6000,675.4000,842.4000,675.4000,842.4000,718.6000,777.6000,718.6000
777.5000,677.5000,843.5000,677.5000,843.5000,719.5000,777.5000,719.5000
776.6000,677.3000,841.4000,677.3000,841.4000,721.7000,776.6000,721.7000
776.5000,679.6000,842.5000,679.6000,842.5000,720.4000,776.5000,720.4000
775.6000,684.9000,840.4000,684.9000,840.4000,722.1000,775.6000,722.1000
773.7000,694.6000,837.3000,694.6000,837.3000,723.4000,773.7000,723.4000
773.0000,699.6000,833.0000,699.6000,833.0000,728.4000,773.0000,728.4000
775.2000,702.4000,832.8000,702.4000,832.8000,733.6000,775.2000,733.6000
776.3000,701.4000,832.7000,701.4000,832.7000,732.6000,776.3000,732.6000
773.9000,701.6000,823.1000,701.6000,823.1000,742.4000,773.9000,742.4000
774.7000,700.8000,814.3000,700.8000,814.3000,751.2000,774.7000,751.2000
778.4000,701.5000,809.6000,701.5000,809.6000,755.5000,778.4000,755.5000
780.5000,701.1000,810.5000,701.1000,810.5000,759.9000,780.5000,759.9000
781.6000,700.9000,810.4000,700.9000,810.4000,762.1000,781.6000,762.1000
783.9000,700.9000,809.1000,700.9000,809.1000,762.1000,783.9000,762.1000
777.7000,702.9000,805.3000,702.9000,805.3000,764.1000,777.7000,764.1000
772.7000,704.4000,800.3000,704.4000,800.3000,771.6000,772.7000,771.6000
769.9000,704.1000,795.1000,704.1000,795.1000,774.9000,769.9000,774.9000
763.9000,708.0000,789.1000,708.0000,789.1000,780.0000,763.9000,780.0000
749.6000,714.0000,778.4000,714.0000,778.4000,786.0000,749.6000,786.0000
730.8000,720.5000,769.2000,720.5000,769.2000,786.5000,730.8000,786.5000
707.5000,725.9000,761.5000,725.9000,761.5000,787.1000,707.5000,787.1000
689.5000,742.4000,743.5000,742.4000,743.5000,797.6000,689.5000,797.6000
676.8000,748.1000,727.2000,748.1000,727.2000,806.9000,676.8000,806.9000
663.9000,752.9000,725.1000,752.9000,725.1000,802.1000,663.9000,802.1000
663.8000,753.0000,726.2000,753.0000,726.2000,801.0000,663.8000,801.0000
663.8000,752.8000,726.2000,752.8000,726.2000,803.2000,663.8000,803.2000
663.5000,742.7000,729.5000,742.7000,729.5000,794.3000,663.5000,794.3000
665.3000,743.8000,733.7000,743.8000,733.7000,794.2000,665.3000,794.2000
665.2000,744.9000,734.8000,744.9000,734.8000,794.1000,665.2000,794.1000
663.9000,747.1000,737.1000,747.1000,737.1000,793.9000,663.9000,793.9000
657.8000,749.3000,732.2000,749.3000,732.2000,793.7000,657.8000,793.7000
669.5000,750.7000,735.5000,750.7000,735.5000,802.3000,669.5000,802.3000
667.3000,750.7000,735.7000,750.7000,735.7000,802.3000,667.3000,802.3000
672.0000,751.0000,732.0000,751.0000,732.0000,811.0000,672.0000,811.0000
670.6000,748.3000,723.4000,748.3000,723.4000,816.7000,670.6000,816.7000
667.3000,751.5000,723.7000,751.5000,723.7000,817.5000,667.3000,817.5000
659.5000,760.5000,725.5000,760.5000,725.5000,814.5000,659.5000,814.5000
659.4000,760.6000,726.6000,760.6000,726.6000,813.4000,659.4000,813.4000
659.3000,763.9000,727.7000,763.9000,727.7000,813.1000,659.3000,813.1000
653.6000,757.9000,730.4000,757.9000,730.4000,795.1000,653.6000,795.1000
649.4000,758.1000,728.6000,758.1000,728.6000,792.9000,649.4000,792.9000
651.3000,757.0000,731.7000,757.0000,731.7000,793.0000,651.3000,793.0000
656.4000,755.0000,735.6000,755.0000,735.6000,791.0000,656.4000,791.0000
649.4000,755.4000,728.6000,755.4000,728.6000,786.6000,649.4000,786.6000
653.6000,752.8000,730.4000,752.8000,730.4000,779.2000,653.6000,779.2000
661.5000,733.2000,727.5000,733.2000,727.5000,778.8000,661.5000,778.8000
661.7000,722.1000,725.3000,722.1000,725.3000,768.9000,661.7000,768.9000
653.5000,718.5000,719.5000,718.5000,719.5000,760.5000,653.5000,760.5000
653.9000,701.1000,715.1000,701.1000,715.1000,747.9000,653.9000,747.9000
647.3000,684.0000,703.7000,684.0000,703.7000,732.0000,647.3000,732.0000
639.9000,680.0000,701.1000,680.0000,701.1000,728.0000,639.9000,728.0000
632.5000,678.6000,698.5000,678.6000,698.5000,719.4000,632.5000,719.4000
615.5000,673.8000,681.5000,673.8000,681.5000,712.2000,615.5000,712.2000
602.5000,659.7000,668.5000,659.7000,668.5000,699.3000,602.5000,699.3000
584.4000,643.5000,651.6000,643.5000,651.6000,685.5000,584.4000,685.5000
558.2000,637.2000,627.8000,637.2000,627.8000,670.8000,558.2000,670.8000
528.1000,634.6000,598.9000,634.6000,598.9000,663.4000,528.1000,663.4000
491.3000,635.0000,559.7000,635.0000,559.7000,659.0000,491.3000,659.0000
462.7000,635.2000,526.3000,635.2000,526.3000,668.8000,462.7000,668.8000
449.7000,637.6000,513.3000,637.6000,513.3000,678.4000,449.7000,678.4000
417.5000,648.0000,483.5000,648.0000,483.5000,684.0000,417.5000,684.0000
383.8000,657.3000,446.2000,657.3000,446.2000,689.7000,383.8000,689.7000
357.8000,663.0000,420.2000,663.0000,420.2000,699.0000,357.8000,699.0000
338.9000,673.5000,400.1000,673.5000,400.1000,715.5000,338.9000,715.5000
323.2000,685.5000,380.8000,685.5000,380.8000,739.5000,323.2000,739.5000
314.9000,710.6000,364.1000,710.6000,364.1000,775.4000,314.9000,775.4000
307.1000,735.3000,353.9000,735.3000,353.9000,803.7000,307.1000,803.7000
302.4000,757.2000,345.6000,757.2000,345.6000,826.8000,302.4000,826.8000
303.8000,785.9000,342.2000,785.9000,342.2000,859.1000,303.8000,859.1000
312.5000,802.1000,342.5000,802.1000,342.5000,872.9000,312.5000,872.9000
315.5000,795.9000,345.5000,795.9000,345.5000,869.1000,315.5000,869.1000
317.6000,802.6000,358.4000,802.6000,358.4000,867.4000,317.6000,867.4000
326.0000,808.1000,374.0000,808.1000,374.0000,866.9000,326.0000,866.9000
335.9000,814.1000,385.1000,814.1000,385.1000,872.9000,335.9000,872.9000
347.2000,821.4000,404.8000,821.4000,404.8000,876.6000,347.2000,876.6000
370.2000,833.8000,427.8000,833.8000,427.8000,884.2000,370.2000,884.2000
386.3000,835.1000,454.7000,835.1000,454.7000,881.9000,386.3000,881.9000
394.3000,834.8000,462.7000,834.8000,462.7000,885.2000,394.3000,885.2000
412.3000,843.4000,468.7000,843.4000,468.7000,898.6000,412.3000,898.6000
428.4000,846.9000,483.6000,846.9000,483.6000,908.1000,428.4000,908.1000
430.3000,844.6000,474.7000,844.6000,474.7000,909.4000,430.3000,909.4000
429.8000,843.5000,468.2000,843.5000,468.2000,909.5000,429.8000,909.5000
428.9000,842.7000,466.1000,842.7000,466.1000,906.3000,428.9000,906.3000
428.2000,843.8000,461.8000,843.8000,461.8000,906.2000,428.2000,906.2000
431.7000,833.1000,459.3000,833.1000,459.3000,903.9000,431.7000,903.9000
411.2000,836.6000,456.8000,836.6000,456.8000,901.4000,411.2000,901.4000
387.3000,839.5000,443.7000,839.5000,443.7000,893.5000,387.3000,893.5000
365.2000,842.6000,422.8000,842.6000,422.8000,883.4000,365.2000,883.4000
342.6000,839.6000,407.4000,839.6000,407.4000,868.4000,342.6000,868.4000
321.1000,829.6000,391.9000,829.6000,391.9000,858.4000,321.1000,858.4000
302.2000,820.6000,371.8000,820.6000,371.8000,849.4000,302.2000,849.4000
281.3000,805.4000,349.7000,805.4000,349.7000,836.6000,281.3000,836.6000
258.3000,780.9000,326.7000,780.9000,326.7000,818.1000,258.3000,818.1000
227.3000,752.6000,295.7000,752.6000,295.7000,793.4000,227.3000,793.4000
202.5000,732.8000,268.5000,732.8000,268.5000,771.2000,202.5000,771.2000
191.6000,701.6000,244.4000,701.6000,244.4000,754.4000,191.6000,754.4000
159.3000,676.8000,215.7000,676.8000,215.7000,727.2000,159.3000,727.2000
149.1000,671.5000,219.9000,671.5000,219.9000,713.5000,149.1000,713.5000
136.6000,673.2000,213.4000,673.2000,213.4000,706.8000,136.6000,706.8000
139.8000,670.9000,214.2000,670.9000,214.2000,708.1000,139.8000,708.1000
139.7000,673.2000,215.3000,673.2000,215.3000,706.8000,139.7000,706.8000
139.6000,678.6000,216.4000,678.6000,216.4000,707.4000,139.6000,707.4000
137.4000,676.4000,216.6000,676.4000,216.6000,707.6000,137.4000,707.6000
137.5000,676.6000,215.5000,676.6000,215.5000,705.4000,137.5000,705.4000
137.6000,675.7000,214.4000,675.7000,214.4000,703.3000,137.6000,703.3000
138.0000,675.8000,210.0000,675.8000,210.0000,702.2000,138.0000,702.2000
138.1000,675.9000,208.9000,675.9000,208.9000,701.1000,138.1000,701.1000
135.9000,674.0000,209.1000,674.0000,209.1000,698.0000,135.9000,698.0000
134.1000,664.3000,204.9000,664.3000,204.9000,696.7000,134.1000,696.7000
131.5000,655.5000,197.5000,655.5000,197.5000,697.5000,131.5000,697.5000
130.7000,638.7000,194.3000,638.7000,194.3000,690.3000,130.7000,690.3000
125.8000,625.1000,188.2000,625.1000,188.2000,683.9000,125.8000,683.9000
127.2000,606.5000,184.8000,606.5000,184.8000,672.5000,127.2000,672.5000
124.4000,592.6000,179.6000,592.6000,179.6000,657.4000,124.4000,657.4000
104.6000,577.3000,169.4000,577.3000,169.4000,633.7000,104.6000,633.7000
110.6000,549.3000,163.4000,549.3000,163.4000,617.7000,110.6000,617.7000
115.2000,539.6000,160.8000,539.6000,160.8000,616.4000,115.2000,616.4000
129.2000,520.1000,162.8000,520.1000,162.8000,602.9000,129.2000,602.9000
131.6000,497.5000,160.4000,497.5000,160.4000,575.5000,131.6000,575.5000
133.6000,472.3000,162.4000,472.3000,162.4000,552.7000,133.6000,552.7000
139.6000,445.2000,168.4000,445.2000,168.4000,526.8000,139.6000,526.8000
149.6000,413.0000,178.4000,413.0000,178.4000,497.0000,149.6000,497.0000
153.6000,379.0000,182.4000,379.0000,182.4000,463.0000,153.6000,463.0000
159.7000,357.2000,187.3000,357.2000,187.3000,438.8000,159.7000,438.8000
168.6000,341.3000,197.4000,341.3000,197.4000,421.7000,168.6000,421.7000
179.4000,334.2000,222.6000,334.2000,222.6000,403.8000,179.4000,403.8000
194.0000,322.5000,242.0000,322.5000,242.0000,388.5000,194.0000,388.5000
191.5000,329.1000,245.5000,329.1000,245.5000,387.9000,191.5000,387.9000
191.5000,327.8000,245.5000,327.8000,245.5000,390.2000,191.5000,390.2000
198.0000,324.4000,246.0000,324.4000,246.0000,391.6000,198.0000,391.6000
195.0000,325.3000,243.0000,325.3000,243.0000,393.7000,195.0000,393.7000
207.3000,324.3000,239.7000,324.3000,239.7000,392.7000,207.3000,392.7000
209.4000,314.0000,240.6000,314.0000,240.6000,386.0000,209.4000,386.0000
210.3000,308.6000,242.7000,308.6000,242.7000,385.4000,210.3000,385.4000
209.3000,308.7000,241.7000,308.7000,241.7000,384.3000,209.3000,384.3000
210.4000,307.5000,241.6000,307.5000,241.6000,385.5000,210.4000,385.5000
209.2000,308.8000,242.8000,308.8000,242.8000,383.2000,209.2000,383.2000
208.1000,308.9000,242.9000,308.9000,242.9000,382.1000,208.1000,382.1000
208.1000,306.5000,242.9000,306.5000,242.9000,384.5000,208.1000,384.5000
206.2000,309.0000,251.8000,309.0000,251.8000,381.0000,206.2000,381.0000
208.1000,309.3000,254.9000,309.3000,254.9000,377.7000,208.1000,377.7000
208.1000,309.4000,254.9000,309.4000,254.9000,376.6000,208.1000,376.6000
208.7000,310.5000,248.3000,310.5000,248.3000,376.5000,208.7000,376.5000
208.6000,312.3000,249.4000,312.3000,249.4000,380.7000,208.6000,380.7000
212.8000,315.6000,263.2000,315.6000,263.2000,380.4000,212.8000,380.4000
220.3000,321.2000,276.7000,321.2000,276.7000,378.8000,220.3000,378.8000
227.6000,330.1000,292.4000,330.1000,292.4000,376.9000,227.6000,376.9000
232.1000,320.4000,290.9000,320.4000,290.9000,375.6000,232.1000,375.6000
238.8000,307.3000,289.2000,307.3000,289.2000,375.7000,238.8000,375.7000
247.0000,294.6000,283.0000,294.6000,283.0000,371.4000,247.0000,371.4000
256.4000,284.4000,287.6000,284.4000,287.6000,363.6000,256.4000,363.6000
259.7000,281.1000,287.3000,281.1000,287.3000,363.9000,259.7000,363.9000
260.1000,279.1000,294.9000,279.1000,294.9000,361.9000,260.1000,361.9000
263.2000,274.6000,308.8000,274.6000,308.8000,351.4000,263.2000,351.4000
270.2000,269.3000,327.8000,269.3000,327.8000,337.7000,270.2000,337.7000
280.8000,258.6000,331.2000,258.6000,331.2000,335.4000,280.8000,335.4000
288.1000,248.8000,322.9000,248.8000,322.9000,335.2000,288.1000,335.2000
292.6000,243.0000,321.4000,243.0000,321.4000,327.0000,292.6000,327.0000
285.8000,235.1000,324.2000,235.1000,324.2000,317.9000,285.8000,317.9000
277.2000,225.6000,322.8000,225.6000,322.8000,302.4000,277.2000,302.4000
280.5000,222.4000,322.5000,222.4000,322.5000,301.6000,280.5000,301.6000
285.7000,217.6000,325.3000,217.6000,325.3000,294.4000,285.7000,294.4000
287.4000,216.9000,330.6000,216.9000,330.6000,290.1000,287.4000,290.1000
282.7000,223.4000,334.3000,223.4000,334.3000,290.6000,282.7000,290.6000
280.4000,225.6000,335.6000,225.6000,335.6000,290.4000,280.4000,290.4000
280.3000,228.8000,336.7000,228.8000,336.7000,291.2000,280.3000,291.2000
280.2000,228.9000,337.8000,228.9000,337.8000,290.1000,280.2000,290.1000
281.3000,228.9000,337.7000,228.9000,337.7000,290.1000,281.3000,290.1000
280.1000,227.8000,338.9000,227.8000,338.9000,290.2000,280.1000,290.2000
280.2000,227.8000,337.8000,227.8000,337.8000,290.2000,280.2000,290.2000
281.3000,227.8000,337.7000,227.8000,337.7000,290.2000,281.3000,290.2000
279.2000,231.8000,336.8000,231.8000,336.8000,294.2000,279.2000,294.2000
276.1000,228.6000,334.9000,228.6000,334.9000,293.4000,276.1000,293.4000
276.1000,230.9000,334.9000,230.9000,334.9000,292.1000,276.1000,292.1000
273.8000,233.2000,336.2000,233.2000,336.2000,290.8000,273.8000,290.8000
272.5000,235.6000,338.5000,235.6000,338.5000,288.4000,272.5000,288.4000
272.7000,233.3000,336.3000,233.3000,336.3000,289.7000,272.7000,289.7000
271.5000,234.4000,337.5000,234.4000,337.5000,289.6000,271.5000,289.6000
269.2000,238.9000,338.8000,238.9000,338.8000,288.1000,269.2000,288.1000
269.3000,238.9000,337.7000,238.9000,337.7000,288.1000,269.3000,288.1000
263.5000,238.1000,329.5000,238.1000,329.5000,284.9000,263.5000,284.9000
262.4000,233.7000,329.6000,233.7000,329.6000,285.3000,262.4000,285.3000
264.7000,225.1000,328.3000,225.1000,328.3000,283.9000,264.7000,283.9000
264.9000,217.5000,326.1000,217.5000,326.1000,283.5000,264.9000,283.5000
262.7000,221.7000,326.3000,221.7000,326.3000,285.3000,262.7000,285.3000
261.6000,223.1000,326.4000,223.1000,326.4000,281.9000,261.6000,281.9000
257.6000,225.5000,322.4000,225.5000,322.4000,279.5000,257.6000,279.5000
251.4000,228.0000,318.6000,228.0000,318.6000,276.0000,251.4000,276.0000
248.9000,231.4000,322.1000,231.4000,322.1000,274.6000,248.9000,274.6000
246.7000,234.8000,322.3000,234.8000,322.3000,273.2000,246.7000,273.2000
241.7000,238.2000,317.3000,238.2000,317.3000,271.8000,241.7000,271.8000
238.7000,241.8000,314.3000,241.8000,314.3000,268.2000,238.7000,268.2000
233.7000,243.7000,309.3000,243.7000,309.3000,271.3000,233.7000,271.3000
232.3000,247.6000,312.7000,247.6000,312.7000,276.4000,232.3000,276.4000
222.2000,251.6000,303.8000,251.6000,303.8000,280.4000,222.2000,280.4000
210.4000,259.1000,289.6000,259.1000,289.6000,293.9000,210.4000,293.9000
198.7000,271.5000,274.3000,271.5000,274.3000,313.5000,198.7000,313.5000
185.0000,285.8000,257.0000,285.8000,257.0000,336.2000,185.0000,336.2000
166.1000,305.4000,236.9000,305.4000,236.9000,360.6000,166.1000,360.6000
163.4000,316.1000,230.6000,316.1000,230.6000,374.9000,163.4000,374.9000
155.0000,323.6000,227.0000,323.6000,227.0000,376.4000,155.0000,376.4000
151.3000,325.0000,231.7000,325.0000,231.7000,361.0000,151.3000,361.0000
161.2000,323.9000,242.8000,323.9000,242.8000,349.1000,161.2000,349.1000
171.2000,314.2000,240.8000,314.2000,240.8000,359.8000,171.2000,359.8000
182.0000,296.6000,230.0000,296.6000,230.0000,361.4000,182.0000,361.4000
204.7000,289.2000,232.3000,289.2000,232.3000,358.8000,204.7000,358.8000
206.2000,269.4000,239.8000,269.4000,239.8000,336.6000,206.2000,336.6000
217.9000,261.8000,267.1000,261.8000,267.1000,324.2000,217.9000,324.2000
242.8000,238.6000,293.2000,238.6000,293.2000,303.4000,242.8000,303.4000
259.3000,230.0000,315.7000,230.0000,315.7000,290.0000,259.3000,290.0000
284.8000,208.9000,347.2000,208.9000,347.2000,258.1000,284.8000,258.1000
314.2000,202.9000,383.8000,202.9000,383.8000,240.1000,314.2000,240.1000
350.9000,200.1000,424.1000,200.1000,424.1000,234.9000,350.9000,234.9000
382.9000,201.8000,456.1000,201.8000,456.1000,228.2000,382.9000,228.2000
406.0000,208.0000,478.0000,208.0000,478.0000,232.0000,406.0000,232.0000
436.3000,218.2000,504.7000,218.2000,504.7000,251.8000,436.3000,251.8000
482.4000,234.6000,537.6000,234.6000,537.6000,287.4000,482.4000,287.4000
487.1000,253.1000,545.9000,253.1000,545.9000,299.9000,487.1000,299.9000
492.6000,262.8000,557.4000,262.8000,557.4000,301.2000,492.6000,301.2000
504.3000,268.0000,572.7000,268.0000,572.7000,292.0000,504.3000,292.0000
527.1000,259.4000,597.9000,259.4000,597.9000,290.6000,527.1000,290.6000
567.5000,241.6000,633.5000,241.6000,633.5000,282.4000,567.5000,282.4000
598.8000,209.2000,661.2000,209.2000,661.2000,254.8000,598.8000,254.8000
609.0000,200.5000,669.0000,200.5000,669.0000,254.5000,609.0000,254.5000
611.2000,196.0000,668.8000,196.0000,668.8000,256.0000,611.2000,256.0000
610.7000,194.2000,662.3000,194.2000,662.3000,263.8000,610.7000,263.8000
610.2000,193.8000,655.8000,193.8000,655.8000,268.2000,610.2000,268.2000
613.0000,190.3000,649.0000,190.3000,649.0000,270.7000,613.0000,270.7000
612.2000,187.3000,645.8000,187.3000,645.8000,267.7000,612.2000,267.7000
609.6000,185.2000,638.4000,185.2000,638.4000,266.8000,609.6000,266.8000
605.6000,181.8000,634.4000,181.8000,634.4000,268.2000,605.6000,268.2000
592.0000,176.1000,628.0000,176.1000,628.0000,258.9000,592.0000,258.9000
574.2000,173.4000,619.8000,173.4000,619.8000,252.6000,574.2000,252.6000
556.8000,171.1000,607.2000,171.1000,607.2000,241.9000,556.8000,241.9000
527.1000,163.5000,585.9000,163.5000,585.9000,229.5000,527.1000,229.5000
500.0000,154.7000,560.0000,154.7000,560.0000,218.3000,500.0000,218.3000
477.5000,156.2000,543.5000,156.2000,543.5000,213.8000,477.5000,213.8000
469.1000,160.5000,539.9000,160.5000,539.9000,214.5000,469.1000,214.5000
476.8000,152.7000,539.2000,152.7000,539.2000,216.3000,476.8000,216.3000
501.9000,149.9000,539.1000,149.9000,539.1000,223.1000,501.9000,223.1000
510.5000,155.8000,540.5000,155.8000,540.5000,230.2000,510.5000,230.2000
513.5000,158.5000,555.5000,158.5000,555.5000,236.5000,513.5000,236.5000
522.5000,172.5000,576.5000,172.5000,576.5000,238.5000,522.5000,238.5000
531.7000,188.5000,607.3000,188.5000,607.3000,230.5000,531.7000,230.5000
551.3000,205.9000,631.7000,205.9000,631.7000,231.1000,551.3000,231.1000
593.8000,218.7000,668.2000,218.7000,668.2000,246.3000,593.8000,246.3000
627.0000,225.7000,699.0000,225.7000,699.0000,253.3000,627.0000,253.3000
654.9000,239.0000,728.1000,239.0000,728.1000,275.0000,654.9000,275.0000
671.6000,251.4000,736.4000,251.4000,736.4000,306.6000,671.6000,306.6000
688.2000,282.0000,745.8000,282.0000,745.8000,342.0000,688.2000,342.0000
709.4000,307.6000,776.6000,307.6000,776.6000,360.4000,709.4000,360.4000
724.4000,322.2000,803.6000,322.2000,803.6000,355.8000,724.4000,355.8000
743.6000,332.0000,820.4000,332.0000,820.4000,380.0000,743.6000,380.0000
762.3000,344.3000,830.7000,344.3000,830.7000,400.7000,762.3000,400.7000
781.3000,363.0000,837.7000,363.0000,837.7000,435.0000,781.3000,435.0000
785.2000,381.3000,818.8000,381.3000,818.8000,461.7000,785.2000,461.7000
779.0000,423.2000,803.0000,423.2000,803.0000,504.8000,779.0000,504.8000
775.3000,463.4000,795.7000,463.4000,795.7000,542.6000,775.3000,542.6000
761.3000,504.5000,781.7000,504.5000,781.7000,582.5000,761.3000,582.5000
755.8000,544.4000,782.2000,544.4000,782.2000,623.6000,755.8000,623.6000
751.9000,580.4000,777.1000,580.4000,777.1000,659.6000,751.9000,659.6000
733.7000,603.7000,773.3000,603.7000,773.3000,679.3000,733.7000,679.3000
694.3000,619.5000,762.7000,619.5000,762.7000,673.5000,694.3000,673.5000
669.3000,630.2000,749.7000,630.2000,749.7000,663.8000,669.3000,663.8000
645.1000,631.1000,727.9000,631.1000,727.9000,653.9000,645.1000,653.9000
619.5000,616.6000,697.5000,616.6000,697.5000,645.4000,619.5000,645.4000
605.4000,581.1000,672.6000,581.1000,672.6000,627.9000,605.4000,627.9000
595.1000,548.9000,653.9000,548.9000,653.9000,610.1000,595.1000,610.1000
584.7000,509.9000,636.3000,509.9000,636.3000,571.1000,584.7000,571.1000
576.7000,470.4000,616.3000,470.4000,616.3000,537.6000,576.7000,537.6000
566.4000,429.4000,597.6000,429.4000,597.6000,496.6000,566.4000,496.6000
566.1000,386.6000,588.9000,386.6000,588.9000,451.4000,566.1000,451.4000
557.6000,355.8000,586.4000,355.8000,586.4000,418.2000,557.6000,418.2000
551.1000,346.1000,585.9000,346.1000,585.9000,404.9000,551.1000,404.9000
534.0000,317.6000,570.0000,317.6000,570.0000,382.4000,534.0000,382.4000
512.3000,290.5000,556.7000,290.5000,556.7000,344.5000,512.3000,344.5000
492.5000,271.1000,546.5000,271.1000,546.5000,317.9000,492.5000,317.9000
487.9000,251.5000,537.1000,251.5000,537.1000,305.5000,487.9000,305.5000
475.0000,222.5000,523.0000,222.5000,523.0000,276.5000,475.0000,276.5000
486.8000,179.1000,525.2000,179.1000,525.2000,237.9000,486.8000,237.9000
502.1000,166.0000,536.9000,166.0000,536.9000,226.0000,502.1000,226.0000
509.8000,163.8000,548.2000,163.8000,548.2000,226.2000,509.8000,226.2000
507.6000,171.4000,536.4000,171.4000,536.4000,238.6000,507.6000,238.6000
497.0000,176.5000,533.0000,176.5000,533.0000,242.5000,497.0000,242.5000
479.9000,181.1000,529.1000,181.1000,529.1000,239.9000,479.9000,239.9000
461.9000,179.8000,523.1000,179.8000,523.1000,230.2000,461.9000,230.2000
438.4000,181.6000,505.6000,181.6000,505.6000,222.4000,438.4000,222.4000
407.3000,182.0000,475.7000,182.0000,475.7000,218.0000,407.3000,218.0000
380.9000,187.7000,454.1000,187.7000,454.1000,215.3000,380.9000,215.3000
356.9000,200.8000,430.1000,200.8000,430.1000,227.2000,356.9000,227.2000
332.4000,225.6000,399.6000,225.6000,399.6000,254.4000,332.4000,254.4000
305.5000,224.7000,371.5000,224.7000,371.5000,264.3000,305.5000,264.3000
274.0000,238.0000,346.0000,238.0000,346.0000,262.0000,274.0000,262.0000
252.8000,242.6000,327.2000,242.6000,327.2000,271.4000,252.8000,271.4000
245.9000,255.2000,307.1000,255.2000,307.1000,300.8000,245.9000,300.8000
234.8000,280.2000,285.2000,280.2000,285.2000,337.8000,234.8000,337.8000
217.2000,320.7000,262.8000,320.7000,262.8000,384.3000,217.2000,384.3000
195.8000,377.2000,246.2000,377.2000,246.2000,434.8000,195.8000,434.8000
221.2000,411.6000,254.8000,411.6000,254.8000,476.4000,221.2000,476.4000
233.9000,453.0000,283.1000,453.0000,283.1000,513.0000,233.9000,513.0000
249.6000,490.5000,290.4000,490.5000,290.4000,556.5000,249.6000,556.5000
247.5000,546.5000,289.5000,546.5000,289.5000,612.5000,247.5000,612.5000
250.7000,570.3000,278.3000,570.3000,278.3000,638.7000,250.7000,638.7000
235.6000,588.0000,276.4000,588.0000,276.4000,648.0000,235.6000,648.0000
219.0000,603.1000,267.0000,603.1000,267.0000,661.9000,219.0000,661.9000
188.3000,622.6000,244.7000,622.6000,244.7000,675.4000,188.3000,675.4000
152.8000,640.2000,215.2000,640.2000,215.2000,685.8000,152.8000,685.8000
147.0000,641.3000,207.0000,641.3000,207.0000,685.7000,147.0000,685.7000
160.7000,636.6000,212.3000,636.6000,212.3000,689.4000,160.7000,689.4000
167.1000,637.1000,213.9000,637.1000,213.9000,695.9000,167.1000,695.9000
155.6000,643.8000,208.4000,643.8000,208.4000,694.2000,155.6000,694.2000
152.5000,643.8000,206.5000,643.8000,206.5000,694.2000,152.5000,694.2000
155.9000,643.6000,205.1000,643.6000,205.1000,696.4000,155.9000,696.4000
162.5000,645.3000,204.5000,645.3000,204.5000,701.7000,162.5000,701.7000
165.8000,647.1000,204.2000,647.1000,204.2000,705.9000,165.8000,705.9000
169.1000,650.8000,203.9000,650.8000,203.9000,713.2000,169.1000,713.2000
171.4000,651.4000,202.6000,651.4000,202.6000,718.6000,171.4000,718.6000
176.7000,660.3000,204.3000,660.3000,204.3000,728.7000,176.7000,728.7000
180.7000,675.1000,208.3000,675.1000,208.3000,745.9000,180.7000,745.9000
192.4000,692.5000,223.6000,692.5000,223.6000,758.5000,192.4000,758.5000
204.4000,709.9000,247.6000,709.9000,247.6000,771.1000,204.4000,771.1000
226.0000,730.5000,262.0000,730.5000,262.0000,796.5000,226.0000,796.5000
236.3000,746.7000,268.7000,746.7000,268.7000,810.3000,236.3000,810.3000
238.5000,751.0000,280.5000,751.0000,280.5000,811.0000,238.5000,811.0000
250.3000,763.5000,294.7000,763.5000,294.7000,817.5000,250.3000,817.5000
263.5000,770.4000,317.5000,770.4000,317.5000,813.6000,263.5000,813.6000
275.9000,764.5000,337.1000,764.5000,337.1000,794.5000,275.9000,794.5000
303.7000,757.7000,367.3000,757.7000,367.3000,785.3000,303.7000,785.3000
348.1000,749.7000,406.9000,749.7000,406.9000,777.3000,348.1000,777.3000
386.1000,743.7000,444.9000,743.7000,444.9000,771.3000,386.1000,771.3000
418.2000,746.5000,475.8000,746.5000,475.8000,776.5000,418.2000,776.5000
436.1000,749.5000,494.9000,749.5000,494.9000,779.5000,436.1000,779.5000
452.4000,755.0000,507.6000,755.0000,507.6000,791.0000,452.4000,791.0000
483.0000,773.1000,531.0000,773.1000,531.0000,819.9000,483.0000,819.9000
497.7000,792.6000,537.3000,792.6000,537.3000,845.4000,497.7000,845.4000
508.1000,816.2000,542.9000,816.2000,542.9000,873.8000,508.1000,873.8000
519.2000,840.5000,552.8000,840.5000,552.8000,894.5000,519.2000,894.5000
517.5000,838.9000,559.5000,838.9000,559.5000,888.1000,517.5000,888.1000
524.8000,836.7000,575.2000,836.7000,575.2000,876.3000,524.8000,876.3000
528.5000,837.1000,582.5000,837.1000,582.5000,871.9000,528.5000,871.9000
529.5000,840.3000,583.5000,840.3000,583.5000,872.7000,529.5000,872.7000
530.5000,837.0000,584.5000,837.0000,584.5000,873.0000,530.5000,873.0000
536.4000,836.3000,591.6000,836.3000,591.6000,868.7000,536.4000,868.7000
539.3000,838.3000,595.7000,838.3000,595.7000,870.7000,539.3000,870.7000
539.2000,837.5000,596.8000,837.5000,596.8000,867.5000,539.2000,867.5000
540.2000,838.3000,597.8000,838.3000,597.8000,870.7000,540.2000,870.7000
540.1000,838.3000,598.9000,838.3000,598.9000,870.7000,540.1000,870.7000
543.3000,832.7000,599.7000,832.7000,599.7000,860.3000,543.3000,860.3000
544.4000,831.5000,599.6000,831.5000,599.6000,861.5000,544.4000,861.5000
544.4000,829.4000,599.6000,829.4000,599.6000,860.6000,544.4000,860.6000
548.8000,821.0000,599.2000,821.0000,599.2000,857.0000,548.8000,857.0000
549.0000,818.9000,597.0000,818.9000,597.0000,856.1000,549.0000,856.1000
550.9000,813.7000,600.1000,813.7000,600.1000,853.3000,550.9000,853.3000
555.4000,803.3000,598.6000,803.3000,598.6000,847.7000,555.4000,847.7000
555.3000,803.5000,599.7000,803.5000,599.7000,845.5000,555.3000,845.5000
560.0000,804.5000,608.0000,804.5000,608.0000,846.5000,560.0000,846.5000
557.8000,802.4000,608.2000,802.4000,608.2000,845.6000,557.8000,845.6000
560.0000,802.6000,608.0000,802.6000,608.0000,843.4000,560.0000,843.4000
560.1000,804.7000,606.9000,804.7000,606.9000,844.3000,560.1000,844.3000
564.8000,803.2000,615.2000,803.2000,615.2000,836.8000,564.8000,836.8000
574.7000,795.7000,626.3000,795.7000,626.3000,835.3000,574.7000,835.3000
573.4000,795.8000,628.6000,795.8000,628.6000,834.2000,573.4000,834.2000
578.3000,792.9000,634.7000,792.9000,634.7000,830.1000,578.3000,830.1000
584.2000,790.1000,641.8000,790.1000,641.8000,824.9000,584.2000,824.9000
585.0000,789.0000,645.0000,789.0000,645.0000,825.0000,585.0000,825.0000
586.0000,791.2000,646.0000,791.2000,646.0000,824.8000,586.0000,824.8000
589.9000,794.5000,651.1000,794.5000,651.1000,824.5000,589.9000,824.5000
598.9000,793.9000,660.1000,793.9000,660.1000,819.1000,598.9000,819.1000
604.7000,789.9000,668.3000,789.9000,668.3000,815.1000,604.7000,815.1000
606.5000,787.7000,672.5000,787.7000,672.5000,815.3000,606.5000,815.3000
609.7000,786.4000,673.3000,786.4000,673.3000,817.6000,609.7000,817.6000
610.6000,785.5000,675.4000,785.5000,675.4000,815.5000,610.6000,815.5000
611.5000,787.6000,677.5000,787.6000,677.5000,816.4000,611.5000,816.4000
614.6000,787.4000,679.4000,787.4000,679.4000,818.6000,614.6000,818.6000
614.8000,785.5000,677.2000,785.5000,677.2000,815.5000,614.8000,815.5000
612.5000,785.6000,678.5000,785.6000,678.5000,814.4000,612.5000,814.4000
612.5000,785.6000,678.5000,785.6000,678.5000,814.4000,612.5000,814.4000
611.3000,785.6000,679.7000,785.6000,679.7000,814.4000,611.3000,814.4000
612.4000,787.7000,679.6000,787.7000,679.6000,815.3000,612.4000,815.3000
611.3000,787.5000,679.7000,787.5000,679.7000,817.5000,611.3000,817.5000
613.4000,786.4000,680.6000,786.4000,680.6000,817.6000,613.4000,817.6000
617.5000,786.4000,683.5000,786.4000,683.5000,817.6000,617.5000,817.6000
617.3000,787.2000,685.7000,787.2000,685.7000,820.8000,617.3000,820.8000
620.2000,788.5000,689.8000,788.5000,689.8000,818.5000,620.2000,818.5000
620.1000,789.5000,690.9000,789.5000,690.9000,819.5000,620.1000,819.5000
621.2000,789.2000,690.8000,789.2000,690.8000,822.8000,621.2000,822.8000
623.3000,789.3000,691.7000,789.3000,691.7000,821.7000,623.3000,821.7000
622.0000,789.4000,694.0000,789.4000,694.0000,820.6000,622.0000,820.6000
623.0000,787.6000,695.0000,787.6000,695.0000,816.4000,623.0000,816.4000
624.8000,788.7000,699.2000,788.7000,699.2000,816.3000,624.8000,816.3000
627.9000,790.1000,701.1000,790.1000,701.1000,812.9000,627.9000,812.9000
640.2000,780.8000,709.8000,780.8000,709.8000,807.2000,640.2000,807.2000
655.3000,771.1000,723.7000,771.1000,723.7000,805.9000,655.3000,805.9000
676.9000,753.2000,738.1000,753.2000,738.1000,798.8000,676.9000,798.8000
699.1000,734.2000,745.9000,734.2000,745.9000,791.8000,699.1000,791.8000
709.3000,716.6000,741.7000,716.6000,741.7000,781.4000,709.3000,781.4000
713.1000,710.4000,747.9000,710.4000,747.9000,777.6000,713.1000,777.6000
713.9000,712.7000,751.1000,712.7000,751.1000,776.3000,713.9000,776.3000
715.1000,710.6000,749.9000,710.6000,749.9000,775.4000,715.1000,775.4000
715.1000,713.7000,749.9000,713.7000,749.9000,777.3000,715.1000,777.3000
715.7000,709.1000,743.3000,709.1000,743.3000,779.9000,715.7000,779.9000
718.2000,705.8000,739.8000,705.8000,739.8000,780.2000,718.2000,780.2000
716.0000,703.7000,740.0000,703.7000,740.0000,779.3000,716.0000,779.3000
716.9000,702.9000,742.1000,702.9000,742.1000,776.1000,716.9000,776.1000
