14.808,15.488,15.9,0,0,0,0,0,0,0,0,0,0,0,0
0.59313,0.56774,0.57504,0,0,0,0,0,0,0,0,0,0,0,0
1.0477,1.0007,0.99169,0,0,0,0,0,0,0,0,0,0,0,0
0.93802,0.86789,0.90281,0,0,0,0,0,0,0,0,0,0,0,0
0.9208,0.88528,0.86487,0,0,0,0,0,0,0,0,0,0,0,0
0.90612,0.8593,0.82124,0,0,0,0,0,0,0,0,0,0,0,0
0.91542,0.87409,0.82575,0,0,0,0,0,0,0,0,0,0,0,0
0.90764,0.85294,0.83242,0,0,0,0,0,0,0,0,0,0,0,0
0.92671,0.84893,0.86249,0,0,0,0,0,0,0,0,0,0,0,0
0.92569,0.8662,0.83187,0,0,0,0,0,0,0,0,0,0,0,0
0.89543,0.86104,0.83885,0,0,0,0,0,0,0,0,0,0,0,0
0.90021,0.86267,0.85552,0,0,0,0,0,0,0,0,0,0,0,0
0.91812,0.82836,0.82681,0,0,0,0,0,0,0,0,0,0,0,0
0.90518,0.78939,0.80413,0,0,0,0,0,0,0,0,0,0,0,0
0.91446,0.82345,0.80206,0,0,0,0,0,0,0,0,0,0,0,0
0.92577,0.82078,0.79549,0,0,0,0,0,0,0,0,0,0,0,0
0.92651,0.90223,0.79511,0,0,0,0,0,0,0,0,0,0,0,0
0.91272,0.82493,0.80534,0,0,0,0,0,0,0,0,0,0,0,0
0.91045,0.85601,0.84423,0,0,0,0,0,0,0,0,0,0,0,0
0.89155,0.82995,0.83205,0,0,0,0,0,0,0,0,0,0,0,0
0.9046,0.8112,0.84355,0,0,0,0,0,0,0,0,0,0,0,0
0.93187,0.77995,0.84407,0,0,0,0,0,0,0,0,0,0,0,0
0.92712,0.78268,0.81637,0,0,0,0,0,0,0,0,0,0,0,0
0.90809,0.78469,0.81436,0,0,0,0,0,0,0,0,0,0,0,0
0.92172,0.78134,0.83141,0,0,0,0,0,0,0,0,0,0,0,0
0.90217,0.7807,0.85515,0,0,0,0,0,0,0,0,0,0,0,0
0.91413,0.83751,0.84741,0,0,0,0,0,0,0,0,0,0,0,0
0.92573,0.82358,0.84588,0,0,0,0,0,0,0,0,0,0,0,0
0.9301,0.85933,0.84855,0,0,0,0,0,0,0,0,0,0,0,0
0.91855,0.85391,0.83622,0,0,0,0,0,0,0,0,0,0,0,0
0.91024,0.84923,0.8053,0,0,0,0,0,0,0,0,0,0,0,0
0.90263,0.87301,0.79232,0,0,0,0,0,0,0,0,0,0,0,0
NaN,NaN,NaN,0,0,0,0,0,0,0,0,0,0,0,0
NaN,NaN,NaN,0,0,0,0,0,0,0,0,0,0,0,0
NaN,NaN,NaN,0,0,0,0,0,0,0,0,0,0,0,0
NaN,NaN,NaN,0,0,0,0,0,0,0,0,0,0,0,0
15.391,14.444,14.489,0,0,0,0,0,0,0,0,0,0,0,0
0.56075,0.49222,0.51071,0,0,0,0,0,0,0,0,0,0,0,0
0.96976,0.8532,0.86403,0,0,0,0,0,0,0,0,0,0,0,0
0.85233,0.79584,0.79717,0,0,0,0,0,0,0,0,0,0,0,0
0.85332,0.78181,0.77714,0,0,0,0,0,0,0,0,0,0,0,0
0.84868,0.79729,0.79373,0,0,0,0,0,0,0,0,0,0,0,0
0.83564,0.81215,0.75876,0,0,0,0,0,0,0,0,0,0,0,0
0.83193,0.76501,0.79299,0,0,0,0,0,0,0,0,0,0,0,0
0.83721,0.78048,0.77638,0,0,0,0,0,0,0,0,0,0,0,0
0.84945,0.77144,0.76491,0,0,0,0,0,0,0,0,0,0,0,0
0.8456,0.76935,0.73258,0,0,0,0,0,0,0,0,0,0,0,0
0.85014,0.79248,0.72716,0,0,0,0,0,0,0,0,0,0,0,0
0.84562,0.76713,0.75996,0,0,0,0,0,0,0,0,0,0,0,0
0.84449,0.75934,0.72329,0,0,0,0,0,0,0,0,0,0,0,0
0.85202,0.77666,0.71987,0,0,0,0,0,0,0,0,0,0,0,0
0.85148,0.7502,0.73446,0,0,0,0,0,0,0,0,0,0,0,0
0.85247,0.74821,0.77356,0,0,0,0,0,0,0,0,0,0,0,0
0.8479,0.71824,0.77442,0,0,0,0,0,0,0,0,0,0,0,0
0.84639,0.72116,0.81129,0,0,0,0,0,0,0,0,0,0,0,0
0.85478,0.79933,0.82319,0,0,0,0,0,0,0,0,0,0,0,0
0.84604,0.71831,0.79854,0,0,0,0,0,0,0,0,0,0,0,0
0.82918,0.72544,0.80401,0,0,0,0,0,0,0,0,0,0,0,0
0.85062,0.872,0.77697,0,0,0,0,0,0,0,0,0,0,0,0
0.82867,0.75678,0.74116,0,0,0,0,0,0,0,0,0,0,0,0
0.82583,0.80537,0.73418,0,0,0,0,0,0,0,0,0,0,0,0
0.83127,0.76699,0.76379,0,0,0,0,0,0,0,0,0,0,0,0
0.83269,0.73358,0.77246,0,0,0,0,0,0,0,0,0,0,0,0
0.83549,0.74829,0.79153,0,0,0,0,0,0,0,0,0,0,0,0
0.82265,0.74294,0.75451,0,0,0,0,0,0,0,0,0,0,0,0
0.8339,0.79252,0.7682,0,0,0,0,0,0,0,0,0,0,0,0
0.83056,0.74472,0.77496,0,0,0,0,0,0,0,0,0,0,0,0
0.81883,0.75612,0.75821,0,0,0,0,0,0,0,0,0,0,0,0
0.83105,0.77615,0.73574,0,0,0,0,0,0,0,0,0,0,0,0
0.82729,0.74956,0.7229,0,0,0,0,0,0,0,0,0,0,0,0
0.84591,0.73753,0.72292,0,0,0,0,0,0,0,0,0,0,0,0
0.82074,0.71851,0.73252,0,0,0,0,0,0,0,0,0,0,0,0
0.82124,0.72094,0.73371,0,0,0,0,0,0,0,0,0,0,0,0
0.82848,0.72687,0.76175,0,0,0,0,0,0,0,0,0,0,0,0
0.82627,0.71466,0.75913,0,0,0,0,0,0,0,0,0,0,0,0
0.81988,0.71921,0.78543,0,0,0,0,0,0,0,0,0,0,0,0
0.82438,0.76563,0.79438,0,0,0,0,0,0,0,0,0,0,0,0
0.82649,0.76058,0.80436,0,0,0,0,0,0,0,0,0,0,0,0
0.82226,0.77742,0.72959,0,0,0,0,0,0,0,0,0,0,0,0
0.81705,0.80301,0.78893,0,0,0,0,0,0,0,0,0,0,0,0
0.81796,0.79578,0.81687,0,0,0,0,0,0,0,0,0,0,0,0
0.81637,0.7723,0.79726,0,0,0,0,0,0,0,0,0,0,0,0
0.82214,0.73294,0.79373,0,0,0,0,0,0,0,0,0,0,0,0
0.82368,0.72691,0.80975,0,0,0,0,0,0,0,0,0,0,0,0
0.82096,0.75106,0.84315,0,0,0,0,0,0,0,0,0,0,0,0
0.82079,0.76389,0.75936,0,0,0,0,0,0,0,0,0,0,0,0
0.82584,0.76375,0.80119,0,0,0,0,0,0,0,0,0,0,0,0
0.82235,0.74321,0.79449,0,0,0,0,0,0,0,0,0,0,0,0
0.81334,0.75537,0.78029,0,0,0,0,0,0,0,0,0,0,0,0
0.80958,0.75789,0.80551,0,0,0,0,0,0,0,0,0,0,0,0
0.81661,0.73444,0.80566,0,0,0,0,0,0,0,0,0,0,0,0
0.81115,0.71917,0.79279,0,0,0,0,0,0,0,0,0,0,0,0
0.82241,0.71814,0.78648,0,0,0,0,0,0,0,0,0,0,0,0
0.81375,0.71409,0.80449,0,0,0,0,0,0,0,0,0,0,0,0
0.81096,0.71573,0.8029,0,0,0,0,0,0,0,0,0,0,0,0
0.81743,0.71671,0.7872,0,0,0,0,0,0,0,0,0,0,0,0
0.82065,0.72655,0.80028,0,0,0,0,0,0,0,0,0,0,0,0
0.8158,0.7677,0.80191,0,0,0,0,0,0,0,0,0,0,0,0
0.81124,0.76585,0.80945,0,0,0,0,0,0,0,0,0,0,0,0
0.8174,0.80144,0.70248,0,0,0,0,0,0,0,0,0,0,0,0
0.81215,0.79193,0.80088,0,0,0,0,0,0,0,0,0,0,0,0
0.81663,0.80333,0.78547,0,0,0,0,0,0,0,0,0,0,0,0
0.81291,0.79333,0.79754,0,0,0,0,0,0,0,0,0,0,0,0
0.80842,0.78457,0.80058,0,0,0,0,0,0,0,0,0,0,0,0
0.82166,0.7377,0.78984,0,0,0,0,0,0,0,0,0,0,0,0
0.81259,0.71894,0.80391,0,0,0,0,0,0,0,0,0,0,0,0
0.81973,0.74396,0.80221,0,0,0,0,0,0,0,0,0,0,0,0
0.81895,0.73805,0.7495,0,0,0,0,0,0,0,0,0,0,0,0
0.81778,0.77575,0.72862,0,0,0,0,0,0,0,0,0,0,0,0
0.8187,0.75049,0.75852,0,0,0,0,0,0,0,0,0,0,0,0
0.82086,0.75679,0.75779,0,0,0,0,0,0,0,0,0,0,0,0
0.81708,0.76301,0.79234,0,0,0,0,0,0,0,0,0,0,0,0
0.81737,0.74292,0.75922,0,0,0,0,0,0,0,0,0,0,0,0
0.82102,0.73347,0.7628,0,0,0,0,0,0,0,0,0,0,0,0
0.81494,0.71805,0.76708,0,0,0,0,0,0,0,0,0,0,0,0
0.81119,0.71533,0.74777,0,0,0,0,0,0,0,0,0,0,0,0
0.81576,0.71851,0.73565,0,0,0,0,0,0,0,0,0,0,0,0
0.8201,0.72135,0.72194,0,0,0,0,0,0,0,0,0,0,0,0
0.84557,0.71563,0.73155,0,0,0,0,0,0,0,0,0,0,0,0
0.9509,0.77199,0.72883,0,0,0,0,0,0,0,0,0,0,0,0
0.96808,0.75914,0.72306,0,0,0,0,0,0,0,0,0,0,0,0
0.89064,0.78835,0.72097,0,0,0,0,0,0,0,0,0,0,0,0
0.81692,0.77744,0.77998,0,0,0,0,0,0,0,0,0,0,0,0
0.81689,0.78849,0.75809,0,0,0,0,0,0,0,0,0,0,0,0
0.81356,0.78397,0.77203,0,0,0,0,0,0,0,0,0,0,0,0
0.82044,0.78529,0.7893,0,0,0,0,0,0,0,0,0,0,0,0
0.82697,0.78616,0.74483,0,0,0,0,0,0,0,0,0,0,0,0
0.82864,0.78238,0.73066,0,0,0,0,0,0,0,0,0,0,0,0
0.83717,0.79118,0.75938,0,0,0,0,0,0,0,0,0,0,0,0
0.83696,0.78833,0.74933,0,0,0,0,0,0,0,0,0,0,0,0
0.82325,0.78415,0.78788,0,0,0,0,0,0,0,0,0,0,0,0
0.84102,0.78765,0.75423,0,0,0,0,0,0,0,0,0,0,0,0
0.82715,0.78943,0.76414,0,0,0,0,0,0,0,0,0,0,0,0
0.8134,0.78598,0.77089,0,0,0,0,0,0,0,0,0,0,0,0
0.81834,0.77824,0.74992,0,0,0,0,0,0,0,0,0,0,0,0
0.81411,0.7857,0.73539,0,0,0,0,0,0,0,0,0,0,0,0
0.8181,0.78809,0.71898,0,0,0,0,0,0,0,0,0,0,0,0
0.80694,0.78553,0.71826,0,0,0,0,0,0,0,0,0,0,0,0
0.80812,0.83037,0.71796,0,0,0,0,0,0,0,0,0,0,0,0
0.811,0.83793,0.71814,0,0,0,0,0,0,0,0,0,0,0,0
0.80974,0.78892,0.71467,0,0,0,0,0,0,0,0,0,0,0,0
0.81893,0.81919,0.77053,0,0,0,0,0,0,0,0,0,0,0,0
0.81238,0.78231,0.75253,0,0,0,0,0,0,0,0,0,0,0,0
0.81196,0.78734,0.76077,0,0,0,0,0,0,0,0,0,0,0,0
0.81495,0.77851,0.79574,0,0,0,0,0,0,0,0,0,0,0,0
0.80444,0.78615,0.76547,0,0,0,0,0,0,0,0,0,0,0,0
0.80601,0.78924,0.78482,0,0,0,0,0,0,0,0,0,0,0,0
0.80543,0.78057,0.77933,0,0,0,0,0,0,0,0,0,0,0,0
0.8076,0.79476,0.79965,0,0,0,0,0,0,0,0,0,0,0,0
0.81527,0.78892,0.75014,0,0,0,0,0,0,0,0,0,0,0,0
0.80839,0.77993,0.71471,0,0,0,0,0,0,0,0,0,0,0,0
0.80609,0.79756,0.71436,0,0,0,0,0,0,0,0,0,0,0,0
0.81411,0.76939,0.74023,0,0,0,0,0,0,0,0,0,0,0,0
0.81514,0.72778,0.72213,0,0,0,0,0,0,0,0,0,0,0,0
0.81261,0.71978,0.76299,0,0,0,0,0,0,0,0,0,0,0,0
0.81798,0.74187,0.74417,0,0,0,0,0,0,0,0,0,0,0,0
0.81623,0.77008,0.78709,0,0,0,0,0,0,0,0,0,0,0,0
0.81181,0.76622,0.75211,0,0,0,0,0,0,0,0,0,0,0,0
0.81506,0.74325,0.75915,0,0,0,0,0,0,0,0,0,0,0,0
0.81876,0.78776,0.7622,0,0,0,0,0,0,0,0,0,0,0,0
0.81456,0.75868,0.74898,0,0,0,0,0,0,0,0,0,0,0,0
0.82296,0.73773,0.73253,0,0,0,0,0,0,0,0,0,0,0,0
0.83605,0.73764,0.73147,0,0,0,0,0,0,0,0,0,0,0,0
0.81355,0.71579,0.71614,0,0,0,0,0,0,0,0,0,0,0,0
0.82292,0.71072,0.72172,0,0,0,0,0,0,0,0,0,0,0,0
0.82395,0.71275,0.71517,0,0,0,0,0,0,0,0,0,0,0,0
0.82043,0.71545,0.71508,0,0,0,0,0,0,0,0,0,0,0,0
0.81392,0.71714,0.76042,0,0,0,0,0,0,0,0,0,0,0,0
0.81845,0.76645,0.75899,0,0,0,0,0,0,0,0,0,0,0,0
0.81844,0.74774,0.78122,0,0,0,0,0,0,0,0,0,0,0,0
0.8154,0.77823,0.78018,0,0,0,0,0,0,0,0,0,0,0,0
0.81884,0.77182,0.77999,0,0,0,0,0,0,0,0,0,0,0,0
0.8231,0.73795,0.78511,0,0,0,0,0,0,0,0,0,0,0,0
0.81759,0.71861,0.77982,0,0,0,0,0,0,0,0,0,0,0,0
0.81952,0.74559,0.80078,0,0,0,0,0,0,0,0,0,0,0,0
0.82285,0.74358,0.78504,0,0,0,0,0,0,0,0,0,0,0,0
0.81938,0.77301,0.80714,0,0,0,0,0,0,0,0,0,0,0,0
0.81886,0.75348,0.79434,0,0,0,0,0,0,0,0,0,0,0,0
0.8091,0.75531,0.78831,0,0,0,0,0,0,0,0,0,0,0,0
0.81311,0.76238,0.789,0,0,0,0,0,0,0,0,0,0,0,0
0.82525,0.74428,0.78111,0,0,0,0,0,0,0,0,0,0,0,0
0.81937,0.73251,0.8014,0,0,0,0,0,0,0,0,0,0,0,0
0.82098,0.71316,0.78444,0,0,0,0,0,0,0,0,0,0,0,0
0.82171,0.71551,0.78653,0,0,0,0,0,0,0,0,0,0,0,0
0.81318,0.71176,0.7846,0,0,0,0,0,0,0,0,0,0,0,0
0.82163,0.71295,0.79349,0,0,0,0,0,0,0,0,0,0,0,0
0.81796,0.71936,0.77907,0,0,0,0,0,0,0,0,0,0,0,0
0.82549,0.76629,0.79804,0,0,0,0,0,0,0,0,0,0,0,0
0.822,0.75071,0.78295,0,0,0,0,0,0,0,0,0,0,0,0
0.82212,0.75846,0.79921,0,0,0,0,0,0,0,0,0,0,0,0
0.82424,0.7668,0.79115,0,0,0,0,0,0,0,0,0,0,0,0
0.81949,0.77567,0.78127,0,0,0,0,0,0,0,0,0,0,0,0
0.81977,0.78766,0.79017,0,0,0,0,0,0,0,0,0,0,0,0
0.81238,0.77838,0.78266,0,0,0,0,0,0,0,0,0,0,0,0
0.81664,0.79147,0.79836,0,0,0,0,0,0,0,0,0,0,0,0
0.81467,0.75523,0.77838,0,0,0,0,0,0,0,0,0,0,0,0
0.82037,0.71333,0.7877,0,0,0,0,0,0,0,0,0,0,0,0
0.82172,0.71763,0.78818,0,0,0,0,0,0,0,0,0,0,0,0
0.81886,0.75023,0.79621,0,0,0,0,0,0,0,0,0,0,0,0
0.81905,0.72126,0.78598,0,0,0,0,0,0,0,0,0,0,0,0
0.83614,0.74355,0.80409,0,0,0,0,0,0,0,0,0,0,0,0
0.82057,0.73672,0.79048,0,0,0,0,0,0,0,0,0,0,0,0
0.81461,0.77547,0.78116,0,0,0,0,0,0,0,0,0,0,0,0
0.82354,0.74361,0.78755,0,0,0,0,0,0,0,0,0,0,0,0
0.81425,0.75566,0.78715,0,0,0,0,0,0,0,0,0,0,0,0
0.80707,0.75385,0.78588,0,0,0,0,0,0,0,0,0,0,0,0
0.82631,0.75101,0.78326,0,0,0,0,0,0,0,0,0,0,0,0
0.82182,0.7356,0.79934,0,0,0,0,0,0,0,0,0,0,0,0
0.83161,0.71112,0.78605,0,0,0,0,0,0,0,0,0,0,0,0
0.84239,0.71531,0.78991,0,0,0,0,0,0,0,0,0,0,0,0
0.82515,0.71471,0.7888,0,0,0,0,0,0,0,0,0,0,0,0
0.82395,0.71056,0.78127,0,0,0,0,0,0,0,0,0,0,0,0
0.83567,0.71219,0.78409,0,0,0,0,0,0,0,0,0,0,0,0
0.83695,0.74882,0.78737,0,0,0,0,0,0,0,0,0,0,0,0
0.82463,0.74348,0.79504,0,0,0,0,0,0,0,0,0,0,0,0
0.82411,0.75158,0.78844,0,0,0,0,0,0,0,0,0,0,0,0
0.82495,0.77084,0.78193,0,0,0,0,0,0,0,0,0,0,0,0
0.82798,0.7781,0.78874,0,0,0,0,0,0,0,0,0,0,0,0
0.832,0.7757,0.78091,0,0,0,0,0,0,0,0,0,0,0,0
0.8289,0.79012,0.79435,0,0,0,0,0,0,0,0,0,0,0,0
0.82995,0.786,0.78454,0,0,0,0,0,0,0,0,0,0,0,0
0.85026,0.78242,0.78879,0,0,0,0,0,0,0,0,0,0,0,0
0.82729,0.7909,0.78728,0,0,0,0,0,0,0,0,0,0,0,0
0.83378,0.78426,0.79689,0,0,0,0,0,0,0,0,0,0,0,0
0.82889,0.78077,0.781,0,0,0,0,0,0,0,0,0,0,0,0
0.82626,0.79644,0.80742,0,0,0,0,0,0,0,0,0,0,0,0
0.82708,0.77434,0.79025,0,0,0,0,0,0,0,0,0,0,0,0
0.82668,0.77023,0.78904,0,0,0,0,0,0,0,0,0,0,0,0
0.82468,0.73001,0.78685,0,0,0,0,0,0,0,0,0,0,0,0
0.82829,0.72472,0.78214,0,0,0,0,0,0,0,0,0,0,0,0
0.83031,0.74697,0.79882,0,0,0,0,0,0,0,0,0,0,0,0
0.8232,0.75974,0.78135,0,0,0,0,0,0,0,0,0,0,0,0
0.82096,0.76197,0.69985,0,0,0,0,0,0,0,0,0,0,0,0
0.82819,0.74711,0.79878,0,0,0,0,0,0,0,0,0,0,0,0
0.82217,0.77235,0.79575,0,0,0,0,0,0,0,0,0,0,0,0
0.81859,0.76274,0.79187,0,0,0,0,0,0,0,0,0,0,0,0
0.82937,0.74153,0.79031,0,0,0,0,0,0,0,0,0,0,0,0
0.83071,0.72494,0.7968,0,0,0,0,0,0,0,0,0,0,0,0
0.8222,0.71967,0.78963,0,0,0,0,0,0,0,0,0,0,0,0
0.81885,0.71689,0.79364,0,0,0,0,0,0,0,0,0,0,0,0
0.81474,0.71821,0.78678,0,0,0,0,0,0,0,0,0,0,0,0
0.80357,0.71734,0.80531,0,0,0,0,0,0,0,0,0,0,0,0
0.80763,0.73572,0.79102,0,0,0,0,0,0,0,0,0,0,0,0
0.80987,0.76777,0.78309,0,0,0,0,0,0,0,0,0,0,0,0
0.80586,0.76843,0.79281,0,0,0,0,0,0,0,0,0,0,0,0
0.80858,0.78862,0.77867,0,0,0,0,0,0,0,0,0,0,0,0
0.8169,0.75322,0.78777,0,0,0,0,0,0,0,0,0,0,0,0
0.80824,0.71193,0.78116,0,0,0,0,0,0,0,0,0,0,0,0
0.8138,0.74157,0.792,0,0,0,0,0,0,0,0,0,0,0,0
0.81803,0.73406,0.76926,0,0,0,0,0,0,0,0,0,0,0,0
0.80782,0.77349,0.73745,0,0,0,0,0,0,0,0,0,0,0,0
0.81395,0.74278,0.73773,0,0,0,0,0,0,0,0,0,0,0,0
0.81581,0.75747,0.75537,0,0,0,0,0,0,0,0,0,0,0,0
0.82455,0.75341,0.67786,0,0,0,0,0,0,0,0,0,0,0,0
0.82499,0.74562,0.7716,0,0,0,0,0,0,0,0,0,0,0,0
0.8236,0.73256,0.75409,0,0,0,0,0,0,0,0,0,0,0,0
0.83389,0.71334,0.76949,0,0,0,0,0,0,0,0,0,0,0,0
0.83403,0.71539,0.76907,0,0,0,0,0,0,0,0,0,0,0,0
0.82643,0.71384,0.74391,0,0,0,0,0,0,0,0,0,0,0,0
0.82283,0.71062,0.72715,0,0,0,0,0,0,0,0,0,0,0,0
0.83823,0.71338,0.71972,0,0,0,0,0,0,0,0,0,0,0,0
0.83316,0.75003,0.71499,0,0,0,0,0,0,0,0,0,0,0,0
0.83251,0.75131,0.71852,0,0,0,0,0,0,0,0,0,0,0,0
0.82906,0.771,0.71923,0,0,0,0,0,0,0,0,0,0,0,0
0.82771,0.8105,0.72156,0,0,0,0,0,0,0,0,0,0,0,0
0.82038,0.81331,0.76979,0,0,0,0,0,0,0,0,0,0,0,0
0.82591,0.82019,0.74595,0,0,0,0,0,0,0,0,0,0,0,0
0.82507,0.82252,0.77861,0,0,0,0,0,0,0,0,0,0,0,0
0.81276,0.83523,0.7829,0,0,0,0,0,0,0,0,0,0,0,0
0.81375,0.94508,0.77992,0,0,0,0,0,0,0,0,0,0,0,0
0.81769,0.95161,0.80598,0,0,0,0,0,0,0,0,0,0,0,0
0.83022,0.92768,0.79412,0,0,0,0,0,0,0,0,0,0,0,0
0.82193,0.89027,0.78599,0,0,0,0,0,0,0,0,0,0,0,0
0.816,0.93322,0.79081,0,0,0,0,0,0,0,0,0,0,0,0
0.81813,0.93495,0.7907,0,0,0,0,0,0,0,0,0,0,0,0
0.82091,0.81517,0.80589,0,0,0,0,0,0,0,0,0,0,0,0
0.82474,0.75457,0.79486,0,0,0,0,0,0,0,0,0,0,0,0
0.80828,0.74271,0.78266,0,0,0,0,0,0,0,0,0,0,0,0
0.81666,0.77193,0.79256,0,0,0,0,0,0,0,0,0,0,0,0
0.81079,0.7688,0.79202,0,0,0,0,0,0,0,0,0,0,0,0
0.80686,0.74743,0.79366,0,0,0,0,0,0,0,0,0,0,0,0
0.80568,0.79644,0.79255,0,0,0,0,0,0,0,0,0,0,0,0
0.8164,0.75886,0.78497,0,0,0,0,0,0,0,0,0,0,0,0
0.81459,0.74782,0.80069,0,0,0,0,0,0,0,0,0,0,0,0
0.82146,0.72353,0.79248,0,0,0,0,0,0,0,0,0,0,0,0
0.81007,0.71336,0.77965,0,0,0,0,0,0,0,0,0,0,0,0
0.80343,0.71671,0.79012,0,0,0,0,0,0,0,0,0,0,0,0
0.82792,0.72819,0.79565,0,0,0,0,0,0,0,0,0,0,0,0
0.83633,0.74203,0.8157,0,0,0,0,0,0,0,0,0,0,0,0
0.80355,0.72105,0.79089,0,0,0,0,0,0,0,0,0,0,0,0
0.81142,0.76029,0.7803,0,0,0,0,0,0,0,0,0,0,0,0
0.81652,0.76238,0.80014,0,0,0,0,0,0,0,0,0,0,0,0
0.8255,0.80681,0.78784,0,0,0,0,0,0,0,0,0,0,0,0
0.81465,0.7997,0.77997,0,0,0,0,0,0,0,0,0,0,0,0
0.8205,0.74726,0.7859,0,0,0,0,0,0,0,0,0,0,0,0
0.81806,0.71393,0.78586,0,0,0,0,0,0,0,0,0,0,0,0
0.81792,0.74466,0.79042,0,0,0,0,0,0,0,0,0,0,0,0
0.81078,0.73761,0.82811,0,0,0,0,0,0,0,0,0,0,0,0
0.81849,0.78071,0.78559,0,0,0,0,0,0,0,0,0,0,0,0
0.81856,0.74807,0.79614,0,0,0,0,0,0,0,0,0,0,0,0
0.81971,0.75675,0.78608,0,0,0,0,0,0,0,0,0,0,0,0
0.81128,0.76175,0.78429,0,0,0,0,0,0,0,0,0,0,0,0
0.81753,0.7465,0.78541,0,0,0,0,0,0,0,0,0,0,0,0
0.80476,0.73386,0.78217,0,0,0,0,0,0,0,0,0,0,0,0
0.80813,0.71156,0.79868,0,0,0,0,0,0,0,0,0,0,0,0
0.80983,0.71391,0.78871,0,0,0,0,0,0,0,0,0,0,0,0
0.81804,0.71846,0.77949,0,0,0,0,0,0,0,0,0,0,0,0
0.81229,0.70956,0.79007,0,0,0,0,0,0,0,0,0,0,0,0
0.8056,0.71343,0.78682,0,0,0,0,0,0,0,0,0,0,0,0
0.80579,0.74857,0.79541,0,0,0,0,0,0,0,0,0,0,0,0
0.80827,0.76087,0.79085,0,0,0,0,0,0,0,0,0,0,0,0
0.81628,0.76337,0.78178,0,0,0,0,0,0,0,0,0,0,0,0
0.81008,0.76956,0.8278,0,0,0,0,0,0,0,0,0,0,0,0
0.81551,0.7859,0.78018,0,0,0,0,0,0,0,0,0,0,0,0
0.81897,0.77337,0.77978,0,0,0,0,0,0,0,0,0,0,0,0
0.83244,0.77726,0.79192,0,0,0,0,0,0,0,0,0,0,0,0
0.81447,0.79062,0.78367,0,0,0,0,0,0,0,0,0,0,0,0
0.82977,0.79364,0.80463,0,0,0,0,0,0,0,0,0,0,0,0
0.81687,0.78043,0.78063,0,0,0,0,0,0,0,0,0,0,0,0
0.80561,0.78632,0.77901,0,0,0,0,0,0,0,0,0,0,0,0
0.81919,0.78744,0.79322,0,0,0,0,0,0,0,0,0,0,0,0
0.81458,0.78432,0.78247,0,0,0,0,0,0,0,0,0,0,0,0
0.80307,0.77845,0.79909,0,0,0,0,0,0,0,0,0,0,0,0
0.80419,0.78206,0.78362,0,0,0,0,0,0,0,0,0,0,0,0
0.80051,0.79769,0.77792,0,0,0,0,0,0,0,0,0,0,0,0
0.80381,0.78399,0.79614,0,0,0,0,0,0,0,0,0,0,0,0
0.81198,0.78376,0.78153,0,0,0,0,0,0,0,0,0,0,0,0
0.81803,0.78698,0.80401,0,0,0,0,0,0,0,0,0,0,0,0
0.82441,0.7883,0.78002,0,0,0,0,0,0,0,0,0,0,0,0
0.83263,0.77677,0.78031,0,0,0,0,0,0,0,0,0,0,0,0
0.81553,0.78361,0.79215,0,0,0,0,0,0,0,0,0,0,0,0
0.8126,0.76923,0.78598,0,0,0,0,0,0,0,0,0,0,0,0
0.81641,0.72932,0.80832,0,0,0,0,0,0,0,0,0,0,0,0
0.81062,0.72336,0.79399,0,0,0,0,0,0,0,0,0,0,0,0
0.80472,0.74096,0.78024,0,0,0,0,0,0,0,0,0,0,0,0
0.80834,0.76621,0.79221,0,0,0,0,0,0,0,0,0,0,0,0
0.80949,0.75547,0.78594,0,0,0,0,0,0,0,0,0,0,0,0
0.81021,0.73975,0.80207,0,0,0,0,0,0,0,0,0,0,0,0
0.80974,0.76208,0.79516,0,0,0,0,0,0,0,0,0,0,0,0
0.81193,0.75756,0.78323,0,0,0,0,0,0,0,0,0,0,0,0
0.80417,0.73171,0.79813,0,0,0,0,0,0,0,0,0,0,0,0
0.8102,0.71977,0.78078,0,0,0,0,0,0,0,0,0,0,0,0
0.81605,0.71193,0.80644,0,0,0,0,0,0,0,0,0,0,0,0
0.827,0.70806,0.77982,0,0,0,0,0,0,0,0,0,0,0,0
0.82374,0.71376,0.78921,0,0,0,0,0,0,0,0,0,0,0,0
0.81198,0.71513,0.78904,0,0,0,0,0,0,0,0,0,0,0,0
0.81946,0.71257,0.78348,0,0,0,0,0,0,0,0,0,0,0,0
0.81517,0.76254,0.79906,0,0,0,0,0,0,0,0,0,0,0,0
0.80968,0.74697,0.78306,0,0,0,0,0,0,0,0,0,0,0,0
0.80844,0.75937,0.79584,0,0,0,0,0,0,0,0,0,0,0,0
0.81066,0.78847,0.78918,0,0,0,0,0,0,0,0,0,0,0,0
0.81066,0.77149,0.78473,0,0,0,0,0,0,0,0,0,0,0,0
0.8,0.77784,0.79003,0,0,0,0,0,0,0,0,0,0,0,0
0.80422,0.77654,0.78302,0,0,0,0,0,0,0,0,0,0,0,0
0.80712,0.78075,0.80741,0,0,0,0,0,0,0,0,0,0,0,0
0.80017,0.78681,0.81374,0,0,0,0,0,0,0,0,0,0,0,0
0.81074,0.78783,0.78068,0,0,0,0,0,0,0,0,0,0,0,0
0.81867,0.78507,0.7989,0,0,0,0,0,0,0,0,0,0,0,0
0.82808,0.7848,0.78086,0,0,0,0,0,0,0,0,0,0,0,0
0.83313,0.77977,0.8051,0,0,0,0,0,0,0,0,0,0,0,0
0.814,0.79198,0.78179,0,0,0,0,0,0,0,0,0,0,0,0
0.81344,0.78322,0.78825,0,0,0,0,0,0,0,0,0,0,0,0
0.81728,0.78411,0.78723,0,0,0,0,0,0,0,0,0,0,0,0
0.81585,0.78448,0.78349,0,0,0,0,0,0,0,0,0,0,0,0
0.80325,0.78595,0.79422,0,0,0,0,0,0,0,0,0,0,0,0
0.81871,0.78856,0.78072,0,0,0,0,0,0,0,0,0,0,0,0
0.80785,0.77634,0.7874,0,0,0,0,0,0,0,0,0,0,0,0
0.81144,0.7922,0.79363,0,0,0,0,0,0,0,0,0,0,0,0
0.82269,0.74708,0.78069,0,0,0,0,0,0,0,0,0,0,0,0
0.81203,0.7152,0.79506,0,0,0,0,0,0,0,0,0,0,0,0
0.80838,0.73993,0.7937,0,0,0,0,0,0,0,0,0,0,0,0
0.80801,0.73349,0.78887,0,0,0,0,0,0,0,0,0,0,0,0
0.80997,0.76852,0.79366,0,0,0,0,0,0,0,0,0,0,0,0
0.79948,0.74698,0.7841,0,0,0,0,0,0,0,0,0,0,0,0
0.80485,0.7506,0.79373,0,0,0,0,0,0,0,0,0,0,0,0
0.81568,0.75768,0.78522,0,0,0,0,0,0,0,0,0,0,0,0
0.8179,0.74378,0.80007,0,0,0,0,0,0,0,0,0,0,0,0
0.82627,0.72852,0.78779,0,0,0,0,0,0,0,0,0,0,0,0
0.81351,0.70786,0.79014,0,0,0,0,0,0,0,0,0,0,0,0
0.81581,0.7095,0.79261,0,0,0,0,0,0,0,0,0,0,0,0
0.82681,0.7127,0.79056,0,0,0,0,0,0,0,0,0,0,0,0
0.8156,0.71369,0.80679,0,0,0,0,0,0,0,0,0,0,0,0
0.80561,0.70939,0.78846,0,0,0,0,0,0,0,0,0,0,0,0
0.81212,0.75511,0.77906,0,0,0,0,0,0,0,0,0,0,0,0
0.81182,0.77953,0.79599,0,0,0,0,0,0,0,0,0,0,0,0
0.80469,0.75415,0.78234,0,0,0,0,0,0,0,0,0,0,0,0
0.81034,0.76574,0.8071,0,0,0,0,0,0,0,0,0,0,0,0
0.80723,0.75574,0.79434,0,0,0,0,0,0,0,0,0,0,0,0
0.80099,0.71218,0.7812,0,0,0,0,0,0,0,0,0,0,0,0
0.80897,0.73188,0.79185,0,0,0,0,0,0,0,0,0,0,0,0
0.80635,0.73411,0.79659,0,0,0,0,0,0,0,0,0,0,0,0
0.80891,0.77199,0.81047,0,0,0,0,0,0,0,0,0,0,0,0
0.82359,0.74264,0.7849,0,0,0,0,0,0,0,0,0,0,0,0
0.8201,0.75262,0.79568,0,0,0,0,0,0,0,0,0,0,0,0
0.82896,0.7548,0.78642,0,0,0,0,0,0,0,0,0,0,0,0
0.81873,0.75335,0.78488,0,0,0,0,0,0,0,0,0,0,0,0
0.82186,0.74665,0.79884,0,0,0,0,0,0,0,0,0,0,0,0
0.81535,0.70855,0.78265,0,0,0,0,0,0,0,0,0,0,0,0
0.81004,0.71087,0.79738,0,0,0,0,0,0,0,0,0,0,0,0
0.80946,0.71106,0.79203,0,0,0,0,0,0,0,0,0,0,0,0
0.80596,0.70842,0.78446,0,0,0,0,0,0,0,0,0,0,0,0
0.80346,0.71266,0.79231,0,0,0,0,0,0,0,0,0,0,0,0
0.80695,0.74494,0.78885,0,0,0,0,0,0,0,0,0,0,0,0
0.80953,0.75958,0.79769,0,0,0,0,0,0,0,0,0,0,0,0
0.81886,0.75477,0.79235,0,0,0,0,0,0,0,0,0,0,0,0
0.8096,0.79472,0.78328,0,0,0,0,0,0,0,0,0,0,0,0
0.79263,0.73948,0.78782,0,0,0,0,0,0,0,0,0,0,0,0
0.80452,0.71352,0.78338,0,0,0,0,0,0,0,0,0,0,0,0
0.80617,0.73959,0.81416,0,0,0,0,0,0,0,0,0,0,0,0
0.81512,0.73295,0.81349,0,0,0,0,0,0,0,0,0,0,0,0
0.81909,0.76792,0.78245,0,0,0,0,0,0,0,0,0,0,0,0
0.82852,0.74187,0.79932,0,0,0,0,0,0,0,0,0,0,0,0
0.8121,0.74982,0.78743,0,0,0,0,0,0,0,0,0,0,0,0
0.81803,0.75048,0.80638,0,0,0,0,0,0,0,0,0,0,0,0
0.82187,0.73991,0.78464,0,0,0,0,0,0,0,0,0,0,0,0
0.7965,0.7353,0.78339,0,0,0,0,0,0,0,0,0,0,0,0
0.81713,0.74457,0.79172,0,0,0,0,0,0,0,0,0,0,0,0
0.81204,0.71392,0.78219,0,0,0,0,0,0,0,0,0,0,0,0
0.80412,0.71242,0.79553,0,0,0,0,0,0,0,0,0,0,0,0
0.81256,0.70978,0.79126,0,0,0,0,0,0,0,0,0,0,0,0
0.81247,0.70725,0.77826,0,0,0,0,0,0,0,0,0,0,0,0
0.81373,0.74613,0.79519,0,0,0,0,0,0,0,0,0,0,0,0
0.81485,0.75292,0.78953,0,0,0,0,0,0,0,0,0,0,0,0
0.80946,0.78142,0.78653,0,0,0,0,0,0,0,0,0,0,0,0
0.80041,0.79931,0.78665,0,0,0,0,0,0,0,0,0,0,0,0
0.80311,0.81068,0.78558,0,0,0,0,0,0,0,0,0,0,0,0
0.80969,0.76606,0.78534,0,0,0,0,0,0,0,0,0,0,0,0
0.81352,0.72505,0.77951,0,0,0,0,0,0,0,0,0,0,0,0
0.81993,0.72001,0.79265,0,0,0,0,0,0,0,0,0,0,0,0
0.82871,0.73973,0.78242,0,0,0,0,0,0,0,0,0,0,0,0
0.8278,0.74764,0.78302,0,0,0,0,0,0,0,0,0,0,0,0
0.82501,0.76275,0.79268,0,0,0,0,0,0,0,0,0,0,0,0
0.81951,0.74423,0.79207,0,0,0,0,0,0,0,0,0,0,0,0
0.81063,0.75323,0.7783,0,0,0,0,0,0,0,0,0,0,0,0
0.81316,0.75866,0.80235,0,0,0,0,0,0,0,0,0,0,0,0
0.81771,0.7356,0.81489,0,0,0,0,0,0,0,0,0,0,0,0
0.81314,0.73136,0.78396,0,0,0,0,0,0,0,0,0,0,0,0
0.80918,0.71675,0.79354,0,0,0,0,0,0,0,0,0,0,0,0
0.81434,0.71311,0.78179,0,0,0,0,0,0,0,0,0,0,0,0
0.80866,0.7166,0.77891,0,0,0,0,0,0,0,0,0,0,0,0
0.80973,0.71363,0.79492,0,0,0,0,0,0,0,0,0,0,0,0
0.81955,0.71367,0.7845,0,0,0,0,0,0,0,0,0,0,0,0
0.81151,0.76414,0.7821,0,0,0,0,0,0,0,0,0,0,0,0
0.8216,0.78611,0.81124,0,0,0,0,0,0,0,0,0,0,0,0
0.81553,0.77354,0.79415,0,0,0,0,0,0,0,0,0,0,0,0
0.80283,0.81588,0.78327,0,0,0,0,0,0,0,0,0,0,0,0
NaN,NaN,NaN,0,0,0,0,0,0,0,0,0,0,0,0
NaN,NaN,NaN,0,0,0,0,0,0,0,0,0,0,0,0
NaN,NaN,NaN,0,0,0,0,0,0,0,0,0,0,0,0
NaN,NaN,NaN,0,0,0,0,0,0,0,0,0,0,0,0
15.699,15.982,15.069,0,0,0,0,0,0,0,0,0,0,0,0
0.57609,0.58839,0.57979,0,0,0,0,0,0,0,0,0,0,0,0
1.0214,0.99331,0.99342,0,0,0,0,0,0,0,0,0,0,0,0
0.88722,0.86529,0.87328,0,0,0,0,0,0,0,0,0,0,0,0
0.88534,0.88062,0.88699,0,0,0,0,0,0,0,0,0,0,0,0
0.88517,0.86527,0.86923,0,0,0,0,0,0,0,0,0,0,0,0
0.88223,0.86508,0.84906,0,0,0,0,0,0,0,0,0,0,0,0
0.89419,0.85541,0.8518,0,0,0,0,0,0,0,0,0,0,0,0
0.86851,0.85286,0.84349,0,0,0,0,0,0,0,0,0,0,0,0
0.88032,0.87006,0.87851,0,0,0,0,0,0,0,0,0,0,0,0
0.88093,0.84798,0.8515,0,0,0,0,0,0,0,0,0,0,0,0
0.87553,0.87038,0.85256,0,0,0,0,0,0,0,0,0,0,0,0
0.89274,0.86333,0.85274,0,0,0,0,0,0,0,0,0,0,0,0
0.88091,0.85384,0.84929,0,0,0,0,0,0,0,0,0,0,0,0
0.8775,0.86276,0.85364,0,0,0,0,0,0,0,0,0,0,0,0
0.90575,0.86433,0.85175,0,0,0,0,0,0,0,0,0,0,0,0
0.87823,0.86167,0.87495,0,0,0,0,0,0,0,0,0,0,0,0
NaN,NaN,NaN,0,0,0,0,0,0,0,0,0,0,0,0
NaN,NaN,NaN,0,0,0,0,0,0,0,0,0,0,0,0
NaN,NaN,NaN,0,0,0,0,0,0,0,0,0,0,0,0
NaN,NaN,NaN,0,0,0,0,0,0,0,0,0,0,0,0
15.118,14.506,15.251,0,0,0,0,0,0,0,0,0,0,0,0
0.58238,0.56276,0.55588,0,0,0,0,0,0,0,0,0,0,0,0
0.99431,0.97525,0.98715,0,0,0,0,0,0,0,0,0,0,0,0
NaN,NaN,NaN,0,0,0,0,0,0,0,0,0,0,0,0
NaN,NaN,NaN,0,0,0,0,0,0,0,0,0,0,0,0
NaN,NaN,NaN,0,0,0,0,0,0,0,0,0,0,0,0
NaN,NaN,NaN,0,0,0,0,0,0,0,0,0,0,0,0
15.09,14.612,15.083,0,0,0,0,0,0,0,0,0,0,0,0
0.54504,0.49437,0.53625,0,0,0,0,0,0,0,0,0,0,0,0
0.97435,0.85218,0.93775,0,0,0,0,0,0,0,0,0,0,0,0
0.82343,0.77821,0.80423,0,0,0,0,0,0,0,0,0,0,0,0
0.83225,0.74443,0.82151,0,0,0,0,0,0,0,0,0,0,0,0
0.83165,0.78027,0.80585,0,0,0,0,0,0,0,0,0,0,0,0
0.82976,0.76604,0.79511,0,0,0,0,0,0,0,0,0,0,0,0
0.8276,0.78444,0.81096,0,0,0,0,0,0,0,0,0,0,0,0
0.8189,0.79066,0.79374,0,0,0,0,0,0,0,0,0,0,0,0
0.82093,0.78506,0.79932,0,0,0,0,0,0,0,0,0,0,0,0
0.79528,0.79419,0.80594,0,0,0,0,0,0,0,0,0,0,0,0
0.75287,0.79054,0.80511,0,0,0,0,0,0,0,0,0,0,0,0
0.75141,0.80407,0.81093,0,0,0,0,0,0,0,0,0,0,0,0
0.76579,0.79105,0.80327,0,0,0,0,0,0,0,0,0,0,0,0
0.78866,0.7931,0.80554,0,0,0,0,0,0,0,0,0,0,0,0
0.77864,0.79777,0.81461,0,0,0,0,0,0,0,0,0,0,0,0
0.76631,0.78932,0.80363,0,0,0,0,0,0,0,0,0,0,0,0
0.78139,0.79394,0.80613,0,0,0,0,0,0,0,0,0,0,0,0
0.77937,0.82815,0.81178,0,0,0,0,0,0,0,0,0,0,0,0
0.75648,0.76616,0.80159,0,0,0,0,0,0,0,0,0,0,0,0
0.74344,0.73228,0.81574,0,0,0,0,0,0,0,0,0,0,0,0
0.73698,0.75697,0.80374,0,0,0,0,0,0,0,0,0,0,0,0
0.7344,0.75144,0.79451,0,0,0,0,0,0,0,0,0,0,0,0
0.73741,0.7967,0.81354,0,0,0,0,0,0,0,0,0,0,0,0
0.74226,0.76651,0.79626,0,0,0,0,0,0,0,0,0,0,0,0
0.76926,0.7714,0.7988,0,0,0,0,0,0,0,0,0,0,0,0
NaN,NaN,NaN,0,0,0,0,0,0,0,0,0,0,0,0
NaN,NaN,NaN,0,0,0,0,0,0,0,0,0,0,0,0
NaN,NaN,NaN,0,0,0,0,0,0,0,0,0,0,0,0
NaN,NaN,NaN,0,0,0,0,0,0,0,0,0,0,0,0
14.381,14.415,15.261,0,0,0,0,0,0,0,0,0,0,0,0
0.53554,0.52516,0.5423,0,0,0,0,0,0,0,0,0,0,0,0
0.95506,0.92886,0.93484,0,0,0,0,0,0,0,0,0,0,0,0
0.79773,0.85385,0.82459,0,0,0,0,0,0,0,0,0,0,0,0
0.82903,0.81941,0.82501,0,0,0,0,0,0,0,0,0,0,0,0
0.80734,0.83198,0.80805,0,0,0,0,0,0,0,0,0,0,0,0
0.79824,0.81589,0.82409,0,0,0,0,0,0,0,0,0,0,0,0
0.79732,0.82905,0.79702,0,0,0,0,0,0,0,0,0,0,0,0
0.78215,0.80009,0.80039,0,0,0,0,0,0,0,0,0,0,0,0
0.75288,0.8253,0.80521,0,0,0,0,0,0,0,0,0,0,0,0
0.74111,0.80935,0.79269,0,0,0,0,0,0,0,0,0,0,0,0
0.77424,0.8326,0.80008,0,0,0,0,0,0,0,0,0,0,0,0
0.78668,0.81374,0.79922,0,0,0,0,0,0,0,0,0,0,0,0
0.78409,0.83971,0.813,0,0,0,0,0,0,0,0,0,0,0,0
0.76949,0.77485,0.79587,0,0,0,0,0,0,0,0,0,0,0,0
0.78295,0.73293,0.80365,0,0,0,0,0,0,0,0,0,0,0,0
0.78112,0.75287,0.79981,0,0,0,0,0,0,0,0,0,0,0,0
0.75975,0.74799,0.79094,0,0,0,0,0,0,0,0,0,0,0,0
0.73802,0.79992,0.79817,0,0,0,0,0,0,0,0,0,0,0,0
0.72907,0.75131,0.79436,0,0,0,0,0,0,0,0,0,0,0,0
0.73066,0.75923,0.81129,0,0,0,0,0,0,0,0,0,0,0,0
0.73042,0.76759,0.80813,0,0,0,0,0,0,0,0,0,0,0,0
0.72505,0.75609,0.80295,0,0,0,0,0,0,0,0,0,0,0,0
0.76355,0.74138,0.80036,0,0,0,0,0,0,0,0,0,0,0,0
0.77707,0.71996,0.78382,0,0,0,0,0,0,0,0,0,0,0,0
0.77697,0.7208,0.79712,0,0,0,0,0,0,0,0,0,0,0,0
0.81147,0.72055,0.78985,0,0,0,0,0,0,0,0,0,0,0,0
0.75856,0.72131,0.81852,0,0,0,0,0,0,0,0,0,0,0,0
0.73977,0.72285,0.79288,0,0,0,0,0,0,0,0,0,0,0,0
0.77703,0.76088,0.81383,0,0,0,0,0,0,0,0,0,0,0,0
0.76409,0.78914,0.79645,0,0,0,0,0,0,0,0,0,0,0,0
0.79311,0.80192,0.78677,0,0,0,0,0,0,0,0,0,0,0,0
0.77153,0.80219,0.81027,0,0,0,0,0,0,0,0,0,0,0,0
0.79877,0.78004,0.78735,0,0,0,0,0,0,0,0,0,0,0,0
0.77779,0.74375,0.79519,0,0,0,0,0,0,0,0,0,0,0,0
0.76818,0.74083,0.79058,0,0,0,0,0,0,0,0,0,0,0,0
0.7425,0.7584,0.81491,0,0,0,0,0,0,0,0,0,0,0,0
0.73281,0.77244,0.79741,0,0,0,0,0,0,0,0,0,0,0,0
0.7355,0.76942,0.789,0,0,0,0,0,0,0,0,0,0,0,0
0.73131,0.75286,0.80743,0,0,0,0,0,0,0,0,0,0,0,0
0.72821,0.76798,0.79461,0,0,0,0,0,0,0,0,0,0,0,0
0.73603,0.76529,0.79783,0,0,0,0,0,0,0,0,0,0,0,0
0.78347,0.74652,0.80675,0,0,0,0,0,0,0,0,0,0,0,0
0.78388,0.72699,0.80843,0,0,0,0,0,0,0,0,0,0,0,0
0.82319,0.72508,0.7897,0,0,0,0,0,0,0,0,0,0,0,0
0.80619,0.72147,0.79824,0,0,0,0,0,0,0,0,0,0,0,0
0.82456,0.71845,0.79662,0,0,0,0,0,0,0,0,0,0,0,0
0.81233,0.76209,0.79082,0,0,0,0,0,0,0,0,0,0,0,0
0.81821,0.84704,0.79884,0,0,0,0,0,0,0,0,0,0,0,0
0.82925,0.76213,0.78693,0,0,0,0,0,0,0,0,0,0,0,0
0.81262,0.77116,0.80875,0,0,0,0,0,0,0,0,0,0,0,0
0.82721,0.786,0.79105,0,0,0,0,0,0,0,0,0,0,0,0
0.80112,0.80257,0.79342,0,0,0,0,0,0,0,0,0,0,0,0
0.84555,0.80124,0.80105,0,0,0,0,0,0,0,0,0,0,0,0
0.80346,0.78255,0.78834,0,0,0,0,0,0,0,0,0,0,0,0
0.81906,0.8014,0.80248,0,0,0,0,0,0,0,0,0,0,0,0
0.80064,0.79174,0.79581,0,0,0,0,0,0,0,0,0,0,0,0
0.74658,0.7879,0.81524,0,0,0,0,0,0,0,0,0,0,0,0
0.74708,0.7972,0.78994,0,0,0,0,0,0,0,0,0,0,0,0
0.76985,0.7956,0.80719,0,0,0,0,0,0,0,0,0,0,0,0
0.78906,0.7942,0.796,0,0,0,0,0,0,0,0,0,0,0,0
0.76741,0.79305,0.78711,0,0,0,0,0,0,0,0,0,0,0,0
0.77536,0.79498,0.80218,0,0,0,0,0,0,0,0,0,0,0,0
0.77907,0.78832,0.7886,0,0,0,0,0,0,0,0,0,0,0,0
0.76749,0.78999,0.80026,0,0,0,0,0,0,0,0,0,0,0,0
0.75835,0.79235,0.78358,0,0,0,0,0,0,0,0,0,0,0,0
0.72323,0.79306,0.79681,0,0,0,0,0,0,0,0,0,0,0,0
0.72564,0.77569,0.78941,0,0,0,0,0,0,0,0,0,0,0,0
0.72928,0.78473,0.78454,0,0,0,0,0,0,0,0,0,0,0,0
0.72506,0.789,0.79547,0,0,0,0,0,0,0,0,0,0,0,0
0.72793,0.77018,0.78078,0,0,0,0,0,0,0,0,0,0,0,0
