48.005
1.3697
1.1361
0.56644
0.49727
0.71185
0.44343
1.2928
0.56433
0.49434
0.33264
0.80839
0.54268
1.2466
1.5239
0.50301
0.41579
1.227
0.49191
0.43294
0.39744
1.0826
0.58935
0.46401
1.1018
0.48338
0.42422
0.51417
0.87521
0.3949
0.95543
1.0302
0.51493
0.78468
1.3239
1.106
0.41375
1.0106
0.57169
1.0115
0.48441
0.81777
1.8372
0.77288
0.73794
1.1726
2.9349
0.85269
0.52145
1.6299
0.66326
2.0152
2.6303
2.0666
1.3506
2.0409
1.5582
2.2523
1.6185
1.3952
1.3202
1.3744
1.3896
2.383
1.6585
2.1786
1.7578
0.83995
0.86937
1.6505
2.513
1.0685
1.0318
1.2844
1.1637
1.2153
1.5978
1.3231
1.3808
1.9968
2.1326
1.4491
1.3493
0.89382
2.2079
1.3207
1.1305
1.0616
0.72188
1.3146
1.3647
1.8745
1.3146
1.0653
1.1838
1.1958
1.7979
1.2786
1.4569
1.0672
2.6222
0.79683
1.3768
1.7017
1.1968
2.7583
1.2846
0.78078
0.88059
0.85399
0.98428
1.6524
1.2858
1.7338
1.1744
1.7794
2.3495
1.9464
1.6974
2.6354
1.3051
1.1913
1.4873
1.8185
1.8976
1.3573
2.2723
1.5576
1.9021
1.7589
1.2694
4.1186
0.74702
3.3383
1.7511
2.6859
1.699
1.953
2.7225
1.4911
2.4725
2.449
1.8834
1.447
1.1919
0.98311
1.5908
2.2592
1.414
1.2843
1.3824
1.8843
3.4368
1.3818
2.7028
1.9043
1.2775
0.97613
0.85047
1.6601
0.5632
3.1755
1.3664
1.5151
1.0991
3.1814
2.1702
2.0073
3.3044
2.5696
1.4273
1.0369
1.3297
1.3698
1.3675
2.4372
2.2616
1.9256
1.5769
2.2873
1.5674
1.5827
3.4335
2.0363
0.97073
1.4346
1.2784
1.4193
1.2425
1.7431
0.87614
2.1963
0.64185
2.0682
0.98827
0.89233
1.949
1.7842
1.2932
1.7857
1.6377
1.5345
1.0926
2.139
0.90351
1.9405
1.3309
1.6709
2.845
1.3957
2.194
1.4455
1.4439
1.4825
1.7737
1.3095
1.0211
1.4826
1.1211
1.2509
1.2637
0.97738
1.4457
1.8386
1.7543
1.0174
1.2423
1.1561
1.5164
1.636
1.1778
1.8599
1.3142
0.59712
1.5
0.85512
1.4569
1.234
2.1007
0.96069
1.0155
1.8322
0.86342
0.97569
1.7941
2.0067
2.4258
1.3671
1.2049
1.3967
1.4655
0.66916
1.907
0.91599
1.2611
0.81709
1.1403
3.1173
0.85908
1.5788
1.1586
1.4523
1.431
0.86054
0.97848
1.4675
1.4539
0.91933
1.6012
1.049
1.0045
0.98206
1.6872
2.4325
2.044
1.299
2.2111
1.3066
2.81
1.4051
3.1364
0.76929
1.51
1.609
1.7195
1.8984
1.8568
1.866
1.9369
1.6729
1.4796
1.2412
0.71056
1.4632
2.006
1.2721
1.9119
1.5172
1.1757
1.4989
0.50603
2.026
0.96288
1.2961
1.6117
1.7598
1.3165
1.5539
1.7476
2.8483
2.0682
1.9206
1.0123
2.5692
1.3596
2.3294
1.8684
1.2561
1.9028
0.87167
1.4289
1.1407
4.112
1.5551
1.9578
0.81936
2.2087
2.3134
1.6873
3.8667
1.6778
1.8978
2.0558
1.6031
0.68964
1.4414
1.6348
1.0282
1.725
0.99767
1.5246
1.2453
2.3722
2.1288
1.0126
