1
542.0000,252.0000,280.0000,308.0000
558.8000,242.7600,280.0000,308.0000
583.4000,253.0000,286.6000,315.4000
595.4000,253.0000,284.2000,312.4000
602.4000,233.4000,275.4000,302.6000
605.2000,258.2000,276.2000,303.6000
588.4000,269.0000,277.0000,304.6000
625.4000,238.6000,254.2000,279.6000
633.8000,295.2000,262.2000,288.2000
642.2000,277.8000,259.4000,285.2000
583.6000,313.8000,266.4000,293.0000
578.4000,226.6000,264.6000,290.8000
599.4000,240.6000,251.4000,276.2000
611.2000,243.0000,261.8000,287.6000
612.0000,273.4000,254.8000,280.0000
578.8000,275.4000,253.6000,278.8000
568.0000,283.6000,255.4000,280.4000
677.0000,171.4000,254.8000,279.8000
606.0000,322.8000,249.0000,273.8000
655.4000,220.4000,243.6000,267.8000
635.8000,318.6000,245.4000,269.6000
644.8000,181.6000,229.4000,252.0000
574.0000,156.8000,220.0000,241.8000
648.4000,133.0000,223.6000,245.6000
651.0000,143.8000,225.4000,247.4000
602.2000,179.0000,216.8000,238.0000
708.4000,95.4000,232.0000,254.4000
718.2000,99.6000,237.4000,260.6000
614.4000,144.6000,234.6000,257.4000
623.2000,138.6000,230.6000,253.4000
624.6000,152.8000,237.6000,261.0000
664.4000,173.2000,249.8000,274.6000
671.6000,256.2000,251.2000,275.8000
694.6000,286.8000,244.4000,268.4000
770.4000,133.0000,248.6000,272.8000
2
0
0
0
0
1
481.1450,174.1919,332.7100,330.7700
491.1175,184.1062,312.7651,310.9414
449.0000,196.0000,305.6000,304.0000
498.8000,181.0000,300.4000,298.8000
498.4000,180.6000,305.0000,303.4000
521.2000,165.0000,310.6000,308.8000
528.2000,188.8000,303.6000,301.6000
462.8000,284.6000,309.8000,308.0000
612.8000,425.0000,303.8000,301.8000
816.4000,416.8000,294.0000,292.4000
2
0
0
0
0
1
613.6000,494.6000,289.2000,289.2000
617.9379,439.4760,280.5240,280.5240
699.4000,361.4000,291.6000,291.6000
