1
713.0000,231.0000,734.0000,231.0000,734.0000,254.0000,713.0000,254.0000
716.0000,232.0000,736.0000,232.0000,736.0000,255.0000,716.0000,255.0000
716.0000,232.0000,736.0000,232.0000,736.0000,255.0000,716.0000,255.0000
716.0000,232.0000,736.0000,232.0000,736.0000,255.0000,716.0000,255.0000
716.0000,232.0000,736.0000,232.0000,736.0000,255.0000,716.0000,255.0000
716.0000,232.0000,736.0000,232.0000,736.0000,255.0000,716.0000,255.0000
716.0000,232.0000,736.0000,232.0000,736.0000,255.0000,716.0000,255.0000
716.0000,232.0000,736.0000,232.0000,736.0000,255.0000,716.0000,255.0000
716.0000,232.0000,736.0000,232.0000,736.0000,255.0000,716.0000,255.0000
716.0000,232.0000,736.0000,232.0000,736.0000,255.0000,716.0000,255.0000
716.0000,232.0000,736.0000,232.0000,736.0000,255.0000,716.0000,255.0000
716.0000,232.0000,736.0000,232.0000,736.0000,255.0000,716.0000,255.0000
716.0000,232.0000,736.0000,232.0000,736.0000,255.0000,716.0000,255.0000
716.0000,232.0000,736.0000,232.0000,736.0000,255.0000,716.0000,255.0000
716.0000,232.0000,736.0000,232.0000,736.0000,255.0000,716.0000,255.0000
716.0000,232.0000,736.0000,232.0000,736.0000,255.0000,716.0000,255.0000
717.0000,233.0000,737.0000,233.0000,737.0000,255.0000,717.0000,255.0000
717.0000,233.0000,737.0000,233.0000,737.0000,255.0000,717.0000,255.0000
717.0000,233.0000,737.0000,233.0000,737.0000,255.0000,717.0000,255.0000
717.0000,233.0000,737.0000,233.0000,737.0000,255.0000,717.0000,255.0000
717.0000,233.0000,737.0000,233.0000,737.0000,255.0000,717.0000,255.0000
717.0000,233.0000,737.0000,233.0000,737.0000,255.0000,717.0000,255.0000
717.0000,233.0000,737.0000,233.0000,737.0000,255.0000,717.0000,255.0000
717.0000,233.0000,737.0000,233.0000,737.0000,255.0000,717.0000,255.0000
717.0000,233.0000,737.0000,233.0000,737.0000,255.0000,717.0000,255.0000
717.0000,233.0000,737.0000,233.0000,737.0000,255.0000,717.0000,255.0000
717.0000,233.0000,737.0000,233.0000,737.0000,255.0000,717.0000,255.0000
717.0000,233.0000,737.0000,233.0000,737.0000,255.0000,717.0000,255.0000
717.0000,233.0000,737.0000,233.0000,737.0000,255.0000,717.0000,255.0000
717.0000,233.0000,737.0000,233.0000,737.0000,255.0000,717.0000,255.0000
717.0000,233.0000,737.0000,233.0000,737.0000,255.0000,717.0000,255.0000
2
0
0
0
0
1
668.0000,227.0000,694.0000,227.0000,694.0000,255.0000,668.0000,255.0000
662.0000,227.0000,687.0000,227.0000,687.0000,254.0000,662.0000,254.0000
662.0000,227.0000,687.0000,227.0000,687.0000,254.0000,662.0000,254.0000
662.0000,227.0000,687.0000,227.0000,687.0000,254.0000,662.0000,254.0000
662.0000,227.0000,687.0000,227.0000,687.0000,254.0000,662.0000,254.0000
662.0000,227.0000,687.0000,227.0000,687.0000,254.0000,662.0000,254.0000
662.0000,227.0000,687.0000,227.0000,687.0000,254.0000,662.0000,254.0000
0
0
0
0
0
0
0
0
0
2
0
0
0
0
1
711.0000,233.0000,735.0000,233.0000,735.0000,261.0000,711.0000,261.0000
714.0000,234.0000,738.0000,234.0000,738.0000,261.0000,714.0000,261.0000
714.0000,234.0000,738.0000,234.0000,738.0000,261.0000,714.0000,261.0000
714.0000,234.0000,738.0000,234.0000,738.0000,261.0000,714.0000,261.0000
714.0000,234.0000,738.0000,234.0000,738.0000,261.0000,714.0000,261.0000
714.0000,234.0000,738.0000,234.0000,738.0000,261.0000,714.0000,261.0000
714.0000,234.0000,738.0000,234.0000,738.0000,261.0000,714.0000,261.0000
714.0000,234.0000,738.0000,234.0000,738.0000,261.0000,714.0000,261.0000
714.0000,234.0000,738.0000,234.0000,738.0000,261.0000,714.0000,261.0000
714.0000,234.0000,738.0000,234.0000,738.0000,261.0000,714.0000,261.0000
714.0000,234.0000,738.0000,234.0000,738.0000,261.0000,714.0000,261.0000
714.0000,234.0000,738.0000,234.0000,738.0000,261.0000,714.0000,261.0000
714.0000,234.0000,738.0000,234.0000,738.0000,261.0000,714.0000,261.0000
714.0000,234.0000,738.0000,234.0000,738.0000,261.0000,714.0000,261.0000
714.0000,234.0000,738.0000,234.0000,738.0000,261.0000,714.0000,261.0000
714.0000,234.0000,738.0000,234.0000,738.0000,261.0000,714.0000,261.0000
717.0000,234.0000,743.0000,234.0000,743.0000,262.0000,717.0000,262.0000
717.0000,234.0000,743.0000,234.0000,743.0000,262.0000,717.0000,262.0000
717.0000,234.0000,743.0000,234.0000,743.0000,262.0000,717.0000,262.0000
717.0000,234.0000,743.0000,234.0000,743.0000,262.0000,717.0000,262.0000
717.0000,234.0000,743.0000,234.0000,743.0000,262.0000,717.0000,262.0000
717.0000,234.0000,743.0000,234.0000,743.0000,262.0000,717.0000,262.0000
717.0000,234.0000,743.0000,234.0000,743.0000,262.0000,717.0000,262.0000
717.0000,234.0000,743.0000,234.0000,743.0000,262.0000,717.0000,262.0000
717.0000,234.0000,743.0000,234.0000,743.0000,262.0000,717.0000,262.0000
717.0000,234.0000,743.0000,234.0000,743.0000,262.0000,717.0000,262.0000
717.0000,234.0000,743.0000,234.0000,743.0000,262.0000,717.0000,262.0000
717.0000,234.0000,743.0000,234.0000,743.0000,262.0000,717.0000,262.0000
0
0
0
2
0
0
0
0
1
649.0000,237.0000,675.0000,237.0000,675.0000,267.0000,649.0000,267.0000
656.0000,237.0000,682.0000,237.0000,682.0000,267.0000,656.0000,267.0000
656.0000,237.0000,682.0000,237.0000,682.0000,267.0000,656.0000,267.0000
656.0000,237.0000,682.0000,237.0000,682.0000,267.0000,656.0000,267.0000
656.0000,237.0000,682.0000,237.0000,682.0000,267.0000,656.0000,267.0000
0
0
0
0
0
0
0
0
0
0
0
2
0
0
0
0
1
742.0000,241.0000,771.0000,241.0000,771.0000,270.0000,742.0000,270.0000
742.0000,241.0000,771.0000,241.0000,771.0000,270.0000,742.0000,270.0000
742.0000,241.0000,771.0000,241.0000,771.0000,270.0000,742.0000,270.0000
742.0000,241.0000,771.0000,241.0000,771.0000,270.0000,742.0000,270.0000
742.0000,241.0000,771.0000,241.0000,771.0000,270.0000,742.0000,270.0000
742.0000,241.0000,771.0000,241.0000,771.0000,270.0000,742.0000,270.0000
742.0000,241.0000,771.0000,241.0000,771.0000,270.0000,742.0000,270.0000
742.0000,241.0000,771.0000,241.0000,771.0000,270.0000,742.0000,270.0000
742.0000,241.0000,771.0000,241.0000,771.0000,270.0000,742.0000,270.0000
742.0000,241.0000,771.0000,241.0000,771.0000,270.0000,742.0000,270.0000
742.0000,241.0000,771.0000,241.0000,771.0000,270.0000,742.0000,270.0000
742.0000,241.0000,771.0000,241.0000,771.0000,270.0000,742.0000,270.0000
742.0000,241.0000,771.0000,241.0000,771.0000,270.0000,742.0000,270.0000
742.0000,241.0000,771.0000,241.0000,771.0000,270.0000,742.0000,270.0000
0
2
0
0
0
0
1
670.0000,238.0000,696.0000,238.0000,696.0000,266.0000,670.0000,266.0000
661.0000,238.0000,687.0000,238.0000,687.0000,267.0000,661.0000,267.0000
661.0000,238.0000,687.0000,238.0000,687.0000,267.0000,661.0000,267.0000
661.0000,238.0000,687.0000,238.0000,687.0000,267.0000,661.0000,267.0000
661.0000,238.0000,687.0000,238.0000,687.0000,267.0000,661.0000,267.0000
661.0000,238.0000,687.0000,238.0000,687.0000,267.0000,661.0000,267.0000
661.0000,238.0000,687.0000,238.0000,687.0000,267.0000,661.0000,267.0000
661.0000,238.0000,687.0000,238.0000,687.0000,267.0000,661.0000,267.0000
661.0000,238.0000,687.0000,238.0000,687.0000,267.0000,661.0000,267.0000
661.0000,238.0000,687.0000,238.0000,687.0000,267.0000,661.0000,267.0000
661.0000,238.0000,687.0000,238.0000,687.0000,267.0000,661.0000,267.0000
0
0
0
0
0
2
0
0
0
0
1
739.0000,246.0000,765.0000,246.0000,765.0000,274.0000,739.0000,274.0000
742.0000,246.0000,768.0000,246.0000,768.0000,275.0000,742.0000,275.0000
742.0000,246.0000,768.0000,246.0000,768.0000,275.0000,742.0000,275.0000
742.0000,246.0000,768.0000,246.0000,768.0000,275.0000,742.0000,275.0000
742.0000,246.0000,768.0000,246.0000,768.0000,275.0000,742.0000,275.0000
742.0000,246.0000,768.0000,246.0000,768.0000,275.0000,742.0000,275.0000
742.0000,246.0000,768.0000,246.0000,768.0000,275.0000,742.0000,275.0000
742.0000,246.0000,768.0000,246.0000,768.0000,275.0000,742.0000,275.0000
742.0000,246.0000,768.0000,246.0000,768.0000,275.0000,742.0000,275.0000
742.0000,246.0000,768.0000,246.0000,768.0000,275.0000,742.0000,275.0000
742.0000,246.0000,768.0000,246.0000,768.0000,275.0000,742.0000,275.0000
742.0000,246.0000,768.0000,246.0000,768.0000,275.0000,742.0000,275.0000
742.0000,246.0000,768.0000,246.0000,768.0000,275.0000,742.0000,275.0000
742.0000,246.0000,768.0000,246.0000,768.0000,275.0000,742.0000,275.0000
742.0000,246.0000,768.0000,246.0000,768.0000,275.0000,742.0000,275.0000
742.0000,246.0000,768.0000,246.0000,768.0000,275.0000,742.0000,275.0000
744.0000,247.0000,770.0000,247.0000,770.0000,275.0000,744.0000,275.0000
744.0000,247.0000,770.0000,247.0000,770.0000,275.0000,744.0000,275.0000
744.0000,247.0000,770.0000,247.0000,770.0000,275.0000,744.0000,275.0000
744.0000,247.0000,770.0000,247.0000,770.0000,275.0000,744.0000,275.0000
0
0
0
0
0
0
0
0
0
0
0
0
2
0
0
0
0
1
688.0000,238.0000,719.0000,238.0000,719.0000,273.0000,688.0000,273.0000
694.0000,239.0000,724.0000,239.0000,724.0000,274.0000,694.0000,274.0000
694.0000,239.0000,724.0000,239.0000,724.0000,274.0000,694.0000,274.0000
694.0000,239.0000,724.0000,239.0000,724.0000,274.0000,694.0000,274.0000
694.0000,239.0000,724.0000,239.0000,724.0000,274.0000,694.0000,274.0000
694.0000,239.0000,724.0000,239.0000,724.0000,274.0000,694.0000,274.0000
694.0000,239.0000,724.0000,239.0000,724.0000,274.0000,694.0000,274.0000
694.0000,239.0000,724.0000,239.0000,724.0000,274.0000,694.0000,274.0000
694.0000,239.0000,724.0000,239.0000,724.0000,274.0000,694.0000,274.0000
694.0000,239.0000,724.0000,239.0000,724.0000,274.0000,694.0000,274.0000
694.0000,239.0000,724.0000,239.0000,724.0000,274.0000,694.0000,274.0000
694.0000,239.0000,724.0000,239.0000,724.0000,274.0000,694.0000,274.0000
694.0000,239.0000,724.0000,239.0000,724.0000,274.0000,694.0000,274.0000
694.0000,239.0000,724.0000,239.0000,724.0000,274.0000,694.0000,274.0000
694.0000,239.0000,724.0000,239.0000,724.0000,274.0000,694.0000,274.0000
694.0000,239.0000,724.0000,239.0000,724.0000,274.0000,694.0000,274.0000
697.0000,240.0000,728.0000,240.0000,728.0000,275.0000,697.0000,275.0000
697.0000,240.0000,728.0000,240.0000,728.0000,275.0000,697.0000,275.0000
697.0000,240.0000,728.0000,240.0000,728.0000,275.0000,697.0000,275.0000
697.0000,240.0000,728.0000,240.0000,728.0000,275.0000,697.0000,275.0000
697.0000,240.0000,728.0000,240.0000,728.0000,275.0000,697.0000,275.0000
697.0000,240.0000,728.0000,240.0000,728.0000,275.0000,697.0000,275.0000
697.0000,240.0000,728.0000,240.0000,728.0000,275.0000,697.0000,275.0000
697.0000,240.0000,728.0000,240.0000,728.0000,275.0000,697.0000,275.0000
697.0000,240.0000,728.0000,240.0000,728.0000,275.0000,697.0000,275.0000
697.0000,240.0000,728.0000,240.0000,728.0000,275.0000,697.0000,275.0000
697.0000,240.0000,728.0000,240.0000,728.0000,275.0000,697.0000,275.0000
697.0000,240.0000,728.0000,240.0000,728.0000,275.0000,697.0000,275.0000
697.0000,240.0000,728.0000,240.0000,728.0000,275.0000,697.0000,275.0000
697.0000,240.0000,728.0000,240.0000,728.0000,275.0000,697.0000,275.0000
697.0000,240.0000,728.0000,240.0000,728.0000,275.0000,697.0000,275.0000
697.0000,240.0000,728.0000,240.0000,728.0000,275.0000,697.0000,275.0000
2
0
0
0
0
1
658.0000,238.0000,689.0000,238.0000,689.0000,269.0000,658.0000,269.0000
653.0000,237.0000,684.0000,237.0000,684.0000,269.0000,653.0000,269.0000
653.0000,237.0000,684.0000,237.0000,684.0000,269.0000,653.0000,269.0000
653.0000,237.0000,684.0000,237.0000,684.0000,269.0000,653.0000,269.0000
653.0000,237.0000,684.0000,237.0000,684.0000,269.0000,653.0000,269.0000
653.0000,237.0000,684.0000,237.0000,684.0000,269.0000,653.0000,269.0000
653.0000,237.0000,684.0000,237.0000,684.0000,269.0000,653.0000,269.0000
653.0000,237.0000,684.0000,237.0000,684.0000,269.0000,653.0000,269.0000
653.0000,237.0000,684.0000,237.0000,684.0000,269.0000,653.0000,269.0000
653.0000,237.0000,684.0000,237.0000,684.0000,269.0000,653.0000,269.0000
653.0000,237.0000,684.0000,237.0000,684.0000,269.0000,653.0000,269.0000
653.0000,237.0000,684.0000,237.0000,684.0000,269.0000,653.0000,269.0000
653.0000,237.0000,684.0000,237.0000,684.0000,269.0000,653.0000,269.0000
653.0000,237.0000,684.0000,237.0000,684.0000,269.0000,653.0000,269.0000
653.0000,237.0000,684.0000,237.0000,684.0000,269.0000,653.0000,269.0000
653.0000,237.0000,684.0000,237.0000,684.0000,269.0000,653.0000,269.0000
646.0000,238.0000,677.0000,238.0000,677.0000,268.0000,646.0000,268.0000
646.0000,238.0000,677.0000,238.0000,677.0000,268.0000,646.0000,268.0000
646.0000,238.0000,677.0000,238.0000,677.0000,268.0000,646.0000,268.0000
646.0000,238.0000,677.0000,238.0000,677.0000,268.0000,646.0000,268.0000
646.0000,238.0000,677.0000,238.0000,677.0000,268.0000,646.0000,268.0000
646.0000,238.0000,677.0000,238.0000,677.0000,268.0000,646.0000,268.0000
646.0000,238.0000,677.0000,238.0000,677.0000,268.0000,646.0000,268.0000
2
0
0
0
0
0
0
0
0
663.0000,235.0000,694.0000,235.0000,694.0000,266.0000,663.0000,266.0000
0
0
0
0
1
686.0000,232.0000,718.0000,232.0000,718.0000,265.0000,686.0000,265.0000
686.0000,233.0000,718.0000,233.0000,718.0000,265.0000,686.0000,265.0000
686.0000,233.0000,718.0000,233.0000,718.0000,265.0000,686.0000,265.0000
686.0000,233.0000,718.0000,233.0000,718.0000,265.0000,686.0000,265.0000
686.0000,233.0000,718.0000,233.0000,718.0000,265.0000,686.0000,265.0000
686.0000,233.0000,718.0000,233.0000,718.0000,265.0000,686.0000,265.0000
686.0000,233.0000,718.0000,233.0000,718.0000,265.0000,686.0000,265.0000
686.0000,233.0000,718.0000,233.0000,718.0000,265.0000,686.0000,265.0000
686.0000,233.0000,718.0000,233.0000,718.0000,265.0000,686.0000,265.0000
686.0000,233.0000,718.0000,233.0000,718.0000,265.0000,686.0000,265.0000
686.0000,233.0000,718.0000,233.0000,718.0000,265.0000,686.0000,265.0000
686.0000,233.0000,718.0000,233.0000,718.0000,265.0000,686.0000,265.0000
686.0000,233.0000,718.0000,233.0000,718.0000,265.0000,686.0000,265.0000
686.0000,233.0000,718.0000,233.0000,718.0000,265.0000,686.0000,265.0000
686.0000,233.0000,718.0000,233.0000,718.0000,265.0000,686.0000,265.0000
687.0000,233.0000,718.0000,233.0000,718.0000,264.0000,687.0000,264.0000
687.0000,233.0000,718.0000,233.0000,718.0000,264.0000,687.0000,264.0000
687.0000,233.0000,718.0000,233.0000,718.0000,264.0000,687.0000,264.0000
687.0000,233.0000,718.0000,233.0000,718.0000,264.0000,687.0000,264.0000
687.0000,233.0000,718.0000,233.0000,718.0000,264.0000,687.0000,264.0000
687.0000,233.0000,718.0000,233.0000,718.0000,264.0000,687.0000,264.0000
687.0000,233.0000,718.0000,233.0000,718.0000,264.0000,687.0000,264.0000
687.0000,233.0000,718.0000,233.0000,718.0000,264.0000,687.0000,264.0000
687.0000,233.0000,718.0000,233.0000,718.0000,264.0000,687.0000,264.0000
687.0000,233.0000,718.0000,233.0000,718.0000,264.0000,687.0000,264.0000
687.0000,233.0000,718.0000,233.0000,718.0000,264.0000,687.0000,264.0000
687.0000,233.0000,718.0000,233.0000,718.0000,264.0000,687.0000,264.0000
687.0000,233.0000,718.0000,233.0000,718.0000,264.0000,687.0000,264.0000
687.0000,233.0000,718.0000,233.0000,718.0000,264.0000,687.0000,264.0000
687.0000,233.0000,718.0000,233.0000,718.0000,264.0000,687.0000,264.0000
687.0000,233.0000,718.0000,233.0000,718.0000,264.0000,687.0000,264.0000
690.0000,232.0000,720.0000,232.0000,720.0000,264.0000,690.0000,264.0000
690.0000,232.0000,720.0000,232.0000,720.0000,264.0000,690.0000,264.0000
690.0000,232.0000,720.0000,232.0000,720.0000,264.0000,690.0000,264.0000
690.0000,232.0000,720.0000,232.0000,720.0000,264.0000,690.0000,264.0000
690.0000,232.0000,720.0000,232.0000,720.0000,264.0000,690.0000,264.0000
690.0000,232.0000,720.0000,232.0000,720.0000,264.0000,690.0000,264.0000
690.0000,232.0000,720.0000,232.0000,720.0000,264.0000,690.0000,264.0000
690.0000,232.0000,720.0000,232.0000,720.0000,264.0000,690.0000,264.0000
690.0000,232.0000,720.0000,232.0000,720.0000,264.0000,690.0000,264.0000
690.0000,232.0000,720.0000,232.0000,720.0000,264.0000,690.0000,264.0000
690.0000,232.0000,720.0000,232.0000,720.0000,264.0000,690.0000,264.0000
690.0000,232.0000,720.0000,232.0000,720.0000,264.0000,690.0000,264.0000
690.0000,232.0000,720.0000,232.0000,720.0000,264.0000,690.0000,264.0000
690.0000,232.0000,720.0000,232.0000,720.0000,264.0000,690.0000,264.0000
690.0000,232.0000,720.0000,232.0000,720.0000,264.0000,690.0000,264.0000
687.0000,229.0000,718.0000,229.0000,718.0000,261.0000,687.0000,261.0000
687.0000,229.0000,718.0000,229.0000,718.0000,261.0000,687.0000,261.0000
687.0000,229.0000,718.0000,229.0000,718.0000,261.0000,687.0000,261.0000
687.0000,229.0000,718.0000,229.0000,718.0000,261.0000,687.0000,261.0000
687.0000,229.0000,718.0000,229.0000,718.0000,261.0000,687.0000,261.0000
687.0000,229.0000,718.0000,229.0000,718.0000,261.0000,687.0000,261.0000
687.0000,229.0000,718.0000,229.0000,718.0000,261.0000,687.0000,261.0000
687.0000,229.0000,718.0000,229.0000,718.0000,261.0000,687.0000,261.0000
687.0000,229.0000,718.0000,229.0000,718.0000,261.0000,687.0000,261.0000
687.0000,229.0000,718.0000,229.0000,718.0000,261.0000,687.0000,261.0000
687.0000,229.0000,718.0000,229.0000,718.0000,261.0000,687.0000,261.0000
687.0000,229.0000,718.0000,229.0000,718.0000,261.0000,687.0000,261.0000
687.0000,229.0000,718.0000,229.0000,718.0000,261.0000,687.0000,261.0000
687.0000,229.0000,718.0000,229.0000,718.0000,261.0000,687.0000,261.0000
687.0000,229.0000,718.0000,229.0000,718.0000,261.0000,687.0000,261.0000
687.0000,229.0000,718.0000,229.0000,718.0000,261.0000,687.0000,261.0000
669.0000,230.0000,699.0000,230.0000,699.0000,261.0000,669.0000,261.0000
669.0000,230.0000,699.0000,230.0000,699.0000,261.0000,669.0000,261.0000
669.0000,230.0000,699.0000,230.0000,699.0000,261.0000,669.0000,261.0000
669.0000,230.0000,699.0000,230.0000,699.0000,261.0000,669.0000,261.0000
669.0000,230.0000,699.0000,230.0000,699.0000,261.0000,669.0000,261.0000
669.0000,230.0000,699.0000,230.0000,699.0000,261.0000,669.0000,261.0000
669.0000,230.0000,699.0000,230.0000,699.0000,261.0000,669.0000,261.0000
