0.000164,0.000141,0.000155,0.000158,0.000147,0.000168,0.000139,0.000142,0.00026,0.000161,0.000269,0.000168,0.000255,0.000167,0.000173
3.481941,3.28651,3.733163,3.35689,3.216308,3.350829,3.682429,3.553977,3.438947,3.332285,3.902372,3.514029,3.601424,3.713527,3.666358
0.048419,0.039142,0.052232,0.03973,0.040029,0.04071,0.039635,0.045151,0.048783,0.048623,0.046293,0.046471,0.040214,0.045995,0.039912
0.048768,0.047155,0.048667,0.040444,0.039912,0.040359,0.039855,0.044937,0.048232,0.048625,0.047403,0.049124,0.040987,0.052916,0.039765
0.048858,0.060418,0.049193,0.039961,0.040102,0.040527,0.039881,0.045518,0.048758,0.043693,0.056199,0.047409,0.040536,0.049873,0.039625
0.051336,0.048897,0.04902,0.041416,0.040016,0.040093,0.048942,0.04799,0.048975,0.039616,0.056842,0.050797,0.040988,0.049163,0.039537
0.048928,0.038978,0.049138,0.047882,0.040558,0.039861,0.048717,0.039176,0.049087,0.039661,0.04991,0.049757,0.049965,0.049499,0.039499
0.048811,0.045463,0.049143,0.040355,0.041235,0.04042,0.046835,0.042479,0.04891,0.040046,0.04781,0.050494,0.049477,0.049348,0.040429
0.049008,0.046627,0.049197,0.040003,0.049062,0.041114,0.040525,0.038492,0.049049,0.040413,0.05515,0.05039,0.048788,0.050283,0.0517
0.043344,0.038757,0.049357,0.040049,0.04866,0.040579,0.039974,0.038062,0.04896,0.041036,0.046869,0.049862,0.044647,0.049373,0.050162
0.048782,0.038831,0.049096,0.040858,0.048482,0.043986,0.039958,0.038288,0.048985,0.046088,0.046627,0.053082,0.048503,0.049172,0.04954
0.048875,0.038801,0.049144,0.049857,0.048431,0.045753,0.040042,0.0385,0.048882,0.044426,0.045616,0.050191,0.05156,0.049323,0.049248
0.049065,0.034891,0.049146,0.049767,0.048394,0.04269,0.04005,0.03815,0.048948,0.049502,0.04569,0.04909,0.043719,0.049139,0.04912
0.049226,0.035219,0.049361,0.049751,0.048704,0.041098,0.040088,0.038422,0.048879,0.049213,0.046165,0.059189,0.04978,0.049044,0.049607
0.049198,0.035745,0.07334400000000001,0.049466,0.04914,0.047509,0.040044,0.03851,0.048989,0.048679,0.046127,0.053524,0.043908,0.048806,0.050909
0.049185,0.046962,0.049746,0.05015,0.049091,0.040503,0.040128,0.038151,0.048977,0.040018,0.046116,0.053563,0.037755,0.048863,0.050577
0.0491,0.046373,0.04964,0.049206,0.049099,0.041154,0.040365,0.038529,0.064127,0.039797,0.046152,0.047624,0.043768,0.049175,0.040719
0.052876,0.041115,0.049754,0.049299,0.049119,0.050989,0.040137,0.04331,0.049311,0.040134,0.04615,0.048236,0.036673,0.050683,0.04017
0.049131,0.042363,0.051208,0.051525,0.049729,0.049562,0.040162,0.046923,0.049236,0.05257,0.046204,0.046684,0.040789,0.049833,0.03983
0.049009,0.044066,0.049646,0.050611,0.050284,0.049384,0.040404,0.038366,0.049166,0.0526,0.046216,0.048194,0.040752,0.049804,0.040205
0.049031,0.044423,0.04806,0.050502,0.049994,0.053178,0.040567,0.039497,0.049163,0.051236,0.046242,0.046751,0.043189,0.049814,0.040302
0.048183,0.044062,0.049105,0.036327,0.049616,0.049413,0.040575,0.049247,0.049289,0.04953,0.0462,0.048163,0.048734,0.050005,0.040328
0.048969,0.049951,0.04899,0.048939,0.049666,0.049251,0.040777,0.045589,0.049314,0.04762,0.046283,0.046586,0.049084,0.049525,0.042929
0.048933,0.05331,0.04898,0.049166,0.050405,0.049461,0.040746,0.04691,0.049131,0.040357,0.046313,0.047281,0.050143,0.049867,0.050926
0.04916,0.052967,0.049082,0.061204,0.050462,0.049488,0.04121,0.046333,0.04901,0.040362,0.046508,0.046595,0.044685,0.055038,0.0446
0.048966,0.04493,0.049042,0.049889,0.051182,0.049628,0.041008,0.046052,0.049198,0.04031,0.046533,0.047415,0.044599,0.049839,0.040335
0.049033,0.04556,0.049216,0.049937,0.059933,0.049,0.040897,0.048176,0.051059,0.041067,0.04657,0.046397,0.044773,0.049787,0.040339
0.055364,NaN,0.049022,0.050079,0.045731,0.048615,0.043676,0.049125,0.049002,0.051797,0.046312,0.046507,0.044579,0.053468,0.044971
0.049255,NaN,0.049063,0.04969,0.047605,0.04925,0.043058,0.048903,0.049101,0.05149,0.046372,0.046722,0.049393,0.049326,0.045348
0.049368,NaN,0.049007,0.049622,0.053769,0.04913,0.049789,0.049277,0.049181,0.052272,0.046408,0.046618,0.049754,0.049563,0.044904
0.049558,NaN,0.048946,0.049369,0.05356,0.049445,0.052335,0.049275,0.049099,0.051631,0.046386,0.047085,0.049309,0.049973,0.052106
0.049653,0.000143,0.049267,0.049202,0.054025,0.049259,0.041206,0.049019,0.050208,0.051465,0.04646,0.046501,0.049117,0.042165,0.051832
0.049757,3.391824,0.049215,0.049016,0.053516,0.049175,0.042615,0.050464,0.049285,0.051978,0.046218,0.04631,0.050015,0.05036,0.050444
0.050038,0.048929,0.049196,0.049458,0.053339,0.040698,0.043357,0.049647,0.049225,0.051569,0.046458,0.046182,0.049864,0.050363,0.052702
0.050078,0.058775,0.049178,0.049097,0.048971,0.047641,0.042026,0.049115,0.052725,0.050725,0.046333,0.046513,0.044195,0.066353,0.051796
0.049934,0.053994,0.049051,0.048542,0.050516,0.049775,0.041566,0.049147,0.049443,0.049804,0.045977,0.046249,0.043565,0.051641,0.051857
0.049925,0.06046,0.049129,0.048404,0.046123,0.04916,0.041655,0.048444,0.049211,0.049829,0.046575,0.046364,0.043399,0.048994,0.051807
0.049809,0.055344,0.049086,0.048378,0.049746,0.049384,0.045983,0.048998,0.049132,0.049982,0.046408,0.04653,0.044049,0.049133,0.051225
0.04966,0.050476,0.048995,0.048521,0.05037,0.049137,0.04235,0.04871,0.048952,0.049452,0.046142,0.046266,0.044091,0.049107,0.064363
0.04975,0.05225,0.048953,0.048883,0.049758,0.049039,0.048962,0.049276,0.049031,0.049555,0.046397,0.046187,0.049594,0.049304,0.050065
0.049783,0.060644,0.048999,0.048681,0.049951,0.048793,0.045081,0.049453,0.048961,0.0497,0.046316,0.046007,0.049698,0.049011,0.049487
0.049981,0.049158,0.049009,0.048823,0.053676,0.049026,0.050718,0.051812,0.049214,0.050267,0.046457,0.046115,0.049448,0.049408,0.049752
0.049452,0.055127,0.049096,0.048033,0.051536,0.04874,0.052864,0.049241,0.049036,0.049357,0.046367,0.046492,0.049712,0.04911,0.049043
0.050641,0.046995,0.04895,0.04062,0.049613,0.046939,0.047604,0.050106,0.04916,0.041146,0.046504,0.046629,0.049723,0.048989,0.050193
0.049639,0.046373,0.048829,0.048847,0.048723,0.049531,0.041723,0.059024,0.048925,0.041674,0.046201,0.046777,0.049631,0.048769,0.040878
0.049409,0.04578,0.049046,0.048788,0.048743,0.049508,0.041674,0.058641,0.048968,0.043816,0.04645,0.046945,0.049422,0.049673,0.047631
0.049644,0.046341,0.048708,0.050326,0.045559,0.049495,0.049982,0.04933,0.048987,0.051416,0.046217,0.047098,0.049268,0.050433,0.046726
0.049452,0.046112,0.04913,0.048871,0.040472,0.041381,0.050925,0.049868,0.048999,0.047127,0.046267,0.047115,0.043618,0.049828,0.046466
0.049244,0.046369,0.048965,0.04883,0.040823,0.040543,0.050907,0.053021,0.049137,0.044301,0.04634,0.047327,0.04997,0.049513,0.048334
0.04928,0.0459,0.049086,0.048637,0.050061,0.040258,0.050438,0.051199,0.048921,0.044099,0.046307,0.047418,0.049489,0.049575,0.04976
0.04953,0.04689,0.048806,0.04861,0.046027,0.040526,0.050613,0.049051,0.04889,0.045235,0.04635,0.047322,0.049436,0.049118,0.04939
0.049216,0.045804,0.048964,0.046507,0.043624,0.045508,0.053207,0.049538,0.048936,0.040828,0.050931,0.047203,0.048203,0.04907,0.049888
0.04907,0.045709,0.048813,0.045907,0.040513,0.046794,0.055287,0.049337,0.048988,0.041074,0.046568,0.046819,0.041063,0.049061,0.049811
0.046515,0.046324,0.049164,0.047259,0.049462,0.046811,0.061807,0.049368,0.049636,0.040216,0.046617,0.046566,0.050294,0.049239,0.049912
0.048974,0.046495,0.049112,0.046849,0.052697,0.038804,0.050456,0.049454,0.049412,0.054473,0.046591,0.046707,0.049933,0.0492,0.049619
0.049172,0.046859,0.049014,0.047684,0.046611,0.041931,0.050472,0.049293,0.049722,0.046643,0.049387,0.046617,0.050935,0.049025,0.050087
0.062387,0.045876,0.048841,0.04793,0.041048,0.040146,0.051346,0.048996,0.049023,0.046059,0.04658,0.046273,0.051963,0.049188,0.049943
0.049412,0.046024,0.049157,0.048441,0.041069,0.040365,0.054367,0.049331,0.0491,0.03998,0.046237,0.046898,0.050088,0.049154,0.049398
0.049264,0.047947,0.048968,0.048365,0.041519,0.047291,0.05313,0.050059,0.048993,0.046323,0.050413,0.046255,0.049672,0.04924,0.049178
0.049395,0.046182,0.055924,0.048416,0.051282,0.048765,0.054802,0.049394,0.048957,0.040724,0.049238,0.046354,0.049992,0.04942,0.049951
0.049273,0.045532,0.050662,0.048572,0.050793,0.048411,0.050995,0.049002,0.049032,0.050853,0.049122,0.046106,0.05007,0.049913,0.049827
0.049599,0.046591,0.056877,0.048895,0.050302,0.046965,0.051236,0.049049,0.050481,0.05027,0.049313,0.045934,0.049948,0.050095,0.049439
0.04932,0.065605,0.06465799999999999,0.050365,0.049679,0.04711,0.051561,0.049457,0.049106,0.050348,0.049345,0.046092,0.050221,0.049975,0.049454
0.052074,0.045771,0.049354,0.050194,0.047257,0.048043,0.051605,0.048041,0.050839,0.048004,0.049409,0.046233,0.050259,0.050333,0.049776
0.049025,0.046045,0.052178,0.049956,0.050815,0.046727,0.051533,0.051504,0.053936,0.04719,0.043707,0.046208,0.049537,0.05041,0.049876
0.048954,0.045738,0.04928,0.049919,0.067332,0.047456,0.051646,0.051645,0.051487,0.046689,0.043887,0.046096,0.04959,0.058103,0.049673
0.049239,0.046309,0.049207,0.050809,0.049245,0.049958,0.051372,0.041556,0.049491,0.04173,0.049282,0.046224,0.049687,0.050775,0.049651
0.048998,0.045798,0.049131,0.050269,0.04947,0.048095,0.051503,0.05003,0.049277,0.044266,0.049111,0.046163,0.049661,0.051248,0.050369
0.049172,0.045731,0.049063,0.050283,0.049488,0.041115,0.051529,0.049478,0.049395,0.040797,0.049349,0.046206,NaN,0.051689,0.050441
0.055141,0.045915,0.050294,0.049775,0.049368,0.049185,0.052186,0.049565,0.049213,0.043416,0.049381,0.046247,NaN,0.051747,0.044492
0.050093,0.046683,0.049138,0.050394,0.049524,0.045539,0.051979,0.04957,0.049253,0.043017,0.049282,0.046384,NaN,0.051512,0.044193
NaN,0.046417,NaN,0.054915,0.049776,0.04951,0.050734,0.049559,0.049262,0.047527,0.049189,NaN,NaN,0.051686,0.0502
NaN,0.046706,NaN,NaN,0.049973,0.0476,0.05119,NaN,0.04938,NaN,0.04362,NaN,0.000153,NaN,0.051083
NaN,0.04677,NaN,NaN,0.049852,0.04812,0.050703,NaN,0.051492,NaN,0.043721,NaN,3.808603,NaN,0.050922
NaN,0.046092,NaN,NaN,NaN,NaN,NaN,NaN,0.049912,NaN,NaN,NaN,0.048705,NaN,NaN
0.000125,0.047056,0.000222,NaN,NaN,NaN,NaN,NaN,0.04955,NaN,NaN,0.000143,0.05653,NaN,NaN
3.429699,0.046131,3.461922,0.00016,NaN,NaN,NaN,0.000145,0.049853,0.000145,NaN,3.595403,0.063429,0.000142,NaN
0.048235,0.048415,0.048326,3.656649,NaN,NaN,NaN,3.397751,0.049719,3.411565,NaN,0.04275,0.048886,3.802608,NaN
0.047954,0.046089,0.048119,0.048362,0.000147,0.000144,0.000145,0.044379,0.04949,0.048796,2.3e-05,0.048232,0.048522,0.050783,0.000146
0.048277,0.04734,0.048091,0.059008,3.573123,3.342173,3.323688,0.039274,0.049702,0.048551,4.013927,0.047771,0.048628,0.048431,3.612766
0.057697,0.04622,0.04801,0.048261,0.050488,0.055231,0.048224,0.039252,0.049638,0.048536,0.040792,0.048199,0.048639,0.051352,0.05595
0.049345,0.0472,0.048,0.048311,0.05631,0.048597,0.048137,0.039559,0.049998,0.048574,0.045719,0.047912,0.054239,0.048265,0.048153
0.098986,0.049666,0.048081,0.04819,0.048483,0.048484,0.04806,0.046722,0.050075,0.048636,0.046188,0.040267,0.048355,0.048187,0.048168
0.049095,0.046542,0.048039,0.048258,0.060584,0.04875,0.054639,0.047977,0.050242,0.055448,0.046122,0.048222,0.048479,0.04815,0.048138
0.049613,0.047161,0.048157,0.048189,0.042766,0.048682,0.048213,0.04821,0.050251,0.04882,0.046207,0.04838,0.048563,0.048101,0.045922
0.049105,0.046218,0.048301,0.0429,0.042881,0.048324,0.047824,0.048174,0.057697,0.04887,0.046247,0.05338,0.053506,0.048433,0.048153
0.05321,0.046381,0.068829,0.042782,0.04286,0.043201,0.047912,0.048163,0.049928,0.048996,0.046012,0.051752,0.04801,0.048131,0.048135
0.049038,0.066667,0.060174,0.048291,0.048306,0.048653,0.048082,0.048364,0.050034,0.0493,0.045511,0.052826,0.047943,0.04813,0.048102
0.049552,0.04634,0.049208,0.048231,0.051309,0.048699,0.050401,0.04836,0.05076,0.057195,0.04627,0.052918,0.044103,0.048216,0.048024
0.048934,0.046495,0.048461,0.048138,0.048312,0.051065,0.048497,0.047935,0.050057,0.049077,0.045518,0.07294299999999999,0.039421,0.048228,0.048065
0.048639,0.046425,0.048362,0.048683,0.048166,0.042362,0.048498,0.048341,0.051011,0.048658,0.046202,0.050424,0.040921,0.048231,0.048163
0.048599,0.046302,0.056121,0.049687,0.048257,0.043214,0.048728,0.048185,0.051275,0.048694,0.06676799999999999,0.049841,0.040175,0.048319,0.048205
0.047863,0.046181,0.048336,0.053178,0.048201,0.047599,0.048448,0.040575,0.05118,0.048848,0.05367,0.056183,0.048113,0.048271,0.050092
0.048528,0.046184,0.048199,0.043183,0.048324,0.051516,0.048569,0.040555,0.050996,0.048825,0.046858,0.056215,0.048283,0.048568,0.048073
0.048633,0.046469,0.042613,0.043027,0.048363,0.049131,0.04861,0.040718,0.053504,0.048816,0.045787,0.050658,0.048075,0.04827,0.053397
NaN,0.047235,0.048173,0.054757,0.048268,0.042231,0.048477,0.043152,0.045241,0.048717,0.045741,0.049143,0.047888,0.04825,0.056072
NaN,0.046858,NaN,0.048586,0.048397,0.048849,0.048359,0.041965,0.051162,0.048663,NaN,NaN,0.045709,0.048261,0.048292
NaN,0.046846,NaN,0.052808,NaN,0.047145,0.048318,0.048917,0.051594,0.04876,NaN,NaN,0.039576,0.048384,0.05136
NaN,0.046905,NaN,0.048673,NaN,0.040258,NaN,0.040154,0.050945,0.048619,NaN,NaN,0.039827,0.048406,0.055543
0.000249,0.046728,NaN,0.048483,NaN,0.040284,NaN,0.039701,0.051051,0.048608,NaN,NaN,0.039589,0.048346,0.049194
3.575242,0.046581,0.000239,0.048404,NaN,NaN,NaN,0.039662,0.06796000000000001,0.048679,0.000164,0.000153,0.039433,0.048462,0.049511
0.044447,0.04691,3.580751,0.048498,0.000151,NaN,NaN,0.039922,0.051589,0.048613,3.568983,3.576191,0.039436,0.048632,0.047449
0.046449,0.046685,0.0482,0.042898,3.865686,NaN,0.000145,0.047869,0.054396,0.048749,0.0484,0.065874,0.039339,0.048461,NaN
0.051647,0.046523,0.048109,0.04304,0.048259,NaN,3.767435,0.040013,0.057495,0.048868,0.048202,0.048348,0.039417,NaN,NaN
0.049446,0.046609,0.048174,0.048318,0.048136,0.000143,0.048704,0.040499,0.057103,0.048671,0.047962,0.048123,0.040875,NaN,NaN
0.051668,0.046578,0.048131,0.048416,0.048246,3.457406,0.048334,0.050813,0.056517,0.048741,0.048118,0.047859,0.045178,NaN,NaN
0.050595,0.046856,0.048124,0.048389,0.048217,0.066262,0.048378,0.048691,0.051111,0.048686,0.048024,0.047964,0.040057,NaN,0.000159
0.050097,0.060065,0.048104,0.047306,0.048371,0.056798,0.04822,0.048671,0.051086,0.048839,0.048014,0.047993,0.039531,0.000148,3.358092
0.052258,0.046681,0.048211,0.048353,0.0482,0.048045,0.048208,0.048071,0.05138,0.048827,0.048192,0.04781,0.039338,3.72058,0.039676
0.047727,0.046814,0.048407,0.048418,0.048389,0.048,0.048065,0.048191,0.053332,0.050029,0.04735,0.047911,0.039461,0.047911,0.039619
0.048489,0.046187,0.051181,0.048299,0.048324,0.048065,0.048077,0.048109,0.051001,0.048962,0.047909,0.047806,0.039626,0.04807,0.039594
0.048424,0.046349,0.04836,0.048479,0.048271,0.048617,0.04816,0.048192,0.051268,0.048948,0.047981,0.047842,0.039542,0.05197,0.039552
0.048399,0.046367,0.048495,0.048371,0.048245,0.050304,0.048222,0.048159,0.050369,0.048799,0.048099,0.047879,0.039717,0.047856,0.039945
0.048456,0.046928,0.049424,0.04845,0.048265,0.048477,0.048181,0.048313,0.050993,0.048895,0.047643,0.048019,0.039796,0.047967,0.048102
0.046233,0.04693,0.049718,0.04858,0.04851,0.048253,0.048176,0.048383,0.0517,0.048929,0.048141,0.047968,0.039807,0.048023,0.047949
0.049231,0.046848,0.048619,0.048328,0.048395,0.048123,0.048152,0.044201,0.05375,0.048942,0.048623,0.048069,0.039759,0.04787,0.047804
0.048647,0.046922,0.048555,0.048503,0.048475,0.048239,0.048224,0.040714,0.051307,0.048737,0.048969,0.054723,0.039631,0.047913,0.047605
0.048619,0.047052,0.048353,0.048186,0.048623,0.048141,0.048137,0.041645,0.0505,0.048919,0.048448,0.048149,0.039913,0.04805,0.047804
0.048604,0.047052,0.048436,0.048375,0.04871,0.049128,0.04273,0.042199,0.049875,0.048914,0.048305,0.042562,0.040461,0.047909,0.047886
0.048538,0.048945,0.054745,0.048331,0.048479,0.04863,0.048448,0.040494,0.050848,0.048981,0.060331,0.042592,0.040412,0.047913,0.048226
0.048492,0.048208,0.048686,0.048848,0.04854,0.045389,0.047102,0.049448,0.057096,0.048817,0.051902,0.042768,0.04041,0.048043,0.04192
0.048595,0.047992,0.048832,0.048529,0.048486,0.036211,0.048263,0.051202,0.051433,0.049066,0.048313,0.042538,0.040626,0.04787,0.045144
0.048543,0.049147,0.051603,0.049056,0.048542,0.036446,0.048725,0.03995,0.050209,0.048809,0.048146,0.042812,0.046244,0.047875,0.051668
0.049807,0.048455,0.048616,0.049071,0.048538,0.043713,0.050648,0.053055,0.050369,0.050425,0.042737,0.04305,0.046726,0.048075,0.049215
0.048615,0.04973,0.048573,0.048569,0.062395,0.048272,0.049556,0.049109,0.050006,0.043182,0.048223,0.046636,0.044317,0.047988,0.048157
0.048787,0.049629,0.040527,0.048523,0.048649,0.048359,0.048363,0.050668,0.050275,0.043155,0.04826,NaN,0.04068,0.048003,0.048263
0.048998,0.049426,0.040454,0.048483,0.048737,0.04566,0.048613,0.049081,0.050117,0.043176,0.04802,NaN,0.048626,0.047996,0.049335
0.052373,0.049235,0.04043,0.048269,0.047096,0.039502,0.048495,0.048711,0.049962,0.043254,0.048211,NaN,0.048553,0.047818,0.049395
0.062401,0.056525,0.040977,0.048569,0.04545,0.03937,0.048417,0.048643,0.049835,0.043274,0.048245,NaN,0.04862,0.048119,0.049
0.052359,0.06969400000000001,0.041154,0.048763,0.048645,0.039266,0.048345,0.049379,0.049574,NaN,0.048584,0.000164,0.048659,0.04817,0.049021
0.051917,0.050534,0.043842,0.048825,0.048503,0.039411,0.048462,0.04127,0.050238,NaN,0.049359,3.679253,0.046016,0.048821,0.049053
0.050057,0.049636,0.041633,0.04838,0.042874,0.039238,0.052437,0.048957,0.050891,NaN,0.049068,0.045504,0.045863,0.054606,0.049958
0.053265,0.04983,0.040829,0.058253,0.043026,0.03941,0.048562,0.045133,0.049879,NaN,0.049157,0.044187,0.044347,0.07410600000000001,0.04955
0.05109,0.049569,0.040128,0.043101,0.042838,0.039287,0.048539,0.04502,0.050386,0.000136,0.049342,0.045388,0.039782,0.048512,0.051474
0.06633600000000001,0.046752,0.040161,0.048407,0.04251,0.039602,0.048596,0.04325,0.052757,3.503986,0.049464,0.046917,0.039555,0.048541,0.050206
0.051014,0.050687,0.040405,0.048538,NaN,0.042559,0.048522,0.043418,0.050071,0.048189,0.049494,0.045902,0.039551,0.048762,0.050248
0.05047,0.065359,0.040565,0.048849,NaN,0.047604,0.048547,0.043832,0.050845,0.048088,0.049254,0.048665,0.039575,0.048873,0.050601
0.05004,0.050058,0.040557,0.065246,NaN,0.039483,0.048558,0.044872,0.049707,0.048103,0.049091,0.050008,0.039548,0.058599,0.050475
0.048788,0.049765,0.040571,0.04903,NaN,0.03935,0.048668,NaN,0.049505,0.048244,0.049016,0.045382,0.03964,0.049903,0.05074
0.048962,0.049976,0.040606,0.043354,0.000157,0.039279,0.04835,NaN,0.04983,0.048093,0.049101,0.045307,0.040675,0.049548,0.051204
0.048439,0.050107,0.040652,0.043385,3.692009,0.039328,0.048389,NaN,0.049603,0.048113,0.048792,0.045319,0.046436,0.049052,0.049247
0.04998,0.044215,0.040501,0.04494,0.048406,0.039201,0.04891,NaN,0.044246,0.048242,0.048852,0.045248,0.039725,0.049344,0.065218
0.049401,0.044615,0.042202,0.048981,0.048181,0.039295,0.049185,0.000147,0.044126,0.044388,0.048807,0.04062,0.039701,0.046793,0.050087
0.049104,NaN,0.040578,NaN,0.047967,0.039167,0.048369,3.288609,NaN,0.048133,0.048677,0.040592,0.039934,NaN,0.049025
0.049804,NaN,0.061839,NaN,0.048077,0.039326,0.048484,0.043288,NaN,0.048187,0.048708,NaN,0.039858,NaN,0.050114
0.049555,NaN,0.048301,NaN,0.04803,0.039268,0.053432,0.049369,NaN,NaN,0.043335,NaN,0.040222,NaN,0.049354
0.049523,NaN,0.042407,NaN,0.048007,0.039422,0.048709,0.048869,NaN,NaN,0.043161,NaN,0.051219,NaN,0.049354
0.049164,0.000235,0.042267,0.000245,0.048148,0.040015,0.048407,0.048784,0.00025,NaN,NaN,NaN,0.036862,0.000147,0.04939
0.050112,3.370424,NaN,3.576015,0.048101,0.050948,0.048678,0.048659,3.553629,NaN,NaN,0.000249,0.035811,3.6473,0.049243
0.050018,0.045225,NaN,0.048332,0.048224,0.048453,0.048617,0.048726,0.048347,0.00016,NaN,3.648362,NaN,0.042604,0.049005
0.049823,0.045122,NaN,0.048203,0.060105,0.039867,0.048592,0.048897,0.042718,3.54596,NaN,0.04898,NaN,0.048191,0.050024
0.049586,0.046521,NaN,0.04824,0.048164,0.040596,0.048561,0.049797,0.042768,0.048273,0.000169,0.04791,NaN,0.048367,0.050628
0.049841,0.045216,0.000161,0.048395,0.048224,0.046451,0.048804,0.049981,NaN,0.040749,3.613281,0.048144,NaN,0.049079,0.050351
0.048054,0.045831,3.455043,0.048353,0.048302,0.046102,0.048596,0.048595,NaN,0.039872,0.048237,0.048266,0.00016,0.051591,0.048545
0.049472,0.052803,0.03993,0.048368,0.048153,0.04744,0.042973,0.047953,NaN,0.046431,0.040207,0.047985,3.314872,0.048505,0.048146
0.055397,0.045249,0.039379,0.048304,0.048314,0.0459,0.043023,0.046782,NaN,0.04182,0.052551,0.048086,0.050544,0.052534,0.047872
0.049182,0.045515,0.039386,0.048464,0.048442,0.046,NaN,0.047621,0.000146,0.09958,0.04858,0.048148,0.056659,0.048572,0.03989
0.049165,0.046595,0.039481,0.048343,0.049181,0.04584,NaN,0.040023,3.598548,0.050665,0.051477,0.048206,0.052567,0.048907,0.040447
0.049063,0.041166,0.039697,0.048337,0.048517,0.045699,NaN,0.040238,0.048638,0.052265,0.051518,0.048119,0.050181,0.04811,0.040425
0.049118,0.045925,0.039585,0.048175,0.05505,0.045501,NaN,0.04006,0.048827,0.04796,0.048403,0.048,0.050746,0.048253,0.040374
0.048988,0.049735,0.039366,0.04829,0.048597,0.045566,0.000142,0.040536,0.048405,0.048003,0.048368,0.048153,0.049705,0.048332,0.040384
0.048853,0.046742,0.039636,0.048369,0.048728,0.04665,3.653371,0.048523,0.051686,0.048494,0.04812,0.048022,0.045787,0.048257,0.041655
0.0492,0.047208,0.039383,0.072064,0.049057,0.046857,0.048602,0.047959,0.048386,0.043152,0.048298,0.056547,0.050815,0.050017,0.04091
0.049017,0.046642,0.039539,0.048704,0.048817,0.048713,0.046619,0.047818,0.048428,0.048731,0.04824,0.06894699999999999,0.053538,0.049886,0.040301
0.049048,0.047379,0.042474,0.048523,0.048736,0.048697,0.048246,0.047823,0.048427,0.048633,0.048161,0.048524,0.049948,0.08326799999999999,0.044767
0.049035,0.045834,0.048497,0.048579,0.066083,0.048612,0.047656,0.047818,0.048452,0.043132,0.04824,0.048506,0.055559,0.049919,0.047408
0.048461,0.060752,0.045683,0.048526,0.048712,0.048501,0.046246,0.047856,0.049538,0.039956,0.048224,0.053152,0.052544,0.048324,0.045252
0.04915,0.058106,0.039945,0.048576,0.049982,0.048165,0.046836,0.047909,0.04839,0.039759,0.048366,0.048315,0.050872,0.049722,0.045299
0.048901,0.046337,0.039821,0.048592,0.048406,0.048329,0.048158,0.048069,0.048525,0.039555,0.048173,0.047778,0.050272,0.04974,0.045484
0.048857,0.046274,0.048457,0.048512,0.048602,0.049197,0.04756,0.048208,0.048476,0.040335,0.048658,0.048349,0.050752,0.048463,0.045469
0.048982,0.045776,0.048496,0.048552,0.048672,0.048994,0.046981,0.04805,0.048514,0.047157,0.048311,0.048142,0.049492,0.04988,0.045539
0.049039,0.045804,0.04838,0.048484,0.048742,0.048665,0.048126,0.04853,0.048683,0.048372,0.04888,0.048257,0.049511,0.049371,0.047726
0.048517,0.045862,0.048376,0.048506,0.048743,0.046937,0.04841,0.088756,0.048706,0.058242,0.048269,0.049221,0.049733,0.048424,0.048315
0.049422,0.045904,0.048306,0.048605,0.04876,0.049656,0.046398,0.048794,0.048601,0.06267200000000001,0.048271,0.04822,0.049668,0.050352,0.048289
0.049927,0.046003,0.051975,0.048967,0.048833,0.044749,0.047162,0.048767,0.048526,0.048637,0.048263,0.048321,0.050001,0.049261,0.048297
0.049992,0.045937,0.04886,0.066773,0.048834,0.050719,0.048308,0.085578,0.048664,0.048704,0.048445,0.048367,0.050938,0.049343,0.048541
0.049912,0.04584,0.046866,0.049094,0.048674,0.047608,0.048259,0.048722,0.048571,0.045607,0.048317,0.048358,0.051176,0.049851,0.04861
0.050309,0.045851,0.047473,0.049167,0.048711,0.040539,0.047046,0.048683,0.049273,0.045539,0.048465,0.048394,0.05016,0.048602,0.053599
0.050146,0.04569,0.050201,0.048914,0.0487,0.041013,0.047807,0.048433,0.048538,0.045514,0.048563,0.049287,0.049287,0.049966,0.053166
0.050267,0.045803,0.049987,0.048674,0.048762,0.048882,0.048583,0.048468,0.048733,0.047562,0.048505,0.048415,0.048902,0.047093,0.050585
0.053614,0.045682,0.049422,0.048586,0.048592,0.046904,0.052916,0.048407,0.048702,0.04881,0.048495,0.048365,0.048858,0.048511,0.048555
0.050861,0.047907,0.049526,0.048612,0.048871,0.040222,0.047444,0.048417,0.048606,0.048568,0.048442,0.048232,0.049337,0.048563,0.049341
0.050433,0.045713,0.049874,0.048772,0.048793,0.04057,0.047712,0.04829,0.048706,0.048157,0.048502,0.048451,0.049432,0.048543,0.055048
0.051124,0.048803,0.050415,0.048667,0.048843,0.040488,0.049182,0.048373,0.04321,0.048096,0.048437,0.049678,0.04948,0.048696,0.04531
0.051166,0.050505,0.049567,0.0562,0.048981,0.040757,0.0469,0.048469,0.043079,0.048143,0.048401,0.051934,0.049753,0.048897,0.046749
0.050714,0.045621,0.049992,0.048848,0.048973,0.040571,0.048497,0.048542,0.043294,0.048432,0.048587,0.04849,0.049097,0.050504,0.039982
0.050661,0.04558,0.049679,0.048855,0.048888,0.040933,0.048955,0.048616,0.040819,0.048136,0.048598,0.048458,0.048723,0.050103,0.039931
0.050816,0.045645,0.052346,0.048825,0.048897,0.040495,0.047602,0.048819,NaN,0.048403,0.050275,0.048582,0.048763,0.048677,0.039959
0.050618,0.04572,0.049851,0.048903,0.060848,0.041201,0.047095,0.048633,NaN,0.048335,0.048618,0.052127,0.048689,0.048614,0.055027
0.050518,0.04579,0.0597,0.048893,0.048979,0.040643,0.058265,0.048539,NaN,0.048457,0.048559,0.048443,0.048707,0.048561,0.049523
0.044191,0.046998,0.053827,0.048997,0.048988,0.043577,0.049236,0.048663,NaN,0.048252,0.048455,0.04848,0.048676,0.048711,0.04939
0.04312,0.054978,0.050004,0.049064,0.048876,0.040457,0.049181,0.048696,0.000265,0.048433,0.048508,0.048537,0.048746,0.048687,0.049456
0.044009,0.045671,0.044622,0.049248,0.049054,0.040647,0.047018,0.048868,3.686506,0.042845,0.048563,0.048514,0.048915,0.048764,0.049474
0.050249,0.045781,0.044868,0.049306,0.049105,0.041154,0.047807,0.049193,0.046008,0.042566,0.048623,0.04856,0.042915,0.048583,0.049292
0.050587,0.045719,0.050343,0.049399,0.048932,0.049441,0.048625,0.049229,0.045935,0.048774,0.048736,0.048482,0.041752,0.049293,0.044822
0.050084,0.045697,0.051095,0.049453,0.048949,0.048798,0.047914,0.049475,0.048658,0.048645,0.048786,0.048489,0.049123,0.048608,0.040334
0.047323,0.047002,0.049856,0.061584,0.048971,0.041377,0.046805,0.071322,0.052344,0.04858,0.049262,0.048625,0.049376,0.048576,0.040197
0.051048,0.045935,0.050667,0.049732,0.048974,0.041092,0.047737,0.049278,0.049793,0.048311,0.049153,0.04842,0.049168,0.048816,0.040179
0.055782,0.045871,0.049496,0.04958,0.048945,0.040417,0.049068,0.049392,0.053304,0.042929,0.050293,0.049057,0.049235,0.049039,0.040172
0.041872,0.046081,0.050141,0.049872,0.048976,0.040399,0.04862,0.054526,0.046589,0.049671,0.050038,0.048832,0.049265,0.048925,0.040259
0.0417,0.046229,0.049568,0.049807,0.049055,0.040476,0.060798,0.057968,0.048314,0.049568,0.049512,0.048875,0.049415,0.048891,0.040243
0.044444,0.046293,0.049644,0.04913,0.048998,0.040838,0.04747,0.053432,0.048798,0.046432,0.049437,0.048984,0.049152,0.0487,0.040188
0.050073,0.046236,0.050395,0.049285,0.048868,0.041274,0.049983,NaN,0.050045,0.049914,0.049206,0.049313,0.049232,0.0489,0.040237
0.049493,0.046334,0.050675,0.049104,0.048863,0.045844,0.047377,NaN,0.050176,0.050483,0.049369,0.05063,0.049246,0.049072,0.041649
0.049369,0.046334,0.04945,0.049128,0.049205,0.05262,0.048672,NaN,0.048729,0.050085,0.049408,0.049182,0.048463,0.044179,0.052313
0.049361,0.046721,0.048895,0.048871,0.04909,0.042066,0.049707,NaN,0.053578,0.050972,0.049185,0.04899,0.057626,0.04946,0.041273
0.049385,0.045929,0.048856,0.04918,0.04911,0.041645,0.048076,0.000146,0.049956,0.055176,0.048899,0.049001,0.049336,0.056081,0.04358
0.049144,0.045914,0.048751,0.051228,0.043669,0.041435,0.047944,3.88261,0.048852,0.053023,0.04898,0.049047,0.049411,0.056924,0.039219
0.049218,0.045833,0.040869,0.049501,0.043742,0.04088,0.048523,0.049438,0.050498,0.055997,0.048838,0.049002,0.050535,0.056744,0.039288
0.049604,0.045935,0.041231,0.049028,0.043611,0.040534,0.049621,0.049122,0.053192,0.064904,0.048732,0.048918,0.06950099999999999,0.049788,0.041082
0.049243,0.045895,0.041209,0.04906,0.043583,0.04226,0.04742,0.049072,0.050447,0.052003,0.048912,0.049163,0.049598,0.050149,0.042491
0.049202,0.046056,0.041345,0.049231,0.043671,0.042374,0.047168,0.048986,0.050166,0.050555,0.048916,0.048924,0.049858,0.049689,0.038816
0.049187,0.045806,0.041153,0.049418,0.048912,0.041423,0.049067,0.048914,0.050846,0.05024,0.048825,0.048877,0.049826,0.06979100000000001,0.038311
0.049407,0.045731,0.04796,0.043753,0.049091,0.040942,NaN,0.049097,0.051105,0.049759,0.048764,0.049152,0.05266,0.049395,0.038402
0.04933,0.045536,0.050029,0.044026,0.049457,0.043675,NaN,0.048885,0.056223,0.053904,0.048671,0.04891,0.049284,0.071272,0.038118
0.049147,0.045563,0.048797,0.043934,0.049315,0.048957,NaN,0.048907,0.064836,0.053943,0.048747,0.04871,0.049226,0.050531,0.038301
0.049085,0.045632,0.048387,NaN,0.049211,0.041545,NaN,0.047464,0.051037,0.054536,0.048633,0.049288,0.043452,0.050449,0.038321
0.049687,0.045546,0.045655,NaN,0.049524,0.041517,0.000146,0.049131,0.050141,0.051736,0.048783,0.048667,0.049075,0.049796,0.038927
0.04939,0.045808,0.04569,NaN,0.051323,0.041915,3.868311,0.049544,0.062453,0.05182,0.048811,0.048629,0.049096,0.052933,0.038387
0.050672,0.04587,0.045812,NaN,0.049448,0.041147,0.048373,0.049024,0.059078,0.051128,0.048717,0.048477,0.049051,0.050114,0.038344
0.049761,0.045778,0.045644,0.000216,0.04932,0.048409,0.048297,0.048878,0.0492,0.06119,0.048537,0.055421,0.049062,0.048775,0.038085
0.044115,0.04564,0.045275,3.845338,0.049146,0.043747,0.048454,0.04901,0.04726,0.048755,0.048844,0.048603,0.049006,0.049834,0.036542
0.044067,0.045813,0.038123,0.07646600000000001,0.049038,0.049864,0.048299,0.049957,0.049092,0.083742,0.048515,0.048487,0.043757,0.050153,0.034601
0.044147,0.04578,0.043,0.051701,0.049122,0.049077,0.048306,0.04926,0.049227,0.047644,0.048579,0.049773,0.049329,0.049373,0.038179
0.049696,0.045898,0.046012,0.06977999999999999,0.049101,0.048968,0.048201,0.049148,0.049047,0.048208,0.04866,0.048859,0.04933,0.050136,0.038221
NaN,0.045893,0.046113,0.058627,0.049214,0.04677,0.048213,0.049364,0.04911,0.046646,0.048667,0.050021,0.049156,0.049635,0.038488
NaN,0.045812,0.04603,0.062559,0.050115,0.041885,0.049163,0.04928,0.049086,0.046909,0.048904,0.048007,0.049113,0.05004,0.038089
NaN,0.045731,0.046007,0.048644,0.04365,0.046831,0.049038,0.049124,0.049094,0.04136,0.048859,0.048414,0.04903,0.051878,0.038222
NaN,0.045697,0.04606,0.048673,0.043632,0.043744,0.048528,0.049282,0.049361,0.04171,0.061606,0.048577,0.04911,0.058742,0.038204
0.000154,0.046438,0.046054,0.04878,0.049848,0.043361,0.048382,0.050724,0.04899,0.041676,0.048691,0.048616,0.049167,0.050172,0.038298
3.29635,0.046367,0.04614,0.048774,0.049742,0.048789,0.04853,0.051432,0.048823,0.041957,0.043163,0.051369,0.04916,0.050196,0.038614
0.043107,0.046411,0.056643,0.048718,0.049721,0.048665,0.048283,0.049457,0.048939,0.044484,0.048693,0.0558,0.049258,0.05119,0.038938
0.042424,0.046342,0.046214,0.042873,0.049676,0.048602,0.048436,0.06930699999999999,0.048664,0.045248,0.048532,0.049862,0.049151,0.049921,0.044928
0.042293,0.046418,0.046166,0.048345,0.050844,0.048278,0.048305,0.04917,0.048746,0.041648,0.048591,0.049005,0.049065,0.050669,0.038645
0.040944,0.064182,0.062791,0.048385,0.049604,0.047534,0.04824,0.04934,0.048901,0.041158,0.049242,0.049435,0.049165,0.049907,0.038149
0.040123,0.046658,0.049059,0.048461,0.056034,0.049168,0.048349,0.049371,0.049093,0.041136,0.049304,0.049546,0.049293,0.056092,0.038612
0.035766,0.046616,0.049104,0.048474,0.043734,0.04943,0.048411,0.04932,0.043359,0.050139,0.049259,0.049711,0.049271,0.053939,0.038286
0.039908,0.046442,0.047626,0.048398,0.04381,0.049414,0.048296,0.049335,0.048881,0.050129,0.050836,0.049868,0.049203,0.052335,0.038285
0.03978,0.069869,0.050233,0.048405,0.043545,0.045497,0.048214,0.049318,0.04869,0.048167,0.049108,0.050031,0.049014,0.050581,0.038987
0.039696,0.046057,0.047412,0.048531,0.043685,0.041012,0.04841,0.049413,0.048508,0.042377,0.049548,0.04998,0.04915,0.050725,0.048644
0.035621,0.047066,0.047568,0.048595,0.049847,0.041112,0.048389,0.049474,0.049296,0.041929,0.049323,0.050152,0.049948,0.05089,0.049196
0.035593,0.046502,0.048099,0.048541,0.049821,0.040588,0.048251,0.049174,0.049234,0.044595,0.049316,0.050446,0.049838,0.051111,0.048486
0.035685,0.046438,0.048414,0.04298,0.049711,0.037357,0.071641,0.049625,0.043444,0.049318,0.049612,0.049758,0.050359,0.051233,0.040376
0.036027,0.046553,0.047374,0.042899,0.049893,0.045079,0.048241,0.050071,0.042739,0.046133,0.049808,0.049816,0.049745,0.055059,0.043478
NaN,0.046351,0.047231,NaN,0.049739,0.049749,0.048502,0.04981,0.043445,0.049671,0.056893,0.049816,0.052913,0.058612,0.048834
NaN,0.046398,0.047813,NaN,0.049713,0.049134,0.048682,0.049981,NaN,0.048989,0.051041,0.049547,0.050256,0.06093,0.049232
NaN,0.046393,0.048298,NaN,0.049595,0.048435,0.048695,0.04896,NaN,0.049771,0.050499,0.049442,0.050398,0.086867,0.048945
NaN,0.046498,0.042062,NaN,0.05043,0.047761,0.052369,0.050382,NaN,0.049771,0.073743,0.049636,0.050539,0.04991,0.048914
0.000144,0.045779,0.042044,0.000157,0.053641,0.040934,0.048963,0.050204,NaN,0.043724,0.054311,0.065612,0.050733,0.049964,0.048514
3.478981,0.04578,0.04795,3.266259,0.05028,0.039993,0.049236,0.048173,0.000147,0.049723,0.054077,0.048844,0.050626,0.049933,0.048603
0.048843,0.045797,0.058754,0.039877,0.051259,0.036344,0.048925,0.04997,3.720239,0.049784,0.05445,0.048808,0.065055,0.051655,0.049341
0.048868,0.045843,0.048487,0.039553,0.050719,0.036036,0.04878,0.050204,0.048519,0.049758,0.057503,0.049466,0.050879,0.049752,0.048589
0.048816,0.050476,0.048962,0.039582,0.049819,NaN,0.048871,0.049557,0.048337,0.053467,0.051034,0.053735,0.05895,0.049669,0.048931
0.049129,0.046114,0.047741,0.039814,0.050534,NaN,0.048183,0.049787,0.048459,0.043688,0.050582,0.064884,0.050001,0.04948,0.049496
0.04839,0.046161,0.048457,0.040422,0.049889,NaN,0.048617,0.049805,0.048457,0.043646,0.04454,0.049392,0.057377,0.061369,0.049292
0.048445,0.046017,0.048097,0.043176,0.058474,NaN,0.048763,0.049757,0.048561,0.043596,0.054683,0.04889,0.062886,0.052645,0.048724
0.048422,0.061642,0.048345,0.052119,0.07043099999999999,0.000143,0.062465,0.049102,0.048647,NaN,0.049082,0.048765,0.050089,0.049165,0.048623
0.048765,0.060769,0.046958,0.052757,0.068701,3.285574,NaN,0.0498,0.04353,NaN,0.054948,0.048848,0.050234,0.052328,0.048431
0.048573,0.046262,0.047961,0.052981,0.053166,0.043412,NaN,0.049337,0.04882,NaN,0.049776,0.049013,0.04978,0.049327,0.048257
0.039499,0.048989,0.0473,0.050602,0.056183,0.039765,NaN,0.044317,0.048944,NaN,0.050348,0.048781,0.047276,0.049193,0.048961
0.039456,0.046578,0.047744,0.047535,0.053962,0.041873,NaN,0.049729,0.048887,0.000152,0.048986,0.048638,0.049742,0.049349,0.048978
0.039288,0.046718,0.046969,0.050152,0.057824,0.03962,0.000157,0.049876,0.048945,3.315998,0.048779,0.048677,0.04948,0.049294,0.04874
0.039561,0.046762,0.047885,0.055154,0.054454,0.049123,3.44192,0.049493,0.048743,0.040324,0.049031,0.048993,0.04963,0.049229,0.048639
0.039358,0.046681,0.04676,0.055349,0.057991,0.039582,0.056674,0.049477,0.048933,0.039683,0.049009,0.05355,0.049417,0.048892,0.048647
0.039408,0.046307,0.048559,0.054694,0.052268,0.039456,0.048542,0.049417,0.048905,0.039699,0.04894,0.048626,0.049384,0.049053,0.064986
0.039554,0.046443,0.047635,0.049219,0.052554,0.039472,0.04847,0.04951,0.053041,0.039581,0.049745,0.048641,0.04928,0.049305,0.050789
0.040001,0.045771,0.048967,0.04718,0.051945,0.041485,0.048255,0.04951,0.048718,0.045602,0.048992,0.04876,0.04934,0.049578,0.048804
0.048402,0.045812,0.048677,0.048802,0.051692,0.040211,0.048412,0.04976,0.048725,0.04759,0.048996,0.048849,0.049312,0.049893,0.048553
0.048371,0.045854,0.048645,0.04875,0.05156,0.03962,0.048295,0.044343,0.048586,0.040105,0.048056,0.048704,0.049285,0.052946,0.049106
0.048458,0.045974,0.048104,0.048685,0.051664,0.046503,0.048287,0.044488,0.053246,0.040159,0.049186,0.048669,0.049223,0.050217,0.049033
0.048395,0.045858,0.048023,0.048414,0.056807,0.048562,0.048234,0.041267,0.058302,0.04576,0.049714,0.048684,0.049376,0.050205,0.049185
0.048578,0.045893,0.048007,0.048668,0.051291,0.048403,0.048328,0.041043,0.049917,0.049147,0.049921,0.048752,0.049415,0.050341,0.049295
0.053026,0.045906,0.047837,0.049337,0.051035,0.048381,0.041067,0.041607,0.04965,0.049551,0.050249,0.055741,0.049539,0.050483,0.049174
0.048689,0.045985,0.048639,0.048914,0.053476,0.048265,NaN,0.04838,0.04454,0.053066,0.050648,0.048908,0.049476,0.050387,0.050002
0.048459,0.046291,0.047502,0.050542,0.051348,0.048142,NaN,0.049599,0.043791,0.055265,0.05089,0.047773,0.049481,0.05029,0.049935
0.048529,0.045933,0.047538,0.048854,0.059635,0.045486,NaN,0.043971,0.063622,0.044367,0.050231,0.048743,0.049689,0.050043,0.050316
0.048532,0.0459,0.047387,0.05769,0.058908,0.041325,NaN,0.049791,0.061139,0.045639,0.050295,0.048721,0.049922,0.049826,0.050161
0.048609,0.046313,0.060987,0.050274,0.050957,0.040356,0.000129,0.051074,0.063594,0.052596,0.05032,0.048704,0.044142,0.044414,0.050431
0.048878,0.047444,0.047806,0.047574,0.050198,0.040064,3.527693,0.049982,0.060371,0.051472,0.050309,0.048806,0.044394,0.049931,0.044511
0.049115,0.047599,0.047555,0.04682,0.049211,0.040171,0.043447,0.0496,NaN,0.052466,0.050009,0.043501,0.050402,0.049666,0.045096
0.048896,0.04269,0.042185,0.04119,0.051344,0.040335,0.047971,0.042671,NaN,0.049679,0.049767,0.04367,0.049774,0.049846,0.045711
0.04909,0.041061,0.0429,0.053091,0.044621,0.042424,0.049571,NaN,NaN,0.052246,0.050821,0.043857,0.049694,NaN,0.04601
NaN,0.041117,0.042458,NaN,0.048909,0.043404,0.043237,NaN,NaN,NaN,NaN,0.050378,NaN,NaN,0.045938
NaN,0.041071,0.047469,NaN,NaN,0.049018,0.043311,NaN,0.000273,NaN,NaN,0.049609,NaN,NaN,0.046047
NaN,0.04593,0.054155,NaN,NaN,0.047246,0.043335,NaN,3.666926,NaN,NaN,0.048967,NaN,NaN,0.045797
NaN,0.046773,0.047306,NaN,NaN,0.043075,0.04326,0.000161,0.048886,NaN,NaN,NaN,NaN,0.00027,0.04488
0.000149,0.045959,0.047007,0.000176,NaN,0.048935,0.043344,3.292945,0.056665,0.000164,0.000155,NaN,0.000148,3.953898,NaN
3.646024,0.045939,0.046975,3.455542,0.000144,0.049507,0.043384,0.047606,0.05008,3.663243,3.373115,NaN,3.770847,0.043391,NaN
0.04323,0.045897,0.046949,0.047681,3.686523,0.047589,NaN,0.035844,0.048876,0.048418,0.040727,NaN,0.048545,0.043241,NaN
0.042881,0.046008,0.047198,0.043454,0.050064,0.044777,NaN,0.035715,0.048597,0.048263,0.040056,0.000143,0.049647,0.043387,NaN
0.042978,0.045841,0.046888,0.041116,0.051567,0.040624,NaN,0.035655,0.048637,0.048293,0.041903,3.765013,0.048311,0.043204,0.000147
0.046913,0.045965,0.048043,0.039674,0.051483,0.042918,NaN,0.039528,0.048629,0.048245,0.039747,0.053032,0.048146,0.043253,3.43152
0.042898,0.046121,0.046809,0.039625,0.049,0.039868,0.00015,0.039509,0.043244,0.048151,0.039683,0.04431,0.048149,0.043238,0.050012
0.042874,0.048569,0.047129,0.039484,0.049905,0.050014,3.734053,0.039723,0.043234,0.04828,0.051321,0.044816,0.048085,0.043472,0.048912
0.042859,0.045844,0.046537,0.042648,0.051059,0.051466,0.058455,0.039614,0.048708,0.048275,0.044949,0.044006,0.048087,0.04347,0.04869
0.042849,0.04666,0.046573,0.051339,0.050381,0.047562,0.049471,0.036514,NaN,0.048317,0.040383,0.044695,0.048176,0.044785,0.04869
0.042943,0.04729,0.046389,0.045753,0.048881,0.051921,0.043811,0.040445,NaN,0.048322,0.040322,0.044869,0.048023,0.043435,0.051332
0.0428,0.047747,0.046325,0.04674,0.049722,0.051921,0.043588,0.040956,NaN,0.04834,0.040196,0.045484,0.048131,NaN,0.048633
NaN,0.045958,0.04624,0.046706,0.051531,0.050875,0.043631,0.040857,NaN,0.048372,0.042263,0.044549,0.048217,NaN,0.04866
NaN,0.045933,0.046294,0.041315,0.050708,0.051343,0.043816,0.047496,0.000157,0.048326,0.047921,NaN,0.048293,NaN,0.048901
NaN,0.075346,0.046339,0.046346,0.050179,0.051628,0.043603,0.049455,3.747885,0.050709,0.048608,NaN,0.048137,NaN,0.048868
NaN,0.047936,0.04682,0.046243,0.050244,0.040862,0.043731,0.054637,0.048551,0.04838,0.048469,NaN,0.048246,0.000146,0.050748
0.000146,0.046223,0.045478,0.046791,0.05099,0.040647,0.043666,0.054606,0.06158,0.048652,0.047871,NaN,0.048235,3.753919,0.048991
3.595379,0.045969,0.047607,0.046285,0.049515,0.040539,0.043684,0.060171,0.048436,0.048269,0.048095,0.000144,0.048162,0.058712,0.051666
0.049098,0.046035,0.046737,0.041339,0.049858,0.04083,0.043726,0.052558,0.048348,0.048275,0.043026,3.721745,0.048623,0.048491,0.047857
0.067119,0.046039,0.046817,0.046601,0.050396,0.049344,NaN,0.053596,0.042856,0.048341,0.043027,0.048763,0.04874,0.048209,0.050004
0.06671000000000001,0.046164,0.046942,0.049349,0.051577,0.049578,NaN,0.04901,0.042858,0.048237,0.042463,0.048394,0.049485,0.048274,0.048778
0.048378,0.046089,0.047082,0.041735,NaN,0.048875,NaN,0.06374299999999999,NaN,0.048301,0.042506,0.048371,0.049706,0.048071,0.048723
0.048283,0.045785,0.046921,0.04154,NaN,0.048865,NaN,0.051645,NaN,0.048257,0.048614,0.04837,0.049549,0.048132,0.048633
0.048317,0.045701,0.052571,0.045368,NaN,0.049613,0.000155,0.056652,NaN,0.048381,0.048533,0.048613,0.043817,0.048183,0.04853
0.048382,0.045677,0.046384,0.046506,NaN,0.062808,3.53339,0.048603,NaN,0.048395,0.048904,0.056971,0.049989,0.048417,0.048595
0.048347,0.045736,0.046496,0.045421,0.000258,0.04861,0.052664,0.050931,0.00018,0.048316,0.048577,0.048585,0.045296,0.057701,0.048702
0.048415,0.045929,0.04641,0.046082,3.624023,0.049363,0.061191,0.077816,3.336912,0.048395,0.047975,0.048526,0.041752,0.048343,0.052409
0.048301,0.045895,0.046358,0.048996,0.0495,0.049423,0.043619,0.05041,0.036424,0.048579,0.04882,0.048311,0.041493,0.050392,0.055019
0.048517,0.046067,0.046196,0.042308,0.048774,0.049298,0.043299,0.050901,0.048767,0.048443,0.048348,0.048344,0.040993,0.048436,0.048809
0.048354,0.045998,0.046168,0.040542,0.048773,0.049479,0.043321,0.04969,0.043591,0.048461,0.049318,0.048436,0.041233,0.048465,0.052913
0.050683,0.046097,0.046128,0.042035,0.049577,0.048938,0.042982,0.043859,0.049901,0.064097,0.048887,0.048585,0.042025,0.04874,0.049174
0.048438,0.046489,0.046109,0.04165,0.048814,0.048704,0.04408,0.044124,0.052332,0.077943,0.048663,NaN,0.054118,0.050606,0.043463
0.048535,0.046614,0.046071,0.046487,0.048269,0.04959,0.043247,0.049536,0.062245,0.049667,0.048599,NaN,0.048703,0.050254,0.08608
0.048362,0.046714,0.046137,0.048448,0.044822,0.049679,0.0434,0.049836,0.05147,0.049873,0.044189,NaN,0.050335,0.0492,0.049602
0.048434,0.046695,0.04609,0.042375,0.044048,0.049332,0.043268,0.050694,0.043158,0.053522,0.044,NaN,0.043781,0.049305,0.048897
0.048401,0.047179,0.047931,0.041556,0.048971,0.049232,0.043462,0.050986,0.04053,0.059644,0.051068,0.000248,0.040411,0.049605,0.04881
0.053646,0.047434,0.045998,0.042755,NaN,0.04987,0.043943,0.048881,0.040284,NaN,0.052132,3.862499,0.053013,0.049502,NaN
0.048378,0.050251,0.046944,0.043566,NaN,NaN,0.043311,0.0485,0.048493,NaN,0.050658,0.040067,0.04162,0.049369,NaN
0.048343,0.04738,0.040952,0.041481,NaN,NaN,0.042966,0.042729,0.048655,NaN,0.050856,0.048044,0.036498,0.049374,NaN
0.048275,0.048702,0.044706,0.042503,NaN,NaN,0.043042,0.040095,0.04278,NaN,0.049113,0.04805,0.040102,0.050222,NaN
0.048384,0.047995,0.04615,0.045007,0.000156,NaN,0.043026,NaN,0.043877,0.000153,0.048613,0.050987,0.040032,0.06530900000000001,0.000143
0.048309,0.048234,0.046334,0.04172,3.638725,0.000145,0.043065,NaN,0.049431,3.818919,0.050865,0.048002,0.040656,0.051806,3.363275
0.048302,0.048109,0.046142,0.042021,0.045997,3.531915,0.042984,NaN,0.050103,0.048473,0.050786,0.048129,0.036653,0.048884,0.039975
0.048422,0.048136,0.061628,0.06975199999999999,0.047933,0.047061,0.043069,NaN,0.048704,0.047966,0.050633,0.048001,0.036523,0.049354,0.039928
0.049859,0.05975,0.04948,0.048399,0.047612,0.045771,0.042993,0.000252,0.048148,0.047932,0.052357,0.04787,0.040411,0.048512,0.039695
0.048189,0.048243,NaN,0.0605,0.047876,0.044792,0.04307,3.408793,0.04821,0.047999,0.050143,0.048376,0.042253,0.048881,0.040111
0.048233,0.047358,NaN,0.044721,0.048069,0.049134,NaN,0.03959,0.050864,0.048384,0.048711,0.047975,0.040388,0.048775,0.048298
0.048396,0.047258,NaN,0.044314,0.047822,0.044847,NaN,0.035358,0.049206,0.055966,0.048425,0.048101,0.040091,0.048767,0.048222
0.048371,0.047179,NaN,0.044462,0.047748,0.044639,NaN,0.035594,0.048034,0.051718,0.04861,0.048109,0.041046,0.049655,0.04793
0.04846,0.049709,0.000148,0.044917,0.048567,0.044687,NaN,0.041346,0.048027,0.056909,0.048815,0.048024,0.052267,0.048757,0.048263
0.048473,0.047356,3.610951,0.049777,0.047637,0.044613,0.000162,0.04483,0.048265,0.048032,0.048684,0.048025,0.048939,0.048606,0.048582
0.048407,0.047332,0.04523,0.049169,0.048209,0.045726,3.621073,0.041191,0.049568,0.048604,0.048789,0.048147,0.051348,0.048678,0.04935
0.04843,0.047389,0.044935,0.050249,0.047847,0.04516,0.047892,0.044676,0.051261,0.04453,0.048424,0.047963,0.046279,0.048555,0.049011
0.048602,0.047722,0.044911,0.06364499999999999,0.047859,0.044925,0.047662,0.042031,0.059818,0.054403,0.048627,0.048047,0.040634,0.04858,0.045959
0.049288,0.04914,0.044833,0.051925,0.047748,0.045412,0.047672,0.038849,0.056648,0.048035,0.048759,0.048225,0.041378,0.048666,0.041405
0.049871,0.047641,0.044797,0.050896,0.047689,0.044846,0.047683,0.053092,0.049837,0.047951,0.048956,0.048159,0.040005,0.048897,0.041642
0.048522,0.04663,0.044878,0.04779,0.048176,0.046,0.047689,0.052183,0.049133,0.048029,0.049102,0.04828,0.044134,0.048763,0.042524
0.06474000000000001,0.041752,0.044258,0.049798,0.047732,0.046231,0.047658,0.042721,0.049503,0.04794,0.049373,0.04799,0.040265,0.050169,0.042193
0.048539,0.041704,0.040069,0.042814,0.047676,0.044736,0.047489,0.042748,0.049341,0.047888,0.050398,0.059675,NaN,0.048553,0.048798
0.050342,0.041392,0.040272,0.04384,0.055888,0.045414,0.047843,0.04285,0.049165,0.048049,0.049962,0.048225,NaN,0.051757,0.049863
0.049962,0.046118,0.045445,0.043507,0.04768,0.044867,0.047836,0.042579,0.04911,0.048075,0.043775,0.048131,NaN,0.049982,0.050457
0.049476,NaN,0.046068,0.042596,0.04831,0.046001,0.048172,0.042861,0.048862,0.04811,0.04377,0.04826,NaN,0.049261,0.050622
0.050225,NaN,0.049413,NaN,0.047797,0.045491,0.047763,0.04267,0.048801,0.047989,NaN,0.048088,0.000156,0.049414,0.049327
0.049352,NaN,0.063122,NaN,0.047962,0.04479,0.04942,0.042011,0.04883,0.048061,NaN,0.048299,3.454045,0.049379,0.048942
0.049388,NaN,0.04064,NaN,0.047745,0.045573,0.04827,NaN,0.048539,0.0481,NaN,0.048313,0.052933,0.049755,0.049034
0.052849,0.000166,0.050882,NaN,0.047842,0.045043,0.054054,NaN,0.045301,0.043254,NaN,0.048281,0.06886399999999999,0.052175,0.049598
0.049048,3.591347,0.047452,0.000159,0.047505,0.046927,0.07765900000000001,NaN,0.040215,0.042577,0.000163,0.048329,0.052525,0.049444,0.04908
0.050339,0.047881,0.045405,3.690737,0.048874,0.045604,0.047836,NaN,0.03994,0.048181,3.849456,0.043011,0.050776,0.049742,0.040552
0.049979,0.042377,NaN,0.044117,0.046197,0.04554,0.047809,0.000161,0.039741,0.042578,0.042139,0.043185,0.053947,0.049796,0.043883
0.051352,0.042127,NaN,0.054081,0.042171,NaN,0.04796,3.379486,NaN,0.048135,0.047489,NaN,0.049573,0.049549,0.043712
0.049858,0.042052,NaN,0.056346,NaN,NaN,0.047679,0.038281,NaN,0.048179,0.047684,NaN,0.048498,0.049635,0.049075
0.045868,0.041982,NaN,NaN,NaN,NaN,0.048376,0.037879,NaN,0.048327,0.045223,NaN,0.042971,0.049529,0.043155
0.043843,NaN,0.000155,NaN,NaN,NaN,0.047721,0.037442,NaN,0.050952,0.047296,NaN,0.043082,0.049313,0.048677
NaN,NaN,3.695251,NaN,NaN,0.000169,0.047758,0.03766,0.000173,0.048255,0.047302,0.000155,NaN,0.046415,0.043052
NaN,NaN,0.055991,NaN,0.000155,3.581081,NaN,0.037522,3.484229,0.042569,0.047464,3.876097,NaN,NaN,NaN
NaN,NaN,0.047566,0.000163,3.771182,0.044867,NaN,0.037659,0.047004,NaN,0.047305,0.042597,NaN,NaN,NaN
NaN,0.000162,0.04745,3.311088,0.042531,0.042534,NaN,0.046111,0.047116,NaN,0.04726,0.047527,NaN,NaN,NaN
0.000153,3.395559,0.042146,0.035918,0.047696,NaN,NaN,0.045241,NaN,NaN,0.047465,0.047402,0.000143,NaN,NaN
3.639141,0.042249,0.042149,0.03535,0.047731,NaN,0.000166,NaN,NaN,NaN,0.047434,0.047561,3.336567,0.000142,0.000162
0.049553,0.039964,NaN,0.035276,0.047844,NaN,3.553308,NaN,NaN,0.000261,0.047459,NaN,0.048241,3.502185,3.605321
0.047692,0.042117,NaN,NaN,0.047927,NaN,0.05209,NaN,NaN,3.826375,0.047375,NaN,0.048025,0.047774,0.051429
0.047987,0.040139,NaN,NaN,0.048074,0.000164,0.048,NaN,0.000159,0.047749,0.050536,NaN,0.048115,0.047655,0.04488
0.063406,0.042243,NaN,NaN,0.04834,3.495718,0.048255,0.000274,3.312904,0.047469,0.056868,NaN,0.047987,0.047612,0.043719
0.048009,0.040331,0.000286,NaN,0.047898,0.04052,0.04827,3.65175,0.03998,0.047552,0.047514,0.000147,0.047732,0.047619,0.043117
0.047587,0.042401,3.619657,0.000141,0.048064,0.045879,0.043458,0.048791,0.039757,0.04748,0.047444,3.620642,0.050083,0.047567,0.048238
0.047734,0.04575,0.056364,3.445265,0.047876,0.049339,0.043683,0.046047,0.039522,0.04756,0.04747,0.049223,0.052623,0.042031,0.048265
0.048004,0.048776,0.050413,0.063268,0.047824,0.054587,NaN,0.051448,0.039872,0.047569,0.047639,0.050409,0.049123,0.04217,0.048536
0.057021,0.05218,0.06124,0.052635,0.047834,0.050352,NaN,0.050927,0.039686,0.047648,0.047768,0.048977,0.034805,0.044194,0.047512
0.047744,0.052054,0.052258,0.046001,0.049936,0.043144,NaN,0.05215,0.035751,0.0477,0.047675,0.048978,0.038693,NaN,0.048448
0.047695,0.051326,0.049774,0.046002,0.047309,0.052747,NaN,0.052544,0.039595,0.047491,0.047371,0.049252,0.039198,NaN,0.048243
0.042211,0.043827,0.056819,0.046145,0.039999,0.049624,0.000146,0.051402,0.03573,0.047629,0.047199,0.048926,0.046014,NaN,0.049403
0.047627,0.052202,0.049391,0.04645,0.052209,0.051972,3.183137,0.050849,0.038163,0.071183,0.047201,0.049047,0.045995,NaN,0.048076
0.047568,0.052404,0.050019,0.045885,0.049052,0.056094,0.043055,0.051647,0.036594,0.047832,0.046909,0.048964,0.048434,0.000158,0.050101
0.047607,0.052288,0.053726,0.045987,0.054618,0.043899,0.046384,0.052773,0.035754,0.047573,NaN,0.048923,0.050658,3.765435,0.049456
0.047546,0.058749,0.04929,0.049514,NaN,0.043606,0.052861,0.052098,0.035224,0.047488,NaN,0.049032,0.050489,0.045159,0.048973
0.047502,0.044818,0.0522,0.045937,NaN,0.043124,0.049848,0.050335,0.040039,0.047593,NaN,0.06983399999999999,0.04811,0.049965,0.048863
0.047658,0.040244,0.055353,0.045961,NaN,0.048538,0.048954,0.054406,0.038022,0.047975,NaN,0.049007,0.043132,0.0488,0.049877
0.047635,0.040448,0.072711,0.041033,NaN,0.049312,0.049457,0.05187,0.03807,0.047653,0.000165,0.04956,0.042862,0.050163,0.048024
0.047672,0.040757,0.052786,0.046065,0.000728,0.049066,0.04978,0.051134,0.040963,0.047741,3.312834,0.049103,0.053733,0.050035,0.049178
0.058521,0.040661,0.048775,0.045993,3.797269,0.04943,0.048633,0.050463,0.039047,0.047687,0.036584,0.048838,0.050528,0.0488,0.049107
0.048595,0.040738,0.053005,0.045961,0.062317,0.049235,0.046705,0.051088,0.039383,0.048062,0.036073,0.048887,0.049842,0.052019,0.048285
0.047797,0.040621,0.049932,0.046022,0.052297,0.049752,0.053214,0.052497,0.039849,0.047856,0.035973,0.048967,0.051046,0.050164,0.047797
0.047601,0.040598,0.050928,0.046512,0.05712,0.049562,0.049791,0.051455,0.044242,NaN,0.036333,0.048985,0.050607,0.04955,0.048434
0.049192,0.041591,0.050249,0.046027,0.049339,0.049581,0.040648,0.049911,0.044445,NaN,0.043243,0.048861,0.045066,0.050818,0.046055
0.047711,NaN,0.050167,0.046093,0.048782,0.049686,0.047725,0.061004,0.044778,NaN,0.04334,0.049131,0.044671,0.043928,0.048345
0.042287,NaN,0.075696,0.046973,0.048818,0.049749,0.049273,0.050936,0.047431,NaN,0.043243,0.048989,0.049608,0.044723,0.042636
0.054263,NaN,0.049391,0.046058,0.048714,0.049558,0.049559,0.050482,0.043968,0.000144,0.043206,0.05335,0.04651,0.043309,0.047765
0.05736,NaN,0.053662,0.046023,0.048743,0.048934,0.046498,0.050702,0.044946,3.538525,0.04324,0.048973,0.045883,0.043228,0.04762
0.054524,0.000144,0.051172,0.065483,0.048619,0.049205,0.046532,0.05113,0.045404,0.046612,0.035957,0.049037,0.044868,0.050166,0.047758
0.084505,3.328881,0.04883,0.0523,0.048618,0.049137,0.046178,0.050472,0.044542,0.048621,0.04345,0.049213,0.041875,0.050055,0.048133
0.05245,0.045486,0.048963,0.051827,0.048707,0.049045,0.046391,0.051174,0.045133,0.046404,0.043533,0.04938,0.047571,0.048774,0.046465
0.055089,0.045534,0.048626,0.051971,0.048801,0.049503,0.046451,0.0517,0.045089,0.05756,0.043383,0.048403,0.047647,0.050088,0.04219
0.052045,0.04541,0.048599,0.051398,0.048786,0.049956,0.045879,0.050932,0.044983,0.06761499999999999,0.043427,0.049099,0.048447,0.043963,0.051078
0.054244,0.045961,0.048739,0.052527,0.048908,0.049117,0.046005,0.049817,0.045073,0.040839,0.042924,0.043745,0.048658,0.051263,0.048852
0.051773,0.046673,0.04336,0.052668,0.048911,0.049506,0.047214,0.050209,0.045324,0.041229,0.036134,0.043695,0.045705,0.054837,0.048969
0.049304,0.060765,0.043965,0.051413,0.048973,0.049663,0.043852,0.052325,0.045311,0.045746,0.036142,0.04908,0.039973,0.071242,0.050565
