1.3236
0.5836
0.097215
0.038661
0.02966
0.022778
0.017643
0.019301
0.018034
0.017636
0.015702
0.015666
0.017931
0.015278
0.015386
0.016355
0.01702
0.016265
0.016298
0.017559
0.016388
0.016378
0.015828
0.014475
0.017029
0.016138
0.01463
0.015298
0.016109
0.018809
0.017724
0.017702
0.019157
0.018025
0.020635
0.018165
0.018599
0.019989
0.019508
0.016733
0.017889
0.015597
0.014866
0.014425
0.017573
0.018323
0.019394
0.019005
0.018823
0.018927
0.018991
0.018266
0.018934
0.016623
0.018049
0.014946
0.014965
0.017172
0.019928
0.018019
0.019592
0.016524
0.014457
0.016615
0.014791
0.016729
0.01582
0.017272
0.020155
0.021644
0.017481
0.020424
0.021665
0.02113
0.019482
0.019429
0.019373
0.019105
0.020217
0.020089
0.017727
0.014529
0.016345
0.020032
0.019489
0.020959
0.020744
0.02116
0.020311
0.018115
0.020893
0.021071
0.020973
0.018761
0.018535
0.017651
0.016986
0.0153
0.015258
0.019403
0.019174
0.019338
0.018345
0.024223
0.017909
0.019429
0.02053
0.014755
0.014255
0.014429
0.013467
0.013043
0.025159
0.025005
0.019328
0.018575
0.01591
0.014204
0.016246
0.019835
0.018799
0.018864
0.020592
0.015009
0.017785
0.019727
0.018247
0.020133
0.01976
0.020604
0.019515
0.026649
0.020064
0.020656
0.019861
0.01889
0.015721
0.016012
0.016985
0.022514
0.022884
0.024479
0.031974
0.013942
0.014075
0.01678
0.014952
0.017658
0.015044
0.015663
0.014873
0.014781
0.015342
0.016653
0.01496
0.016093
0.017373
0.016957
0.028996
0.026137
0.024988
0.021196
0.017005
0.014866
