46.255,41.277,42.534,0,0,0,0,0,0,0,0,0,0,0,0
1.2469,1.2732,1.2877,0,0,0,0,0,0,0,0,0,0,0,0
1.1296,1.1628,1.1942,0,0,0,0,0,0,0,0,0,0,0,0
1.0573,1.0436,1.0453,0,0,0,0,0,0,0,0,0,0,0,0
1.0199,1.0178,1.0091,0,0,0,0,0,0,0,0,0,0,0,0
0.99759,1.0057,1.0188,0,0,0,0,0,0,0,0,0,0,0,0
0.99958,0.99924,1.0483,0,0,0,0,0,0,0,0,0,0,0,0
1.0358,1.0309,1.0815,0,0,0,0,0,0,0,0,0,0,0,0
1.0626,1.0532,1.0855,0,0,0,0,0,0,0,0,0,0,0,0
1.0402,1.0034,1.038,0,0,0,0,0,0,0,0,0,0,0,0
0.99792,0.99819,1.0185,0,0,0,0,0,0,0,0,0,0,0,0
1.0435,1.0109,1.0114,0,0,0,0,0,0,0,0,0,0,0,0
1.0077,1.0101,1.0004,0,0,0,0,0,0,0,0,0,0,0,0
0.96546,1.022,1.0089,0,0,0,0,0,0,0,0,0,0,0,0
1.0226,1.0064,0.99756,0,0,0,0,0,0,0,0,0,0,0,0
0.99664,1.0036,1.0201,0,0,0,0,0,0,0,0,0,0,0,0
0.97653,0.99025,0.98597,0,0,0,0,0,0,0,0,0,0,0,0
0.95883,0.98081,0.99201,0,0,0,0,0,0,0,0,0,0,0,0
1.0184,0.99706,0.99515,0,0,0,0,0,0,0,0,0,0,0,0
1.0079,1.0043,0.98198,0,0,0,0,0,0,0,0,0,0,0,0
1.0033,0.99158,1.0169,0,0,0,0,0,0,0,0,0,0,0,0
1.0246,0.99399,0.98714,0,0,0,0,0,0,0,0,0,0,0,0
0.99597,1.0078,0.99449,0,0,0,0,0,0,0,0,0,0,0,0
1.0024,0.9931,1.0017,0,0,0,0,0,0,0,0,0,0,0,0
0.96942,1.0254,1.0024,0,0,0,0,0,0,0,0,0,0,0,0
0.98303,1.0029,1.0185,0,0,0,0,0,0,0,0,0,0,0,0
1.0458,1.0149,0.99694,0,0,0,0,0,0,0,0,0,0,0,0
0.98218,0.98681,0.98927,0,0,0,0,0,0,0,0,0,0,0,0
0.96043,1.0082,0.99927,0,0,0,0,0,0,0,0,0,0,0,0
0.97604,0.98944,1.0103,0,0,0,0,0,0,0,0,0,0,0,0
1.018,1.0058,1.0098,0,0,0,0,0,0,0,0,0,0,0,0
0.99304,1.0254,1.0067,0,0,0,0,0,0,0,0,0,0,0,0
1.0737,1.007,1.0306,0,0,0,0,0,0,0,0,0,0,0,0
1.0307,1.0228,1.0231,0,0,0,0,0,0,0,0,0,0,0,0
1.0653,1.0426,1.0641,0,0,0,0,0,0,0,0,0,0,0,0
1.0141,0.99369,1.0054,0,0,0,0,0,0,0,0,0,0,0,0
1.0417,1.0002,0.98411,0,0,0,0,0,0,0,0,0,0,0,0
0.9833,0.9806,0.99621,0,0,0,0,0,0,0,0,0,0,0,0
0.98796,0.99748,1.0003,0,0,0,0,0,0,0,0,0,0,0,0
0.98368,0.98213,0.99207,0,0,0,0,0,0,0,0,0,0,0,0
0.99552,1.0106,0.99842,0,0,0,0,0,0,0,0,0,0,0,0
1.064,1.0212,0.98365,0,0,0,0,0,0,0,0,0,0,0,0
1.0272,0.98075,0.99268,0,0,0,0,0,0,0,0,0,0,0,0
1.0446,0.99392,1.0023,0,0,0,0,0,0,0,0,0,0,0,0
1.0209,0.98049,1.0203,0,0,0,0,0,0,0,0,0,0,0,0
0.98448,1.0056,0.98728,0,0,0,0,0,0,0,0,0,0,0,0
1.0024,1.0065,0.99443,0,0,0,0,0,0,0,0,0,0,0,0
0.97127,0.98193,0.99472,0,0,0,0,0,0,0,0,0,0,0,0
0.99276,1.0056,0.97926,0,0,0,0,0,0,0,0,0,0,0,0
0.98451,1.018,1.0118,0,0,0,0,0,0,0,0,0,0,0,0
1.0555,1.1085,1.0519,0,0,0,0,0,0,0,0,0,0,0,0
1.0488,1.0075,1.0306,0,0,0,0,0,0,0,0,0,0,0,0
0.98165,0.9921,1.012,0,0,0,0,0,0,0,0,0,0,0,0
0.96913,1.0114,1.0035,0,0,0,0,0,0,0,0,0,0,0,0
0.98128,1.0292,1.0173,0,0,0,0,0,0,0,0,0,0,0,0
1.0138,1.0437,1.0085,0,0,0,0,0,0,0,0,0,0,0,0
1.029,1.0091,1.0144,0,0,0,0,0,0,0,0,0,0,0,0
1.0087,0.99354,1.0084,0,0,0,0,0,0,0,0,0,0,0,0
0.98738,1.4629,1.005,0,0,0,0,0,0,0,0,0,0,0,0
1.0227,0.99832,0.98255,0,0,0,0,0,0,0,0,0,0,0,0
0.99202,1.0011,0.98666,0,0,0,0,0,0,0,0,0,0,0,0
0.98301,0.9989,0.9951,0,0,0,0,0,0,0,0,0,0,0,0
0.97696,1,1.0016,0,0,0,0,0,0,0,0,0,0,0,0
1.6043,1.4728,1.5119,0,0,0,0,0,0,0,0,0,0,0,0
1.0282,1.0203,1.0386,0,0,0,0,0,0,0,0,0,0,0,0
1.0002,0.99468,1.0359,0,0,0,0,0,0,0,0,0,0,0,0
0.9987,0.97937,1.0037,0,0,0,0,0,0,0,0,0,0,0,0
1.0347,0.98793,0.99666,0,0,0,0,0,0,0,0,0,0,0,0
1.0139,1.0035,0.97598,0,0,0,0,0,0,0,0,0,0,0,0
1.004,1.0001,1.0116,0,0,0,0,0,0,0,0,0,0,0,0
1.005,1.0243,1.0173,0,0,0,0,0,0,0,0,0,0,0,0
0.99815,1.0027,1.002,0,0,0,0,0,0,0,0,0,0,0,0
0.96866,0.99774,1.0101,0,0,0,0,0,0,0,0,0,0,0,0
1.0112,0.98953,0.99421,0,0,0,0,0,0,0,0,0,0,0,0
0.98057,0.9985,0.99567,0,0,0,0,0,0,0,0,0,0,0,0
0.99237,1.0199,1.0094,0,0,0,0,0,0,0,0,0,0,0,0
0.99717,1.0001,1.0061,0,0,0,0,0,0,0,0,0,0,0,0
1.0089,0.99775,0.99858,0,0,0,0,0,0,0,0,0,0,0,0
1.0155,0.99835,1.0078,0,0,0,0,0,0,0,0,0,0,0,0
1.0196,1.0053,1.0026,0,0,0,0,0,0,0,0,0,0,0,0
0.96019,0.99179,0.99855,0,0,0,0,0,0,0,0,0,0,0,0
0.99377,1.009,0.98486,0,0,0,0,0,0,0,0,0,0,0,0
0.99163,0.97426,0.98325,0,0,0,0,0,0,0,0,0,0,0,0
0.97779,0.9988,1.015,0,0,0,0,0,0,0,0,0,0,0,0
0.99737,0.99174,1.0014,0,0,0,0,0,0,0,0,0,0,0,0
1.0371,0.98642,1.0146,0,0,0,0,0,0,0,0,0,0,0,0
1.0122,0.99442,0.98571,0,0,0,0,0,0,0,0,0,0,0,0
1.0055,0.99885,1.0039,0,0,0,0,0,0,0,0,0,0,0,0
1.0057,0.99497,1.0008,0,0,0,0,0,0,0,0,0,0,0,0
1.0054,0.99225,1.0112,0,0,0,0,0,0,0,0,0,0,0,0
0.98513,0.98181,1.0024,0,0,0,0,0,0,0,0,0,0,0,0
1.0045,1.0293,0.99908,0,0,0,0,0,0,0,0,0,0,0,0
0.99497,0.99174,1.0176,0,0,0,0,0,0,0,0,0,0,0,0
0.99108,1.0121,0.99678,0,0,0,0,0,0,0,0,0,0,0,0
1.0062,0.99368,1.002,0,0,0,0,0,0,0,0,0,0,0,0
0.96547,1.0044,0.99661,0,0,0,0,0,0,0,0,0,0,0,0
0.99331,0.98066,0.9903,0,0,0,0,0,0,0,0,0,0,0,0
1.0194,1.0017,1.0091,0,0,0,0,0,0,0,0,0,0,0,0
0.98501,0.99802,0.98497,0,0,0,0,0,0,0,0,0,0,0,0
1.0123,1.0234,1.0108,0,0,0,0,0,0,0,0,0,0,0,0
1.07,1.0821,1.0837,0,0,0,0,0,0,0,0,0,0,0,0
1.0279,1.0062,1.0203,0,0,0,0,0,0,0,0,0,0,0,0
1.0254,1.0225,1.0128,0,0,0,0,0,0,0,0,0,0,0,0
0.99633,0.98528,1.0014,0,0,0,0,0,0,0,0,0,0,0,0
1.0315,1.0067,0.99621,0,0,0,0,0,0,0,0,0,0,0,0
0.99559,1.0124,0.999,0,0,0,0,0,0,0,0,0,0,0,0
0.96054,1.0149,1.0085,0,0,0,0,0,0,0,0,0,0,0,0
0.98745,0.97421,0.98129,0,0,0,0,0,0,0,0,0,0,0,0
0.98993,0.98951,1.0081,0,0,0,0,0,0,0,0,0,0,0,0
0.9969,1.001,1.0029,0,0,0,0,0,0,0,0,0,0,0,0
1.0272,1.0116,0.99565,0,0,0,0,0,0,0,0,0,0,0,0
0.989,0.98099,1.0067,0,0,0,0,0,0,0,0,0,0,0,0
1.0057,0.9904,1.0182,0,0,0,0,0,0,0,0,0,0,0,0
0.96547,1.0837,1.0034,0,0,0,0,0,0,0,0,0,0,0,0
0.99732,0.99477,0.98895,0,0,0,0,0,0,0,0,0,0,0,0
0.9896,1.0621,0.99583,0,0,0,0,0,0,0,0,0,0,0,0
0.96787,1.074,1.0048,0,0,0,0,0,0,0,0,0,0,0,0
1.1593,1.1819,1.1273,0,0,0,0,0,0,0,0,0,0,0,0
0.99271,1.032,0.99949,0,0,0,0,0,0,0,0,0,0,0,0
0.99694,0.98896,1.001,0,0,0,0,0,0,0,0,0,0,0,0
1.0096,0.99315,0.99554,0,0,0,0,0,0,0,0,0,0,0,0
0.98115,1.0114,0.99707,0,0,0,0,0,0,0,0,0,0,0,0
0.98255,0.99187,0.98988,0,0,0,0,0,0,0,0,0,0,0,0
1.0329,1.0029,0.98089,0,0,0,0,0,0,0,0,0,0,0,0
0.96698,1.0183,1.008,0,0,0,0,0,0,0,0,0,0,0,0
0.99769,0.99221,0.99836,0,0,0,0,0,0,0,0,0,0,0,0
1.0422,1.0183,1.0594,0,0,0,0,0,0,0,0,0,0,0,0
0.99826,0.99933,0.99956,0,0,0,0,0,0,0,0,0,0,0,0
0.98008,0.99432,1.0274,0,0,0,0,0,0,0,0,0,0,0,0
