9.2833,9.2115,9.6327,8.5988,8.5831,8.5594,8.6316,8.7378,8.6524,8.7856,8.6106,8.7552,8.6577,8.7558,8.5709
0.41618,0.43597,0.4079,0.44229,0.45775,0.42571,0.4403,0.42927,0.44894,0.41536,0.44061,0.41505,0.42829,0.44364,0.46354
0.10981,0.10953,0.1086,0.10617,0.10483,0.10526,0.10817,0.10315,0.10446,0.10718,0.10747,0.1051,0.10579,0.10412,0.10501
0.093941,0.098061,0.09819,0.094017,0.0931,0.091483,0.095158,0.090524,0.092798,0.095145,0.091138,0.092049,0.091318,0.091179,0.090984
0.10912,0.10945,0.10579,0.10387,0.10031,0.10351,0.10055,0.10205,0.099572,0.10532,0.10078,0.10141,0.10107,0.10441,0.10154
0.10078,0.10592,0.10173,0.094515,0.097307,0.094929,0.096325,0.09475,0.092754,0.099326,0.10189,0.10079,0.092886,0.095366,0.094581
0.056547,0.058183,0.056073,0.056623,0.053712,0.056408,0.055902,0.05666,0.055668,0.054896,0.054262,0.054632,0.054299,0.055054,0.055774
0.056054,0.060182,0.055829,0.05538,0.056131,0.054087,0.057421,0.054794,0.055849,0.055712,0.054836,0.056481,0.056669,0.057156,0.054709
0.058447,0.057264,0.054884,0.055646,0.055706,0.054338,0.056563,0.054106,0.055619,0.055502,0.056822,0.054673,0.056404,0.055803,0.054711
0.21309,0.20851,0.22364,0.19757,0.20034,0.19579,0.19621,0.19806,0.20144,0.2062,0.20008,0.19721,0.19868,0.20076,0.19683
0.061929,0.065264,0.058578,0.06275,0.065844,0.065308,0.06544,0.062037,0.066492,0.064286,0.064435,0.063236,0.065504,0.063774,0.067023
0.056702,0.056581,0.054699,0.052996,0.055399,0.053811,0.053565,0.052699,0.05344,0.055909,0.054552,0.053717,0.054033,0.054773,0.056691
0.059631,0.057776,0.054798,0.056168,0.056309,0.05415,0.055358,0.055284,0.055931,0.057355,0.054742,0.054816,0.056322,0.057847,0.053879
0.055514,0.058337,0.056213,0.055494,0.05607,0.053499,0.054908,0.054556,0.055682,0.05501,0.053275,0.053827,0.056869,0.054474,0.054631
0.056055,0.057281,0.055189,0.056211,0.056938,0.053734,0.056269,0.054157,0.055894,0.054937,0.05503,0.055119,0.055742,0.056043,0.055928
0.075431,0.079057,0.079591,0.0743,0.083222,0.073968,0.072972,0.071497,0.074099,0.075431,0.071558,0.071232,0.076305,0.074161,0.071883
0.057984,0.057873,0.054852,0.053453,0.053773,0.053698,0.052754,0.052662,0.053199,0.054321,0.053782,0.053893,0.053573,0.053816,0.054771
0.055501,0.054951,0.053303,0.055245,0.055428,0.053884,0.054776,0.053405,0.055409,0.0531,0.053905,0.053121,0.055758,0.054094,0.054157
0.054112,0.056499,0.055255,0.056175,0.055972,0.053139,0.056588,0.054129,0.055345,0.055387,0.054399,0.054118,0.056102,0.056267,0.053883
0.2288,0.17836,0.21842,0.17036,0.16469,0.16604,0.16747,0.16664,0.16662,0.17117,0.16617,0.1637,0.16795,0.1656,0.16858
0.055516,0.058015,0.057335,0.052713,0.054995,0.053786,0.054393,0.052479,0.054617,0.055269,0.053944,0.054396,0.054141,0.053402,0.057208
0.076515,0.073324,0.073023,0.079854,0.07136,0.070997,0.076708,0.068547,0.072656,0.073088,0.070966,0.070318,0.070312,0.074042,0.069517
0.057811,0.059853,0.060893,0.056532,0.056812,0.056554,0.059857,0.055777,0.055534,0.05881,0.056415,0.056455,0.056418,0.055914,0.055313
0.055382,0.056172,0.054686,0.054009,0.052652,0.053011,0.053026,0.053737,0.053224,0.054248,0.054056,0.052943,0.053012,0.057952,0.054619
0.056778,0.057635,0.054722,0.056729,0.056604,0.054968,0.056374,0.055372,0.057112,0.054875,0.055185,0.052826,0.057538,0.053805,0.056198
0.055841,0.055895,0.055688,0.054317,0.054928,0.052985,0.05363,0.053307,0.053455,0.054534,0.052281,0.05194,0.054867,0.053844,0.053191
0.054695,0.055206,0.055705,0.056061,0.056944,0.054361,0.056096,0.052822,0.056083,0.054124,0.054648,0.053102,0.056212,0.056097,0.055613
0.07116,0.071256,0.069111,0.077738,0.070594,0.06748,0.069593,0.068698,0.070586,0.069085,0.068618,0.06699,0.070586,0.070583,0.079662
0.054921,0.055933,0.054231,0.052307,0.052665,0.052651,0.05358,0.052395,0.053277,0.053653,0.052532,0.0534,0.055229,0.054141,0.052803
0.18032,0.17643,0.18478,0.1672,0.17229,0.16778,0.17257,0.16951,0.17728,0.17096,0.16814,0.16615,0.16763,0.17127,0.17992
0.065231,0.069147,0.062083,0.062858,0.061872,0.064286,0.062597,0.06234,0.062276,0.064422,0.060961,0.063056,0.061598,0.064315,0.065729
0.05572,0.057225,0.054682,0.053599,0.055613,0.055838,0.053853,0.053511,0.053,0.053949,0.054588,0.054366,0.053919,0.055942,0.05445
0.058886,0.061358,0.057546,0.060788,0.063347,0.061522,0.065124,0.06377,0.062133,0.063042,0.059812,0.060509,0.064157,0.063066,0.059658
0.073054,0.07783,0.076346,0.069448,0.076317,0.080712,0.070825,0.069726,0.071279,0.076013,0.071325,0.074507,0.071914,0.078679,0.082251
0.061823,0.063798,0.060599,0.058048,0.056239,0.05888,0.063215,0.058639,0.059143,0.059686,0.061059,0.058822,0.061561,0.059558,0.059929
0.055726,0.057196,0.056592,0.052433,0.05252,0.054121,0.053535,0.053141,0.052972,0.061384,0.053008,0.053408,0.052882,0.056981,0.053605
0.055701,0.056077,0.054873,0.054293,0.057449,0.054261,0.055164,0.05471,0.056724,0.053239,0.055011,0.052623,0.055339,0.05469,0.054031
0.05522,0.056908,0.055225,0.055202,0.054163,0.056359,0.055845,0.05307,0.054489,0.054577,0.052913,0.052665,0.055895,0.055143,0.054389
0.055529,0.057644,0.058621,0.056047,0.057562,0.053231,0.059878,0.054511,0.056478,0.054488,0.055312,0.051907,0.056741,0.055954,0.054887
0.19095,0.19064,0.19618,0.18195,0.17915,0.18714,0.1783,0.17481,0.17939,0.17978,0.17628,0.17696,0.18437,0.18154,0.18214
0.059809,0.055975,0.052801,0.053034,0.053799,0.052751,0.054321,0.055911,0.054605,0.055637,0.052644,0.052405,0.052628,0.054247,0.053478
0.056364,0.058255,0.056586,0.055928,0.056369,0.053301,0.054313,0.053417,0.057739,0.055109,0.054492,0.052193,0.056083,0.054232,0.055334
0.05553,0.059576,0.05727,0.055362,0.055085,0.05524,0.054813,0.056443,0.059997,0.05452,0.053529,0.053906,0.057074,0.055282,0.055013
0.054364,0.056199,0.054624,0.055254,0.055518,0.054648,0.05606,0.052145,0.054274,0.053016,0.058613,0.053501,0.055868,0.057672,0.055725
0.056348,0.056177,0.053815,0.056303,0.05788,0.053706,0.058768,0.053374,0.056806,0.053402,0.053009,0.054079,0.056004,0.053417,0.053985
0.074531,0.071882,0.069899,0.070166,0.070431,0.069136,0.066908,0.067679,0.069582,0.070077,0.068568,0.067446,0.070406,0.069535,0.069163
0.057483,0.057575,0.054471,0.055971,0.053,0.054851,0.052655,0.052588,0.052908,0.052881,0.052678,0.054879,0.052785,0.053417,0.053266
0.055043,0.056718,0.055623,0.052532,0.057368,0.052803,0.054817,0.055561,0.057309,0.055363,0.055256,0.054127,0.056234,0.055043,0.055334
0.055591,0.055431,0.055716,0.054886,0.053857,0.053526,0.055754,0.05205,0.055285,0.055908,0.054594,0.053817,0.057758,0.055908,0.054972
0.17562,0.178,0.17149,0.16591,0.1683,0.16437,0.17097,0.16376,0.16851,0.1672,0.16531,0.16639,0.16358,0.16327,0.16447
0.056648,0.057134,0.055764,0.052226,0.052795,0.053071,0.053568,0.052713,0.052641,0.053763,0.058287,0.053321,0.053099,0.054083,0.053005
0.069022,0.070175,0.075188,0.070156,0.070401,0.068095,0.069554,0.068307,0.069783,0.068459,0.067583,0.066747,0.06889,0.069487,0.069807
0.055557,0.054914,0.053423,0.052677,0.05426,0.052674,0.05495,0.052304,0.055139,0.053688,0.053377,0.05387,0.05387,0.052986,0.053773
0.056842,0.054834,0.057753,0.055844,0.054102,0.052699,0.052414,0.053466,0.055188,0.053402,0.053687,0.054423,0.055787,0.056564,0.054329
0.05791,0.060115,0.055727,0.05652,0.056175,0.053045,0.055602,0.055409,0.056946,0.053758,0.055446,0.052793,0.055495,0.053135,0.054172
0.056717,0.055996,0.054818,0.054712,0.055835,0.053264,0.055413,0.053252,0.05519,0.053887,0.053288,0.052382,0.056636,0.054461,0.054425
0.056915,0.058516,0.055442,0.056118,0.0583,0.053199,0.056117,0.057078,0.056691,0.058604,0.054931,0.052498,0.056666,0.056225,0.055694
0.070065,0.075039,0.069817,0.072591,0.069114,0.06715,0.070754,0.067013,0.070211,0.070158,0.073952,0.067276,0.070143,0.068769,0.072432
0.055277,0.058454,0.053727,0.053003,0.052515,0.052696,0.052824,0.051907,0.052625,0.055994,0.054034,0.05191,0.052936,0.053176,0.05425
0.17222,0.16982,0.17184,0.16647,0.16959,0.16308,0.16978,0.16388,0.16369,0.16447,0.16248,0.16138,0.16392,0.16863,0.16453
0.053976,0.059251,0.053568,0.05325,0.053444,0.056881,0.054205,0.051477,0.053377,0.056081,0.053616,0.054363,0.055293,0.054683,0.054151
0.055321,0.055817,0.053384,0.054562,0.056091,0.053352,0.055176,0.053247,0.056213,0.053218,0.054769,0.052535,0.053326,0.055202,0.052997
0.054807,0.056046,0.054779,0.056806,0.056556,0.056065,0.057387,0.054484,0.056277,0.054559,0.055262,0.053019,0.055809,0.056095,0.057058
0.072562,0.073925,0.077074,0.078825,0.072198,0.068457,0.070303,0.070013,0.071696,0.073754,0.078581,0.077383,0.076069,0.077989,0.071931
0.055676,0.057614,0.053997,0.05165,0.052362,0.054115,0.052772,0.05583,0.052647,0.054189,0.053853,0.051866,0.052634,0.052907,0.055648
0.0537,0.055925,0.053791,0.05766,0.056891,0.055404,0.054403,0.055203,0.055817,0.052993,0.056017,0.051414,0.055667,0.054798,0.052837
0.055583,0.055908,0.054598,0.056057,0.055365,0.053578,0.056115,0.05429,0.056009,0.05521,0.053822,0.055576,0.05601,0.057831,0.055313
0.05515,0.055826,0.053501,0.05634,0.055951,0.053865,0.055202,0.053621,0.055303,0.052912,0.052998,0.052364,0.05526,0.053291,0.053516
0.055027,0.056237,0.055922,0.055326,0.056,0.053287,0.058598,0.054802,0.05685,0.055129,0.05468,0.053182,0.057068,0.05602,0.054936
0.19205,0.19018,0.18874,0.17724,0.18471,0.18019,0.18082,0.17811,0.17963,0.1845,0.17855,0.1759,0.18018,0.17905,0.1842
0.055312,0.054997,0.055352,0.054417,0.053826,0.052841,0.052756,0.05215,0.052867,0.053701,0.054414,0.051776,0.053136,0.053477,0.05358
0.053932,0.056982,0.053222,0.05287,0.054179,0.056096,0.054917,0.054,0.055094,0.054535,0.052133,0.052526,0.05438,0.054255,0.054273
0.058459,0.056391,0.054069,0.056687,0.056557,0.052825,0.056487,0.054497,0.057317,0.053615,0.05447,0.052916,0.056119,0.056987,0.054912
0.055786,0.058778,0.053911,0.055527,0.055757,0.053292,0.054852,0.0542,0.054967,0.053027,0.05396,0.053132,0.056271,0.052867,0.054375
0.055436,0.057689,0.05513,0.05569,0.056348,0.053883,0.055981,0.054027,0.056715,0.054919,0.055011,0.052513,0.056142,0.056455,0.055031
0.068963,0.073811,0.077,0.075832,0.069987,0.067747,0.069897,0.068274,0.070029,0.072284,0.068196,0.066745,0.069821,0.068939,0.076602
0.054114,0.055368,0.0546,0.05228,0.052933,0.052521,0.053192,0.051981,0.053987,0.055833,0.052931,0.052514,0.054953,0.054142,0.053106
0.056099,0.055618,0.053631,0.055544,0.055537,0.053427,0.054337,0.054559,0.055064,0.052744,0.052847,0.052898,0.054048,0.054443,0.057791
0.058099,0.055883,0.055278,0.056453,0.055805,0.053988,0.056753,0.055223,0.056073,0.054189,0.053745,0.052379,0.055626,0.057883,0.054614
0.18821,0.18242,0.17319,0.16446,0.16777,0.1626,0.16595,0.16391,0.16475,0.16557,0.16318,0.16042,0.16955,0.16478,0.16476
0.053683,0.054899,0.055293,0.051815,0.053193,0.05217,0.052686,0.052349,0.053322,0.053679,0.053555,0.051783,0.053171,0.054568,0.054264
0.07196,0.069878,0.075247,0.069871,0.068332,0.068272,0.069941,0.068925,0.068501,0.068279,0.068129,0.066717,0.069768,0.069303,0.067799
0.055986,0.055956,0.05265,0.052866,0.053245,0.05269,0.053265,0.051549,0.052643,0.053748,0.05488,0.056148,0.053103,0.053714,0.053592
0.054535,0.056605,0.055912,0.0545,0.056546,0.052714,0.055424,0.053633,0.055301,0.05336,0.053059,0.052402,0.05535,0.054414,0.054383
0.056584,0.05525,0.0546,0.056269,0.055756,0.05365,0.05566,0.055767,0.056482,0.055115,0.056628,0.053358,0.057547,0.056402,0.055625
0.056734,0.055722,0.053271,0.055769,0.054859,0.05134,0.055134,0.056193,0.056479,0.05431,0.052998,0.053037,0.054407,0.054551,0.05339
0.05754,0.056966,0.055094,0.05597,0.056801,0.052723,0.056419,0.052546,0.055021,0.053083,0.055046,0.055042,0.056033,0.056373,0.055216
0.073444,0.079954,0.068877,0.070184,0.069938,0.06917,0.069549,0.068715,0.070393,0.068831,0.073152,0.066569,0.069275,0.069191,0.069979
0.054358,0.056997,0.053228,0.051815,0.05344,0.054388,0.053656,0.054339,0.052481,0.05354,0.053159,0.052643,0.053413,0.055743,0.052986
0.17437,0.1817,0.17412,0.16859,0.17052,0.16367,0.1664,0.16413,0.1661,0.16732,0.16777,0.16869,0.16551,0.16354,0.16513
0.05565,0.055537,0.053702,0.053477,0.053034,0.052271,0.051775,0.052165,0.05245,0.054699,0.053116,0.052639,0.053772,0.053269,0.053815
0.054062,0.057908,0.052455,0.054112,0.057786,0.052005,0.05778,0.05294,0.055373,0.054563,0.052919,0.05227,0.055057,0.054562,0.054177
0.056916,0.054813,0.055937,0.056775,0.054716,0.054536,0.055305,0.054589,0.056543,0.054971,0.054534,0.05496,0.057422,0.05535,0.054722
0.069041,0.07123,0.069775,0.070371,0.069798,0.068432,0.074518,0.069022,0.075221,0.069137,0.067792,0.066921,0.070331,0.070545,0.069459
0.055028,0.058062,0.05299,0.053136,0.053966,0.05312,0.052813,0.053269,0.052795,0.054413,0.053541,0.05341,0.052346,0.053356,0.056971
0.055307,0.0564,0.053377,0.055042,0.05616,0.051796,0.055364,0.054884,0.055549,0.053847,0.053869,0.052532,0.055629,0.05568,0.055039
0.05532,0.057649,0.055085,0.057367,0.056813,0.053604,0.055503,0.053149,0.056448,0.053505,0.054049,0.054529,0.056028,0.057581,0.053732
0.055801,0.055256,0.05371,0.054993,0.053874,0.055498,0.056372,0.054298,0.054749,0.054722,0.054152,0.052912,0.056035,0.054527,0.054095
0.055662,0.058378,0.055956,0.056862,0.056794,0.056159,0.055754,0.054339,0.057094,0.054727,0.054877,0.053003,0.056833,0.055176,0.055479
0.19245,0.19992,0.20121,0.18318,0.18535,0.18432,0.18394,0.1808,0.18406,0.18351,0.18172,0.18486,0.19783,0.18404,0.17934
0.056456,0.057179,0.05533,0.052288,0.053139,0.053419,0.052742,0.052811,0.053561,0.053558,0.055709,0.052609,0.055204,0.056302,0.053192
0.056895,0.058295,0.052696,0.055085,0.055032,0.052306,0.054753,0.056562,0.054445,0.053673,0.052232,0.052469,0.053373,0.053288,0.054522
0.052786,0.057382,0.054722,0.05542,0.055443,0.05378,0.055433,0.051137,0.055366,0.053229,0.054409,0.052695,0.055902,0.055766,0.054633
0.054101,0.056378,0.057106,0.056485,0.056007,0.054877,0.055912,0.054597,0.054874,0.053123,0.054245,0.053221,0.055976,0.056018,0.055015
0.055245,0.055659,0.054234,0.055936,0.056616,0.054492,0.056609,0.054367,0.056693,0.054843,0.054756,0.054483,0.05647,0.058701,0.055105
0.072453,0.078762,0.070361,0.069956,0.069798,0.068379,0.069107,0.068204,0.069711,0.069762,0.068429,0.066962,0.070489,0.069288,0.069068
0.053817,0.056136,0.052537,0.052464,0.052204,0.052492,0.055734,0.051804,0.053162,0.052861,0.054608,0.051845,0.052698,0.05239,0.053286
0.056687,0.054437,0.056638,0.056204,0.055251,0.051831,0.053708,0.054153,0.058896,0.053846,0.053708,0.053797,0.055677,0.055895,0.055275
0.056616,0.055736,0.054442,0.05514,0.056251,0.052731,0.055536,0.054091,0.053634,0.053886,0.054213,0.052568,0.055463,0.054987,0.055011
0.17071,0.17429,0.17113,0.1741,0.16716,0.1669,0.16809,0.16611,0.16816,0.1687,0.16561,0.16323,0.16836,0.1669,0.1665
0.076963,0.077009,0.074234,0.074547,0.07737,0.073437,0.073695,0.073328,0.074526,0.074854,0.07386,0.074428,0.074266,0.076152,0.075653
0.072769,0.070383,0.070477,0.066637,0.066899,0.068394,0.067615,0.067115,0.067601,0.07035,0.066504,0.069591,0.068193,0.067845,0.076038
0.055148,0.059381,0.052519,0.052113,0.053753,0.052561,0.055655,0.051663,0.053291,0.053066,0.054055,0.054319,0.052037,0.053628,0.052118
0.057589,0.058529,0.054604,0.056717,0.055903,0.053652,0.053296,0.054866,0.055268,0.055005,0.05775,0.052421,0.062212,0.055788,0.053969
0.054652,0.059257,0.054016,0.055837,0.055281,0.053699,0.05586,0.054695,0.05509,0.053394,0.054644,0.053369,0.053855,0.054602,0.054484
0.05341,0.055283,0.05273,0.055561,0.056725,0.055025,0.056346,0.053507,0.055855,0.055847,0.053504,0.052836,0.055465,0.055292,0.058218
0.054788,0.054747,0.054917,0.056271,0.055546,0.052294,0.054787,0.054608,0.056263,0.05267,0.054248,0.052756,0.055965,0.055487,0.052502
0.069727,0.070515,0.070041,0.069894,0.075007,0.068345,0.0726,0.067567,0.070413,0.067927,0.068455,0.067873,0.073771,0.069557,0.075263
0.054086,0.055365,0.052109,0.051511,0.054227,0.052408,0.053107,0.051578,0.055661,0.053614,0.054315,0.052035,0.051225,0.052505,0.054049
0.16898,0.17408,0.17381,0.16585,0.167,0.16548,0.16936,0.16796,0.16844,0.16759,0.16718,0.16216,0.16984,0.17125,0.16873
0.056419,0.056334,0.053134,0.052211,0.051994,0.052801,0.053122,0.051282,0.053039,0.054497,0.052717,0.052591,0.052402,0.054095,0.052002
0.054844,0.053699,0.053787,0.05482,0.059174,0.052531,0.054714,0.053799,0.05561,0.054218,0.053608,0.052278,0.055469,0.055689,0.05464
0.054369,0.055946,0.053634,0.056422,0.054094,0.056818,0.05531,0.055071,0.056442,0.054483,0.054524,0.052534,0.056618,0.056358,0.054919
0.071461,0.0703,0.073846,0.071385,0.073319,0.067172,0.072073,0.070093,0.070284,0.069273,0.068004,0.067245,0.072162,0.070002,0.068368
0.054362,0.055621,0.05503,0.05296,0.051633,0.052526,0.053306,0.054454,0.052036,0.05465,0.052587,0.055186,0.051974,0.054672,0.053255
0.053197,0.058182,0.053227,0.055366,0.056499,0.052624,0.055644,0.052516,0.05643,0.054235,0.056596,0.052404,0.056665,0.054792,0.052729
0.054311,0.055908,0.057362,0.054971,0.055517,0.053353,0.055973,0.053525,0.055949,0.052919,0.052896,0.055102,0.055741,0.054369,0.054575
0.054812,0.054179,0.054098,0.056615,0.055938,0.053425,0.055386,0.054251,0.056893,0.053473,0.055044,0.052048,0.056607,0.056527,0.054724
0.054066,0.056518,0.054216,0.055529,0.056226,0.054186,0.055314,0.054353,0.055619,0.05435,0.054418,0.053343,0.05633,0.054531,0.055126
0.19649,0.20781,0.21026,0.2053,0.18498,0.18113,0.19792,0.18698,0.1848,0.18432,0.182,0.18879,0.19442,0.19175,0.18139
0.05478,0.055548,0.052654,0.05178,0.052008,0.053595,0.052433,0.051324,0.052659,0.052839,0.051373,0.052105,0.056587,0.052702,0.053111
0.053441,0.055339,0.056311,0.055444,0.056341,0.053211,0.057741,0.053954,0.05485,0.053302,0.054543,0.055558,0.053033,0.055225,0.054335
0.05361,0.059079,0.05248,0.055594,0.058019,0.053674,0.052702,0.053266,0.05692,0.054371,0.054386,0.052487,0.056134,0.055367,0.057852
0.054009,0.058507,0.054779,0.056061,0.053579,0.053287,0.057802,0.054495,0.056526,0.054646,0.055871,0.053764,0.057182,0.055047,0.052457
0.053736,0.056074,0.054113,0.055928,0.056437,0.053605,0.054223,0.054899,0.055688,0.05318,0.053186,0.052005,0.05417,0.055045,0.054883
0.071063,0.070606,0.068574,0.075855,0.071995,0.06708,0.070874,0.068705,0.075058,0.070302,0.070032,0.07664,0.070544,0.070036,0.069558
0.055161,0.058871,0.053816,0.053239,0.052895,0.053732,0.055612,0.050924,0.052912,0.054188,0.052837,0.052154,0.054262,0.052608,0.054789
0.054098,0.055,0.05462,0.05676,0.055467,0.053862,0.05599,0.055398,0.056162,0.054382,0.052519,0.052675,0.054236,0.055848,0.055322
0.054412,0.057471,0.054573,0.05382,0.0563,0.053414,0.058464,0.053374,0.05599,0.055716,0.053789,0.051229,0.05586,0.056231,0.055012
0.17543,0.18812,0.17912,0.17928,0.16918,0.16484,0.16735,0.17206,0.16964,0.17192,0.16875,0.1668,0.17582,0.17005,0.16749
0.061023,0.057809,0.053886,0.05454,0.053822,0.055828,0.055674,0.052026,0.056005,0.053988,0.0541,0.058283,0.055099,0.05459,0.052342
0.070685,0.076528,0.077645,0.070833,0.070778,0.067691,0.068311,0.068534,0.06829,0.068497,0.067804,0.067633,0.068524,0.07488,0.069307
0.054266,0.054982,0.053829,0.052155,0.051876,0.052445,0.052161,0.051814,0.052851,0.053051,0.052433,0.055948,0.051999,0.053815,0.05174
0.055762,0.056764,0.053234,0.056197,0.055552,0.053469,0.05534,0.053206,0.057966,0.053228,0.055835,0.056915,0.055635,0.055191,0.055458
0.054261,0.057109,0.054611,0.057658,0.05645,0.052908,0.055499,0.056627,0.054503,0.056969,0.054358,0.052708,0.056794,0.055297,0.054687
0.054224,0.056304,0.059929,0.055544,0.0559,0.052947,0.055713,0.05233,0.056218,0.052821,0.054189,0.053912,0.05563,0.054637,0.05434
0.054141,0.057449,0.058769,0.054179,0.056296,0.054175,0.056278,0.054001,0.055389,0.053442,0.053953,0.053306,0.05649,0.055058,0.054902
0.0721,0.069626,0.081881,0.07006,0.070706,0.06793,0.070162,0.070888,0.080074,0.069266,0.069855,0.06607,0.070471,0.070135,0.069066
0.053724,0.059875,0.054036,0.053825,0.053681,0.053405,0.053685,0.051858,0.053153,0.055623,0.054263,0.052194,0.055498,0.054359,0.052785
0.18781,0.18438,0.19514,0.1738,0.17718,0.16903,0.17298,0.17204,0.17686,0.16741,0.17031,0.17022,0.17039,0.17136,0.17558
0.054563,0.056869,0.064904,0.051827,0.052233,0.052109,0.054177,0.051309,0.052783,0.05402,0.052638,0.052012,0.052048,0.053606,0.052208
0.054505,0.056005,0.055918,0.055518,0.055813,0.053058,0.056246,0.053031,0.056033,0.05595,0.054117,0.053718,0.058942,0.055718,0.055147
0.057267,0.056287,0.053057,0.055369,0.056305,0.053836,0.055843,0.05503,0.056142,0.052643,0.054752,0.05189,0.053842,0.055644,0.05467
0.072373,0.07272,0.069544,0.071771,0.069349,0.067801,0.069668,0.068905,0.071316,0.07538,0.06989,0.067282,0.069944,0.072221,0.076807
0.054545,0.0581,0.054002,0.052745,0.052854,0.051602,0.052949,0.052496,0.052374,0.05377,0.053119,0.052679,0.053004,0.054828,0.05302
0.05943,0.058183,0.054944,0.056157,0.055348,0.053018,0.059003,0.05535,0.056294,0.05504,0.054878,0.053924,0.05498,0.056875,0.056283
0.056115,0.05455,0.054218,0.05571,0.056495,0.054522,0.052763,0.053608,0.056488,0.053132,0.054604,0.052923,0.056129,0.054098,0.054077
0.054861,0.057213,0.056731,0.055085,0.056,0.054301,0.056355,0.053422,0.055984,0.053886,0.054553,0.052632,0.056086,0.054969,0.054587
0.056766,0.05638,0.055816,0.054998,0.055756,0.052679,0.055892,0.056028,0.055595,0.054276,0.054888,0.053164,0.057153,0.056576,0.054315
0.18768,0.18816,0.19467,0.18002,0.18402,0.18031,0.1817,0.17833,0.18358,0.18042,0.17876,0.1863,0.1824,0.18354,0.18318
0.054699,0.055312,0.054968,0.051474,0.0529,0.053533,0.052425,0.054169,0.052146,0.053664,0.052802,0.052278,0.053254,0.053261,0.052914
0.056114,0.055997,0.053539,0.055517,0.055941,0.052811,0.055293,0.052463,0.055347,0.054395,0.053385,0.05243,0.0561,0.054851,0.055235
0.054522,0.056597,0.054744,0.056224,0.055944,0.052768,0.055669,0.054377,0.056111,0.053107,0.054527,0.05376,0.055657,0.055639,0.054645
0.054603,0.057328,0.054061,0.055359,0.056302,0.053991,0.05562,0.056802,0.055919,0.053957,0.054663,0.052535,0.055774,0.054559,0.054521
0.053948,0.055905,0.054206,0.05616,0.056442,0.053485,0.056018,0.052084,0.056118,0.057484,0.054217,0.052302,0.055649,0.056025,0.055248
0.070183,0.075831,0.072866,0.071018,0.070042,0.069876,0.070029,0.068146,0.070472,0.069207,0.070543,0.066617,0.078771,0.069934,0.076514
0.054274,0.056908,0.054513,0.052137,0.052647,0.052968,0.053194,0.05293,0.052941,0.053207,0.054217,0.052429,0.05289,0.054864,0.054133
0.055857,0.055447,0.054102,0.054282,0.056157,0.053555,0.055826,0.053475,0.055437,0.053015,0.054609,0.052899,0.055522,0.055778,0.053794
0.056859,0.056121,0.053127,0.057411,0.056318,0.053145,0.055375,0.054306,0.057113,0.056898,0.054787,0.053632,0.059454,0.054796,0.057798
0.1799,0.17379,0.1743,0.16489,0.16894,0.16893,0.16642,0.16572,0.16639,0.17017,0.16575,0.16321,0.16448,0.16785,0.1625
0.05559,0.056874,0.05465,0.053641,0.05309,0.052257,0.053764,0.051382,0.053127,0.054473,0.053545,0.051993,0.052579,0.054416,0.052837
0.071534,0.07381,0.074837,0.0752,0.071344,0.067908,0.070533,0.068866,0.073233,0.068444,0.067737,0.068073,0.070068,0.075614,0.069322
0.054189,0.055227,0.054063,0.052878,0.053347,0.056231,0.053279,0.052073,0.056075,0.055147,0.052875,0.053591,0.052397,0.054334,0.053185
0.055658,0.0544,0.055122,0.055445,0.056549,0.05291,0.056026,0.054232,0.053784,0.054906,0.054966,0.052438,0.056177,0.055292,0.054428
0.054803,0.055991,0.0545,0.056273,0.057636,0.053131,0.055522,0.054799,0.0558,0.053837,0.053559,0.053462,0.05585,0.054677,0.054892
0.056699,0.055574,0.055494,0.054843,0.05672,0.053521,0.057067,0.053754,0.055772,0.053841,0.055226,0.052775,0.056671,0.056185,0.055313
0.055333,0.056283,0.055025,0.055965,0.056272,0.056459,0.054471,0.054869,0.056735,0.053966,0.054487,0.053502,0.056682,0.055055,0.054931
0.076571,0.073897,0.07397,0.071035,0.079974,0.06925,0.073034,0.070847,0.075728,0.071502,0.069279,0.070229,0.077741,0.070402,0.069844
0.055238,0.057042,0.056961,0.057726,0.053766,0.053521,0.053002,0.054542,0.053428,0.054464,0.053752,0.053458,0.055672,0.053574,0.053108
0.18357,0.17741,0.17351,0.16721,0.17134,0.16825,0.16811,0.16634,0.17207,0.16963,0.17522,0.16788,0.17258,0.16921,0.16733
0.055359,0.056297,0.053321,0.051828,0.053004,0.053732,0.056239,0.054104,0.052567,0.054026,0.054477,0.052118,0.05286,0.054598,0.055469
0.05518,0.055121,0.053606,0.055148,0.057442,0.054939,0.052857,0.053389,0.055023,0.054258,0.053172,0.053411,0.056544,0.05471,0.053297
0.054286,0.056046,0.053034,0.055871,0.053583,0.053597,0.054896,0.055219,0.05609,0.053104,0.05418,0.052984,0.055842,0.055337,0.053952
0.071413,0.070567,0.072267,0.072735,0.079452,0.077118,0.070411,0.069662,0.069631,0.072428,0.070417,0.068294,0.077293,0.071872,0.07121
0.05642,0.054471,0.05385,0.052097,0.05283,0.053132,0.057418,0.052225,0.052778,0.05427,0.053584,0.05398,0.054294,0.055335,0.055592
0.056989,0.055438,0.055942,0.055265,0.058144,0.052257,0.053706,0.053845,0.058642,0.053722,0.054219,0.05537,0.055317,0.055497,0.056982
0.053693,0.059356,0.056773,0.056474,0.053886,0.053203,0.055492,0.054297,0.053366,0.055079,0.053646,0.053335,0.056051,0.055575,0.052513
0.054652,0.055331,0.053459,0.056019,0.055755,0.053999,0.055303,0.054194,0.055892,0.054491,0.054401,0.053203,0.056748,0.055635,0.055343
0.055875,NaN,0.053348,0.056099,0.058084,0.053565,0.058769,0.055251,0.056472,0.053737,0.054507,0.053695,0.055375,0.058415,0.054765
0.18254,NaN,0.19217,0.18197,0.18541,0.17746,0.17788,0.18347,0.18347,0.1825,0.18273,0.17884,0.18094,0.17972,0.17803
0.0544,NaN,0.054233,0.051833,0.052598,0.052978,0.052859,0.051613,0.053226,0.05354,0.052847,0.052853,0.052267,0.053299,0.053858
0.054502,NaN,0.054652,0.055405,0.055972,0.053821,0.055138,0.054013,0.05436,0.053588,0.056998,0.052783,0.05569,0.054414,0.057995
0.057095,9.3344,0.053758,0.054887,0.055784,0.053436,0.059362,0.055049,0.055655,0.054902,0.05416,0.055017,0.055467,0.055693,0.055936
0.054399,0.43438,0.055192,0.056809,0.05636,0.054325,0.05325,0.05276,0.055675,0.054336,0.05417,0.053311,0.056704,0.055541,0.055327
0.053845,0.12186,0.055799,0.055544,0.055917,0.054097,0.055826,0.054364,0.056953,0.053388,0.057251,0.053585,0.055686,0.055087,0.053158
0.070256,0.10809,0.070685,0.070409,0.07127,0.070198,0.070558,0.071517,0.070694,0.071998,0.075763,0.072203,0.071102,NaN,0.07121
0.058066,0.11019,0.054375,0.053676,0.053137,0.053248,0.055328,0.05188,0.052872,0.054181,0.055285,0.052473,0.052646,NaN,0.054179
0.054507,0.10218,0.054575,0.054161,0.055566,0.053374,0.053884,0.05814,0.055734,0.056767,0.054787,0.053159,0.056241,NaN,0.055426
0.05606,0.065894,0.055048,0.056151,0.056572,0.05335,0.055968,0.054861,0.055828,0.054447,0.053748,0.053315,0.055757,NaN,0.054749
0.17017,0.060997,0.16866,0.16569,0.16872,0.16573,0.16408,0.16113,0.16584,0.16604,0.16355,0.16919,0.16698,8.743,0.16606
0.056602,0.061005,0.054658,0.053406,0.058445,0.05446,0.05442,0.052954,0.055073,0.054914,0.055368,0.054175,0.05396,0.46813,0.054216
0.070442,0.2258,0.07073,0.07151,0.071072,0.068843,0.072276,0.070369,0.071172,0.071202,0.06959,0.069275,0.070222,0.12322,0.070615
0.055229,0.069753,0.054454,0.055246,0.053695,0.053582,0.055024,0.051887,0.053234,0.057004,0.057272,0.053392,0.054158,0.11053,0.053874
0.056114,0.061079,0.056501,0.053375,0.056884,0.054289,0.055549,0.054013,0.056066,0.055494,0.05635,0.056324,0.055774,0.10478,0.05355
0.05493,0.060327,0.057197,0.056277,0.054808,0.057265,0.058444,0.05349,0.056498,0.053394,0.053461,0.052131,0.057088,0.098654,0.055254
0.054587,0.061798,0.057953,0.055539,0.055599,0.05351,0.053009,0.055416,0.05666,0.053987,0.054249,0.053337,0.054866,0.057255,0.055293
0.057678,0.0641,0.057092,0.056603,0.056257,0.053838,0.057382,0.054919,0.055446,0.054361,0.054435,0.054146,0.056766,0.060343,0.055161
0.071966,0.1129,0.072533,0.078914,0.071237,0.068671,0.069494,0.071109,0.070164,0.069117,0.068637,0.068058,0.069867,0.057462,0.069697
0.054769,0.065926,0.055518,0.052233,0.056014,0.053475,0.053625,0.053158,0.052749,0.054323,0.054729,0.052807,0.055359,0.21102,0.058214
0.17148,0.069058,0.17075,0.16629,0.16472,0.16498,0.16777,0.16454,0.16826,0.16959,0.16517,0.16296,0.1661,0.072868,0.1653
0.054502,0.063152,0.053499,0.054953,0.053065,0.053419,0.053339,0.053248,0.052167,0.055089,0.054724,0.053189,0.052884,0.056983,0.053068
0.05447,0.18036,0.054128,0.052247,0.055992,0.052855,0.055701,0.054104,0.055489,0.054103,0.052634,0.051784,0.055771,0.056851,0.055223
0.059091,0.064758,0.054884,0.056533,0.056204,0.053365,0.057711,0.053984,0.056485,0.054937,0.055084,0.057106,0.055685,0.056977,0.054917
0.075524,0.108,0.069152,0.076344,0.07322,0.067985,0.07025,0.071092,0.070807,0.067971,0.072073,0.066666,0.070177,0.058714,0.069424
0.057211,0.07227,0.054334,0.053317,0.053128,0.053089,0.052364,0.051907,0.052287,0.054104,0.053269,0.05311,0.056075,0.086024,0.053148
0.055374,0.063661,0.052612,0.055433,0.055533,0.052808,0.055163,0.054767,0.05878,0.056035,0.055353,0.052576,0.05295,0.058501,0.054719
0.054367,0.059038,0.056569,0.055148,0.058616,0.053674,0.055169,0.053543,0.053562,0.054208,0.056768,0.053253,0.056486,0.055679,0.0558
0.054216,0.058428,0.05692,0.058632,0.054047,0.054219,0.055871,0.054819,0.059098,0.053941,0.053504,0.053432,0.056088,0.056627,0.05462
0.05816,0.060034,0.05555,0.054652,0.057284,0.053268,0.055576,0.053638,0.053678,0.054706,0.053657,0.052956,0.05576,0.17108,0.055094
0.18563,0.08459,0.20547,0.17682,0.18246,0.17945,0.17802,0.17947,0.18021,0.18151,0.17896,0.18103,0.18555,0.057507,0.18146
0.054982,0.061343,0.057535,0.052739,0.053521,0.053266,0.056086,0.055901,0.053335,0.054956,0.053048,0.052705,0.053386,0.079443,0.05317
0.055419,0.19064,0.055283,0.055241,0.055697,0.056317,0.053131,0.05341,0.056061,0.057438,0.053187,0.053527,0.05658,0.058815,0.054504
0.05791,0.070518,0.054938,0.055676,0.057549,0.055632,0.054813,0.054542,0.055549,0.054304,0.054405,0.052981,0.057612,0.056409,0.054253
0.056445,0.060014,0.056427,0.055813,0.054228,0.053106,0.056191,0.053871,0.056309,0.055702,0.054881,0.05293,0.05567,0.05915,0.055525
0.054691,0.068799,0.054047,0.05568,0.056302,0.054439,0.056356,0.05436,0.05616,0.055379,0.054861,0.053359,0.056035,0.056443,0.055112
0.076181,0.090061,0.06892,0.0707,0.070624,0.076476,0.069214,0.068684,0.07014,0.077971,0.077164,0.070748,0.072852,0.057069,0.069875
0.055943,0.064863,0.053179,0.05336,0.057052,0.053926,0.053114,0.052659,0.053261,0.055579,0.053276,0.053155,0.053257,0.075739,0.053848
0.056137,0.058515,0.058094,0.055859,0.056542,0.053881,0.055492,0.055564,0.056199,0.059355,0.057967,0.05352,0.056343,0.058541,0.055349
0.054985,0.062802,0.054999,0.055746,0.056574,0.054115,0.05825,0.053937,0.055424,0.054772,0.0538,0.052633,0.057667,0.17122,0.058099
0.17638,0.059561,0.18013,0.17992,0.17015,0.16734,0.16854,0.16833,0.17336,0.16966,0.17801,0.16722,0.17091,0.065049,0.16956
0.054212,0.062033,0.053347,0.053497,0.05342,0.053758,0.052306,0.05273,0.053353,0.053942,0.05303,0.053137,0.052516,0.057605,0.053154
0.073212,0.19925,0.081718,0.07206,0.073477,0.069225,0.076469,0.07086,0.071537,0.070481,0.074451,0.06846,0.071089,0.066795,0.070557
0.055093,0.064417,0.056986,0.05249,0.05394,0.053451,0.054467,0.052058,0.056132,0.057413,0.05353,0.052875,0.05366,0.083407,0.053017
0.054876,0.058389,0.053362,0.055386,0.056355,0.053115,0.056157,0.054713,0.053082,0.054129,0.054347,0.05359,0.056229,0.062919,0.055437
0.056781,0.060712,0.05744,0.058578,0.058153,0.053421,0.055943,0.054371,0.056308,0.054851,0.054951,0.056685,0.057178,0.058562,0.054852
0.05447,0.059327,0.054278,0.053411,0.057757,0.053917,0.055476,0.0551,0.056627,0.053014,0.054146,0.053302,0.054748,0.056329,0.054337
0.055979,0.058516,0.054087,0.056272,0.057539,0.05492,0.055765,0.055439,0.058719,0.054528,0.05493,0.053182,0.055869,0.056857,0.054444
0.07208,0.08458,0.068596,0.073502,0.068607,0.070778,0.078757,0.067844,0.069594,0.069873,0.068696,0.067774,0.071111,0.056381,0.071532
0.056744,0.059062,0.05429,0.0531,0.052716,0.053473,0.054602,0.052469,0.053369,0.053448,0.053154,0.054058,0.054443,0.19184,0.05434
0.1744,0.058269,0.17852,0.17931,0.16457,0.17285,0.16524,0.16529,0.16521,0.16604,0.16594,0.16297,0.17237,0.056906,0.16754
0.058341,0.059395,0.054898,0.052437,0.052557,0.054032,0.053016,0.051567,0.052273,0.054541,0.056164,0.053685,0.053213,0.061594,0.05544
0.054794,0.21606,0.053858,0.055598,0.055375,0.053958,0.055868,0.054305,0.055108,0.0554,0.052871,0.052715,0.055468,0.057135,0.052719
0.05599,0.064273,0.053889,0.055338,0.057649,0.052709,0.055357,0.054572,0.057688,0.054953,0.054272,0.053608,0.056847,0.055758,0.05495
0.072032,0.091516,0.070221,0.071231,0.072342,0.068957,0.070116,0.073401,0.070769,0.069782,0.072958,0.068826,0.071703,0.057249,0.070432
0.055835,0.059926,0.053892,0.052297,0.053568,0.053172,0.053693,0.052019,0.053604,0.054621,0.052957,0.052644,0.052389,0.084357,0.054397
0.057144,0.061065,0.055699,0.054773,0.055795,0.053502,0.055959,0.053984,0.05524,0.05389,0.054006,0.053384,0.055264,0.058669,0.055305
0.055796,0.058941,0.054966,0.0562,0.055842,0.054494,0.055776,0.054088,0.056304,0.054929,0.054761,0.053986,0.05914,0.055905,0.054516
0.054732,0.060178,0.054714,0.055571,0.055905,0.054479,0.060111,0.057583,0.056974,0.054951,0.053382,0.054236,0.055104,0.056468,0.054081
0.056095,0.060902,0.054258,0.057646,0.056072,0.052817,0.057652,0.052325,0.054774,0.053402,0.054647,0.053047,0.055217,0.16973,0.055931
0.18568,0.084455,0.19192,0.17845,0.19132,0.1794,0.18416,0.17881,0.18793,0.1837,0.17968,0.17549,0.17945,0.056861,0.17809
0.055893,0.061118,0.058111,0.055499,0.054345,0.056399,0.054955,0.052974,0.057148,0.058341,0.053784,0.05529,0.055335,0.079081,0.057682
