0.000146
0.1061
0.062623
0.042334
0.033556
0.055384
0.041376
0.040326
0.065544
0.036797
0.03253
0.052041
0.052188
0.04428
0.062849
0.053775
0.042949
0.053749
0.035914
0.037018
0.048694
0.04444
0.045262
0.062589
0.04178
0.047279
0.064595
0.04781
0.051563
0.065725
0.041378
0.041471
0.041745
0.043893
0.052019
0.049281
0.049251
0.039571
0.03852
0.049898
0.033365
0.041372
0.050942
0.033977
0.039995
0.049197
0.043348
0.046638
0.039073
0.049351
0.033884
0.038413
0.055086
0.035557
0.031617
0.051714
0.039704
0.032871
0.025376
0.040067
0.020319
