9.3673
0.44203
0.12407
0.10134
0.11265
0.1026
0.17366
0.083597
0.068011
0.29621
0.070274
0.12697
0.063006
0.064
0.064396
0.082258
0.064581
0.06421
0.063079
0.18948
0.060565
0.083879
0.063704
0.062432
0.059619
0.065031
0.067787
0.078686
0.061673
0.29482
0.064911
0.077949
0.066162
0.29503
0.064458
0.076061
0.062363
0.064591
0.066867
0.20074
0.067814
0.065727
0.064446
0.066573
0.062205
0.074999
0.066875
0.065441
0.062844
0.17277
0.064031
0.079577
0.073718
0.066738
0.066552
0.06151
0.062287
0.081675
0.067433
0.25294
0.063348
0.066402
0.063148
0.081975
0.069013
0.066977
0.067029
0.065884
0.061578
0.19827
0.06175
0.065852
0.27478
0.063789
0.067734
0.07823
0.061456
0.064427
0.064546
0.17811
0.061449
0.079671
0.065052
0.064161
0.19422
0.06145
0.062909
0.082728
0.066253
0.18885
0.061507
0.063612
0.063629
0.0822
0.063287
0.062025
0.061727
0.065567
0.064902
0.20161
0.063628
0.064761
0.060974
0.064806
0.067546
0.077571
0.06352
0.17362
0.062313
0.18607
0.062193
0.21052
0.063521
0.25253
0.061348
0.14849
0.066439
0.076933
0.066367
0.21916
0.066573
0.065464
0.065078
0.081271
0.061534
0.062029
0.062743
0.06419
0.067725
