1
137.0000,43.2000,173.0000,43.2000,173.0000,148.8000,137.0000,148.8000
137.0000,43.3000,173.0000,43.3000,173.0000,147.7000,137.0000,147.7000
136.1000,42.1000,170.9000,42.1000,170.9000,148.9000,136.1000,148.9000
136.0000,43.5000,172.0000,43.5000,172.0000,145.5000,136.0000,145.5000
135.0000,44.5000,171.0000,44.5000,171.0000,146.5000,135.0000,146.5000
135.0000,44.3000,171.0000,44.3000,171.0000,148.7000,135.0000,148.7000
133.9000,45.3000,171.1000,45.3000,171.1000,149.7000,133.9000,149.7000
133.0000,45.4000,169.0000,45.4000,169.0000,148.6000,133.0000,148.6000
133.0000,45.3000,169.0000,45.3000,169.0000,149.7000,133.0000,149.7000
133.1000,46.3000,167.9000,46.3000,167.9000,150.7000,133.1000,150.7000
132.0000,47.4000,168.0000,47.4000,168.0000,150.6000,132.0000,150.6000
132.1000,47.7000,166.9000,47.7000,166.9000,147.3000,132.1000,147.3000
131.1000,47.6000,165.9000,47.6000,165.9000,148.4000,131.1000,148.4000
131.1000,48.4000,165.9000,48.4000,165.9000,151.6000,131.1000,151.6000
130.0000,48.3000,166.0000,48.3000,166.0000,152.7000,130.0000,152.7000
129.0000,50.5000,165.0000,50.5000,165.0000,152.5000,129.0000,152.5000
129.0000,49.3000,165.0000,49.3000,165.0000,153.7000,129.0000,153.7000
129.0000,49.4000,165.0000,49.4000,165.0000,152.6000,129.0000,152.6000
129.0000,48.3000,165.0000,48.3000,165.0000,152.7000,129.0000,152.7000
130.0000,46.3000,166.0000,46.3000,166.0000,150.7000,130.0000,150.7000
130.0000,47.3000,166.0000,47.3000,166.0000,151.7000,130.0000,151.7000
129.9000,46.3000,167.1000,46.3000,167.1000,150.7000,129.9000,150.7000
131.0000,46.3000,167.0000,46.3000,167.0000,150.7000,131.0000,150.7000
131.1000,45.2000,165.9000,45.2000,165.9000,150.8000,131.1000,150.8000
132.1000,47.3000,166.9000,47.3000,166.9000,151.7000,132.1000,151.7000
132.0000,46.4000,168.0000,46.4000,168.0000,149.6000,132.0000,149.6000
132.0000,46.1000,168.0000,46.1000,168.0000,152.9000,132.0000,152.9000
133.1000,47.1000,167.9000,47.1000,167.9000,153.9000,133.1000,153.9000
134.0000,47.3000,170.0000,47.3000,170.0000,151.7000,134.0000,151.7000
134.0000,47.3000,170.0000,47.3000,170.0000,151.7000,134.0000,151.7000
134.0000,48.4000,170.0000,48.4000,170.0000,151.6000,134.0000,151.6000
134.0000,49.3000,170.0000,49.3000,170.0000,153.7000,134.0000,153.7000
135.1000,49.2000,169.9000,49.2000,169.9000,154.8000,135.1000,154.8000
134.0000,49.3000,170.0000,49.3000,170.0000,153.7000,134.0000,153.7000
134.0000,50.3000,170.0000,50.3000,170.0000,154.7000,134.0000,154.7000
133.1000,50.3000,167.9000,50.3000,167.9000,154.7000,133.1000,154.7000
133.2000,51.3000,166.8000,51.3000,166.8000,155.7000,133.2000,155.7000
132.0000,51.3000,168.0000,51.3000,168.0000,155.7000,132.0000,155.7000
131.0000,51.4000,167.0000,51.4000,167.0000,154.6000,131.0000,154.6000
131.2000,49.5000,164.8000,49.5000,164.8000,151.5000,131.2000,151.5000
130.1000,50.5000,164.9000,50.5000,164.9000,152.5000,130.1000,152.5000
131.2000,50.4000,164.8000,50.4000,164.8000,153.6000,131.2000,153.6000
131.1000,50.4000,165.9000,50.4000,165.9000,153.6000,131.1000,153.6000
130.1000,52.4000,164.9000,52.4000,164.9000,155.6000,130.1000,155.6000
130.0000,51.3000,166.0000,51.3000,166.0000,155.7000,130.0000,155.7000
131.1000,51.3000,165.9000,51.3000,165.9000,155.7000,131.1000,155.7000
131.1000,53.4000,165.9000,53.4000,165.9000,156.6000,131.1000,156.6000
131.1000,52.3000,165.9000,52.3000,165.9000,156.7000,131.1000,156.7000
131.1000,53.3000,165.9000,53.3000,165.9000,157.7000,131.1000,157.7000
131.1000,53.3000,165.9000,53.3000,165.9000,157.7000,131.1000,157.7000
131.2000,52.2000,164.8000,52.2000,164.8000,157.8000,131.2000,157.8000
131.2000,54.3000,164.8000,54.3000,164.8000,158.7000,131.2000,158.7000
131.2000,53.3000,164.8000,53.3000,164.8000,157.7000,131.2000,157.7000
131.2000,55.5000,164.8000,55.5000,164.8000,157.5000,131.2000,157.5000
130.1000,53.5000,164.9000,53.5000,164.9000,155.5000,130.1000,155.5000
130.1000,53.2000,164.9000,53.2000,164.9000,158.8000,130.1000,158.8000
130.1000,53.4000,164.9000,53.4000,164.9000,156.6000,130.1000,156.6000
130.0000,53.6000,166.0000,53.6000,166.0000,154.4000,130.0000,154.4000
131.1000,53.5000,165.9000,53.5000,165.9000,155.5000,131.1000,155.5000
131.1000,53.5000,165.9000,53.5000,165.9000,155.5000,131.1000,155.5000
132.1000,52.3000,166.9000,52.3000,166.9000,156.7000,132.1000,156.7000
132.0000,52.3000,168.0000,52.3000,168.0000,156.7000,132.0000,156.7000
132.0000,53.2000,168.0000,53.2000,168.0000,158.8000,132.0000,158.8000
133.0000,52.1000,169.0000,52.1000,169.0000,158.9000,133.0000,158.9000
133.0000,52.1000,169.0000,52.1000,169.0000,158.9000,133.0000,158.9000
134.0000,53.3000,170.0000,53.3000,170.0000,157.7000,134.0000,157.7000
134.0000,53.4000,170.0000,53.4000,170.0000,156.6000,134.0000,156.6000
134.1000,52.2000,168.9000,52.2000,168.9000,157.8000,134.1000,157.8000
133.9000,54.4000,171.1000,54.4000,171.1000,157.6000,133.9000,157.6000
133.9000,54.5000,171.1000,54.5000,171.1000,156.5000,133.9000,156.5000
133.9000,56.6000,171.1000,56.6000,171.1000,157.4000,133.9000,157.4000
132.8000,56.6000,171.2000,56.6000,171.2000,157.4000,132.8000,157.4000
132.8000,56.6000,171.2000,56.6000,171.2000,157.4000,132.8000,157.4000
130.7000,59.9000,170.3000,59.9000,170.3000,157.1000,130.7000,157.1000
129.7000,60.8000,169.3000,60.8000,169.3000,159.2000,129.7000,159.2000
126.7000,59.6000,166.3000,59.6000,166.3000,160.4000,126.7000,160.4000
121.6000,58.7000,162.4000,58.7000,162.4000,158.3000,121.6000,158.3000
119.6000,58.8000,160.4000,58.8000,160.4000,157.2000,119.6000,157.2000
114.7000,56.0000,154.3000,56.0000,154.3000,152.0000,114.7000,152.0000
107.4000,56.1000,150.6000,56.1000,150.6000,150.9000,107.4000,150.9000
104.2000,52.9000,149.8000,52.9000,149.8000,150.1000,104.2000,150.1000
98.0000,47.8000,146.0000,47.8000,146.0000,146.2000,98.0000,146.2000
92.8000,44.8000,143.2000,44.8000,143.2000,143.2000,92.8000,143.2000
91.6000,47.0000,144.4000,47.0000,144.4000,143.0000,91.6000,143.0000
89.5000,46.0000,143.5000,46.0000,143.5000,142.0000,89.5000,142.0000
87.2000,46.2000,144.8000,46.2000,144.8000,139.8000,87.2000,139.8000
85.1000,50.7000,143.9000,50.7000,143.9000,138.3000,85.1000,138.3000
85.3000,54.1000,141.7000,54.1000,141.7000,136.9000,85.3000,136.9000
83.7000,55.1000,135.3000,55.1000,135.3000,137.9000,83.7000,137.9000
83.0000,54.4000,143.0000,54.4000,143.0000,133.6000,83.0000,133.6000
84.4000,51.4000,151.6000,51.4000,151.6000,130.6000,84.4000,130.6000
86.0000,54.0000,158.0000,54.0000,158.0000,126.0000,86.0000,126.0000
89.9000,54.1000,163.1000,54.1000,163.1000,124.9000,89.9000,124.9000
89.5000,51.9000,167.5000,51.9000,167.5000,125.1000,89.5000,125.1000
99.8000,48.9000,174.2000,48.9000,174.2000,122.1000,99.8000,122.1000
106.6000,54.1000,171.4000,54.1000,171.4000,124.9000,106.6000,124.9000
113.9000,50.7000,175.1000,50.7000,175.1000,126.3000,113.9000,126.3000
115.4000,51.7000,170.6000,51.7000,170.6000,127.3000,115.4000,127.3000
121.2000,47.3000,166.8000,47.3000,166.8000,127.7000,121.2000,127.7000
122.1000,49.6000,168.9000,49.6000,168.9000,126.4000,122.1000,126.4000
118.2000,50.0000,163.8000,50.0000,163.8000,122.0000,118.2000,122.0000
118.0000,49.2000,166.0000,49.2000,166.0000,118.8000,118.0000,118.8000
122.1000,47.1000,168.9000,47.1000,168.9000,117.9000,122.1000,117.9000
124.4000,45.8000,167.6000,45.8000,167.6000,120.2000,124.4000,120.2000
119.0000,46.7000,167.0000,46.7000,167.0000,122.3000,119.0000,122.3000
125.5000,48.4000,167.5000,48.4000,167.5000,127.6000,125.5000,127.6000
120.6000,51.6000,161.4000,51.6000,161.4000,128.4000,120.6000,128.4000
118.2000,51.6000,163.8000,51.6000,163.8000,128.4000,118.2000,128.4000
116.5000,63.2000,170.5000,63.2000,170.5000,132.8000,116.5000,132.8000
117.6000,60.0000,170.4000,60.0000,170.4000,132.0000,117.6000,132.0000
119.5000,55.9000,173.5000,55.9000,173.5000,129.1000,119.5000,129.1000
122.6000,59.1000,175.4000,59.1000,175.4000,129.9000,122.6000,129.9000
124.1000,56.9000,170.9000,56.9000,170.9000,130.1000,124.1000,130.1000
127.2000,51.5000,172.8000,51.5000,172.8000,129.5000,127.2000,129.5000
134.7000,50.2000,174.3000,50.2000,174.3000,131.8000,134.7000,131.8000
133.9000,47.9000,171.1000,47.9000,171.1000,133.1000,133.9000,133.1000
134.1000,51.2000,168.9000,51.2000,168.9000,132.8000,134.1000,132.8000
132.9000,50.2000,170.1000,50.2000,170.1000,131.8000,132.9000,131.8000
131.8000,52.1000,170.2000,52.1000,170.2000,134.9000,131.8000,134.9000
132.7000,52.8000,172.3000,52.8000,172.3000,139.2000,132.7000,139.2000
132.9000,54.9000,170.1000,54.9000,170.1000,140.1000,132.9000,140.1000
132.0000,63.8000,168.0000,63.8000,168.0000,150.2000,132.0000,150.2000
132.0000,60.5000,168.0000,60.5000,168.0000,150.5000,132.0000,150.5000
124.9000,54.5000,174.1000,54.5000,174.1000,144.5000,124.9000,144.5000
127.0000,51.4000,175.0000,51.4000,175.0000,142.6000,127.0000,142.6000
123.6000,51.2000,176.4000,51.2000,176.4000,144.8000,123.6000,144.8000
130.2000,50.0000,175.8000,50.0000,175.8000,146.0000,130.2000,146.0000
135.6000,52.4000,176.4000,52.4000,176.4000,143.6000,135.6000,143.6000
136.8000,54.6000,175.2000,54.6000,175.2000,143.4000,136.8000,143.4000
134.7000,56.9000,174.3000,56.9000,174.3000,142.1000,134.7000,142.1000
135.9000,63.4000,173.1000,63.4000,173.1000,142.6000,135.9000,142.6000
134.9000,67.2000,172.1000,67.2000,172.1000,148.8000,134.9000,148.8000
132.6000,70.2000,173.4000,70.2000,173.4000,151.8000,132.6000,151.8000
133.8000,74.9000,172.2000,74.9000,172.2000,160.1000,133.8000,160.1000
134.1000,81.1000,168.9000,81.1000,168.9000,163.9000,134.1000,163.9000
132.5000,82.2000,174.5000,82.2000,174.5000,163.8000,132.5000,163.8000
121.0000,77.1000,181.0000,77.1000,181.0000,159.9000,121.0000,159.9000
116.1000,75.4000,186.9000,75.4000,186.9000,154.6000,116.1000,154.6000
111.5000,73.7000,189.5000,73.7000,189.5000,137.3000,111.5000,137.3000
116.4000,70.0000,195.6000,70.0000,195.6000,118.0000,116.4000,118.0000
111.5000,75.6000,201.5000,75.6000,201.5000,104.4000,111.5000,104.4000
112.8000,70.1000,199.2000,70.1000,199.2000,92.9000,112.8000,92.9000
118.4000,62.8000,197.6000,62.8000,197.6000,101.2000,118.4000,101.2000
122.1000,57.0000,192.9000,57.0000,192.9000,105.0000,122.1000,105.0000
129.3000,49.7000,197.7000,49.7000,197.7000,113.3000,129.3000,113.3000
137.6000,48.0000,190.4000,48.0000,190.4000,120.0000,137.6000,120.0000
138.2000,44.7000,183.8000,44.7000,183.8000,120.3000,138.2000,120.3000
140.6000,52.8000,181.4000,52.8000,181.4000,127.2000,140.6000,127.2000
145.4000,58.7000,188.6000,58.7000,188.6000,134.3000,145.4000,134.3000
148.1000,65.0000,194.9000,65.0000,194.9000,137.0000,148.1000,137.0000
142.5000,75.2000,196.5000,75.2000,196.5000,132.8000,142.5000,132.8000
137.0000,89.7000,209.0000,89.7000,209.0000,129.3000,137.0000,129.3000
139.8000,94.0000,214.2000,94.0000,214.2000,130.0000,139.8000,130.0000
146.9000,106.2000,220.1000,106.2000,220.1000,139.8000,146.9000,139.8000
148.6000,110.6000,213.4000,110.6000,213.4000,163.4000,148.6000,163.4000
153.1000,107.3000,211.9000,107.3000,211.9000,175.7000,153.1000,175.7000
153.6000,109.1000,206.4000,109.1000,206.4000,179.9000,153.6000,179.9000
160.3000,92.7000,192.7000,92.7000,192.7000,168.3000,160.3000,168.3000
163.1000,85.6000,185.9000,85.6000,185.9000,162.4000,163.1000,162.4000
142.5000,76.8000,184.5000,76.8000,184.5000,151.2000,142.5000,151.2000
128.4000,71.6000,183.6000,71.6000,183.6000,136.4000,128.4000,136.4000
124.3000,68.9000,180.7000,68.9000,180.7000,130.1000,124.3000,130.1000
105.5000,76.0000,171.5000,76.0000,171.5000,124.0000,105.5000,124.0000
113.0000,51.5000,185.0000,51.5000,185.0000,93.5000,113.0000,93.5000
111.1000,48.6000,181.9000,48.6000,181.9000,89.4000,111.1000,89.4000
113.8000,47.9000,188.2000,47.9000,188.2000,85.1000,113.8000,85.1000
123.2000,46.6000,192.8000,46.6000,192.8000,87.4000,123.2000,87.4000
128.7000,44.0000,192.3000,44.0000,192.3000,92.0000,128.7000,92.0000
137.4000,42.2000,192.6000,42.2000,192.6000,99.8000,137.4000,99.8000
142.1000,44.8000,188.9000,44.8000,188.9000,107.2000,142.1000,107.2000
152.3000,40.4000,184.7000,40.4000,184.7000,107.6000,152.3000,107.6000
158.0000,45.7000,182.0000,45.7000,182.0000,109.3000,158.0000,109.3000
163.0000,47.7000,187.0000,47.7000,187.0000,111.3000,163.0000,111.3000
159.6000,48.9000,188.4000,48.9000,188.4000,110.1000,159.6000,110.1000
156.5000,51.3000,186.5000,51.3000,186.5000,107.7000,156.5000,107.7000
155.8000,56.0000,194.2000,56.0000,194.2000,104.0000,155.8000,104.0000
159.9000,60.7000,197.1000,60.7000,197.1000,100.3000,159.9000,100.3000
155.3000,70.0000,199.7000,70.0000,199.7000,94.0000,155.3000,94.0000
154.4000,67.8000,197.6000,67.8000,197.6000,94.2000,154.4000,94.2000
155.4000,67.7000,198.6000,67.7000,198.6000,95.3000,155.4000,95.3000
162.8000,71.0000,201.2000,71.0000,201.2000,107.0000,162.8000,107.0000
165.8000,73.5000,204.2000,73.5000,204.2000,115.5000,165.8000,115.5000
166.5000,73.9000,208.5000,73.9000,208.5000,123.1000,166.5000,123.1000
169.3000,78.5000,201.7000,78.5000,201.7000,132.5000,169.3000,132.5000
170.3000,77.2000,202.7000,77.2000,202.7000,134.8000,170.3000,134.8000
170.5000,74.1000,200.5000,74.1000,200.5000,132.9000,170.5000,132.9000
169.6000,74.1000,198.4000,74.1000,198.4000,132.9000,169.6000,132.9000
168.8000,71.9000,195.2000,71.9000,195.2000,133.1000,168.8000,133.1000
167.6000,71.7000,196.4000,71.7000,196.4000,135.3000,167.6000,135.3000
166.6000,70.9000,195.4000,70.9000,195.4000,132.1000,166.6000,132.1000
166.5000,68.7000,196.5000,68.7000,196.5000,132.3000,166.5000,132.3000
166.1000,68.5000,200.9000,68.5000,200.9000,134.5000,166.1000,134.5000
168.2000,66.1000,201.8000,66.1000,201.8000,136.9000,168.2000,136.9000
169.0000,63.6000,205.0000,63.6000,205.0000,140.4000,169.0000,140.4000
170.1000,64.7000,204.9000,64.7000,204.9000,140.3000,170.1000,140.3000
173.1000,64.3000,207.9000,64.3000,207.9000,144.7000,173.1000,144.7000
175.1000,65.5000,209.9000,65.5000,209.9000,143.5000,175.1000,143.5000
177.3000,66.3000,209.7000,66.3000,209.7000,146.7000,177.3000,146.7000
178.3000,67.3000,210.7000,67.3000,210.7000,147.7000,178.3000,147.7000
179.5000,68.5000,209.5000,68.5000,209.5000,146.5000,179.5000,146.5000
178.5000,69.6000,208.5000,69.6000,208.5000,146.4000,178.5000,146.4000
178.4000,68.5000,209.6000,68.5000,209.6000,146.5000,178.4000,146.5000
176.7000,68.9000,204.3000,68.9000,204.3000,142.1000,176.7000,142.1000
175.5000,67.8000,205.5000,67.8000,205.5000,142.2000,175.5000,142.2000
173.7000,68.9000,201.3000,68.9000,201.3000,142.1000,173.7000,142.1000
172.7000,68.9000,200.3000,68.9000,200.3000,142.1000,172.7000,142.1000
171.6000,68.9000,200.4000,68.9000,200.4000,142.1000,171.6000,142.1000
171.9000,68.9000,197.1000,68.9000,197.1000,142.1000,171.9000,142.1000
170.8000,66.7000,197.2000,66.7000,197.2000,142.3000,170.8000,142.3000
170.5000,68.6000,200.5000,68.6000,200.5000,145.4000,170.5000,145.4000
171.5000,66.7000,201.5000,66.7000,201.5000,142.3000,171.5000,142.3000
173.6000,66.7000,202.4000,66.7000,202.4000,142.3000,173.6000,142.3000
173.5000,65.4000,203.5000,65.4000,203.5000,144.6000,173.5000,144.6000
175.5000,64.6000,205.5000,64.6000,205.5000,141.4000,175.5000,141.4000
175.4000,63.5000,206.6000,63.5000,206.6000,141.5000,175.4000,141.5000
176.3000,62.4000,208.7000,62.4000,208.7000,141.6000,176.3000,141.6000
179.5000,60.1000,209.5000,60.1000,209.5000,142.9000,179.5000,142.9000
181.6000,56.8000,210.4000,56.8000,210.4000,143.2000,181.6000,143.2000
179.3000,55.6000,211.7000,55.6000,211.7000,144.4000,179.3000,144.4000
183.5000,53.4000,213.5000,53.4000,213.5000,144.6000,183.5000,144.6000
185.7000,53.2000,213.3000,53.2000,213.3000,146.8000,185.7000,146.8000
186.9000,52.1000,212.1000,52.1000,212.1000,146.9000,186.9000,146.9000
187.8000,53.0000,214.2000,53.0000,214.2000,149.0000,187.8000,149.0000
191.0000,55.2000,215.0000,55.2000,215.0000,148.8000,191.0000,148.8000
191.0000,55.2000,215.0000,55.2000,215.0000,148.8000,191.0000,148.8000
190.9000,57.3000,216.1000,57.3000,216.1000,149.7000,190.9000,149.7000
193.7000,61.5000,221.3000,61.5000,221.3000,151.5000,193.7000,151.5000
193.1000,60.5000,227.9000,60.5000,227.9000,150.5000,193.1000,150.5000
192.9000,61.5000,230.1000,61.5000,230.1000,151.5000,192.9000,151.5000
193.1000,59.3000,227.9000,59.3000,227.9000,151.7000,193.1000,151.7000
193.0000,58.5000,229.0000,58.5000,229.0000,148.5000,193.0000,148.5000
194.3000,58.5000,226.7000,58.5000,226.7000,148.5000,194.3000,148.5000
195.3000,56.4000,227.7000,56.4000,227.7000,147.6000,195.3000,147.6000
196.3000,57.5000,228.7000,57.5000,228.7000,147.5000,196.3000,147.5000
196.3000,58.5000,228.7000,58.5000,228.7000,148.5000,196.3000,148.5000
196.2000,58.4000,229.8000,58.4000,229.8000,149.6000,196.2000,149.6000
197.1000,59.4000,231.9000,59.4000,231.9000,150.6000,197.1000,150.6000
198.3000,60.6000,230.7000,60.6000,230.7000,149.4000,198.3000,149.4000
197.3000,61.8000,229.7000,61.8000,229.7000,148.2000,197.3000,148.2000
197.5000,61.8000,227.5000,61.8000,227.5000,148.2000,197.5000,148.2000
197.3000,60.7000,229.7000,60.7000,229.7000,148.3000,197.3000,148.3000
198.3000,60.6000,230.7000,60.6000,230.7000,149.4000,198.3000,149.4000
198.3000,61.6000,230.7000,61.6000,230.7000,150.4000,198.3000,150.4000
198.4000,64.9000,229.6000,64.9000,229.6000,150.1000,198.4000,150.1000
198.2000,65.0000,231.8000,65.0000,231.8000,149.0000,198.2000,149.0000
199.1000,64.9000,233.9000,64.9000,233.9000,150.1000,199.1000,150.1000
199.3000,64.9000,231.7000,64.9000,231.7000,150.1000,199.3000,150.1000
199.3000,64.9000,231.7000,64.9000,231.7000,150.1000,199.3000,150.1000
199.3000,66.1000,231.7000,66.1000,231.7000,148.9000,199.3000,148.9000
198.3000,66.1000,230.7000,66.1000,230.7000,148.9000,198.3000,148.9000
198.3000,65.0000,230.7000,65.0000,230.7000,149.0000,198.3000,149.0000
198.3000,66.0000,230.7000,66.0000,230.7000,150.0000,198.3000,150.0000
198.1000,64.9000,232.9000,64.9000,232.9000,150.1000,198.1000,150.1000
198.3000,64.9000,230.7000,64.9000,230.7000,150.1000,198.3000,150.1000
198.5000,62.7000,228.5000,62.7000,228.5000,150.3000,198.5000,150.3000
198.7000,65.0000,226.3000,65.0000,226.3000,149.0000,198.7000,149.0000
196.5000,65.0000,226.5000,65.0000,226.5000,149.0000,196.5000,149.0000
196.5000,65.0000,226.5000,65.0000,226.5000,149.0000,196.5000,149.0000
196.6000,65.0000,225.4000,65.0000,225.4000,149.0000,196.6000,149.0000
195.6000,63.9000,224.4000,63.9000,224.4000,149.1000,195.6000,149.1000
193.4000,64.0000,224.6000,64.0000,224.6000,148.0000,193.4000,148.0000
194.5000,63.9000,224.5000,63.9000,224.5000,149.1000,194.5000,149.1000
193.4000,65.0000,224.6000,65.0000,224.6000,149.0000,193.4000,149.0000
192.6000,65.1000,221.4000,65.1000,221.4000,147.9000,192.6000,147.9000
192.5000,64.0000,222.5000,64.0000,222.5000,148.0000,192.5000,148.0000
192.6000,66.3000,221.4000,66.3000,221.4000,146.7000,192.6000,146.7000
191.4000,65.0000,222.6000,65.0000,222.6000,149.0000,191.4000,149.0000
190.4000,66.1000,221.6000,66.1000,221.6000,148.9000,190.4000,148.9000
190.4000,65.0000,221.6000,65.0000,221.6000,149.0000,190.4000,149.0000
190.6000,66.1000,219.4000,66.1000,219.4000,148.9000,190.6000,148.9000
190.5000,66.1000,220.5000,66.1000,220.5000,148.9000,190.5000,148.9000
190.4000,67.2000,221.6000,67.2000,221.6000,148.8000,190.4000,148.8000
189.5000,67.1000,219.5000,67.1000,219.5000,149.9000,189.5000,149.9000
189.4000,68.1000,220.6000,68.1000,220.6000,150.9000,189.4000,150.9000
189.5000,68.1000,219.5000,68.1000,219.5000,150.9000,189.5000,150.9000
189.4000,69.2000,220.6000,69.2000,220.6000,150.8000,189.4000,150.8000
189.4000,72.4000,220.6000,72.4000,220.6000,151.6000,189.4000,151.6000
190.7000,72.4000,218.3000,72.4000,218.3000,151.6000,190.7000,151.6000
190.9000,75.6000,216.1000,75.6000,216.1000,152.4000,190.9000,152.4000
190.5000,73.4000,220.5000,73.4000,220.5000,152.6000,190.5000,152.6000
190.6000,71.2000,219.4000,71.2000,219.4000,152.8000,190.6000,152.8000
190.5000,73.4000,220.5000,73.4000,220.5000,152.6000,190.5000,152.6000
190.4000,72.3000,221.6000,72.3000,221.6000,152.7000,190.4000,152.7000
190.4000,72.4000,221.6000,72.4000,221.6000,151.6000,190.4000,151.6000
190.4000,72.4000,221.6000,72.4000,221.6000,151.6000,190.4000,151.6000
190.4000,74.6000,221.6000,74.6000,221.6000,151.4000,190.4000,151.4000
190.5000,75.6000,220.5000,75.6000,220.5000,152.4000,190.5000,152.4000
191.5000,72.3000,221.5000,72.3000,221.5000,152.7000,191.5000,152.7000
191.7000,72.4000,219.3000,72.4000,219.3000,151.6000,191.7000,151.6000
191.6000,74.6000,220.4000,74.6000,220.4000,151.4000,191.6000,151.4000
191.6000,74.6000,220.4000,74.6000,220.4000,151.4000,191.6000,151.4000
192.4000,71.4000,223.6000,71.4000,223.6000,150.6000,192.4000,150.6000
192.3000,74.7000,224.7000,74.7000,224.7000,150.3000,192.3000,150.3000
193.3000,73.6000,225.7000,73.6000,225.7000,150.4000,193.3000,150.4000
193.3000,73.7000,225.7000,73.7000,225.7000,149.3000,193.3000,149.3000
192.2000,72.6000,225.8000,72.6000,225.8000,149.4000,192.2000,149.4000
192.2000,72.6000,225.8000,72.6000,225.8000,149.4000,192.2000,149.4000
191.3000,71.5000,223.7000,71.5000,223.7000,149.5000,191.3000,149.5000
191.1000,70.4000,225.9000,70.4000,225.9000,149.6000,191.1000,149.6000
190.1000,67.2000,224.9000,67.2000,224.9000,148.8000,190.1000,148.8000
190.0000,72.7000,226.0000,72.7000,226.0000,148.3000,190.0000,148.3000
190.2000,69.5000,223.8000,69.5000,223.8000,147.5000,190.2000,147.5000
190.0000,69.5000,226.0000,69.5000,226.0000,147.5000,190.0000,147.5000
189.0000,69.5000,225.0000,69.5000,225.0000,147.5000,189.0000,147.5000
189.0000,67.3000,225.0000,67.3000,225.0000,147.7000,189.0000,147.7000
189.8000,68.4000,228.2000,68.4000,228.2000,147.6000,189.8000,147.6000
188.7000,67.3000,228.3000,67.3000,228.3000,147.7000,188.7000,147.7000
187.8000,68.4000,226.2000,68.4000,226.2000,147.6000,187.8000,147.6000
187.8000,68.4000,226.2000,68.4000,226.2000,147.6000,187.8000,147.6000
187.6000,68.4000,228.4000,68.4000,228.4000,147.6000,187.6000,147.6000
186.9000,68.4000,224.1000,68.4000,224.1000,147.6000,186.9000,147.6000
188.0000,68.3000,224.0000,68.3000,224.0000,148.7000,188.0000,148.7000
189.1000,68.4000,223.9000,68.4000,223.9000,147.6000,189.1000,147.6000
188.0000,67.2000,224.0000,67.2000,224.0000,148.8000,188.0000,148.8000
185.9000,67.3000,223.1000,67.3000,223.1000,147.7000,185.9000,147.7000
184.8000,67.2000,223.2000,67.2000,223.2000,148.8000,184.8000,148.8000
181.4000,68.3000,224.6000,68.3000,224.6000,148.7000,181.4000,148.7000
181.3000,68.3000,225.7000,68.3000,225.7000,148.7000,181.3000,148.7000
179.2000,69.3000,224.8000,69.3000,224.8000,149.7000,179.2000,149.7000
180.3000,71.6000,224.7000,71.6000,224.7000,148.4000,180.3000,148.4000
179.0000,73.8000,227.0000,73.8000,227.0000,148.2000,179.0000,148.2000
176.6000,77.1000,229.4000,77.1000,229.4000,147.9000,176.6000,147.9000
174.5000,78.2000,228.5000,78.2000,228.5000,147.8000,174.5000,147.8000
173.5000,79.3000,227.5000,79.3000,227.5000,147.7000,173.5000,147.7000
166.8000,79.3000,229.2000,79.3000,229.2000,147.7000,166.8000,147.7000
161.7000,77.1000,225.3000,77.1000,225.3000,147.9000,161.7000,147.9000
160.5000,77.4000,226.5000,77.4000,226.5000,144.6000,160.5000,144.6000
155.0000,74.5000,227.0000,74.5000,227.0000,140.5000,155.0000,140.5000
154.2000,73.8000,223.8000,73.8000,223.8000,136.2000,154.2000,136.2000
153.3000,75.1000,221.7000,75.1000,221.7000,133.9000,153.3000,133.9000
152.5000,76.5000,218.5000,76.5000,218.5000,130.5000,152.5000,130.5000
152.7000,75.5000,216.3000,75.5000,216.3000,129.5000,152.7000,129.5000
153.2000,74.7000,210.8000,74.7000,210.8000,138.3000,153.2000,138.3000
151.6000,73.5000,204.4000,73.5000,204.4000,139.5000,151.6000,139.5000
145.2000,69.9000,190.8000,69.9000,190.8000,143.1000,145.2000,143.1000
142.0000,69.8000,190.0000,69.8000,190.0000,144.2000,142.0000,144.2000
143.1000,68.6000,189.9000,68.6000,189.9000,145.4000,143.1000,145.4000
144.4000,68.6000,187.6000,68.6000,187.6000,145.4000,144.4000,145.4000
145.8000,68.6000,184.2000,68.6000,184.2000,145.4000,145.8000,145.4000
142.5000,69.4000,184.5000,69.4000,184.5000,148.6000,142.5000,148.6000
144.4000,70.4000,187.6000,70.4000,187.6000,149.6000,144.4000,149.6000
144.6000,70.1000,185.4000,70.1000,185.4000,152.9000,144.6000,152.9000
145.4000,70.9000,188.6000,70.9000,188.6000,156.1000,145.4000,156.1000
145.2000,70.6000,190.8000,70.6000,190.8000,159.4000,145.2000,159.4000
143.8000,69.5000,194.2000,69.5000,194.2000,159.5000,143.8000,159.5000
143.5000,70.8000,197.5000,70.8000,197.5000,157.2000,143.5000,157.2000
146.8000,69.2000,197.2000,69.2000,197.2000,162.8000,146.8000,162.8000
147.9000,66.9000,197.1000,66.9000,197.1000,164.1000,147.9000,164.1000
149.1000,60.3000,195.9000,60.3000,195.9000,164.7000,149.1000,164.7000
151.3000,57.2000,195.7000,57.2000,195.7000,162.8000,151.3000,162.8000
153.6000,56.4000,194.4000,56.4000,194.4000,159.6000,153.6000,159.6000
156.4000,54.1000,199.6000,54.1000,199.6000,160.9000,156.4000,160.9000
161.7000,51.6000,201.3000,51.6000,201.3000,164.4000,161.7000,164.4000
165.2000,51.3000,198.8000,51.3000,198.8000,167.7000,165.2000,167.7000
166.1000,49.0000,200.9000,49.0000,200.9000,169.0000,166.1000,169.0000
168.1000,48.5000,202.9000,48.5000,202.9000,174.5000,168.1000,174.5000
169.6000,49.6000,198.4000,49.6000,198.4000,174.4000,169.6000,174.4000
170.9000,49.6000,196.1000,49.6000,196.1000,174.4000,170.9000,174.4000
174.1000,49.5000,196.9000,49.5000,196.9000,175.5000,174.1000,175.5000
172.1000,52.8000,206.9000,52.8000,206.9000,175.2000,172.1000,175.2000
175.9000,56.0000,201.1000,56.0000,201.1000,176.0000,175.9000,176.0000
178.0000,60.2000,202.0000,60.2000,202.0000,177.8000,178.0000,177.8000
175.3000,62.4000,207.7000,62.4000,207.7000,177.6000,175.3000,177.6000
176.3000,66.4000,208.7000,66.4000,208.7000,181.6000,176.3000,181.6000
177.5000,71.0000,219.5000,71.0000,219.5000,179.0000,177.5000,179.0000
177.7000,74.3000,229.3000,74.3000,229.3000,178.7000,177.7000,178.7000
177.2000,78.0000,246.8000,78.0000,246.8000,174.0000,177.2000,174.0000
174.8000,82.4000,273.2000,82.4000,273.2000,149.6000,174.8000,149.6000
176.4000,83.7000,279.6000,83.7000,279.6000,147.3000,176.4000,147.3000
177.8000,85.8000,288.2000,85.8000,288.2000,136.2000,177.8000,136.2000
178.1000,86.9000,284.9000,86.9000,284.9000,136.1000,178.1000,136.1000
183.9000,84.8000,281.1000,84.8000,281.1000,147.2000,183.9000,147.2000
188.3000,83.4000,292.7000,83.4000,292.7000,126.6000,188.3000,126.6000
190.6000,80.9000,291.4000,80.9000,291.4000,118.1000,190.6000,118.1000
192.8000,77.9000,291.2000,77.9000,291.2000,115.1000,192.8000,115.1000
180.1000,90.5000,274.9000,90.5000,274.9000,144.5000,180.1000,144.5000
182.5000,90.8000,272.5000,90.8000,272.5000,141.2000,182.5000,141.2000
182.7000,88.5000,270.3000,88.5000,270.3000,142.5000,182.7000,142.5000
186.0000,87.5000,270.0000,87.5000,270.0000,141.5000,186.0000,141.5000
187.8000,84.3000,274.2000,84.3000,274.2000,140.7000,187.8000,140.7000
188.7000,81.0000,276.3000,81.0000,276.3000,141.0000,188.7000,141.0000
189.4000,74.7000,280.6000,74.7000,280.6000,126.3000,189.4000,126.3000
177.7000,73.8000,265.3000,73.8000,265.3000,136.2000,177.7000,136.2000
177.2000,75.8000,258.8000,75.8000,258.8000,138.2000,177.2000,138.2000
182.3000,80.2000,262.7000,80.2000,262.7000,137.8000,182.3000,137.8000
183.7000,81.3000,259.3000,81.3000,259.3000,137.7000,183.7000,137.7000
185.0000,79.1000,257.0000,79.1000,257.0000,137.9000,185.0000,137.9000
189.2000,74.6000,258.8000,74.6000,258.8000,139.4000,189.2000,139.4000
194.3000,65.5000,262.7000,65.5000,262.7000,119.5000,194.3000,119.5000
197.5000,63.2000,263.5000,63.2000,263.5000,120.8000,197.5000,120.8000
198.8000,56.6000,261.2000,56.6000,261.2000,121.4000,198.8000,121.4000
196.2000,49.8000,253.8000,49.8000,253.8000,124.2000,196.2000,124.2000
191.2000,46.7000,248.8000,46.7000,248.8000,122.3000,191.2000,122.3000
190.8000,43.2000,241.2000,43.2000,241.2000,124.8000,190.8000,124.8000
191.2000,36.6000,224.8000,36.6000,224.8000,125.4000,191.2000,125.4000
192.4000,34.3000,211.6000,34.3000,211.6000,126.7000,192.4000,126.7000
164.7000,41.4000,192.3000,41.4000,192.3000,132.6000,164.7000,132.6000
186.3000,30.9000,206.7000,30.9000,206.7000,128.1000,186.3000,128.1000
184.4000,29.7000,203.6000,29.7000,203.6000,129.3000,184.4000,129.3000
181.1000,27.3000,203.9000,27.3000,203.9000,131.7000,181.1000,131.7000
163.8000,26.1000,202.2000,26.1000,202.2000,132.9000,163.8000,132.9000
159.5000,27.2000,201.5000,27.2000,201.5000,132.8000,159.5000,132.8000
167.8000,28.1000,194.2000,28.1000,194.2000,134.9000,167.8000,134.9000
170.2000,29.4000,191.8000,29.4000,191.8000,144.6000,170.2000,144.6000
172.2000,30.2000,193.8000,30.2000,193.8000,147.8000,172.2000,147.8000
171.0000,33.4000,195.0000,33.4000,195.0000,148.6000,171.0000,148.6000
175.5000,43.1000,205.5000,43.1000,205.5000,161.9000,175.5000,161.9000
171.0000,43.1000,207.0000,43.1000,207.0000,161.9000,171.0000,161.9000
166.2000,46.6000,223.8000,46.6000,223.8000,159.4000,166.2000,159.4000
165.2000,50.7000,234.8000,50.7000,234.8000,162.3000,165.2000,162.3000
164.3000,55.0000,232.7000,55.0000,232.7000,163.0000,164.3000,163.0000
170.3000,52.1000,214.7000,52.1000,214.7000,170.9000,170.3000,170.9000
165.4000,52.5000,220.6000,52.5000,220.6000,166.5000,165.4000,166.5000
165.5000,56.1000,231.5000,56.1000,231.5000,162.9000,165.5000,162.9000
161.4000,62.7000,240.6000,62.7000,240.6000,162.3000,161.4000,162.3000
158.2000,67.1000,239.8000,67.1000,239.8000,161.9000,158.2000,161.9000
156.6000,67.0000,245.4000,67.0000,245.4000,163.0000,156.6000,163.0000
155.9000,66.4000,241.1000,66.4000,241.1000,157.6000,155.9000,157.6000
154.3000,65.1000,234.7000,65.1000,234.7000,159.9000,154.3000,159.9000
154.7000,65.3000,230.3000,65.3000,230.3000,157.7000,154.7000,157.7000
168.0000,70.3000,240.0000,70.3000,240.0000,162.7000,168.0000,162.7000
166.1000,67.0000,236.9000,67.0000,236.9000,163.0000,166.1000,163.0000
170.5000,61.6000,236.5000,61.6000,236.5000,162.4000,170.5000,162.4000
158.9000,62.6000,232.1000,62.6000,232.1000,163.4000,158.9000,163.4000
153.3000,67.4000,221.7000,67.4000,221.7000,170.6000,153.3000,170.6000
152.4000,66.2000,219.6000,66.2000,219.6000,171.8000,152.4000,171.8000
156.5000,60.5000,210.5000,60.5000,210.5000,174.5000,156.5000,174.5000
154.4000,61.6000,221.6000,61.6000,221.6000,174.4000,154.4000,174.4000
152.2000,62.6000,221.8000,62.6000,221.8000,175.4000,152.2000,175.4000
151.1000,60.4000,221.9000,60.4000,221.9000,175.6000,151.1000,175.6000
147.3000,62.7000,215.7000,62.7000,215.7000,174.3000,147.3000,174.3000
143.1000,61.6000,213.9000,61.6000,213.9000,174.4000,143.1000,174.4000
142.8000,64.5000,205.2000,64.5000,205.2000,178.5000,142.8000,178.5000
140.8000,64.6000,203.2000,64.6000,203.2000,177.4000,140.8000,177.4000
138.2000,65.9000,207.8000,65.9000,207.8000,175.1000,138.2000,175.1000
133.2000,69.3000,226.8000,69.3000,226.8000,161.7000,133.2000,161.7000
133.9000,66.1000,231.1000,66.1000,231.1000,160.9000,133.9000,160.9000
135.3000,65.0000,215.7000,65.0000,215.7000,173.0000,135.3000,173.0000
137.6000,62.8000,214.4000,62.8000,214.4000,173.2000,137.6000,173.2000
138.3000,60.7000,218.7000,60.7000,218.7000,172.3000,138.3000,172.3000
138.5000,59.6000,216.5000,59.6000,216.5000,172.4000,138.5000,172.4000
140.0000,56.4000,212.0000,56.4000,212.0000,171.6000,140.0000,171.6000
141.8000,55.9000,204.2000,55.9000,204.2000,165.1000,141.8000,165.1000
141.9000,59.0000,203.1000,59.0000,203.1000,167.0000,141.9000,167.0000
143.7000,61.0000,207.3000,61.0000,207.3000,169.0000,143.7000,169.0000
144.6000,59.6000,209.4000,59.6000,209.4000,172.4000,144.6000,172.4000
145.1000,60.8000,215.9000,60.8000,215.9000,171.2000,145.1000,171.2000
146.4000,59.4000,213.6000,59.4000,213.6000,174.6000,146.4000,174.6000
146.6000,60.7000,211.4000,60.7000,211.4000,172.3000,146.6000,172.3000
146.3000,61.6000,214.7000,61.6000,214.7000,174.4000,146.3000,174.4000
147.7000,62.4000,211.3000,62.4000,211.3000,177.6000,147.7000,177.6000
147.1000,61.4000,217.9000,61.4000,217.9000,176.6000,147.1000,176.6000
147.1000,63.5000,217.9000,63.5000,217.9000,177.5000,147.1000,177.5000
147.9000,62.9000,221.1000,62.9000,221.1000,172.1000,147.9000,172.1000
148.2000,60.4000,217.8000,60.4000,217.8000,175.6000,148.2000,175.6000
148.2000,60.2000,217.8000,60.2000,217.8000,177.8000,148.2000,177.8000
148.9000,60.1000,222.1000,60.1000,222.1000,178.9000,148.9000,178.9000
147.9000,60.1000,221.1000,60.1000,221.1000,178.9000,147.9000,178.9000
147.7000,58.7000,223.3000,58.7000,223.3000,182.3000,147.7000,182.3000
148.0000,60.3000,232.0000,60.3000,232.0000,176.7000,148.0000,176.7000
148.5000,56.9000,226.5000,56.9000,226.5000,178.1000,148.5000,178.1000
147.4000,54.7000,226.6000,54.7000,226.6000,178.3000,147.4000,178.3000
148.7000,53.6000,224.3000,53.6000,224.3000,178.4000,148.7000,178.4000
148.1000,52.6000,218.9000,52.6000,218.9000,177.4000,148.1000,177.4000
148.0000,53.6000,220.0000,53.6000,220.0000,178.4000,148.0000,178.4000
151.6000,54.6000,216.4000,54.6000,216.4000,179.4000,151.6000,179.4000
151.3000,54.7000,219.7000,54.7000,219.7000,178.3000,151.3000,178.3000
151.3000,54.6000,219.7000,54.6000,219.7000,179.4000,151.3000,179.4000
151.2000,54.5000,220.8000,54.5000,220.8000,180.5000,151.2000,180.5000
152.0000,53.4000,212.0000,53.4000,212.0000,180.6000,152.0000,180.6000
151.6000,53.4000,216.4000,53.4000,216.4000,180.6000,151.6000,180.6000
152.4000,53.4000,219.6000,53.4000,219.6000,180.6000,152.4000,180.6000
152.2000,53.3000,221.8000,53.3000,221.8000,181.7000,152.2000,181.7000
153.5000,54.8000,219.5000,54.8000,219.5000,177.2000,153.5000,177.2000
153.4000,54.6000,220.6000,54.6000,220.6000,179.4000,153.4000,179.4000
153.4000,54.6000,220.6000,54.6000,220.6000,179.4000,153.4000,179.4000
153.3000,54.7000,221.7000,54.7000,221.7000,178.3000,153.3000,178.3000
152.8000,55.4000,227.2000,55.4000,227.2000,182.6000,152.8000,182.6000
152.2000,55.6000,221.8000,55.6000,221.8000,180.4000,152.2000,180.4000
151.9000,55.4000,225.1000,55.4000,225.1000,182.6000,151.9000,182.6000
152.2000,55.6000,221.8000,55.6000,221.8000,180.4000,152.2000,180.4000
152.3000,56.4000,220.7000,56.4000,220.7000,183.6000,152.3000,183.6000
151.1000,56.4000,221.9000,56.4000,221.9000,183.6000,151.1000,183.6000
146.2000,57.4000,215.8000,57.4000,215.8000,184.6000,146.2000,184.6000
147.2000,58.5000,216.8000,58.5000,216.8000,184.5000,147.2000,184.5000
149.5000,58.7000,215.5000,58.7000,215.5000,182.3000,149.5000,182.3000
143.4000,59.8000,210.6000,59.8000,210.6000,182.2000,143.4000,182.2000
145.8000,60.7000,208.2000,60.7000,208.2000,184.3000,145.8000,184.3000
139.4000,60.7000,206.6000,60.7000,206.6000,184.3000,139.4000,184.3000
137.2000,60.6000,206.8000,60.6000,206.8000,185.4000,137.2000,185.4000
137.1000,61.6000,207.9000,61.6000,207.9000,186.4000,137.1000,186.4000
135.2000,61.7000,204.8000,61.7000,204.8000,185.3000,135.2000,185.3000
128.6000,61.8000,205.4000,61.8000,205.4000,184.2000,128.6000,184.2000
114.1000,64.1000,196.9000,64.1000,196.9000,182.9000,114.1000,182.9000
111.1000,63.6000,193.9000,63.6000,193.9000,176.4000,111.1000,176.4000
120.6000,63.2000,197.4000,63.2000,197.4000,180.8000,120.6000,180.8000
125.8000,63.1000,200.2000,63.1000,200.2000,181.9000,125.8000,181.9000
122.7000,65.4000,198.3000,65.4000,198.3000,180.6000,122.7000,180.6000
125.9000,63.4000,199.1000,63.4000,199.1000,178.6000,125.9000,178.6000
122.1000,64.6000,192.9000,64.6000,192.9000,177.4000,122.1000,177.4000
119.9000,63.4000,193.1000,63.4000,193.1000,178.6000,119.9000,178.6000
128.7000,57.6000,192.3000,57.6000,192.3000,182.4000,128.7000,182.4000
120.4000,62.0000,187.6000,62.0000,187.6000,182.0000,120.4000,182.0000
103.9000,64.8000,189.1000,64.8000,189.1000,175.2000,103.9000,175.2000
103.8000,67.5000,190.2000,67.5000,190.2000,181.5000,103.8000,181.5000
96.2000,68.7000,189.8000,68.7000,189.8000,180.3000,96.2000,180.3000
100.6000,68.5000,189.4000,68.5000,189.4000,182.5000,100.6000,182.5000
89.5000,67.8000,191.5000,67.8000,191.5000,178.2000,89.5000,178.2000
81.7000,69.5000,193.3000,69.5000,193.3000,171.5000,81.7000,171.5000
87.2000,67.3000,192.8000,67.3000,192.8000,183.7000,87.2000,183.7000
81.8000,67.7000,192.2000,67.7000,192.2000,179.3000,81.8000,179.3000
84.9000,67.2000,194.1000,67.2000,194.1000,184.8000,84.9000,184.8000
78.4000,66.3000,193.6000,66.3000,193.6000,182.7000,78.4000,182.7000
73.7000,67.1000,197.3000,67.1000,197.3000,173.9000,73.7000,173.9000
78.0000,64.2000,198.0000,64.2000,198.0000,181.8000,78.0000,181.8000
76.6000,60.6000,201.4000,60.6000,201.4000,185.4000,76.6000,185.4000
69.8000,59.5000,204.2000,59.5000,204.2000,173.5000,69.8000,173.5000
75.1000,58.7000,205.9000,58.7000,205.9000,182.3000,75.1000,182.3000
73.9000,58.6000,207.1000,58.6000,207.1000,183.4000,73.9000,183.4000
71.5000,58.9000,209.5000,58.9000,209.5000,180.1000,71.5000,180.1000
64.6000,53.0000,213.4000,53.0000,213.4000,173.0000,64.6000,173.0000
62.6000,54.9000,211.4000,54.9000,211.4000,176.1000,62.6000,176.1000
59.2000,55.4000,212.8000,55.4000,212.8000,170.6000,59.2000,170.6000
60.1000,54.2000,214.9000,54.2000,214.9000,171.8000,60.1000,171.8000
72.3000,51.9000,212.7000,51.9000,212.7000,185.1000,72.3000,185.1000
74.3000,51.8000,214.7000,51.8000,214.7000,186.2000,74.3000,186.2000
75.4000,52.8000,214.6000,52.8000,214.6000,187.2000,75.4000,187.2000
64.2000,53.5000,217.8000,53.5000,217.8000,179.5000,64.2000,179.5000
64.1000,53.5000,218.9000,53.5000,218.9000,179.5000,64.1000,179.5000
56.8000,53.6000,215.2000,53.6000,215.2000,178.4000,56.8000,178.4000
59.3000,53.1000,211.7000,53.1000,211.7000,183.9000,59.3000,183.9000
60.2000,54.6000,213.8000,54.6000,213.8000,179.4000,60.2000,179.4000
57.1000,52.7000,211.9000,52.7000,211.9000,176.3000,57.1000,176.3000
59.3000,51.4000,211.7000,51.4000,211.7000,178.6000,59.3000,178.6000
54.7000,53.1000,214.3000,53.1000,214.3000,171.9000,54.7000,171.9000
55.8000,54.8000,214.2000,54.8000,214.2000,177.2000,55.8000,177.2000
53.6000,54.4000,214.4000,54.4000,214.4000,181.6000,53.6000,181.6000
51.2000,54.5000,216.8000,54.5000,216.8000,180.5000,51.2000,180.5000
53.3000,54.5000,217.7000,54.5000,217.7000,180.5000,53.3000,180.5000
62.5000,54.2000,212.5000,54.2000,212.5000,183.8000,62.5000,183.8000
54.6000,54.7000,215.4000,54.7000,215.4000,166.3000,54.6000,166.3000
61.1000,54.3000,215.9000,54.3000,215.9000,170.7000,61.1000,170.7000
65.4000,54.5000,216.6000,54.5000,216.6000,168.5000,65.4000,168.5000
62.9000,54.9000,220.1000,54.9000,220.1000,164.1000,62.9000,164.1000
67.0000,54.2000,223.0000,54.2000,223.0000,171.8000,67.0000,171.8000
66.9000,54.4000,224.1000,54.4000,224.1000,169.6000,66.9000,169.6000
65.5000,53.4000,227.5000,53.4000,227.5000,168.6000,65.5000,168.6000
62.2000,53.5000,227.8000,53.5000,227.8000,167.5000,62.2000,167.5000
60.0000,55.7000,228.0000,55.7000,228.0000,167.3000,60.0000,167.3000
73.2000,53.4000,226.8000,53.4000,226.8000,168.6000,73.2000,168.6000
74.4000,56.6000,225.6000,56.6000,225.6000,169.4000,74.4000,169.4000
73.1000,56.6000,227.9000,56.6000,227.9000,169.4000,73.1000,169.4000
73.2000,55.7000,226.8000,55.7000,226.8000,167.3000,73.2000,167.3000
77.5000,57.3000,227.5000,57.3000,227.5000,173.7000,77.5000,173.7000
72.9000,55.7000,230.1000,55.7000,230.1000,167.3000,72.9000,167.3000
74.0000,56.7000,230.0000,56.7000,230.0000,168.3000,74.0000,168.3000
72.9000,56.8000,230.1000,56.8000,230.1000,167.2000,72.9000,167.2000
77.7000,56.3000,225.3000,56.3000,225.3000,172.7000,77.7000,172.7000
76.5000,56.3000,226.5000,56.3000,226.5000,172.7000,76.5000,172.7000
74.3000,57.7000,226.7000,57.7000,226.7000,169.3000,74.3000,169.3000
90.0000,54.4000,222.0000,54.4000,222.0000,181.6000,90.0000,181.6000
89.1000,56.6000,219.9000,56.6000,219.9000,181.4000,89.1000,181.4000
83.2000,56.9000,224.8000,56.9000,224.8000,178.1000,83.2000,178.1000
81.1000,56.9000,223.9000,56.9000,223.9000,178.1000,81.1000,178.1000
83.3000,57.5000,223.7000,57.5000,223.7000,183.5000,83.3000,183.5000
75.5000,57.2000,225.5000,57.2000,225.5000,174.8000,75.5000,174.8000
