1
160.8967,69.3289,89.2065,65.1652
122.9719,82.9523,89.8822,66.9497
103.4949,86.6907,89.8822,66.9497
78.7018,92.2654,89.8822,66.9497
58.2991,97.7006,89.8822,66.9497
67.9009,123.4015,89.8822,66.9497
52.7741,129.3343,89.8822,66.9497
75.9259,134.2340,90.3906,67.1668
114.0618,158.3328,90.2906,68.2433
140.7256,156.3438,90.4054,68.3098
173.0500,116.9342,90.4054,68.3098
203.9648,114.7242,90.4054,68.3098
242.0570,129.1666,90.4054,68.3098
263.2311,125.1010,90.4054,68.3098
292.9420,149.8328,89.8071,68.5782
296.6582,127.9888,90.8890,69.0696
313.0622,113.3182,90.8890,69.0696
304.0939,127.3466,90.8890,69.0696
342.3898,136.7747,90.8890,69.0696
359.1787,176.6225,90.8890,69.0696
363.7778,136.7747,90.8890,69.0696
372.0027,168.6841,92.5503,68.8445
366.8398,171.8748,91.6249,69.7495
352.0624,201.0900,91.6249,69.7495
351.4900,179.8839,91.6249,69.7495
338.1978,139.6438,91.6249,69.7495
309.6022,123.0928,91.6249,69.7495
284.6233,116.2950,91.6249,69.7495
255.0915,150.4412,91.6249,69.7495
269.0396,120.7441,90.7486,68.8281
255.3776,144.2777,90.7576,71.1619
240.6784,149.1919,90.2213,69.7851
222.4854,154.9823,90.2213,69.7851
198.1111,125.3215,90.2213,69.7851
178.2586,135.1762,90.2213,69.7851
158.3505,140.1006,90.2213,69.7851
166.2130,124.4620,90.2213,69.7851
176.6619,145.2437,90.2213,69.7851
176.9365,138.8598,90.2213,69.7851
178.6009,129.6115,90.2213,69.7851
163.7124,117.3274,90.2213,69.7851
185.5951,133.9823,90.2213,69.7851
199.9424,130.9801,90.2213,69.7851
214.3976,122.4585,90.2213,69.7851
229.7872,129.0856,90.2213,69.7851
239.6537,130.4860,90.2213,69.7851
246.0538,146.0004,90.2213,69.7851
208.0392,144.2973,90.2213,69.7851
223.2565,142.1040,90.2213,69.7851
2
0
0
0
0
1
358.2350,166.5967,13.9954,28.9989
368.1614,153.1023,13.9954,28.9989
369.5864,153.7690,13.9954,28.9989
354.4642,169.1425,13.9954,28.9989
359.5678,163.8129,13.9954,28.9989
365.0109,141.1294,13.9954,28.9989
355.1931,145.2384,13.9954,28.9989
353.6107,145.3654,13.9954,28.9989
339.2040,155.0390,13.9954,28.9989
342.3680,158.5539,13.9954,28.9989
342.2988,159.8627,13.9954,28.9989
342.9564,160.0051,13.9954,28.9989
353.1581,151.5285,13.9954,28.9989
352.8220,147.3011,13.9954,28.9989
2
0
0
0
0
1
315.9157,162.3770,53.0000,48.0000
316.8785,163.0734,53.0000,48.0000
316.4523,168.9201,53.0000,48.0000
308.3293,168.3857,53.0000,48.0000
302.0170,164.3780,53.0000,48.0000
288.6016,166.5407,53.0000,48.0000
268.7607,167.3649,53.0000,48.0000
255.0494,166.8412,53.0000,48.0000
250.0743,161.3531,54.0113,48.6236
256.8724,160.7990,53.7815,48.4338
266.0058,155.2619,53.7815,48.4338
271.9176,167.2986,53.7815,48.4338
286.1039,156.7003,53.7815,48.4338
290.8647,151.0146,53.7815,48.4338
282.2886,157.6010,53.7815,48.4338
320.3415,166.4827,53.7815,48.4338
319.1273,159.0603,53.7815,48.4338
338.0683,154.3047,53.7815,48.4338
334.0804,156.2123,53.7815,48.4338
362.4452,172.0337,53.7815,48.4338
360.5416,156.7883,53.7815,48.4338
369.2646,164.1692,53.7815,48.4338
378.9820,160.6556,53.5519,48.1419
384.3788,160.0626,53.5519,48.1419
380.9604,158.1824,53.5519,48.1419
376.7634,169.8791,53.5519,48.1419
402.3667,163.8424,53.5519,48.1419
2
0
0
0
0
1
167.9643,195.1807,37.2267,57.2899
175.1752,204.4029,38.5355,58.6154
176.3559,208.1411,38.9124,59.2158
189.9538,213.1656,38.9240,59.2943
212.3173,218.7608,38.9041,59.3184
243.3627,222.1505,39.0370,59.5729
258.1358,226.1387,39.4806,60.3043
276.3689,221.8801,39.4806,60.3043
303.4463,217.5392,39.4806,60.3043
322.5836,211.6210,39.4806,60.3043
322.6526,215.4307,39.4806,60.3043
319.6064,214.6909,39.4806,60.3043
313.7195,198.3836,39.4806,60.3043
319.0887,229.7439,39.4806,60.3043
346.9972,198.7926,39.4806,60.3043
350.9497,198.1394,39.4806,60.3043
337.6133,211.4987,39.4806,60.3043
353.0149,205.8019,39.4806,60.3043
352.3375,214.5616,39.4806,60.3043
347.4612,212.6697,39.4806,60.3043
337.7688,212.3205,39.3982,60.2212
328.1398,212.5250,39.3982,60.2212
327.4778,209.8810,39.3982,60.2212
325.9315,203.7011,39.3982,60.2212
329.2791,207.0204,39.3982,60.2212
313.3842,216.2689,39.3982,60.2212
335.4576,194.3022,39.3982,60.2212
336.5203,161.6589,39.3982,60.2212
337.5632,166.2384,39.3982,60.2212
337.5252,162.0306,39.3982,60.2212
330.5967,193.9962,39.3982,60.2212
330.3544,196.0016,39.3982,60.2212
318.0911,180.3196,39.3982,60.2212
308.4075,176.1019,39.3982,60.2212
299.3958,171.4687,39.3982,60.2212
304.4165,165.4914,39.3982,60.2212
299.7365,155.0387,39.3982,60.2212
304.6764,154.9635,39.3982,60.2212
295.6387,146.5489,39.3982,60.2212
296.7935,147.2631,39.3982,60.2212
296.8306,156.4835,39.3982,60.2212
291.0465,153.6309,39.1848,59.9321
284.7778,157.7627,39.1848,59.9321
280.0908,155.4342,39.1848,59.9321
284.9795,151.1123,39.1848,59.9321
295.1504,147.0507,39.1848,59.9321
299.6912,137.8744,39.1848,59.9321
322.5384,112.9880,39.1848,59.9321
337.6401,112.7173,39.1848,59.9321
2
0
0
0
0
1
369.3290,181.6552,62.0049,49.0865
377.5376,177.1280,62.2873,49.2967
365.1506,187.3295,61.9985,49.4722
356.9525,183.8820,67.9585,53.8408
361.8454,188.5914,67.9585,53.8408
366.6790,189.0570,67.9585,53.8408
372.8330,187.5234,67.9585,53.8408
378.0497,165.3299,67.9585,53.8408
356.3596,175.0494,67.9585,53.8408
362.5990,195.2727,67.9585,53.8408
394.2751,201.5942,67.9585,53.8408
