1
388.0000,474.0000,447.0000,474.0000,447.0000,537.0000,388.0000,537.0000
394.0000,466.0000,455.0000,466.0000,455.0000,531.0000,394.0000,531.0000
394.0000,466.0000,455.0000,466.0000,455.0000,531.0000,394.0000,531.0000
394.0000,466.0000,455.0000,466.0000,455.0000,531.0000,394.0000,531.0000
394.0000,466.0000,455.0000,466.0000,455.0000,531.0000,394.0000,531.0000
394.0000,466.0000,455.0000,466.0000,455.0000,531.0000,394.0000,531.0000
394.0000,466.0000,455.0000,466.0000,455.0000,531.0000,394.0000,531.0000
394.0000,466.0000,455.0000,466.0000,455.0000,531.0000,394.0000,531.0000
394.0000,466.0000,455.0000,466.0000,455.0000,531.0000,394.0000,531.0000
394.0000,466.0000,455.0000,466.0000,455.0000,531.0000,394.0000,531.0000
394.0000,466.0000,455.0000,466.0000,455.0000,531.0000,394.0000,531.0000
394.0000,466.0000,455.0000,466.0000,455.0000,531.0000,394.0000,531.0000
394.0000,466.0000,455.0000,466.0000,455.0000,531.0000,394.0000,531.0000
0
2
0
0
0
0
1
939.0000,399.0000,1012.0000,399.0000,1012.0000,436.0000,939.0000,436.0000
2
0
0
0
0
1
1347.0000,320.0000,1415.0000,320.0000,1415.0000,354.0000,1347.0000,354.0000
1389.0000,310.0000,1458.0000,310.0000,1458.0000,344.0000,1389.0000,344.0000
1389.0000,310.0000,1458.0000,310.0000,1458.0000,344.0000,1389.0000,344.0000
0
0
0
0
0
2
0
0
0
0
1
1599.0000,315.0000,1660.0000,315.0000,1660.0000,376.0000,1599.0000,376.0000
1603.0000,307.0000,1663.0000,307.0000,1663.0000,367.0000,1603.0000,367.0000
1603.0000,307.0000,1663.0000,307.0000,1663.0000,367.0000,1603.0000,367.0000
1603.0000,307.0000,1663.0000,307.0000,1663.0000,367.0000,1603.0000,367.0000
1603.0000,307.0000,1663.0000,307.0000,1663.0000,367.0000,1603.0000,367.0000
1603.0000,307.0000,1663.0000,307.0000,1663.0000,367.0000,1603.0000,367.0000
1603.0000,307.0000,1663.0000,307.0000,1663.0000,367.0000,1603.0000,367.0000
1603.0000,307.0000,1663.0000,307.0000,1663.0000,367.0000,1603.0000,367.0000
0
0
0
0
0
0
2
0
0
0
0
1
1565.0000,193.0000,1613.0000,193.0000,1613.0000,243.0000,1565.0000,243.0000
1561.0000,191.0000,1610.0000,191.0000,1610.0000,241.0000,1561.0000,241.0000
1561.0000,191.0000,1610.0000,191.0000,1610.0000,241.0000,1561.0000,241.0000
1561.0000,191.0000,1610.0000,191.0000,1610.0000,241.0000,1561.0000,241.0000
1561.0000,191.0000,1610.0000,191.0000,1610.0000,241.0000,1561.0000,241.0000
1561.0000,191.0000,1610.0000,191.0000,1610.0000,241.0000,1561.0000,241.0000
1561.0000,191.0000,1610.0000,191.0000,1610.0000,241.0000,1561.0000,241.0000
1561.0000,191.0000,1610.0000,191.0000,1610.0000,241.0000,1561.0000,241.0000
0
2
0
0
0
0
1
1081.0000,278.0000,1152.0000,278.0000,1152.0000,338.0000,1081.0000,338.0000
1034.0000,287.0000,1107.0000,287.0000,1107.0000,349.0000,1034.0000,349.0000
1034.0000,287.0000,1107.0000,287.0000,1107.0000,349.0000,1034.0000,349.0000
0
0
0
0
0
0
0
0
0
0
2
0
0
0
0
1
415.0000,537.0000,482.0000,537.0000,482.0000,606.0000,415.0000,606.0000
412.0000,545.0000,477.0000,545.0000,477.0000,611.0000,412.0000,611.0000
412.0000,545.0000,477.0000,545.0000,477.0000,611.0000,412.0000,611.0000
412.0000,545.0000,477.0000,545.0000,477.0000,611.0000,412.0000,611.0000
412.0000,545.0000,477.0000,545.0000,477.0000,611.0000,412.0000,611.0000
412.0000,545.0000,477.0000,545.0000,477.0000,611.0000,412.0000,611.0000
412.0000,545.0000,477.0000,545.0000,477.0000,611.0000,412.0000,611.0000
412.0000,545.0000,477.0000,545.0000,477.0000,611.0000,412.0000,611.0000
412.0000,545.0000,477.0000,545.0000,477.0000,611.0000,412.0000,611.0000
412.0000,545.0000,477.0000,545.0000,477.0000,611.0000,412.0000,611.0000
412.0000,545.0000,477.0000,545.0000,477.0000,611.0000,412.0000,611.0000
412.0000,545.0000,477.0000,545.0000,477.0000,611.0000,412.0000,611.0000
412.0000,545.0000,477.0000,545.0000,477.0000,611.0000,412.0000,611.0000
409.0000,547.0000,472.0000,547.0000,472.0000,612.0000,409.0000,612.0000
409.0000,547.0000,472.0000,547.0000,472.0000,612.0000,409.0000,612.0000
409.0000,547.0000,472.0000,547.0000,472.0000,612.0000,409.0000,612.0000
409.0000,547.0000,472.0000,547.0000,472.0000,612.0000,409.0000,612.0000
409.0000,547.0000,472.0000,547.0000,472.0000,612.0000,409.0000,612.0000
409.0000,547.0000,472.0000,547.0000,472.0000,612.0000,409.0000,612.0000
409.0000,547.0000,472.0000,547.0000,472.0000,612.0000,409.0000,612.0000
409.0000,547.0000,472.0000,547.0000,472.0000,612.0000,409.0000,612.0000
409.0000,547.0000,472.0000,547.0000,472.0000,612.0000,409.0000,612.0000
409.0000,547.0000,472.0000,547.0000,472.0000,612.0000,409.0000,612.0000
409.0000,547.0000,472.0000,547.0000,472.0000,612.0000,409.0000,612.0000
409.0000,547.0000,472.0000,547.0000,472.0000,612.0000,409.0000,612.0000
409.0000,547.0000,472.0000,547.0000,472.0000,612.0000,409.0000,612.0000
426.0000,530.0000,488.0000,530.0000,488.0000,594.0000,426.0000,594.0000
426.0000,530.0000,488.0000,530.0000,488.0000,594.0000,426.0000,594.0000
426.0000,530.0000,488.0000,530.0000,488.0000,594.0000,426.0000,594.0000
426.0000,530.0000,488.0000,530.0000,488.0000,594.0000,426.0000,594.0000
426.0000,530.0000,488.0000,530.0000,488.0000,594.0000,426.0000,594.0000
426.0000,530.0000,488.0000,530.0000,488.0000,594.0000,426.0000,594.0000
426.0000,530.0000,488.0000,530.0000,488.0000,594.0000,426.0000,594.0000
426.0000,530.0000,488.0000,530.0000,488.0000,594.0000,426.0000,594.0000
0
0
0
0
2
0
0
0
0
1
1149.0000,355.0000,1241.0000,355.0000,1241.0000,397.0000,1149.0000,397.0000
2
0
0
0
0
1
1586.0000,288.0000,1668.0000,288.0000,1668.0000,324.0000,1586.0000,324.0000
1586.0000,292.0000,1667.0000,292.0000,1667.0000,327.0000,1586.0000,327.0000
1586.0000,292.0000,1667.0000,292.0000,1667.0000,327.0000,1586.0000,327.0000
1586.0000,292.0000,1667.0000,292.0000,1667.0000,327.0000,1586.0000,327.0000
1586.0000,292.0000,1667.0000,292.0000,1667.0000,327.0000,1586.0000,327.0000
2
0
0
0
0
0
1594.0000,285.0000,1672.0000,285.0000,1672.0000,319.0000,1594.0000,319.0000
0
0
0
0
1
1545.0000,260.0000,1581.0000,260.0000,1581.0000,280.0000,1545.0000,280.0000
1535.0000,257.0000,1572.0000,257.0000,1572.0000,277.0000,1535.0000,277.0000
1535.0000,257.0000,1572.0000,257.0000,1572.0000,277.0000,1535.0000,277.0000
1535.0000,257.0000,1572.0000,257.0000,1572.0000,277.0000,1535.0000,277.0000
1535.0000,257.0000,1572.0000,257.0000,1572.0000,277.0000,1535.0000,277.0000
1528.0000,251.0000,1564.0000,251.0000,1564.0000,271.0000,1528.0000,271.0000
1528.0000,251.0000,1564.0000,251.0000,1564.0000,271.0000,1528.0000,271.0000
1528.0000,251.0000,1564.0000,251.0000,1564.0000,271.0000,1528.0000,271.0000
1528.0000,251.0000,1564.0000,251.0000,1564.0000,271.0000,1528.0000,271.0000
1528.0000,251.0000,1564.0000,251.0000,1564.0000,271.0000,1528.0000,271.0000
1531.0000,263.0000,1567.0000,263.0000,1567.0000,283.0000,1531.0000,283.0000
1531.0000,263.0000,1567.0000,263.0000,1567.0000,283.0000,1531.0000,283.0000
1531.0000,263.0000,1567.0000,263.0000,1567.0000,283.0000,1531.0000,283.0000
1531.0000,263.0000,1567.0000,263.0000,1567.0000,283.0000,1531.0000,283.0000
2
0
0
0
0
1
1117.0000,343.0000,1192.0000,343.0000,1192.0000,397.0000,1117.0000,397.0000
1069.0000,354.0000,1145.0000,354.0000,1145.0000,409.0000,1069.0000,409.0000
1069.0000,354.0000,1145.0000,354.0000,1145.0000,409.0000,1069.0000,409.0000
0
0
0
0
0
0
0
0
0
0
0
2
0
0
0
0
1
327.0000,506.0000,415.0000,506.0000,415.0000,554.0000,327.0000,554.0000
310.0000,503.0000,401.0000,503.0000,401.0000,553.0000,310.0000,553.0000
310.0000,503.0000,401.0000,503.0000,401.0000,553.0000,310.0000,553.0000
310.0000,503.0000,401.0000,503.0000,401.0000,553.0000,310.0000,553.0000
310.0000,503.0000,401.0000,503.0000,401.0000,553.0000,310.0000,553.0000
310.0000,503.0000,401.0000,503.0000,401.0000,553.0000,310.0000,553.0000
310.0000,503.0000,401.0000,503.0000,401.0000,553.0000,310.0000,553.0000
310.0000,503.0000,401.0000,503.0000,401.0000,553.0000,310.0000,553.0000
310.0000,503.0000,401.0000,503.0000,401.0000,553.0000,310.0000,553.0000
310.0000,503.0000,401.0000,503.0000,401.0000,553.0000,310.0000,553.0000
310.0000,503.0000,401.0000,503.0000,401.0000,553.0000,310.0000,553.0000
310.0000,503.0000,401.0000,503.0000,401.0000,553.0000,310.0000,553.0000
310.0000,503.0000,401.0000,503.0000,401.0000,553.0000,310.0000,553.0000
301.0000,500.0000,394.0000,500.0000,394.0000,551.0000,301.0000,551.0000
301.0000,500.0000,394.0000,500.0000,394.0000,551.0000,301.0000,551.0000
301.0000,500.0000,394.0000,500.0000,394.0000,551.0000,301.0000,551.0000
0
0
0
0
0
0
0
0
0
0
2
0
0
0
0
1
1116.0000,495.0000,1206.0000,495.0000,1206.0000,538.0000,1116.0000,538.0000
1176.0000,492.0000,1269.0000,492.0000,1269.0000,536.0000,1176.0000,536.0000
1176.0000,492.0000,1269.0000,492.0000,1269.0000,536.0000,1176.0000,536.0000
2
0
0
0
0
0
0
0
0
