1
522.0000,54.0000,26.0000,26.0000
521.0000,61.0000,26.0000,26.0000
519.0000,79.0000,26.0000,26.0000
518.0000,88.0000,26.0000,26.0000
515.0000,103.0000,25.0000,25.0000
514.0000,115.0000,24.0000,24.0000
513.0000,125.0000,25.0000,25.0000
507.0000,138.0000,25.0000,25.0000
506.0000,153.0000,25.0000,25.0000
515.0000,163.0000,25.0000,25.0000
525.0000,169.0000,25.0000,25.0000
535.0000,174.0000,26.0000,26.0000
542.0000,183.0000,26.0000,26.0000
551.0000,190.0000,26.0000,26.0000
558.0000,194.0000,27.0000,27.0000
569.0000,208.0000,28.0000,28.0000
573.0000,218.0000,27.0000,27.0000
582.0000,228.0000,28.0000,28.0000
588.0000,237.0000,29.0000,29.0000
594.0000,250.0000,30.0000,30.0000
597.0000,259.0000,30.0000,30.0000
599.0000,261.0000,31.0000,31.0000
603.0000,258.0000,31.0000,31.0000
606.0000,258.0000,32.0000,32.0000
609.0000,257.0000,32.0000,32.0000
613.0000,259.0000,32.0000,32.0000
603.0000,250.0000,34.0000,34.0000
605.0000,248.0000,34.0000,34.0000
603.0000,246.0000,33.0000,33.0000
604.0000,247.0000,34.0000,34.0000
605.0000,249.0000,34.0000,34.0000
2
0
0
0
0
1
643.0000,273.0000,18.0000,18.0000
645.0000,276.0000,19.0000,19.0000
648.0000,275.0000,19.0000,19.0000
