1
236.0000,162.0000,269.0000,162.0000,269.0000,227.0000,236.0000,227.0000
235.0000,165.0000,269.0000,165.0000,269.0000,231.0000,235.0000,231.0000
235.0000,165.0000,269.0000,165.0000,269.0000,231.0000,235.0000,231.0000
235.0000,165.0000,269.0000,165.0000,269.0000,231.0000,235.0000,231.0000
235.0000,165.0000,269.0000,165.0000,269.0000,231.0000,235.0000,231.0000
235.0000,165.0000,269.0000,165.0000,269.0000,231.0000,235.0000,231.0000
235.0000,165.0000,269.0000,165.0000,269.0000,231.0000,235.0000,231.0000
235.0000,165.0000,269.0000,165.0000,269.0000,231.0000,235.0000,231.0000
231.0000,163.0000,264.0000,163.0000,264.0000,228.0000,231.0000,228.0000
0
0
0
0
0
2
0
0
0
0
1
65.0000,282.0000,120.0000,282.0000,120.0000,329.0000,65.0000,329.0000
52.0000,274.0000,108.0000,274.0000,108.0000,323.0000,52.0000,323.0000
52.0000,274.0000,108.0000,274.0000,108.0000,323.0000,52.0000,323.0000
52.0000,274.0000,108.0000,274.0000,108.0000,323.0000,52.0000,323.0000
52.0000,274.0000,108.0000,274.0000,108.0000,323.0000,52.0000,323.0000
0
0
0
0
2
0
0
0
0
1
274.0000,283.0000,333.0000,283.0000,333.0000,330.0000,274.0000,330.0000
288.0000,287.0000,348.0000,287.0000,348.0000,334.0000,288.0000,334.0000
288.0000,287.0000,348.0000,287.0000,348.0000,334.0000,288.0000,334.0000
288.0000,287.0000,348.0000,287.0000,348.0000,334.0000,288.0000,334.0000
288.0000,287.0000,348.0000,287.0000,348.0000,334.0000,288.0000,334.0000
288.0000,287.0000,348.0000,287.0000,348.0000,334.0000,288.0000,334.0000
288.0000,287.0000,348.0000,287.0000,348.0000,334.0000,288.0000,334.0000
288.0000,287.0000,348.0000,287.0000,348.0000,334.0000,288.0000,334.0000
2
310.0000,293.0000,371.0000,293.0000,371.0000,341.0000,310.0000,341.0000
0
0
0
0
1
442.0000,357.0000,512.0000,357.0000,512.0000,415.0000,442.0000,415.0000
445.0000,359.0000,515.0000,359.0000,515.0000,418.0000,445.0000,418.0000
445.0000,359.0000,515.0000,359.0000,515.0000,418.0000,445.0000,418.0000
445.0000,359.0000,515.0000,359.0000,515.0000,418.0000,445.0000,418.0000
445.0000,359.0000,515.0000,359.0000,515.0000,418.0000,445.0000,418.0000
0
0
0
0
0
0
0
0
2
0
0
0
0
1
135.0000,166.0000,200.0000,166.0000,200.0000,222.0000,135.0000,222.0000
128.0000,160.0000,193.0000,160.0000,193.0000,216.0000,128.0000,216.0000
128.0000,160.0000,193.0000,160.0000,193.0000,216.0000,128.0000,216.0000
128.0000,160.0000,193.0000,160.0000,193.0000,216.0000,128.0000,216.0000
128.0000,160.0000,193.0000,160.0000,193.0000,216.0000,128.0000,216.0000
128.0000,160.0000,193.0000,160.0000,193.0000,216.0000,128.0000,216.0000
128.0000,160.0000,193.0000,160.0000,193.0000,216.0000,128.0000,216.0000
128.0000,160.0000,193.0000,160.0000,193.0000,216.0000,128.0000,216.0000
128.0000,160.0000,193.0000,160.0000,193.0000,216.0000,128.0000,216.0000
128.0000,160.0000,193.0000,160.0000,193.0000,216.0000,128.0000,216.0000
128.0000,160.0000,193.0000,160.0000,193.0000,216.0000,128.0000,216.0000
128.0000,160.0000,193.0000,160.0000,193.0000,216.0000,128.0000,216.0000
128.0000,160.0000,193.0000,160.0000,193.0000,216.0000,128.0000,216.0000
2
0
0
0
0
1
150.0000,61.0000,194.0000,61.0000,194.0000,113.0000,150.0000,113.0000
140.0000,65.0000,184.0000,65.0000,184.0000,117.0000,140.0000,117.0000
140.0000,65.0000,184.0000,65.0000,184.0000,117.0000,140.0000,117.0000
140.0000,65.0000,184.0000,65.0000,184.0000,117.0000,140.0000,117.0000
140.0000,65.0000,184.0000,65.0000,184.0000,117.0000,140.0000,117.0000
140.0000,65.0000,184.0000,65.0000,184.0000,117.0000,140.0000,117.0000
140.0000,65.0000,184.0000,65.0000,184.0000,117.0000,140.0000,117.0000
140.0000,65.0000,184.0000,65.0000,184.0000,117.0000,140.0000,117.0000
137.0000,66.0000,182.0000,66.0000,182.0000,118.0000,137.0000,118.0000
2
0
0
0
0
0
0
0
170.0000,76.0000,214.0000,76.0000,214.0000,127.0000,170.0000,127.0000
0
0
0
0
1
99.0000,130.0000,155.0000,130.0000,155.0000,196.0000,99.0000,196.0000
98.0000,136.0000,155.0000,136.0000,155.0000,204.0000,98.0000,204.0000
98.0000,136.0000,155.0000,136.0000,155.0000,204.0000,98.0000,204.0000
98.0000,136.0000,155.0000,136.0000,155.0000,204.0000,98.0000,204.0000
98.0000,136.0000,155.0000,136.0000,155.0000,204.0000,98.0000,204.0000
98.0000,136.0000,155.0000,136.0000,155.0000,204.0000,98.0000,204.0000
98.0000,136.0000,155.0000,136.0000,155.0000,204.0000,98.0000,204.0000
98.0000,136.0000,155.0000,136.0000,155.0000,204.0000,98.0000,204.0000
