7.0002
0.78866
0.7904
0.73275
0.76176
0.76441
0.79012
0.68917
0.68243
0.69468
0.70984
0.69167
0.77191
0.69491
0.70284
0.68415
0.69328
0.70128
0.75858
0.69516
0.70831
0.69853
0.68431
0.69669
0.77216
0.69536
0.71492
0.72448
0.71295
0.69846
0.78443
0.70075
0.70495
0.69053
0.69386
0.70706
0.78177
0.7047
0.69426
0.69414
0.70697
0.69464
0.76822
0.69047
0.70175
0.70422
0.69427
0.70859
0.77281
0.69867
0.70974
0.71764
0.69854
0.70138
0.80155
0.724
0.71684
0.72368
0.7367
0.705
0.79069
0.70734
0.72051
0.71407
0.69069
0.70038
0.77457
0.69603
0.69491
0.69062
0.70791
0.70728
0.78371
0.71409
0.71895
0.7146
0.71328
0.70631
0.78583
0.7133
0.72275
0.71186
0.69974
0.70787
0.78903
0.70128
0.70042
0.71536
0.71333
0.71892
0.81125
0.71443
0.70494
0.71111
0.70062
0.69882
0.79026
0.70373
0.7107
0.70623
0.70551
0.71149
0.7956
0.71337
0.70061
0.7118
0.71521
0.71512
0.78627
0.70759
0.71092
0.71033
0.71615
0.72732
0.80415
0.70736
0.72
0.71828
0.72086
0.72521
0.78638
0.71014
0.69978
0.71471
0.70504
0.70781
0.78813
0.71056
0.7136
0.70348
0.72162
0.70103
0.79797
0.70949
0.72029
0.71734
0.72092
0.71018
0.7963
0.72589
0.7331
0.72485
0.73353
0.72629
0.85601
0.7399
0.7414
0.71834
0.71734
0.71663
0.8078
0.70233
0.70502
0.71595
0.73362
0.70594
0.78021
0.71685
0.69771
0.70806
0.72775
0.70839
0.7835
0.71826
0.70663
0.71822
0.73668
0.72914
0.80959
0.72215
0.72632
0.71103
0.70566
0.72952
0.79372
0.71578
0.71701
0.72797
0.71354
0.73218
0.80058
0.72017
0.72779
0.70882
0.70871
0.71708
0.77366
0.71728
0.71285
0.7174
0.71208
0.71654
0.80619
0.72813
0.73114
0.71676
0.73622
0.70214
0.79892
0.70924
0.72594
0.71126
0.70549
0.7033
0.76588
0.70886
0.69624
0.71148
0.71229
0.71217
0.77846
0.71852
0.71715
0.71291
0.7027
0.70445
0.77418
0.70225
0.7158
0.72583
0.71758
0.72041
0.78649
0.71766
0.73067
0.72242
0.72446
0.7094
0.78842
0.70539
0.70337
0.69798
0.69394
0.7152
0.78162
0.71105
0.70876
0.73172
0.72019
0.71027
0.77644
0.7071
0.7038
0.70947
0.71472
0.70364
0.78646
0.72222
0.71527
0.70947
0.72384
