0.00055507,0.00053176,0.00051998,0,0,0,0,0,0,0,0,0,0,0,0
1.8283,1.8665,1.7901,0,0,0,0,0,0,0,0,0,0,0,0
0.77497,0.79451,0.75561,0,0,0,0,0,0,0,0,0,0,0,0
0.77401,0.75864,0.75224,0,0,0,0,0,0,0,0,0,0,0,0
0.78226,0.79403,0.77098,0,0,0,0,0,0,0,0,0,0,0,0
0.75867,0.79349,0.74467,0,0,0,0,0,0,0,0,0,0,0,0
0.75297,0.78698,0.74831,0,0,0,0,0,0,0,0,0,0,0,0
0.75323,0.75302,0.75371,0,0,0,0,0,0,0,0,0,0,0,0
0.7691,0.75097,0.74678,0,0,0,0,0,0,0,0,0,0,0,0
0.7605,0.75952,0.76156,0,0,0,0,0,0,0,0,0,0,0,0
0.7557,0.75354,0.77121,0,0,0,0,0,0,0,0,0,0,0,0
0.75247,0.76398,0.75965,0,0,0,0,0,0,0,0,0,0,0,0
0.76607,0.74379,0.75851,0,0,0,0,0,0,0,0,0,0,0,0
0.76167,0.75374,0.74401,0,0,0,0,0,0,0,0,0,0,0,0
0.76407,0.75892,0.76075,0,0,0,0,0,0,0,0,0,0,0,0
0.7638,0.75574,0.76167,0,0,0,0,0,0,0,0,0,0,0,0
0.75978,0.75036,0.75179,0,0,0,0,0,0,0,0,0,0,0,0
0.75559,0.76518,0.73816,0,0,0,0,0,0,0,0,0,0,0,0
0.75751,0.7704,0.74733,0,0,0,0,0,0,0,0,0,0,0,0
0.76666,0.75475,0.75252,0,0,0,0,0,0,0,0,0,0,0,0
0.76348,0.73506,0.75258,0,0,0,0,0,0,0,0,0,0,0,0
0.7648,0.75376,0.74924,0,0,0,0,0,0,0,0,0,0,0,0
0.7493,0.73956,0.756,0,0,0,0,0,0,0,0,0,0,0,0
0.77433,0.74648,0.76126,0,0,0,0,0,0,0,0,0,0,0,0
0.7578,0.74991,0.75107,0,0,0,0,0,0,0,0,0,0,0,0
0.75327,0.74265,0.75352,0,0,0,0,0,0,0,0,0,0,0,0
0.77219,0.76363,0.76806,0,0,0,0,0,0,0,0,0,0,0,0
0.78015,0.7568,0.75604,0,0,0,0,0,0,0,0,0,0,0,0
0.78552,0.75192,0.76823,0,0,0,0,0,0,0,0,0,0,0,0
0.77668,0.75315,0.75559,0,0,0,0,0,0,0,0,0,0,0,0
0.7714,0.74928,0.7541,0,0,0,0,0,0,0,0,0,0,0,0
0.76609,0.76981,0.75383,0,0,0,0,0,0,0,0,0,0,0,0
0.75207,0.75887,0.75071,0,0,0,0,0,0,0,0,0,0,0,0
0.74817,0.74477,0.75874,0,0,0,0,0,0,0,0,0,0,0,0
0.7472,0.76924,0.75868,0,0,0,0,0,0,0,0,0,0,0,0
0.74477,0.7563,0.76181,0,0,0,0,0,0,0,0,0,0,0,0
0.75341,0.75316,0.7652,0,0,0,0,0,0,0,0,0,0,0,0
0.75374,0.75766,0.7509,0,0,0,0,0,0,0,0,0,0,0,0
0.75277,0.76347,0.7482,0,0,0,0,0,0,0,0,0,0,0,0
0.75349,0.76126,0.75734,0,0,0,0,0,0,0,0,0,0,0,0
0.77054,0.76735,0.75442,0,0,0,0,0,0,0,0,0,0,0,0
0.75577,0.7557,0.75467,0,0,0,0,0,0,0,0,0,0,0,0
0.75576,0.75778,0.75963,0,0,0,0,0,0,0,0,0,0,0,0
0.78901,0.75386,0.75722,0,0,0,0,0,0,0,0,0,0,0,0
0.76915,0.76473,0.75534,0,0,0,0,0,0,0,0,0,0,0,0
0.77904,0.75492,0.77256,0,0,0,0,0,0,0,0,0,0,0,0
0.76212,0.75567,0.75154,0,0,0,0,0,0,0,0,0,0,0,0
0.74949,0.76121,0.74843,0,0,0,0,0,0,0,0,0,0,0,0
0.74327,0.75607,0.76036,0,0,0,0,0,0,0,0,0,0,0,0
0.76486,0.75977,0.74969,0,0,0,0,0,0,0,0,0,0,0,0
0.76509,0.75046,0.75173,0,0,0,0,0,0,0,0,0,0,0,0
0.75485,0.75321,0.76035,0,0,0,0,0,0,0,0,0,0,0,0
0.75469,0.76788,0.76314,0,0,0,0,0,0,0,0,0,0,0,0
0.77696,0.74207,0.75825,0,0,0,0,0,0,0,0,0,0,0,0
0.77035,0.76218,0.77844,0,0,0,0,0,0,0,0,0,0,0,0
0.75626,0.78848,0.77474,0,0,0,0,0,0,0,0,0,0,0,0
0.75726,0.79724,0.78161,0,0,0,0,0,0,0,0,0,0,0,0
0.7502,0.80729,0.77324,0,0,0,0,0,0,0,0,0,0,0,0
0.75842,0.76478,0.78472,0,0,0,0,0,0,0,0,0,0,0,0
0.78951,0.7548,0.76053,0,0,0,0,0,0,0,0,0,0,0,0
0.76729,0.74836,0.78503,0,0,0,0,0,0,0,0,0,0,0,0
0.79842,0.75446,0.75124,0,0,0,0,0,0,0,0,0,0,0,0
0.76031,0.76009,0.7686,0,0,0,0,0,0,0,0,0,0,0,0
0.77094,0.74378,0.76401,0,0,0,0,0,0,0,0,0,0,0,0
0.75274,0.75223,0.75549,0,0,0,0,0,0,0,0,0,0,0,0
0.76223,0.74947,0.76637,0,0,0,0,0,0,0,0,0,0,0,0
0.76716,0.76564,0.7911,0,0,0,0,0,0,0,0,0,0,0,0
0.74673,0.7648,0.77985,0,0,0,0,0,0,0,0,0,0,0,0
0.76766,0.74538,0.79144,0,0,0,0,0,0,0,0,0,0,0,0
0.76855,0.74867,0.76328,0,0,0,0,0,0,0,0,0,0,0,0
0.75771,0.75759,0.76577,0,0,0,0,0,0,0,0,0,0,0,0
0.76812,0.76294,0.74972,0,0,0,0,0,0,0,0,0,0,0,0
0.75805,0.76324,0.7512,0,0,0,0,0,0,0,0,0,0,0,0
0.76171,0.75823,0.74879,0,0,0,0,0,0,0,0,0,0,0,0
0.75444,0.74836,0.75394,0,0,0,0,0,0,0,0,0,0,0,0
0.77251,0.76014,0.76491,0,0,0,0,0,0,0,0,0,0,0,0
0.75704,0.75556,0.78082,0,0,0,0,0,0,0,0,0,0,0,0
0.7533,0.76894,0.74364,0,0,0,0,0,0,0,0,0,0,0,0
0.75518,0.74963,0.75575,0,0,0,0,0,0,0,0,0,0,0,0
0.76762,0.75133,0.75041,0,0,0,0,0,0,0,0,0,0,0,0
0.75731,0.75518,0.75342,0,0,0,0,0,0,0,0,0,0,0,0
0.77692,0.75608,0.75374,0,0,0,0,0,0,0,0,0,0,0,0
0.7548,0.77027,0.76323,0,0,0,0,0,0,0,0,0,0,0,0
0.76098,0.77479,0.75391,0,0,0,0,0,0,0,0,0,0,0,0
0.74202,0.79956,0.75235,0,0,0,0,0,0,0,0,0,0,0,0
0.75904,0.77768,0.76025,0,0,0,0,0,0,0,0,0,0,0,0
0.75948,0.77272,0.75756,0,0,0,0,0,0,0,0,0,0,0,0
0.76372,0.77732,0.75503,0,0,0,0,0,0,0,0,0,0,0,0
0.74948,0.7941,0.74811,0,0,0,0,0,0,0,0,0,0,0,0
0.76472,0.75597,0.77078,0,0,0,0,0,0,0,0,0,0,0,0
0.77268,0.77877,0.76123,0,0,0,0,0,0,0,0,0,0,0,0
0.76863,0.74467,0.74876,0,0,0,0,0,0,0,0,0,0,0,0
0.75566,0.74842,0.74371,0,0,0,0,0,0,0,0,0,0,0,0
0.76055,0.76131,0.75963,0,0,0,0,0,0,0,0,0,0,0,0
0.78221,0.76779,0.76576,0,0,0,0,0,0,0,0,0,0,0,0
0.76358,0.76613,0.75172,0,0,0,0,0,0,0,0,0,0,0,0
0.75468,0.75041,0.75201,0,0,0,0,0,0,0,0,0,0,0,0
0.76744,0.7658,0.75027,0,0,0,0,0,0,0,0,0,0,0,0
0.75012,0.75606,0.75267,0,0,0,0,0,0,0,0,0,0,0,0
0.76888,0.76874,0.76078,0,0,0,0,0,0,0,0,0,0,0,0
0.76771,0.7561,0.76157,0,0,0,0,0,0,0,0,0,0,0,0
0.7546,0.75777,0.75019,0,0,0,0,0,0,0,0,0,0,0,0
0.75206,0.76649,0.76991,0,0,0,0,0,0,0,0,0,0,0,0
0.75666,0.76543,0.76164,0,0,0,0,0,0,0,0,0,0,0,0
0.76339,0.75302,0.75741,0,0,0,0,0,0,0,0,0,0,0,0
