0.02658
0.032234
0.030825
0.030527
0.03149
0.030713
0.031672
0.03044
0.030777
0.029714
0.030256
0.029486
0.030024
0.02989
0.031359
NaN
NaN
NaN
NaN
0.0257
0.030179
0.030103
0.030878
0.030191
0.030042
0.031111
0.029857
0.029735
0.02962
0.031163
0.029895
0.030137
0.030166
0.029749
0.029761
0.02945
0.029806
0.029538
0.032293
0.030849
0.030883
0.030989
0.030842
0.029954
0.030912
0.030602
0.031047
0.029862
0.030868
0.033562
0.030906
0.031365
0.033503
0.032117
0.031537
0.0308
0.031133
0.029764
0.029936
0.029786
0.03019
0.029979
0.029776
0.030424
0.029747
0.029541
0.029336
0.030816
0.031207
0.031063
0.031479
0.031399
NaN
NaN
NaN
NaN
0.027293
0.031025
0.030348
0.032081
0.031291
0.031154
0.030579
0.030207
0.031632
0.031442
0.03119
0.031289
0.031116
0.031029
0.031362
0.030428
0.029956
0.030887
0.031219
0.031146
0.031083
0.031493
0.031128
0.032326
0.031525
0.030414
0.031514
NaN
NaN
NaN
NaN
0.027691
0.032101
0.032359
0.032356
0.032373
0.032145
0.032726
0.032008
0.031541
0.03208
0.031793
0.031934
0.031853
0.031976
0.031716
0.032535
0.031099
0.030983
0.031175
0.030963
0.030451
0.031351
0.030147
0.030689
0.031453
NaN
NaN
NaN
NaN
0.027039
0.030773
0.029792
0.028975
0.029765
0.030397
0.029605
0.029119
0.029666
0.029897
0.029867
0.029654
0.029063
0.029007
0.029152
0.028159
0.030507
0.029585
0.029897
0.029758
0.030038
0.028894
0.029697
0.029933
0.029677
0.030192
0.030469
0.029415
0.029522
0.029991
0.030169
0.029336
0.030018
0.02907
0.029573
0.02922
0.029085
0.029326
0.029579
0.02853
0.028925
0.029638
0.029506
0.029923
0.029766
0.029317
0.029609
0.029801
0.031634
0.029892
0.029484
0.028952
0.029456
0.029454
0.029403
0.029939
0.029513
0.029623
0.03553
0.030735
0.030652
0.030204
0.029488
0.03056
0.030345
0.030269
0.030252
0.029931
0.029788
0.030005
0.030427
0.030828
0.030431
0.030265
0.030234
0.029504
0.029901
0.030534
0.030975
0.030225
0.030383
0.030825
0.031213
0.030296
0.030281
0.030547
0.030281
0.028799
0.030313
0.030071
0.030145
0.030168
0.030368
0.030857
0.031418
0.030464
0.030856
0.030724
0.030285
0.029613
0.030749
0.030439
0.030234
0.030134
0.030179
0.030223
0.030681
0.030295
0.030559
0.032278
0.030801
0.029947
