7.9189e-05,6.144e-05,0.00012288,0,0,0,0,0,0,0,0,0,0,0,0
0.034681,0.019028,0.019827,0,0,0,0,0,0,0,0,0,0,0,0
0.029182,0.011782,0.012334,0,0,0,0,0,0,0,0,0,0,0,0
0.012819,0.011336,0.011554,0,0,0,0,0,0,0,0,0,0,0,0
0.012535,0.012162,0.011947,0,0,0,0,0,0,0,0,0,0,0,0
0.02059,0.011531,0.011886,0,0,0,0,0,0,0,0,0,0,0,0
0.012454,0.011933,0.011739,0,0,0,0,0,0,0,0,0,0,0,0
0.015998,0.011685,0.011611,0,0,0,0,0,0,0,0,0,0,0,0
0.013277,0.012844,0.013181,0,0,0,0,0,0,0,0,0,0,0,0
0.029239,0.012774,0.01295,0,0,0,0,0,0,0,0,0,0,0,0
0.01448,0.011589,0.011898,0,0,0,0,0,0,0,0,0,0,0,0
0.017093,0.011747,0.011676,0,0,0,0,0,0,0,0,0,0,0,0
0.016561,0.011631,0.011973,0,0,0,0,0,0,0,0,0,0,0,0
0.019964,0.012362,0.012138,0,0,0,0,0,0,0,0,0,0,0,0
0.025978,0.011507,0.011724,0,0,0,0,0,0,0,0,0,0,0,0
0.023692,0.012278,0.0121,0,0,0,0,0,0,0,0,0,0,0,0
0.020911,0.011567,0.011791,0,0,0,0,0,0,0,0,0,0,0,0
0.02209,0.011366,0.011337,0,0,0,0,0,0,0,0,0,0,0,0
0.026411,0.011511,0.011492,0,0,0,0,0,0,0,0,0,0,0,0
0.011521,0.010694,0.010235,0,0,0,0,0,0,0,0,0,0,0,0
0.022907,0.011662,0.011314,0,0,0,0,0,0,0,0,0,0,0,0
0.022656,0.011225,0.011336,0,0,0,0,0,0,0,0,0,0,0,0
0.023925,0.011183,0.011257,0,0,0,0,0,0,0,0,0,0,0,0
0.010923,0.010339,0.010566,0,0,0,0,0,0,0,0,0,0,0,0
0.016643,0.011388,0.011439,0,0,0,0,0,0,0,0,0,0,0,0
0.029722,0.011378,0.012505,0,0,0,0,0,0,0,0,0,0,0,0
0.023374,0.010932,0.013237,0,0,0,0,0,0,0,0,0,0,0,0
0.027825,0.011072,0.012194,0,0,0,0,0,0,0,0,0,0,0,0
0.025397,0.011988,0.01331,0,0,0,0,0,0,0,0,0,0,0,0
0.022562,0.010577,0.010822,0,0,0,0,0,0,0,0,0,0,0,0
0.047239,0.011045,0.011382,0,0,0,0,0,0,0,0,0,0,0,0
0.012492,0.01128,0.011265,0,0,0,0,0,0,0,0,0,0,0,0
0.012417,0.011024,0.011483,0,0,0,0,0,0,0,0,0,0,0,0
0.019424,0.011713,0.011962,0,0,0,0,0,0,0,0,0,0,0,0
0.019269,0.011171,0.011128,0,0,0,0,0,0,0,0,0,0,0,0
0.018929,0.01192,0.01199,0,0,0,0,0,0,0,0,0,0,0,0
0.022236,0.011122,0.011154,0,0,0,0,0,0,0,0,0,0,0,0
0.012096,0.010726,0.011247,0,0,0,0,0,0,0,0,0,0,0,0
0.021072,0.011494,0.011939,0,0,0,0,0,0,0,0,0,0,0,0
0.019116,0.010925,0.011307,0,0,0,0,0,0,0,0,0,0,0,0
0.026722,0.011845,0.012141,0,0,0,0,0,0,0,0,0,0,0,0
0.025442,0.01105,0.011134,0,0,0,0,0,0,0,0,0,0,0,0
0.025642,0.011209,0.011219,0,0,0,0,0,0,0,0,0,0,0,0
0.01167,0.010558,0.010516,0,0,0,0,0,0,0,0,0,0,0,0
0.070032,0.011102,0.011653,0,0,0,0,0,0,0,0,0,0,0,0
0.029721,0.011776,0.011227,0,0,0,0,0,0,0,0,0,0,0,0
0.02445,0.011985,0.011886,0,0,0,0,0,0,0,0,0,0,0,0
0.023242,0.011333,0.011163,0,0,0,0,0,0,0,0,0,0,0,0
0.018348,0.011846,0.011744,0,0,0,0,0,0,0,0,0,0,0,0
0.017351,0.011082,0.011274,0,0,0,0,0,0,0,0,0,0,0,0
0.060086,0.011249,0.011274,0,0,0,0,0,0,0,0,0,0,0,0
0.012096,0.012399,0.011235,0,0,0,0,0,0,0,0,0,0,0,0
0.013281,0.013378,0.011745,0,0,0,0,0,0,0,0,0,0,0,0
0.011898,0.012777,0.011568,0,0,0,0,0,0,0,0,0,0,0,0
0.012213,0.013018,0.012602,0,0,0,0,0,0,0,0,0,0,0,0
0.012449,0.012429,0.011883,0,0,0,0,0,0,0,0,0,0,0,0
0.01101,0.010975,0.010957,0,0,0,0,0,0,0,0,0,0,0,0
0.011652,0.010923,0.010922,0,0,0,0,0,0,0,0,0,0,0,0
0.012148,0.011824,0.011465,0,0,0,0,0,0,0,0,0,0,0,0
0.012354,0.011547,0.011992,0,0,0,0,0,0,0,0,0,0,0,0
0.012034,0.011105,0.010996,0,0,0,0,0,0,0,0,0,0,0,0
0.011336,0.011173,0.011713,0,0,0,0,0,0,0,0,0,0,0,0
0.011098,0.011064,0.010886,0,0,0,0,0,0,0,0,0,0,0,0
0.011112,0.010877,0.011098,0,0,0,0,0,0,0,0,0,0,0,0
0.011426,0.010996,0.011309,0,0,0,0,0,0,0,0,0,0,0,0
0.011468,0.010899,0.01103,0,0,0,0,0,0,0,0,0,0,0,0
0.027283,0.011212,0.011345,0,0,0,0,0,0,0,0,0,0,0,0
0.014783,0.011398,0.01098,0,0,0,0,0,0,0,0,0,0,0,0
0.024785,0.011093,0.011103,0,0,0,0,0,0,0,0,0,0,0,0
0.024775,0.011998,0.011099,0,0,0,0,0,0,0,0,0,0,0,0
0.017768,0.011177,0.01075,0,0,0,0,0,0,0,0,0,0,0,0
0.011014,0.010364,0.01044,0,0,0,0,0,0,0,0,0,0,0,0
0.032899,0.010441,0.010343,0,0,0,0,0,0,0,0,0,0,0,0
0.030544,0.010971,0.010699,0,0,0,0,0,0,0,0,0,0,0,0
0.011717,0.011023,0.010473,0,0,0,0,0,0,0,0,0,0,0,0
0.023193,0.012061,0.01128,0,0,0,0,0,0,0,0,0,0,0,0
0.019782,0.012412,0.011237,0,0,0,0,0,0,0,0,0,0,0,0
0.031517,0.012916,0.011342,0,0,0,0,0,0,0,0,0,0,0,0
0.018072,0.013018,0.011085,0,0,0,0,0,0,0,0,0,0,0,0
0.024822,0.011042,0.011098,0,0,0,0,0,0,0,0,0,0,0,0
0.023907,0.01159,0.010917,0,0,0,0,0,0,0,0,0,0,0,0
0.022699,0.011224,0.011125,0,0,0,0,0,0,0,0,0,0,0,0
0.024932,0.011731,0.011756,0,0,0,0,0,0,0,0,0,0,0,0
0.018304,0.010736,0.010723,0,0,0,0,0,0,0,0,0,0,0,0
0.021888,0.01114,0.011102,0,0,0,0,0,0,0,0,0,0,0,0
0.01568,0.010772,0.01098,0,0,0,0,0,0,0,0,0,0,0,0
0.040721,0.010703,0.011231,0,0,0,0,0,0,0,0,0,0,0,0
0.020068,0.010925,0.011025,0,0,0,0,0,0,0,0,0,0,0,0
0.022106,0.010941,0.01099,0,0,0,0,0,0,0,0,0,0,0,0
0.046918,0.010875,0.011011,0,0,0,0,0,0,0,0,0,0,0,0
0.02417,0.011237,0.01066,0,0,0,0,0,0,0,0,0,0,0,0
0.020251,0.010324,0.010401,0,0,0,0,0,0,0,0,0,0,0,0
0.011935,0.011287,0.011076,0,0,0,0,0,0,0,0,0,0,0,0
0.014282,0.010929,0.010846,0,0,0,0,0,0,0,0,0,0,0,0
0.011894,0.011085,0.01099,0,0,0,0,0,0,0,0,0,0,0,0
0.020919,0.010701,0.011133,0,0,0,0,0,0,0,0,0,0,0,0
0.01162,0.011112,0.010907,0,0,0,0,0,0,0,0,0,0,0,0
0.01175,0.010952,0.011002,0,0,0,0,0,0,0,0,0,0,0,0
0.013014,0.011325,0.01105,0,0,0,0,0,0,0,0,0,0,0,0
0.054989,0.010819,0.010481,0,0,0,0,0,0,0,0,0,0,0,0
0.028061,0.011121,0.011107,0,0,0,0,0,0,0,0,0,0,0,0
0.013215,0.011533,0.011852,0,0,0,0,0,0,0,0,0,0,0,0
0.013138,0.011456,0.011778,0,0,0,0,0,0,0,0,0,0,0,0
0.012764,0.012716,0.013108,0,0,0,0,0,0,0,0,0,0,0,0
0.010918,0.010986,0.011111,0,0,0,0,0,0,0,0,0,0,0,0
0.024872,0.010639,0.01079,0,0,0,0,0,0,0,0,0,0,0,0
0.012334,0.010793,0.010867,0,0,0,0,0,0,0,0,0,0,0,0
0.01364,0.011147,0.010901,0,0,0,0,0,0,0,0,0,0,0,0
0.011134,0.011005,0.010919,0,0,0,0,0,0,0,0,0,0,0,0
0.01064,0.010726,0.011307,0,0,0,0,0,0,0,0,0,0,0,0
0.025513,0.011062,0.011189,0,0,0,0,0,0,0,0,0,0,0,0
0.011787,0.011133,0.011011,0,0,0,0,0,0,0,0,0,0,0,0
0.01154,0.011123,0.011162,0,0,0,0,0,0,0,0,0,0,0,0
0.016311,0.016048,0.015965,0,0,0,0,0,0,0,0,0,0,0,0
0.012221,0.011903,0.011566,0,0,0,0,0,0,0,0,0,0,0,0
0.013088,0.013964,0.013687,0,0,0,0,0,0,0,0,0,0,0,0
0.053994,0.011066,0.010994,0,0,0,0,0,0,0,0,0,0,0,0
0.026462,0.011002,0.010684,0,0,0,0,0,0,0,0,0,0,0,0
0.04365,0.012946,0.012975,0,0,0,0,0,0,0,0,0,0,0,0
0.011773,0.009815,0.010392,0,0,0,0,0,0,0,0,0,0,0,0
0.011006,0.010147,0.010127,0,0,0,0,0,0,0,0,0,0,0,0
0.012409,0.011059,0.010851,0,0,0,0,0,0,0,0,0,0,0,0
0.011067,0.010475,0.010411,0,0,0,0,0,0,0,0,0,0,0,0
0.014194,0.010894,0.010957,0,0,0,0,0,0,0,0,0,0,0,0
0.014379,0.012955,0.012947,0,0,0,0,0,0,0,0,0,0,0,0
0.012704,0.011324,0.011348,0,0,0,0,0,0,0,0,0,0,0,0
0.021749,0.020693,0.020773,0,0,0,0,0,0,0,0,0,0,0,0
0.018133,0.016452,0.01581,0,0,0,0,0,0,0,0,0,0,0,0
0.015147,0.014907,0.014665,0,0,0,0,0,0,0,0,0,0,0,0
0.012202,0.012048,0.011949,0,0,0,0,0,0,0,0,0,0,0,0
0.014868,0.013589,0.013202,0,0,0,0,0,0,0,0,0,0,0,0
0.058993,0.013582,0.013124,0,0,0,0,0,0,0,0,0,0,0,0
0.015937,0.014124,0.013935,0,0,0,0,0,0,0,0,0,0,0,0
0.016376,0.015787,0.01552,0,0,0,0,0,0,0,0,0,0,0,0
0.025011,0.015788,0.01646,0,0,0,0,0,0,0,0,0,0,0,0
0.012285,0.011806,0.01119,0,0,0,0,0,0,0,0,0,0,0,0
0.021316,0.011723,0.011633,0,0,0,0,0,0,0,0,0,0,0,0
0.012089,0.010909,0.010993,0,0,0,0,0,0,0,0,0,0,0,0
0.011961,0.010753,0.010409,0,0,0,0,0,0,0,0,0,0,0,0
0.013974,0.01318,0.013101,0,0,0,0,0,0,0,0,0,0,0,0
0.013479,0.013259,0.01297,0,0,0,0,0,0,0,0,0,0,0,0
0.011311,0.010476,0.011077,0,0,0,0,0,0,0,0,0,0,0,0
0.011447,0.011076,0.010835,0,0,0,0,0,0,0,0,0,0,0,0
0.011164,0.010568,0.011023,0,0,0,0,0,0,0,0,0,0,0,0
0.01051,0.010569,0.01111,0,0,0,0,0,0,0,0,0,0,0,0
0.010476,0.01079,0.010997,0,0,0,0,0,0,0,0,0,0,0,0
0.010692,0.010872,0.0108,0,0,0,0,0,0,0,0,0,0,0,0
0.011273,0.011151,0.011003,0,0,0,0,0,0,0,0,0,0,0,0
0.012791,0.010567,0.010871,0,0,0,0,0,0,0,0,0,0,0,0
0.011417,0.011061,0.011015,0,0,0,0,0,0,0,0,0,0,0,0
0.012897,0.012985,0.012883,0,0,0,0,0,0,0,0,0,0,0,0
0.013159,0.012785,0.012713,0,0,0,0,0,0,0,0,0,0,0,0
0.047022,0.014335,0.013712,0,0,0,0,0,0,0,0,0,0,0,0
0.023187,0.012482,0.01178,0,0,0,0,0,0,0,0,0,0,0,0
0.013007,0.012432,0.012111,0,0,0,0,0,0,0,0,0,0,0,0
0.011305,0.010542,0.010485,0,0,0,0,0,0,0,0,0,0,0,0
0.010763,0.010781,0.010098,0,0,0,0,0,0,0,0,0,0,0,0
0.010451,0.010937,0.010406,0,0,0,0,0,0,0,0,0,0,0,0
0.010173,0.010833,0.010479,0,0,0,0,0,0,0,0,0,0,0,0
0.012208,0.011668,0.012095,0,0,0,0,0,0,0,0,0,0,0,0
0.010123,0.0090429,0.010137,0,0,0,0,0,0,0,0,0,0,0,0
0.010855,0.010217,0.010629,0,0,0,0,0,0,0,0,0,0,0,0
0.010722,0.010362,0.010358,0,0,0,0,0,0,0,0,0,0,0,0
0.0181,0.010103,0.010168,0,0,0,0,0,0,0,0,0,0,0,0
0.026821,0.0098505,0.010583,0,0,0,0,0,0,0,0,0,0,0,0
0.011033,0.010777,0.010508,0,0,0,0,0,0,0,0,0,0,0,0
0.022183,0.012158,0.012168,0,0,0,0,0,0,0,0,0,0,0,0
0.038261,0.011827,0.011734,0,0,0,0,0,0,0,0,0,0,0,0
0.011043,0.010798,0.011321,0,0,0,0,0,0,0,0,0,0,0,0
0.011149,0.010422,0.010131,0,0,0,0,0,0,0,0,0,0,0,0
0.010908,0.010533,0.010523,0,0,0,0,0,0,0,0,0,0,0,0
0.011036,0.01041,0.009914,0,0,0,0,0,0,0,0,0,0,0,0
0.018423,0.010156,0.010238,0,0,0,0,0,0,0,0,0,0,0,0
0.033254,0.0096505,0.010093,0,0,0,0,0,0,0,0,0,0,0,0
0.010742,0.010046,0.0099782,0,0,0,0,0,0,0,0,0,0,0,0
0.022111,0.012803,0.01223,0,0,0,0,0,0,0,0,0,0,0,0
0.011171,0.010394,0.0098444,0,0,0,0,0,0,0,0,0,0,0,0
0.018515,0.010035,0.010537,0,0,0,0,0,0,0,0,0,0,0,0
0.012873,0.011078,0.011521,0,0,0,0,0,0,0,0,0,0,0,0
0.010422,0.010424,0.0098867,0,0,0,0,0,0,0,0,0,0,0,0
0.054162,0.010834,0.01078,0,0,0,0,0,0,0,0,0,0,0,0
0.044814,0.010506,0.010265,0,0,0,0,0,0,0,0,0,0,0,0
0.022318,0.011965,0.012094,0,0,0,0,0,0,0,0,0,0,0,0
0.011802,0.010558,0.010805,0,0,0,0,0,0,0,0,0,0,0,0
0.022282,0.012606,0.012301,0,0,0,0,0,0,0,0,0,0,0,0
0.01026,0.0098355,0.0099584,0,0,0,0,0,0,0,0,0,0,0,0
0.017892,0.01044,0.010244,0,0,0,0,0,0,0,0,0,0,0,0
0.01208,0.011081,0.011199,0,0,0,0,0,0,0,0,0,0,0,0
0.012039,0.010602,0.010469,0,0,0,0,0,0,0,0,0,0,0,0
0.018037,0.011934,0.011606,0,0,0,0,0,0,0,0,0,0,0,0
0.010996,0.010312,0.01013,0,0,0,0,0,0,0,0,0,0,0,0
0.010338,0.0096321,0.009543,0,0,0,0,0,0,0,0,0,0,0,0
0.010719,0.010255,0.0095829,0,0,0,0,0,0,0,0,0,0,0,0
0.011159,0.010403,0.01038,0,0,0,0,0,0,0,0,0,0,0,0
0.011009,0.0099642,0.010358,0,0,0,0,0,0,0,0,0,0,0,0
0.048436,0.012105,0.012269,0,0,0,0,0,0,0,0,0,0,0,0
0.015976,0.01499,0.014691,0,0,0,0,0,0,0,0,0,0,0,0
0.020976,0.013376,0.012689,0,0,0,0,0,0,0,0,0,0,0,0
0.023921,0.014676,0.014231,0,0,0,0,0,0,0,0,0,0,0,0
NaN,NaN,NaN,0,0,0,0,0,0,0,0,0,0,0,0
NaN,NaN,NaN,0,0,0,0,0,0,0,0,0,0,0,0
NaN,NaN,NaN,0,0,0,0,0,0,0,0,0,0,0,0
NaN,NaN,NaN,0,0,0,0,0,0,0,0,0,0,0,0
0.00011537,0.00014609,0.00011605,0,0,0,0,0,0,0,0,0,0,0,0
0.024753,0.025053,0.021456,0,0,0,0,0,0,0,0,0,0,0,0
0.015324,0.014239,0.013065,0,0,0,0,0,0,0,0,0,0,0,0
0.01674,0.016799,0.015315,0,0,0,0,0,0,0,0,0,0,0,0
0.03432,0.017558,0.016031,0,0,0,0,0,0,0,0,0,0,0,0
0.015855,0.01472,0.013911,0,0,0,0,0,0,0,0,0,0,0,0
0.018061,0.016936,0.016159,0,0,0,0,0,0,0,0,0,0,0,0
0.020954,0.021648,0.019427,0,0,0,0,0,0,0,0,0,0,0,0
0.015224,0.015253,0.01434,0,0,0,0,0,0,0,0,0,0,0,0
NaN,NaN,NaN,0,0,0,0,0,0,0,0,0,0,0,0
NaN,NaN,NaN,0,0,0,0,0,0,0,0,0,0,0,0
NaN,NaN,NaN,0,0,0,0,0,0,0,0,0,0,0,0
NaN,NaN,NaN,0,0,0,0,0,0,0,0,0,0,0,0
0.00011947,0.00010206,0.00010172,0,0,0,0,0,0,0,0,0,0,0,0
0.03631,0.020538,0.018944,0,0,0,0,0,0,0,0,0,0,0,0
0.014898,0.013504,0.012577,0,0,0,0,0,0,0,0,0,0,0,0
0.023644,0.013662,0.012442,0,0,0,0,0,0,0,0,0,0,0,0
0.024905,0.010927,0.010241,0,0,0,0,0,0,0,0,0,0,0,0
0.013053,0.012245,0.012208,0,0,0,0,0,0,0,0,0,0,0,0
0.013719,0.013187,0.01233,0,0,0,0,0,0,0,0,0,0,0,0
0.013197,0.013123,0.01252,0,0,0,0,0,0,0,0,0,0,0,0
0.021733,0.012897,0.012429,0,0,0,0,0,0,0,0,0,0,0,0
0.013834,0.01302,0.012425,0,0,0,0,0,0,0,0,0,0,0,0
0.015887,0.013027,0.012518,0,0,0,0,0,0,0,0,0,0,0,0
0.013713,0.012914,0.012227,0,0,0,0,0,0,0,0,0,0,0,0
0.01437,0.014108,0.013234,0,0,0,0,0,0,0,0,0,0,0,0
0.025849,0.013309,0.012604,0,0,0,0,0,0,0,0,0,0,0,0
0.014694,0.013788,0.013409,0,0,0,0,0,0,0,0,0,0,0,0
0.028782,0.013153,0.012316,0,0,0,0,0,0,0,0,0,0,0,0
0.013747,0.01303,0.012767,0,0,0,0,0,0,0,0,0,0,0,0
0.014057,0.013515,0.01271,0,0,0,0,0,0,0,0,0,0,0,0
0.024091,0.010792,0.010316,0,0,0,0,0,0,0,0,0,0,0,0
0.013791,0.012953,0.012252,0,0,0,0,0,0,0,0,0,0,0,0
0.013785,0.013158,0.012402,0,0,0,0,0,0,0,0,0,0,0,0
0.013089,0.012915,0.012612,0,0,0,0,0,0,0,0,0,0,0,0
0.014064,0.013935,0.012941,0,0,0,0,0,0,0,0,0,0,0,0
0.030753,0.01428,0.013682,0,0,0,0,0,0,0,0,0,0,0,0
0.014669,0.013771,0.012961,0,0,0,0,0,0,0,0,0,0,0,0
0.014099,0.013545,0.01285,0,0,0,0,0,0,0,0,0,0,0,0
0.015375,0.013811,0.013204,0,0,0,0,0,0,0,0,0,0,0,0
0.013544,0.012836,0.01223,0,0,0,0,0,0,0,0,0,0,0,0
0.027398,0.013014,0.012395,0,0,0,0,0,0,0,0,0,0,0,0
0.013752,0.012852,0.01406,0,0,0,0,0,0,0,0,0,0,0,0
0.013723,0.013052,0.014026,0,0,0,0,0,0,0,0,0,0,0,0
0.025904,0.013752,0.014522,0,0,0,0,0,0,0,0,0,0,0,0
0.016799,0.013584,0.01354,0,0,0,0,0,0,0,0,0,0,0,0
0.029327,0.013768,0.013282,0,0,0,0,0,0,0,0,0,0,0,0
0.013666,0.012793,0.012315,0,0,0,0,0,0,0,0,0,0,0,0
0.013844,0.01282,0.012588,0,0,0,0,0,0,0,0,0,0,0,0
0.013437,0.012888,0.012121,0,0,0,0,0,0,0,0,0,0,0,0
0.013454,0.012729,0.011938,0,0,0,0,0,0,0,0,0,0,0,0
0.01739,0.012884,0.012243,0,0,0,0,0,0,0,0,0,0,0,0
0.013193,0.012832,0.011788,0,0,0,0,0,0,0,0,0,0,0,0
0.013304,0.012659,0.011983,0,0,0,0,0,0,0,0,0,0,0,0
0.013677,0.012912,0.012522,0,0,0,0,0,0,0,0,0,0,0,0
0.013634,0.012765,0.012401,0,0,0,0,0,0,0,0,0,0,0,0
0.014694,0.013657,0.012873,0,0,0,0,0,0,0,0,0,0,0,0
0.014325,0.012805,0.012119,0,0,0,0,0,0,0,0,0,0,0,0
0.014527,0.014119,0.012908,0,0,0,0,0,0,0,0,0,0,0,0
0.02676,0.016054,0.013103,0,0,0,0,0,0,0,0,0,0,0,0
0.015518,0.014793,0.013266,0,0,0,0,0,0,0,0,0,0,0,0
0.014988,0.014319,0.012771,0,0,0,0,0,0,0,0,0,0,0,0
0.01431,0.013694,0.012935,0,0,0,0,0,0,0,0,0,0,0,0
0.0146,0.013674,0.012919,0,0,0,0,0,0,0,0,0,0,0,0
0.014799,0.013925,0.013072,0,0,0,0,0,0,0,0,0,0,0,0
0.015136,0.013638,0.012892,0,0,0,0,0,0,0,0,0,0,0,0
0.020028,0.013722,0.012981,0,0,0,0,0,0,0,0,0,0,0,0
0.0262,0.01367,0.012551,0,0,0,0,0,0,0,0,0,0,0,0
0.014036,0.013636,0.012801,0,0,0,0,0,0,0,0,0,0,0,0
0.056673,0.013021,0.012122,0,0,0,0,0,0,0,0,0,0,0,0
0.013947,0.012732,0.011918,0,0,0,0,0,0,0,0,0,0,0,0
0.025762,0.012888,0.012127,0,0,0,0,0,0,0,0,0,0,0,0
0.014833,0.01274,0.012612,0,0,0,0,0,0,0,0,0,0,0,0
0.014675,0.01296,0.012553,0,0,0,0,0,0,0,0,0,0,0,0
0.019204,0.011846,0.011461,0,0,0,0,0,0,0,0,0,0,0,0
0.014465,0.012768,0.012121,0,0,0,0,0,0,0,0,0,0,0,0
0.026211,0.012014,0.011366,0,0,0,0,0,0,0,0,0,0,0,0
0.014477,0.012699,0.012118,0,0,0,0,0,0,0,0,0,0,0,0
0.019081,0.012017,0.011367,0,0,0,0,0,0,0,0,0,0,0,0
0.0384,0.01206,0.011121,0,0,0,0,0,0,0,0,0,0,0,0
0.013674,0.01284,0.012054,0,0,0,0,0,0,0,0,0,0,0,0
0.02649,0.012624,0.012065,0,0,0,0,0,0,0,0,0,0,0,0
0.013976,0.012778,0.011978,0,0,0,0,0,0,0,0,0,0,0,0
0.018452,0.012719,0.01195,0,0,0,0,0,0,0,0,0,0,0,0
0.029899,0.012841,0.012176,0,0,0,0,0,0,0,0,0,0,0,0
0.036757,0.010769,0.0098157,0,0,0,0,0,0,0,0,0,0,0,0
0.026022,0.010487,0.0097935,0,0,0,0,0,0,0,0,0,0,0,0
0.013228,0.012746,0.011787,0,0,0,0,0,0,0,0,0,0,0,0
0.013099,0.012849,0.012063,0,0,0,0,0,0,0,0,0,0,0,0
0.014063,0.012598,0.011898,0,0,0,0,0,0,0,0,0,0,0,0
0.035371,0.012926,0.01216,0,0,0,0,0,0,0,0,0,0,0,0
0.013913,0.01284,0.01207,0,0,0,0,0,0,0,0,0,0,0,0
0.013268,0.013078,0.012088,0,0,0,0,0,0,0,0,0,0,0,0
0.039978,0.012588,0.011844,0,0,0,0,0,0,0,0,0,0,0,0
0.013947,0.012784,0.012119,0,0,0,0,0,0,0,0,0,0,0,0
0.025434,0.012862,0.011915,0,0,0,0,0,0,0,0,0,0,0,0
0.021592,0.012765,0.012091,0,0,0,0,0,0,0,0,0,0,0,0
0.012173,0.010572,0.010006,0,0,0,0,0,0,0,0,0,0,0,0
0.012585,0.011937,0.011398,0,0,0,0,0,0,0,0,0,0,0,0
0.014488,0.01451,0.013166,0,0,0,0,0,0,0,0,0,0,0,0
0.025943,0.013511,0.012613,0,0,0,0,0,0,0,0,0,0,0,0
0.013088,0.012938,0.011904,0,0,0,0,0,0,0,0,0,0,0,0
0.013142,0.012658,0.011719,0,0,0,0,0,0,0,0,0,0,0,0
0.013446,0.012764,0.012014,0,0,0,0,0,0,0,0,0,0,0,0
0.02306,0.012385,0.011978,0,0,0,0,0,0,0,0,0,0,0,0
0.032691,0.010503,0.0096328,0,0,0,0,0,0,0,0,0,0,0,0
0.011013,0.010219,0.0096369,0,0,0,0,0,0,0,0,0,0,0,0
0.012877,0.012443,0.01188,0,0,0,0,0,0,0,0,0,0,0,0
0.01324,0.012441,0.011741,0,0,0,0,0,0,0,0,0,0,0,0
0.013116,0.012523,0.011685,0,0,0,0,0,0,0,0,0,0,0,0
0.021984,0.012489,0.011657,0,0,0,0,0,0,0,0,0,0,0,0
0.02264,0.012559,0.011626,0,0,0,0,0,0,0,0,0,0,0,0
0.013315,0.026415,0.011296,0,0,0,0,0,0,0,0,0,0,0,0
0.014202,0.01355,0.01277,0,0,0,0,0,0,0,0,0,0,0,0
0.016595,0.015499,0.014489,0,0,0,0,0,0,0,0,0,0,0,0
0.024403,0.010755,0.0093676,0,0,0,0,0,0,0,0,0,0,0,0
0.027851,0.012397,0.012146,0,0,0,0,0,0,0,0,0,0,0,0
0.013124,0.012884,0.011973,0,0,0,0,0,0,0,0,0,0,0,0
0.019171,0.013176,0.012787,0,0,0,0,0,0,0,0,0,0,0,0
0.015282,0.013394,0.012197,0,0,0,0,0,0,0,0,0,0,0,0
0.026176,0.01335,0.012353,0,0,0,0,0,0,0,0,0,0,0,0
0.022595,0.013255,0.012436,0,0,0,0,0,0,0,0,0,0,0,0
0.027912,0.012387,0.011744,0,0,0,0,0,0,0,0,0,0,0,0
0.026601,0.013402,0.012086,0,0,0,0,0,0,0,0,0,0,0,0
0.024109,0.012535,0.011758,0,0,0,0,0,0,0,0,0,0,0,0
0.013938,0.013238,0.013302,0,0,0,0,0,0,0,0,0,0,0,0
0.027098,0.014231,0.014159,0,0,0,0,0,0,0,0,0,0,0,0
0.025089,0.013198,0.012498,0,0,0,0,0,0,0,0,0,0,0,0
0.013931,0.013156,0.012461,0,0,0,0,0,0,0,0,0,0,0,0
0.014614,0.01341,0.012672,0,0,0,0,0,0,0,0,0,0,0,0
0.014393,0.014047,0.013068,0,0,0,0,0,0,0,0,0,0,0,0
0.013971,0.013226,0.012741,0,0,0,0,0,0,0,0,0,0,0,0
0.013834,0.013372,0.012702,0,0,0,0,0,0,0,0,0,0,0,0
0.011314,0.011013,0.010369,0,0,0,0,0,0,0,0,0,0,0,0
0.011439,0.011048,0.011034,0,0,0,0,0,0,0,0,0,0,0,0
0.011227,0.010925,0.010243,0,0,0,0,0,0,0,0,0,0,0,0
0.01121,0.011024,0.010395,0,0,0,0,0,0,0,0,0,0,0,0
0.011221,0.011018,0.01054,0,0,0,0,0,0,0,0,0,0,0,0
0.01127,0.011089,0.010271,0,0,0,0,0,0,0,0,0,0,0,0
0.012192,0.011948,0.011372,0,0,0,0,0,0,0,0,0,0,0,0
0.022969,0.010948,0.010519,0,0,0,0,0,0,0,0,0,0,0,0
0.011408,0.010833,0.010267,0,0,0,0,0,0,0,0,0,0,0,0
0.010935,0.011259,0.010127,0,0,0,0,0,0,0,0,0,0,0,0
0.018125,0.011065,0.009954,0,0,0,0,0,0,0,0,0,0,0,0
0.01145,0.011238,0.010189,0,0,0,0,0,0,0,0,0,0,0,0
0.011064,0.011059,0.010118,0,0,0,0,0,0,0,0,0,0,0,0
0.011313,0.010904,0.010002,0,0,0,0,0,0,0,0,0,0,0,0
0.011215,0.011275,0.009914,0,0,0,0,0,0,0,0,0,0,0,0
0.011435,0.010999,0.010249,0,0,0,0,0,0,0,0,0,0,0,0
0.011304,0.010774,0.0099475,0,0,0,0,0,0,0,0,0,0,0,0
0.011351,0.010827,0.010064,0,0,0,0,0,0,0,0,0,0,0,0
0.01227,0.011046,0.010375,0,0,0,0,0,0,0,0,0,0,0,0
0.011062,0.010736,0.0099891,0,0,0,0,0,0,0,0,0,0,0,0
0.011426,0.01099,0.010128,0,0,0,0,0,0,0,0,0,0,0,0
0.011807,0.01113,0.010157,0,0,0,0,0,0,0,0,0,0,0,0
0.011545,0.0105,0.010214,0,0,0,0,0,0,0,0,0,0,0,0
0.011532,0.010643,0.010175,0,0,0,0,0,0,0,0,0,0,0,0
0.011751,0.010602,0.010435,0,0,0,0,0,0,0,0,0,0,0,0
0.01237,0.010658,0.011007,0,0,0,0,0,0,0,0,0,0,0,0
0.011202,0.010526,0.010074,0,0,0,0,0,0,0,0,0,0,0,0
0.010631,0.0096905,0.0092969,0,0,0,0,0,0,0,0,0,0,0,0
0.011235,0.010559,0.0097376,0,0,0,0,0,0,0,0,0,0,0,0
0.0098458,0.010546,0.0087907,0,0,0,0,0,0,0,0,0,0,0,0
