0.000137,0.000141,0.000164,0,0,0,0,0,0,0,0,0,0,0,0
0.017324,0.014382,0.014893,0,0,0,0,0,0,0,0,0,0,0,0
0.039295,0.040884,0.041055,0,0,0,0,0,0,0,0,0,0,0,0
0.024038,0.024998,0.02446,0,0,0,0,0,0,0,0,0,0,0,0
0.017509,0.017951,0.018576,0,0,0,0,0,0,0,0,0,0,0,0
0.014301,0.014571,0.015093,0,0,0,0,0,0,0,0,0,0,0,0
0.011309,0.012006,0.011743,0,0,0,0,0,0,0,0,0,0,0,0
0.009014,0.009665,0.009371,0,0,0,0,0,0,0,0,0,0,0,0
0.00896,0.009556,0.009303,0,0,0,0,0,0,0,0,0,0,0,0
0.007703,0.008089,0.007834,0,0,0,0,0,0,0,0,0,0,0,0
0.007257,0.007835,0.007423,0,0,0,0,0,0,0,0,0,0,0,0
0.00664,0.007213,0.006862,0,0,0,0,0,0,0,0,0,0,0,0
0.006375,0.006616,0.006576,0,0,0,0,0,0,0,0,0,0,0,0
0.006155,0.006112,0.006025,0,0,0,0,0,0,0,0,0,0,0,0
0.021857,0.022008,0.021786,0,0,0,0,0,0,0,0,0,0,0,0
0.01913,0.019176,0.019039,0,0,0,0,0,0,0,0,0,0,0,0
0.01744,0.017617,0.017393,0,0,0,0,0,0,0,0,0,0,0,0
NaN,NaN,NaN,0,0,0,0,0,0,0,0,0,0,0,0
NaN,NaN,NaN,0,0,0,0,0,0,0,0,0,0,0,0
NaN,NaN,NaN,0,0,0,0,0,0,0,0,0,0,0,0
NaN,NaN,NaN,0,0,0,0,0,0,0,0,0,0,0,0
0.000171,0.00021,0.000198,0,0,0,0,0,0,0,0,0,0,0,0
0.016404,0.014816,0.016083,0,0,0,0,0,0,0,0,0,0,0,0
0.023142,0.038014,0.037982,0,0,0,0,0,0,0,0,0,0,0,0
0.010161,0.014453,0.014391,0,0,0,0,0,0,0,0,0,0,0,0
0.00896,0.011848,0.011924,0,0,0,0,0,0,0,0,0,0,0,0
0.006581,0.008275,0.008434,0,0,0,0,0,0,0,0,0,0,0,0
0.018598,0.023013,0.022606,0,0,0,0,0,0,0,0,0,0,0,0
0.012707,0.014624,0.01416,0,0,0,0,0,0,0,0,0,0,0,0
0.010408,0.011892,0.010978,0,0,0,0,0,0,0,0,0,0,0,0
0.008802,0.009778,0.009053,0,0,0,0,0,0,0,0,0,0,0,0
0.007293,0.008091,0.007247,0,0,0,0,0,0,0,0,0,0,0,0
0.006137,0.006715,0.006346,0,0,0,0,0,0,0,0,0,0,0,0
0.00572,0.006391,0.005991,0,0,0,0,0,0,0,0,0,0,0,0
0.005586,0.006071,0.005791,0,0,0,0,0,0,0,0,0,0,0,0
0.005496,0.006037,0.005817,0,0,0,0,0,0,0,0,0,0,0,0
0.019824,0.022062,0.021964,0,0,0,0,0,0,0,0,0,0,0,0
0.015503,0.017887,0.017758,0,0,0,0,0,0,0,0,0,0,0,0
0.012561,0.014465,0.014395,0,0,0,0,0,0,0,0,0,0,0,0
0.009592,0.011297,0.011222,0,0,0,0,0,0,0,0,0,0,0,0
0.008544,0.010161,0.01024,0,0,0,0,0,0,0,0,0,0,0,0
0.006629,0.007584,0.007385,0,0,0,0,0,0,0,0,0,0,0,0
0.014568,0.017439,0.017178,0,0,0,0,0,0,0,0,0,0,0,0
0.010884,0.012878,0.012713,0,0,0,0,0,0,0,0,0,0,0,0
0.010304,0.012014,0.011877,0,0,0,0,0,0,0,0,0,0,0,0
0.009509,0.011505,0.011224,0,0,0,0,0,0,0,0,0,0,0,0
0.008821,0.010574,0.010474,0,0,0,0,0,0,0,0,0,0,0,0
0.005072,0.006107,0.005858,0,0,0,0,0,0,0,0,0,0,0,0
0.013676,0.016277,0.01643,0,0,0,0,0,0,0,0,0,0,0,0
0.00809,0.00949,0.009413,0,0,0,0,0,0,0,0,0,0,0,0
0.005634,0.006601,0.006788,0,0,0,0,0,0,0,0,0,0,0,0
0.005047,0.005909,0.005932,0,0,0,0,0,0,0,0,0,0,0,0
0.016927,0.020055,0.019987,0,0,0,0,0,0,0,0,0,0,0,0
0.007044,0.008217,0.008186,0,0,0,0,0,0,0,0,0,0,0,0
0.005376,0.006137,0.006095,0,0,0,0,0,0,0,0,0,0,0,0
0.01284,0.015307,0.015257,0,0,0,0,0,0,0,0,0,0,0,0
0.007397,0.00871,0.00886,0,0,0,0,0,0,0,0,0,0,0,0
0.005418,0.006384,0.006386,0,0,0,0,0,0,0,0,0,0,0,0
NaN,NaN,NaN,0,0,0,0,0,0,0,0,0,0,0,0
NaN,NaN,NaN,0,0,0,0,0,0,0,0,0,0,0,0
NaN,NaN,NaN,0,0,0,0,0,0,0,0,0,0,0,0
NaN,NaN,NaN,0,0,0,0,0,0,0,0,0,0,0,0
0.000145,0.000184,0.000175,0,0,0,0,0,0,0,0,0,0,0,0
0.015501,0.018282,0.01433,0,0,0,0,0,0,0,0,0,0,0,0
0.026006,0.02691,0.027071,0,0,0,0,0,0,0,0,0,0,0,0
0.016777,0.021865,0.017601,0,0,0,0,0,0,0,0,0,0,0,0
0.013989,0.017756,0.014897,0,0,0,0,0,0,0,0,0,0,0,0
0.012508,0.016049,0.012907,0,0,0,0,0,0,0,0,0,0,0,0
0.018704,0.014613,0.012048,0,0,0,0,0,0,0,0,0,0,0,0
0.010069,0.013298,0.011261,0,0,0,0,0,0,0,0,0,0,0,0
0.009319,0.011875,0.010262,0,0,0,0,0,0,0,0,0,0,0,0
0.00915,0.011369,0.009907,0,0,0,0,0,0,0,0,0,0,0,0
0.008451,0.010307,0.009081,0,0,0,0,0,0,0,0,0,0,0,0
0.008,0.009669,0.008494,0,0,0,0,0,0,0,0,0,0,0,0
0.007896,0.009285,0.008614,0,0,0,0,0,0,0,0,0,0,0,0
0.007595,0.008889,0.008465,0,0,0,0,0,0,0,0,0,0,0,0
0.007323,0.008295,0.008209,0,0,0,0,0,0,0,0,0,0,0,0
0.006274,0.007014,0.006928,0,0,0,0,0,0,0,0,0,0,0,0
0.006122,0.006902,0.006708,0,0,0,0,0,0,0,0,0,0,0,0
0.005679,0.006499,0.0062,0,0,0,0,0,0,0,0,0,0,0,0
0.005666,0.00639,0.006193,0,0,0,0,0,0,0,0,0,0,0,0
0.005572,0.006345,0.006203,0,0,0,0,0,0,0,0,0,0,0,0
0.005478,0.006281,0.006191,0,0,0,0,0,0,0,0,0,0,0,0
0.005499,0.008034,0.006296,0,0,0,0,0,0,0,0,0,0,0,0
0.005394,0.006136,0.006186,0,0,0,0,0,0,0,0,0,0,0,0
0.005446,0.006169,0.006214,0,0,0,0,0,0,0,0,0,0,0,0
0.005473,0.006158,0.006244,0,0,0,0,0,0,0,0,0,0,0,0
0.005505,0.006267,0.006237,0,0,0,0,0,0,0,0,0,0,0,0
0.005395,0.006151,0.006163,0,0,0,0,0,0,0,0,0,0,0,0
0.017279,0.019935,0.020016,0,0,0,0,0,0,0,0,0,0,0,0
0.011806,0.013667,0.013629,0,0,0,0,0,0,0,0,0,0,0,0
0.009643,0.011342,0.011316,0,0,0,0,0,0,0,0,0,0,0,0
0.008831,0.010521,0.010563,0,0,0,0,0,0,0,0,0,0,0,0
0.008238,0.009762,0.013347,0,0,0,0,0,0,0,0,0,0,0,0
0.00808,0.009368,0.009323,0,0,0,0,0,0,0,0,0,0,0,0
0.007756,0.009279,0.009217,0,0,0,0,0,0,0,0,0,0,0,0
0.00731,0.008649,0.008601,0,0,0,0,0,0,0,0,0,0,0,0
0.007423,0.008618,0.008657,0,0,0,0,0,0,0,0,0,0,0,0
0.006951,0.008595,0.008378,0,0,0,0,0,0,0,0,0,0,0,0
0.006781,0.008154,0.008143,0,0,0,0,0,0,0,0,0,0,0,0
0.006241,0.007519,0.007507,0,0,0,0,0,0,0,0,0,0,0,0
0.005893,0.007159,0.007201,0,0,0,0,0,0,0,0,0,0,0,0
0.005786,0.006973,0.006954,0,0,0,0,0,0,0,0,0,0,0,0
0.005539,0.006665,0.006627,0,0,0,0,0,0,0,0,0,0,0,0
0.00528,0.006349,0.006298,0,0,0,0,0,0,0,0,0,0,0,0
0.005094,0.006026,0.006042,0,0,0,0,0,0,0,0,0,0,0,0
0.005066,0.005983,0.005966,0,0,0,0,0,0,0,0,0,0,0,0
0.005068,0.006034,0.006052,0,0,0,0,0,0,0,0,0,0,0,0
0.005012,0.005851,0.005862,0,0,0,0,0,0,0,0,0,0,0,0
0.00497,0.005869,0.005854,0,0,0,0,0,0,0,0,0,0,0,0
0.004989,0.005846,0.00581,0,0,0,0,0,0,0,0,0,0,0,0
0.004864,0.005734,0.005722,0,0,0,0,0,0,0,0,0,0,0,0
0.004896,0.005786,0.00571,0,0,0,0,0,0,0,0,0,0,0,0
0.017257,0.020716,0.020794,0,0,0,0,0,0,0,0,0,0,0,0
0.012596,0.015418,0.015311,0,0,0,0,0,0,0,0,0,0,0,0
0.01072,0.013481,0.013291,0,0,0,0,0,0,0,0,0,0,0,0
0.010547,0.012599,0.012561,0,0,0,0,0,0,0,0,0,0,0,0
0.009823,0.011961,0.01188,0,0,0,0,0,0,0,0,0,0,0,0
0.00965,0.011769,0.011697,0,0,0,0,0,0,0,0,0,0,0,0
0.008966,0.010839,0.010927,0,0,0,0,0,0,0,0,0,0,0,0
0.008552,0.010477,0.01027,0,0,0,0,0,0,0,0,0,0,0,0
0.008076,0.009917,0.009885,0,0,0,0,0,0,0,0,0,0,0,0
0.007405,0.009149,0.009006,0,0,0,0,0,0,0,0,0,0,0,0
0.007455,0.00917,0.008823,0,0,0,0,0,0,0,0,0,0,0,0
0.00668,0.008201,0.008119,0,0,0,0,0,0,0,0,0,0,0,0
0.006843,0.008127,0.008151,0,0,0,0,0,0,0,0,0,0,0,0
0.006753,0.008044,0.008153,0,0,0,0,0,0,0,0,0,0,0,0
0.00674,0.007857,0.00788,0,0,0,0,0,0,0,0,0,0,0,0
0.006478,0.007736,0.007749,0,0,0,0,0,0,0,0,0,0,0,0
0.00638,0.007895,0.007715,0,0,0,0,0,0,0,0,0,0,0,0
0.006409,0.007925,0.00783,0,0,0,0,0,0,0,0,0,0,0,0
0.006467,0.007797,0.007718,0,0,0,0,0,0,0,0,0,0,0,0
0.006386,0.00785,0.007727,0,0,0,0,0,0,0,0,0,0,0,0
0.006314,0.007761,0.007638,0,0,0,0,0,0,0,0,0,0,0,0
0.005758,0.007206,0.007007,0,0,0,0,0,0,0,0,0,0,0,0
0.005062,0.005894,0.005952,0,0,0,0,0,0,0,0,0,0,0,0
0.016203,0.019896,0.019824,0,0,0,0,0,0,0,0,0,0,0,0
0.011254,0.013832,0.013772,0,0,0,0,0,0,0,0,0,0,0,0
0.009254,0.011469,0.011416,0,0,0,0,0,0,0,0,0,0,0,0
0.005674,0.006747,0.006816,0,0,0,0,0,0,0,0,0,0,0,0
0.00485,0.006158,0.005943,0,0,0,0,0,0,0,0,0,0,0,0
0.01582,0.019497,0.019376,0,0,0,0,0,0,0,0,0,0,0,0
0.007046,0.008557,0.008519,0,0,0,0,0,0,0,0,0,0,0,0
0.005821,0.007254,0.006963,0,0,0,0,0,0,0,0,0,0,0,0
0.005508,0.006354,0.006304,0,0,0,0,0,0,0,0,0,0,0,0
0.016309,0.019385,0.018587,0,0,0,0,0,0,0,0,0,0,0,0
0.013951,0.016761,0.015451,0,0,0,0,0,0,0,0,0,0,0,0
0.013094,0.015507,0.013885,0,0,0,0,0,0,0,0,0,0,0,0
0.012571,0.014794,0.012862,0,0,0,0,0,0,0,0,0,0,0,0
0.011576,0.013573,0.01175,0,0,0,0,0,0,0,0,0,0,0,0
0.011105,0.013292,0.011073,0,0,0,0,0,0,0,0,0,0,0,0
