1
531.2000,197.2000,35.1641,34.1594
527.4200,202.4200,35.1340,34.1302
522.5420,211.9420,34.9018,33.9046
524.7542,218.2942,34.6523,33.6622
520.4754,226.1294,34.3480,33.3666
521.8475,231.4129,34.1804,33.2038
522.8848,239.1413,33.9498,32.9798
522.0885,240.8141,33.7517,32.7874
522.9089,245.4814,33.5420,32.5837
529.2909,250.4481,33.2558,32.3056
535.3291,251.8448,32.9208,31.9802
540.4329,252.8845,32.5955,31.6642
548.1433,254.7885,32.4110,31.4849
557.0143,257.6788,32.2449,31.3236
567.8015,259.7679,32.1454,31.2269
580.5801,261.7768,31.8809,30.9700
591.7580,262.8777,31.7443,30.8373
600.9758,266.5878,31.6215,30.7180
612.6976,268.7588,31.5593,30.6576
621.9697,273.4759,31.1480,30.2580
630.9969,274.8476,30.8261,29.9453
637.2997,275.8848,30.5154,29.6435
645.1299,278.6885,30.2475,29.3833
654.0130,278.0688,30.2165,29.3532
657.6013,280.7069,29.9430,29.0875
665.1602,280.9707,29.6675,28.8198
664.1160,280.0971,29.5251,28.6815
671.2116,282.7097,29.1044,28.2728
676.4211,282.0710,28.8447,28.0206
679.6421,282.0071,28.4103,27.5985
684.4642,281.1007,27.9974,27.1974
686.7464,280.1101,27.6656,26.8751
693.2747,278.2110,28.0589,27.2572
694.8275,276.2211,28.2379,27.4311
700.3828,275.1221,28.1718,27.3669
703.6383,272.3122,28.3182,27.5091
712.0638,267.5312,28.6248,27.8070
717.4064,261.6531,28.5834,27.7668
723.3406,257.4653,28.9286,28.1021
732.0341,254.3465,28.7483,27.9269
741.0034,248.6347,28.4766,27.6630
758.1003,242.6635,28.3215,27.5123
765.2100,238.4663,28.1619,27.3573
778.5210,233.5466,28.1030,27.3001
795.1521,228.5547,28.0709,27.2688
806.7152,225.3555,27.8450,27.0495
823.1715,216.0356,27.6662,26.8758
839.2172,216.0036,27.0115,26.2397
854.3217,213.3004,26.6732,25.9111
871.1322,210.3300,26.1169,25.3708
887.2132,206.4330,25.9984,25.2556
902.3213,201.5433,25.8715,25.1323
915.5321,197.4543,25.8378,25.0996
931.2532,191.6454,25.7672,25.0310
945.4253,185.6646,25.5434,24.8136
958.5425,178.7664,25.4444,24.7174
971.5543,171.7766,25.3941,24.6686
981.8554,165.6777,25.3577,24.6332
995.4855,163.2678,24.9451,24.2324
1006.7485,161.2268,24.8718,24.1612
1019.5748,158.3227,24.3159,23.6211
1027.1575,156.2323,24.4426,23.7442
1039.6157,155.1232,24.3603,23.6643
1047.1616,163.1123,24.2996,23.6054
1054.2162,168.4112,24.2997,23.6055
1061.2217,167.1411,24.6889,23.9835
1069.1222,163.4141,24.5917,23.8891
1072.6122,156.7414,24.4817,23.7822
1073.8612,147.0741,24.2532,23.5602
1076.6862,138.9074,24.1585,23.4683
1077.8687,134.4907,24.0583,23.3710
1081.5869,129.5491,23.8562,23.1746
1084.6587,123.6549,23.7724,23.0932
1084.0659,116.7655,24.4068,23.7094
1085.8066,99.8765,24.9928,24.2787
2
0
0
0
0
1
1108.6000,74.1000,12.0844,16.1125
1114.3600,68.6100,12.1275,16.1700
1117.6360,61.7610,12.3210,16.4280
1122.4636,55.6761,12.2561,16.3414
1128.3463,51.4676,12.2399,16.3198
1133.4346,50.1468,12.2252,16.3003
1139.3435,46.4147,12.2121,16.2828
1144.4343,43.3415,12.2003,16.2670
1150.3434,42.1341,12.0396,16.0528
1156.3344,42.0134,11.8950,15.8600
1162.3335,42.0013,11.6766,15.5688
1168.3334,39.3001,11.4800,15.3067
1173.4333,38.1300,11.3375,15.1167
1180.2433,38.9130,11.0803,14.7738
1185.4243,41.6913,10.9901,14.6534
1190.4424,45.5691,10.8016,14.4021
1197.2443,49.5569,10.6320,14.1760
1204.2244,56.2557,10.3973,13.8631
1209.4225,64.1256,10.1076,13.4768
2
0
0
0
0
1
1253.5000,164.2000,19.8188,11.3250
2
0
0
0
0
1
2
0
0
0
0
1
1236.7000,318.6000,22.1633,8.0594
1231.5699,323.4600,22.1212,8.0441
1225.6570,328.4460,21.6966,7.8897
1217.8657,333.4446,21.2660,7.7331
2
0
0
0
0
1
1155.0000,399.0000,25.3500,11.7000
1147.8000,405.3000,24.3580,11.2421
2
0
0
0
0
1
1102.7000,456.6000,23.0000,18.0000
1097.5699,461.4600,22.9012,17.9227
1093.4570,462.8460,22.8970,17.9194
1091.2457,464.7846,22.9727,17.9786
1090.1245,463.1785,22.9442,17.9563
1088.2124,460.3178,22.9808,17.9849
1088.0212,456.4318,22.9800,17.9843
1088.0021,453.3432,22.9507,17.9614
1082.6002,448.5343,22.9467,17.9583
1080.2600,446.2534,22.9091,17.9288
1078.2260,446.9254,22.9668,17.9740
1072.6226,445.1925,22.9512,17.9618
1067.5623,443.2192,22.8792,17.9055
1061.6562,440.3219,23.0927,18.0725
1057.4656,441.8322,23.4338,18.3395
1051.6466,443.7832,23.5701,18.4462
1044.7646,443.0783,23.7377,18.5773
1038.6765,441.2078,23.9335,18.7305
1034.4677,441.9208,24.3702,19.0723
1028.6467,441.0921,24.4864,19.1633
1022.6647,435.6092,24.8189,19.4235
1019.3665,432.3609,25.1369,19.6723
1014.5366,426.6361,25.5418,19.9893
1009.5536,424.2636,25.5882,20.0255
1004.5554,421.3264,25.7974,20.1892
996.8555,417.4326,25.8695,20.2457
992.4855,415.2433,26.1391,20.4567
991.1486,414.1243,26.5944,20.8130
985.6149,414.9124,26.8584,21.0196
978.7615,413.1913,26.9931,21.1250
971.7761,412.1191,27.0130,21.1406
985.4776,405.7119,27.3330,21.3910
2
0
0
0
0
1
947.2000,403.3000,27.8250,13.9125
946.1200,398.5300,28.0804,14.0402
941.5120,393.5530,28.3895,14.1948
936.5512,387.6553,28.6350,14.3175
938.7551,380.7655,28.6590,14.3295
937.1755,371.9766,28.5821,14.2911
934.3176,367.4977,28.9724,14.4862
934.9318,363.4498,29.1376,14.5688
930.4932,357.6450,29.5782,14.7891
936.3493,354.3645,29.6852,14.8426
926.1349,348.6364,29.3417,14.6708
919.7135,348.0637,29.3751,14.6875
912.7714,348.9064,30.3173,15.1586
910.2772,346.2906,30.4262,15.2131
905.5277,344.2291,29.9617,14.9808
902.3528,337.7229,29.9561,14.9781
897.5353,333.4723,29.5839,14.7920
894.3535,329.4472,30.0369,15.0184
891.3353,327.2447,29.9394,14.9697
885.6335,324.3245,29.5963,14.7981
880.5634,324.9324,30.0245,15.0123
876.4564,324.0932,30.0455,15.0228
873.3456,323.1093,30.4628,15.2314
864.9346,325.7109,30.2408,15.1204
855.9935,326.8711,30.2050,15.1025
851.4993,329.6871,30.1962,15.0981
843.8499,329.0687,30.1531,15.0766
837.6850,327.2069,30.1378,15.0689
830.7685,326.1207,30.0889,15.0444
822.8768,325.1121,30.0800,15.0400
813.9877,325.0112,29.9900,14.9950
807.6988,329.5011,29.7097,14.8549
801.6699,332.6501,29.6145,14.8073
794.7670,334.7650,29.4402,14.7201
787.7767,338.5765,29.3282,14.6641
781.6777,338.9576,29.1594,14.5797
774.7678,338.0958,29.8201,14.9100
765.0768,335.3096,30.4060,15.2030
756.9077,329.6310,30.9748,15.4874
753.3907,330.8631,30.8890,15.4445
748.5391,324.6863,31.6556,15.8278
742.6539,320.4686,31.0447,15.5224
737.5654,315.5469,30.6590,15.3295
736.1566,307.8547,30.5931,15.2966
729.7156,302.5855,30.5924,15.2962
725.4716,293.9586,30.3222,15.1611
718.7471,284.0959,30.2197,15.1098
714.4747,276.8096,30.3501,15.1750
709.5475,269.7809,30.5377,15.2689
705.4548,266.3781,30.2027,15.1013
702.3455,260.6378,30.2879,15.1439
700.2346,256.4638,30.3528,15.1764
696.4235,255.1464,30.5168,15.2584
693.3423,250.5146,30.5354,15.2677
687.6342,245.5515,30.7983,15.3991
687.9634,245.0551,30.9645,15.4823
681.6964,239.6055,31.2431,15.6215
675.6696,233.6606,32.0106,16.0053
677.7670,226.7661,33.6345,16.8173
667.1767,235.9766,34.1113,17.0557
667.9177,234.1977,34.6314,17.3157
661.6918,227.7198,35.5909,17.7955
661.0692,225.2720,36.5201,18.2601
657.4069,221.4272,38.2259,19.1130
644.4407,220.1427,40.2072,20.1036
642.2441,214.6143,41.6240,20.8120
634.8244,216.7614,42.0479,21.0240
631.3824,213.3761,43.2080,21.6040
621.1382,216.6376,43.7040,21.8520
612.9138,217.8638,43.3566,21.6783
607.5914,215.2864,43.6151,21.8076
597.1591,213.2286,43.4970,21.7485
596.1159,212.1229,44.3117,22.1559
588.8116,212.9123,45.0540,22.5270
582.6812,212.9912,44.7423,22.3712
576.6681,211.1991,44.6681,22.3341
2
0
0
0
0
1
524.7000,208.9000,25.2441,22.2148
519.5700,210.7900,25.2197,22.1934
514.5570,210.9790,25.1978,22.1740
510.4557,210.0979,25.3147,22.2769
505.5456,211.8098,25.3614,22.3180
499.6545,211.9810,25.2471,22.2174
495.4655,211.9981,25.2419,22.2129
491.4465,213.7998,24.9833,21.9853
488.3447,214.8800,24.9646,21.9688
487.1345,213.1880,24.8325,21.8526
482.5135,215.7188,24.7882,21.8137
477.5513,218.6719,25.0092,22.0081
476.1551,222.5672,25.0278,22.0244
472.4155,223.8567,25.5133,22.4517
469.3416,228.4857,25.3838,22.3378
468.1342,231.6486,25.3064,22.2696
465.3134,235.5648,25.0414,22.0364
462.3313,239.5565,24.9982,21.9984
462.0331,241.7556,24.9566,21.9618
459.3033,242.8756,24.8631,21.8796
459.0303,248.3876,24.9937,21.9945
457.2030,252.5388,24.9881,21.9895
456.1203,256.5539,25.0696,22.0612
453.3120,258.7554,25.1017,22.0895
456.6312,258.9755,25.1110,22.0977
453.3631,262.5976,25.0999,22.0879
454.8363,266.5598,25.1974,22.1737
452.2836,270.5560,25.3436,22.3024
454.7284,273.6556,25.4265,22.3753
455.8728,276.6656,25.3838,22.3377
455.9873,282.3665,25.3552,22.3126
455.9987,286.5367,25.2220,22.1954
461.3999,286.0536,24.9459,21.9524
462.8400,287.8054,24.7576,21.7867
463.8840,289.7805,24.6068,21.6540
466.6884,293.5781,24.3626,21.4391
469.6689,297.5578,24.2514,21.3412
471.7669,301.5558,24.1700,21.2696
471.0767,301.9556,24.3630,21.4394
472.8077,302.8956,24.0778,21.1885
472.9808,306.5896,24.4270,21.4958
476.5981,306.0590,24.6223,21.6676
489.5598,304.2059,24.6962,21.7326
480.9560,315.7206,24.5554,21.6088
471.9956,327.6721,24.3874,21.4609
480.0995,322.5672,24.6985,21.7347
2
0
0
0
0
1
459.0000,318.5000,25.1953,19.1484
455.4000,322.5500,24.7070,18.7773
452.3400,324.7550,25.0133,19.0101
446.6340,324.9755,24.8362,18.8755
446.9634,325.8976,24.7765,18.8301
445.1964,325.9897,24.6673,18.7471
438.7196,327.7990,25.3381,19.2569
437.1720,327.0799,25.3726,19.2832
437.0172,327.0080,25.4526,19.3439
437.0017,327.0008,25.9932,19.7549
435.2002,328.8001,25.5424,19.4122
438.6200,331.6800,24.8436,18.8811
438.0620,331.9680,24.5594,18.6651
438.0062,329.2968,24.8386,18.8773
442.5006,329.0297,24.6797,18.7566
442.0500,329.9030,24.3868,18.5339
444.7050,332.6903,24.1793,18.3763
445.8705,332.0690,23.9927,18.2344
447.7870,332.9069,23.8138,18.0985
447.9787,332.0907,23.6605,17.9820
447.0979,332.9091,23.5552,17.9019
443.4098,337.4909,23.4457,17.8188
443.9410,336.1491,23.3880,17.7749
437.6941,338.7149,23.0556,17.5223
435.2694,338.9715,22.8344,17.3542
427.8269,338.0971,22.5448,17.1340
424.3827,338.9097,22.3873,17.0144
420.4383,338.0910,21.8961,16.6410
412.8438,336.2091,21.8447,16.6019
406.6844,335.1209,21.6832,16.4792
402.4684,330.5121,21.5708,16.3938
397.5468,330.0512,21.4039,16.2669
390.7547,325.5051,21.3992,16.2634
385.5755,320.5505,21.2329,16.1370
379.6575,316.4550,20.9682,15.9358
373.6657,315.1455,20.9491,15.9213
370.3666,311.4146,21.1568,16.0792
366.4366,310.1414,21.4310,16.2876
360.6437,305.5142,21.5132,16.3500
360.9644,301.4514,21.6207,16.4318
360.9964,300.1451,21.4712,16.3181
356.4996,296.4145,21.1662,16.0863
355.1500,295.1414,21.0675,16.0113
351.4150,294.1141,21.0280,15.9813
350.1415,288.6114,21.0299,15.9827
