0.029039
0.037766
0.055135
0.047431
0.038902
0.039964
0.056299
0.047072
0.038653
0.036804
0.037301
0.038404
0.036342
0.036695
0.039074
0.03616
0.0375
0.038707
0.036857
0.036843
0.037742
0.039157
0.039435
0.039087
0.037009
0.036735
0.03803
0.039376
0.039563
0.037338
0.039121
0.038776
0.037013
0.036219
0.039149
0.036066
0.03636
0.036319
0.036118
0.038309
0.038412
0.036305
0.043969
0.037306
0.037588
0.035974
0.036916
0.036478
0.037846
0.036252
0.036655
0.037372
0.036459
0.03895
0.038803
0.036225
0.039636
0.040178
0.036262
0.039063
0.035666
0.037146
0.037359
0.037791
0.035859
0.036232
0.036552
0.036838
0.038957
0.036779
0.037287
0.038481
0.03608
0.036854
0.037576
0.039172
0.036269
0.037364
0.037414
0.036804
0.03628
0.037127
0.036072
0.036571
0.037823
0.037334
0.037263
0.03803
0.037541
0.039555
0.035759
0.037417
0.042103
0.040039
0.037644
0.039828
0.037311
0.040227
0.03702
0.037349
0.036333
0.042777
0.036429
0.037
0.037025
0.036869
0.037664
0.037833
0.036341
0.036743
0.03946
0.038587
0.038252
0.037455
0.037176
0.036675
0.039102
0.036026
0.037249
0.036482
0.035753
0.037576
0.038414
0.037148
0.036254
0.037067
0.038521
0.036334
0.03827
0.037238
0.038598
0.036234
0.036075
0.036368
0.03604
0.037142
0.036485
0.036808
0.038736
0.035799
0.036346
0.036863
0.039913
0.037413
0.036025
0.041396
0.036885
0.036698
0.03916
0.039822
0.037827
0.035815
0.036173
0.03648
0.037828
0.040814
0.035859
0.037271
0.037421
0.036647
0.039641
0.036935
0.036549
0.038152
0.037761
0.03643
0.043099
0.036422
0.036718
0.037046
0.041792
0.036063
0.045498
0.035937
0.03767
0.037414
0.040987
0.035986
0.037261
0.037428
0.036631
0.039224
0.045604
0.036505
0.036812
0.038789
0.037174
0.036095
0.036368
0.037572
0.038641
0.036419
0.036216
0.038145
0.037458
0.036002
0.035717
0.035892
0.036263
0.036399
0.036104
0.035464
0.036442
0.036191
0.036669
0.039684
0.037055
0.035813
0.03666
0.039234
0.037091
0.037485
0.037844
0.03786
0.037142
0.038334
0.03777
0.037263
0.036325
0.037869
0.036187
0.038127
0.037151
0.036789
0.036353
0.036303
0.03549
0.036924
0.035433
0.035912
0.036525
0.036524
0.037589
0.03805
0.039941
0.036945
0.036978
0.037612
0.036794
0.037126
0.035745
0.036269
0.036043
0.036079
0.040255
0.037093
0.037671
0.036454
0.037728
0.037653
0.048443
0.03699
0.043397
0.038613
0.037931
0.03851
0.037729
0.036601
0.036628
0.036457
0.036424
0.036019
0.036085
0.037299
0.036096
0.036738
0.036598
0.039004
0.036492
0.037708
0.036592
0.037784
0.038138
0.037473
0.036795
0.035735
0.034977
0.038022
0.038033
0.035638
0.036939
0.039453
0.037951
0.037769
0.036021
0.036123
0.036799
0.037492
0.034845
0.035453
0.036086
0.036586
0.036309
0.03989
0.037384
0.039367
0.037501
0.036281
0.0377
0.037307
0.036478
0.036407
0.038134
0.035864
0.040369
0.037249
0.039689
0.037535
0.037769
0.036351
0.036733
0.037401
0.036127
0.03995
0.037605
0.036969
0.040477
0.038877
0.035975
0.035498
0.035998
0.036174
0.038478
0.037383
0.036256
0.036981
0.041863
0.042065
0.037067
0.03792
0.036788
0.036476
0.036394
0.03585
0.036695
0.036189
0.035697
0.036006
0.036307
0.036877
0.035482
0.03709
0.035853
0.037425
0.036041
0.036403
0.036727
0.039469
0.035755
0.04137
0.037873
0.038379
0.037144
0.035989
0.038204
0.037578
0.036178
0.037798
0.03755
0.036559
0.034813
0.036294
0.036777
0.035673
0.036169
0.036133
0.036039
0.035907
0.035863
0.035458
0.036075
0.036087
0.035066
0.036316
0.036411
0.037554
0.036265
0.035822
0.035867
0.035593
0.036485
0.036161
0.035779
0.036883
0.035035
0.036576
0.037894
0.037985
0.037809
0.036417
0.036451
0.036458
0.036455
0.035941
0.035982
0.035921
0.035641
0.035553
0.036346
0.035637
