0.000198
3.7616
0.069793
0.054817
0.047875
0.048335
0.046674
0.046343
0.046024
0.046014
0.046034
0.047107
0.047596
0.047413
0.047285
0.04768
0.047458
0.047056
0.047103
0.046981
0.047238
0.047495
0.046841
0.04691
0.047302
0.046841
0.046347
0.046423
0.04733
0.046608
0.04632
0.046614
NaN
NaN
NaN
NaN
0.000201
3.2589
0.066461
0.055179
0.051006
0.04776
0.047138
0.047267
0.047951
0.048285
0.04755
0.047214
0.047472
0.087056
NaN
0.079363
0.07196
NaN
0.062711
0.066944
0.079675
NaN
0.073293
NaN
0.064981
0.057176
0.05661
0.35362
NaN
NaN
NaN
NaN
NaN
NaN
0.096018
NaN
0.089269
NaN
0.067782
0.066567
NaN
0.054763
0.056914
0.058691
0.047311
0.045917
0.045759
0.045988
0.045871
0.045728
0.045907
0.045774
0.045639
0.045885
0.045991
0.046063
0.045709
0.046103
0.045743
0.046118
0.045633
0.045823
0.045754
0.045739
0.045433
0.04656
0.045758
0.045739
0.045631
0.045561
0.045674
0.04563
0.04491
0.038583
0.038589
0.038574
0.038702
0.038724
0.038642
0.038321
0.038606
0.038702
0.038532
0.03881
0.038707
0.038686
0.038572
0.038841
0.038989
0.039669
0.039832
0.038663
0.038892
0.039778
0.054765
0.076716
NaN
0.076603
0.081078
NaN
0.079426
0.074307
NaN
0.061412
0.067334
0.075105
NaN
0.37744
NaN
NaN
NaN
NaN
NaN
NaN
0.097197
NaN
0.089548
NaN
0.066449
NaN
0.05461
0.048472
0.045949
0.04591
0.04589
0.046394
0.046183
0.046133
0.046377
NaN
NaN
NaN
NaN
0.000216
3.6568
0.06748
0.053053
0.047513
0.046834
0.046428
0.046297
0.046266
0.046037
0.046485
0.046445
0.046539
0.046116
0.04577
0.045998
0.046441
0.046286
0.046338
0.046391
0.046784
0.046728
0.046525
0.045708
0.046022
0.049095
0.048028
0.046265
0.046502
0.046132
0.03926
0.039423
0.039785
0.039459
0.039969
0.039709
0.039356
0.039771
0.039415
0.039032
0.039702
0.039187
0.03945
0.039353
0.039471
0.03951
0.039215
0.039216
0.039023
0.040452
0.041452
0.038957
0.039727
0.04189
0.054544
NaN
NaN
NaN
NaN
0.000221
3.2702
0.065141
0.054301
0.048649
0.045762
0.052849
0.065527
0.056625
NaN
0.049085
0.047741
0.049021
0.046983
0.046703
0.045944
0.04565
0.045605
0.045659
0.04558
0.046344
0.045907
0.044992
0.045396
0.045508
0.04579
0.045457
0.047097
0.055858
0.055501
0.056689
0.054784
0.057231
0.057165
0.056348
0.055691
NaN
0.055681
0.055573
0.058253
0.056729
0.36235
NaN
NaN
NaN
NaN
NaN
NaN
NaN
NaN
NaN
NaN
0.000214
3.1697
0.068123
0.056477
0.054631
0.070143
NaN
0.080682
0.064996
NaN
0.064021
NaN
NaN
NaN
NaN
0.0002
3.7279
0.068829
0.057929
0.051822
0.046806
0.046498
0.047055
0.046856
0.04624
0.04569
0.045879
0.046059
0.046014
0.046351
0.046194
0.047465
0.048505
0.047517
0.047794
0.047681
0.048097
0.047768
0.048158
0.047692
0.048239
0.048428
0.047978
0.048503
0.048909
0.039717
0.039546
0.039865
0.039347
0.041343
0.05185
0.039744
0.039385
0.039177
0.039573
0.039484
0.03952
0.039271
0.040184
0.042836
0.041635
0.041606
0.041746
0.041948
0.042612
0.043026
0.041996
0.042176
0.042125
0.04228
0.04206
0.04187
0.040112
0.039335
0.041684
0.050067
0.054884
0.050951
0.050813
0.053784
0.052322
0.053981
NaN
0.052057
0.051116
0.055767
0.057043
0.054625
0.053305
0.34938
NaN
NaN
NaN
NaN
NaN
NaN
NaN
NaN
NaN
NaN
0.000212
3.1516
0.042021
0.055522
0.065975
0.047369
NaN
NaN
NaN
NaN
0.002986
3.2149
0.068528
0.053934
0.048204
0.050344
0.069542
0.080924
NaN
0.06488
0.06733
NaN
0.079746
0.065194
NaN
0.056629
0.066009
0.080345
NaN
0.36343
NaN
NaN
NaN
NaN
NaN
NaN
NaN
NaN
NaN
NaN
0.000253
3.5588
0.064147
0.05173
0.047509
0.047052
0.046101
0.046985
0.046308
0.045786
0.045922
0.046114
NaN
NaN
NaN
NaN
0.000207
3.6116
0.066963
0.054698
0.047926
0.048359
0.047324
0.047229
0.046035
0.04612
0.045994
0.047865
0.046857
0.045745
0.053409
0.073845
NaN
0.083321
0.074152
NaN
NaN
NaN
NaN
NaN
0.000188
3.2273
0.068452
0.060206
0.079352
NaN
0.075877
0.063318
NaN
0.058303
0.058376
0.056154
0.05705
NaN
NaN
NaN
NaN
0.000227
3.241
0.048152
0.053802
0.063794
NaN
NaN
NaN
NaN
0.000228
3.6163
0.065668
0.054338
0.046991
0.046133
0.045914
0.045743
0.046009
0.047644
0.046732
0.045738
0.045873
0.045725
0.046517
0.04743
0.045748
0.045841
0.045642
0.042238
0.040497
0.038674
0.039053
0.039035
0.038783
0.038963
0.040128
0.038564
0.039357
0.038846
0.038821
0.042059
0.049933
0.066175
0.05289
0.048434
0.045919
0.046249
0.046237
0.052893
NaN
0.071426
0.065977
0.054597
0.048279
0.045622
0.04566
0.05471
0.069682
NaN
0.062703
0.072333
NaN
0.077876
0.0637
0.056819
NaN
0.064075
0.073234
0.065825
NaN
0.066918
0.075214
0.38591
NaN
NaN
NaN
NaN
NaN
NaN
NaN
0.094727
NaN
0.0853
NaN
0.052384
0.0453
0.045906
0.045769
0.052423
0.063897
0.05487
0.049095
0.047954
0.046102
0.046344
0.046158
0.04638
0.047006
0.046853
0.04716
0.046945
0.046741
