1.1498,1.1833,1.157,0,0,0,0,0,0,0,0,0,0,0,0
0.10092,0.101,0.099554,0,0,0,0,0,0,0,0,0,0,0,0
0.040771,0.040473,0.038924,0,0,0,0,0,0,0,0,0,0,0,0
0.037221,0.037024,0.034857,0,0,0,0,0,0,0,0,0,0,0,0
0.03698,0.037054,0.034898,0,0,0,0,0,0,0,0,0,0,0,0
0.037153,0.036943,0.035179,0,0,0,0,0,0,0,0,0,0,0,0
0.037172,0.037229,0.035161,0,0,0,0,0,0,0,0,0,0,0,0
0.03691,0.037048,0.035281,0,0,0,0,0,0,0,0,0,0,0,0
0.036914,0.037319,0.035099,0,0,0,0,0,0,0,0,0,0,0,0
0.037175,0.036975,0.034971,0,0,0,0,0,0,0,0,0,0,0,0
0.037231,0.037038,0.035923,0,0,0,0,0,0,0,0,0,0,0,0
0.037196,0.037021,0.035236,0,0,0,0,0,0,0,0,0,0,0,0
0.039004,0.038699,0.039929,0,0,0,0,0,0,0,0,0,0,0,0
0.038507,0.03838,0.036168,0,0,0,0,0,0,0,0,0,0,0,0
0.037552,0.037649,0.035501,0,0,0,0,0,0,0,0,0,0,0,0
0.037489,0.037465,0.035246,0,0,0,0,0,0,0,0,0,0,0,0
0.037554,0.037443,0.035027,0,0,0,0,0,0,0,0,0,0,0,0
0.037443,0.03727,0.03519,0,0,0,0,0,0,0,0,0,0,0,0
0.037594,0.037448,0.035354,0,0,0,0,0,0,0,0,0,0,0,0
0.037294,0.037408,0.035135,0,0,0,0,0,0,0,0,0,0,0,0
0.036089,0.039372,0.03545,0,0,0,0,0,0,0,0,0,0,0,0
0.036293,0.03483,0.035147,0,0,0,0,0,0,0,0,0,0,0,0
0.034994,0.036048,0.035084,0,0,0,0,0,0,0,0,0,0,0,0
0.036149,0.036127,0.035037,0,0,0,0,0,0,0,0,0,0,0,0
0.036595,0.035297,0.035175,0,0,0,0,0,0,0,0,0,0,0,0
0.035142,0.034907,0.035055,0,0,0,0,0,0,0,0,0,0,0,0
0.035352,0.035087,0.03614,0,0,0,0,0,0,0,0,0,0,0,0
0.044926,0.044752,0.045929,0,0,0,0,0,0,0,0,0,0,0,0
0.035485,0.035412,0.035519,0,0,0,0,0,0,0,0,0,0,0,0
0.035021,0.034886,0.037976,0,0,0,0,0,0,0,0,0,0,0,0
0.034551,0.034634,0.03349,0,0,0,0,0,0,0,0,0,0,0,0
0.034504,0.034686,0.033078,0,0,0,0,0,0,0,0,0,0,0,0
0.034774,0.035094,0.033613,0,0,0,0,0,0,0,0,0,0,0,0
0.0363,0.036046,0.034697,0,0,0,0,0,0,0,0,0,0,0,0
0.03615,0.036125,0.034873,0,0,0,0,0,0,0,0,0,0,0,0
0.035004,0.03515,0.033589,0,0,0,0,0,0,0,0,0,0,0,0
0.035683,0.035593,0.034018,0,0,0,0,0,0,0,0,0,0,0,0
0.034939,0.035103,0.033629,0,0,0,0,0,0,0,0,0,0,0,0
0.035104,0.034915,0.033461,0,0,0,0,0,0,0,0,0,0,0,0
0.035633,0.035681,0.034134,0,0,0,0,0,0,0,0,0,0,0,0
0.035163,0.035215,0.033763,0,0,0,0,0,0,0,0,0,0,0,0
0.035277,0.035085,0.0338,0,0,0,0,0,0,0,0,0,0,0,0
0.035213,0.035247,0.033701,0,0,0,0,0,0,0,0,0,0,0,0
0.035211,0.035192,0.033517,0,0,0,0,0,0,0,0,0,0,0,0
0.035835,0.035791,0.034351,0,0,0,0,0,0,0,0,0,0,0,0
0.035917,0.035549,0.034118,0,0,0,0,0,0,0,0,0,0,0,0
0.035912,0.035774,0.034179,0,0,0,0,0,0,0,0,0,0,0,0
0.035548,0.035877,0.034268,0,0,0,0,0,0,0,0,0,0,0,0
0.035677,0.035832,0.034574,0,0,0,0,0,0,0,0,0,0,0,0
0.035887,0.035788,0.034267,0,0,0,0,0,0,0,0,0,0,0,0
0.035291,0.035189,0.033646,0,0,0,0,0,0,0,0,0,0,0,0
0.035711,0.035795,0.034402,0,0,0,0,0,0,0,0,0,0,0,0
0.035916,0.03571,0.034442,0,0,0,0,0,0,0,0,0,0,0,0
0.035373,0.035081,0.034008,0,0,0,0,0,0,0,0,0,0,0,0
0.035273,0.035256,0.033884,0,0,0,0,0,0,0,0,0,0,0,0
0.035168,0.035106,0.033657,0,0,0,0,0,0,0,0,0,0,0,0
0.035195,0.035222,0.033753,0,0,0,0,0,0,0,0,0,0,0,0
0.035279,0.035216,0.033715,0,0,0,0,0,0,0,0,0,0,0,0
0.035392,0.035204,0.033757,0,0,0,0,0,0,0,0,0,0,0,0
0.035196,0.03514,0.033765,0,0,0,0,0,0,0,0,0,0,0,0
0.035438,0.03533,0.033724,0,0,0,0,0,0,0,0,0,0,0,0
0.035151,0.035418,0.034023,0,0,0,0,0,0,0,0,0,0,0,0
0.035524,0.03573,0.033855,0,0,0,0,0,0,0,0,0,0,0,0
0.035184,0.035281,0.033943,0,0,0,0,0,0,0,0,0,0,0,0
0.035252,0.035331,0.033923,0,0,0,0,0,0,0,0,0,0,0,0
0.035591,0.035318,0.033889,0,0,0,0,0,0,0,0,0,0,0,0
0.035416,0.035279,0.033751,0,0,0,0,0,0,0,0,0,0,0,0
0.03536,0.035307,0.033745,0,0,0,0,0,0,0,0,0,0,0,0
0.035339,0.035451,0.033778,0,0,0,0,0,0,0,0,0,0,0,0
0.035441,0.035279,0.03371,0,0,0,0,0,0,0,0,0,0,0,0
0.035258,0.035226,0.033642,0,0,0,0,0,0,0,0,0,0,0,0
0.035285,0.035345,0.033772,0,0,0,0,0,0,0,0,0,0,0,0
0.035418,0.035236,0.033903,0,0,0,0,0,0,0,0,0,0,0,0
0.035336,0.035118,0.033831,0,0,0,0,0,0,0,0,0,0,0,0
0.035539,0.035264,0.033767,0,0,0,0,0,0,0,0,0,0,0,0
0.035211,0.035245,0.034049,0,0,0,0,0,0,0,0,0,0,0,0
0.035575,0.035291,0.033624,0,0,0,0,0,0,0,0,0,0,0,0
0.035203,0.035239,0.033907,0,0,0,0,0,0,0,0,0,0,0,0
0.035135,0.035315,0.033761,0,0,0,0,0,0,0,0,0,0,0,0
0.035164,0.035295,0.033819,0,0,0,0,0,0,0,0,0,0,0,0
0.035142,0.035157,0.033947,0,0,0,0,0,0,0,0,0,0,0,0
0.03488,0.035083,0.033947,0,0,0,0,0,0,0,0,0,0,0,0
0.034758,0.035125,0.033807,0,0,0,0,0,0,0,0,0,0,0,0
0.034935,0.035075,0.033615,0,0,0,0,0,0,0,0,0,0,0,0
0.034803,0.034994,0.033581,0,0,0,0,0,0,0,0,0,0,0,0
0.035138,0.035215,0.033587,0,0,0,0,0,0,0,0,0,0,0,0
0.035216,0.035098,0.033689,0,0,0,0,0,0,0,0,0,0,0,0
0.034952,0.034919,0.033519,0,0,0,0,0,0,0,0,0,0,0,0
0.035256,0.035122,0.033634,0,0,0,0,0,0,0,0,0,0,0,0
0.034927,0.035099,0.033701,0,0,0,0,0,0,0,0,0,0,0,0
0.035182,0.03536,0.03362,0,0,0,0,0,0,0,0,0,0,0,0
0.034903,0.034952,0.033833,0,0,0,0,0,0,0,0,0,0,0,0
0.035086,0.035073,0.033705,0,0,0,0,0,0,0,0,0,0,0,0
0.035045,0.035062,0.033718,0,0,0,0,0,0,0,0,0,0,0,0
0.035116,0.035064,0.033599,0,0,0,0,0,0,0,0,0,0,0,0
0.034997,0.034925,0.033684,0,0,0,0,0,0,0,0,0,0,0,0
0.034976,0.035057,0.033852,0,0,0,0,0,0,0,0,0,0,0,0
0.035091,0.035074,0.033672,0,0,0,0,0,0,0,0,0,0,0,0
0.035064,0.034992,0.033553,0,0,0,0,0,0,0,0,0,0,0,0
0.035137,0.035215,0.033658,0,0,0,0,0,0,0,0,0,0,0,0
0.035114,0.03511,0.033688,0,0,0,0,0,0,0,0,0,0,0,0
0.035424,0.034885,0.033729,0,0,0,0,0,0,0,0,0,0,0,0
0.035142,0.035208,0.033562,0,0,0,0,0,0,0,0,0,0,0,0
0.034944,0.03519,0.033981,0,0,0,0,0,0,0,0,0,0,0,0
0.035184,0.035089,0.033554,0,0,0,0,0,0,0,0,0,0,0,0
0.034937,0.034994,0.03353,0,0,0,0,0,0,0,0,0,0,0,0
0.035316,0.03523,0.033568,0,0,0,0,0,0,0,0,0,0,0,0
0.035029,0.035067,0.034329,0,0,0,0,0,0,0,0,0,0,0,0
0.03517,0.034963,0.033689,0,0,0,0,0,0,0,0,0,0,0,0
0.034931,0.035168,0.033751,0,0,0,0,0,0,0,0,0,0,0,0
0.035106,0.035138,0.033866,0,0,0,0,0,0,0,0,0,0,0,0
0.03518,0.035086,0.033745,0,0,0,0,0,0,0,0,0,0,0,0
0.035077,0.035041,0.033668,0,0,0,0,0,0,0,0,0,0,0,0
0.035203,0.035128,0.033473,0,0,0,0,0,0,0,0,0,0,0,0
0.035317,0.035111,0.033699,0,0,0,0,0,0,0,0,0,0,0,0
0.035156,0.034948,0.033657,0,0,0,0,0,0,0,0,0,0,0,0
0.035168,0.035165,0.033634,0,0,0,0,0,0,0,0,0,0,0,0
0.034908,0.035119,0.033767,0,0,0,0,0,0,0,0,0,0,0,0
0.035272,0.035178,0.0336,0,0,0,0,0,0,0,0,0,0,0,0
0.035,0.034983,0.033618,0,0,0,0,0,0,0,0,0,0,0,0
0.035075,0.035226,0.033546,0,0,0,0,0,0,0,0,0,0,0,0
0.035144,0.035005,0.033694,0,0,0,0,0,0,0,0,0,0,0,0
0.035268,0.035011,0.03371,0,0,0,0,0,0,0,0,0,0,0,0
0.035098,0.035011,0.033671,0,0,0,0,0,0,0,0,0,0,0,0
0.035175,0.035098,0.033744,0,0,0,0,0,0,0,0,0,0,0,0
0.035065,0.035116,0.033663,0,0,0,0,0,0,0,0,0,0,0,0
0.035182,0.035069,0.033557,0,0,0,0,0,0,0,0,0,0,0,0
0.035178,0.035161,0.033578,0,0,0,0,0,0,0,0,0,0,0,0
0.035106,0.035064,0.033723,0,0,0,0,0,0,0,0,0,0,0,0
0.035329,0.035042,0.033652,0,0,0,0,0,0,0,0,0,0,0,0
0.035975,0.035791,0.034525,0,0,0,0,0,0,0,0,0,0,0,0
0.035969,0.035983,0.034736,0,0,0,0,0,0,0,0,0,0,0,0
0.035887,0.036097,0.034485,0,0,0,0,0,0,0,0,0,0,0,0
0.036014,0.035812,0.034378,0,0,0,0,0,0,0,0,0,0,0,0
0.035815,0.036109,0.034012,0,0,0,0,0,0,0,0,0,0,0,0
0.035848,0.035781,0.034736,0,0,0,0,0,0,0,0,0,0,0,0
0.036245,0.03606,0.034694,0,0,0,0,0,0,0,0,0,0,0,0
0.035948,0.03583,0.034432,0,0,0,0,0,0,0,0,0,0,0,0
0.036042,0.036034,0.034655,0,0,0,0,0,0,0,0,0,0,0,0
0.035914,0.035906,0.034542,0,0,0,0,0,0,0,0,0,0,0,0
0.036138,0.035843,0.034528,0,0,0,0,0,0,0,0,0,0,0,0
0.035985,0.036024,0.034483,0,0,0,0,0,0,0,0,0,0,0,0
0.035502,0.035213,0.034032,0,0,0,0,0,0,0,0,0,0,0,0
0.035124,0.035107,0.033838,0,0,0,0,0,0,0,0,0,0,0,0
0.035933,0.035778,0.034579,0,0,0,0,0,0,0,0,0,0,0,0
0.03589,0.035895,0.034531,0,0,0,0,0,0,0,0,0,0,0,0
0.035269,0.036227,0.033836,0,0,0,0,0,0,0,0,0,0,0,0
0.035512,0.035462,0.033853,0,0,0,0,0,0,0,0,0,0,0,0
0.035369,0.035586,0.033868,0,0,0,0,0,0,0,0,0,0,0,0
0.035338,0.035506,0.033978,0,0,0,0,0,0,0,0,0,0,0,0
0.035192,0.03567,0.034086,0,0,0,0,0,0,0,0,0,0,0,0
0.035365,0.035401,0.03409,0,0,0,0,0,0,0,0,0,0,0,0
0.036142,0.037028,0.034848,0,0,0,0,0,0,0,0,0,0,0,0
0.036119,0.036431,0.034953,0,0,0,0,0,0,0,0,0,0,0,0
0.036263,0.036412,0.034628,0,0,0,0,0,0,0,0,0,0,0,0
0.035445,0.035578,0.033946,0,0,0,0,0,0,0,0,0,0,0,0
0.036373,0.036429,0.034822,0,0,0,0,0,0,0,0,0,0,0,0
0.035976,0.03635,0.034636,0,0,0,0,0,0,0,0,0,0,0,0
0.035043,0.036371,0.034701,0,0,0,0,0,0,0,0,0,0,0,0
0.034761,0.036613,0.034841,0,0,0,0,0,0,0,0,0,0,0,0
0.034887,0.036438,0.034827,0,0,0,0,0,0,0,0,0,0,0,0
0.034813,0.03647,0.034657,0,0,0,0,0,0,0,0,0,0,0,0
0.034675,0.036547,0.034682,0,0,0,0,0,0,0,0,0,0,0,0
0.034463,0.036101,0.034626,0,0,0,0,0,0,0,0,0,0,0,0
0.033717,0.035249,0.033934,0,0,0,0,0,0,0,0,0,0,0,0
0.033946,0.039271,0.033818,0,0,0,0,0,0,0,0,0,0,0,0
0.033932,0.048464,0.03397,0,0,0,0,0,0,0,0,0,0,0,0
0.033891,0.042799,0.033913,0,0,0,0,0,0,0,0,0,0,0,0
0.034071,0.039736,0.033763,0,0,0,0,0,0,0,0,0,0,0,0
0.035481,0.036418,0.033846,0,0,0,0,0,0,0,0,0,0,0,0
0.03535,0.034225,0.034062,0,0,0,0,0,0,0,0,0,0,0,0
0.035353,0.034377,0.033954,0,0,0,0,0,0,0,0,0,0,0,0
0.035589,0.03401,0.03394,0,0,0,0,0,0,0,0,0,0,0,0
0.035162,0.034697,0.033812,0,0,0,0,0,0,0,0,0,0,0,0
0.03548,0.03394,0.03398,0,0,0,0,0,0,0,0,0,0,0,0
0.035033,0.033681,0.033645,0,0,0,0,0,0,0,0,0,0,0,0
0.035348,0.033848,0.03364,0,0,0,0,0,0,0,0,0,0,0,0
0.034924,0.033634,0.033858,0,0,0,0,0,0,0,0,0,0,0,0
0.035156,0.033716,0.033683,0,0,0,0,0,0,0,0,0,0,0,0
0.035379,0.033629,0.033781,0,0,0,0,0,0,0,0,0,0,0,0
0.035396,0.033752,0.033745,0,0,0,0,0,0,0,0,0,0,0,0
0.035293,0.03369,0.033714,0,0,0,0,0,0,0,0,0,0,0,0
0.035154,0.03419,0.033556,0,0,0,0,0,0,0,0,0,0,0,0
0.035226,0.033667,0.03361,0,0,0,0,0,0,0,0,0,0,0,0
0.036235,0.033886,0.033976,0,0,0,0,0,0,0,0,0,0,0,0
0.035452,0.033812,0.033794,0,0,0,0,0,0,0,0,0,0,0,0
0.035437,0.034015,0.034016,0,0,0,0,0,0,0,0,0,0,0,0
0.035226,0.036248,0.034194,0,0,0,0,0,0,0,0,0,0,0,0
0.03872,0.034016,0.033861,0,0,0,0,0,0,0,0,0,0,0,0
0.038257,0.033865,0.033733,0,0,0,0,0,0,0,0,0,0,0,0
0.039059,0.033889,0.033825,0,0,0,0,0,0,0,0,0,0,0,0
0.035572,0.033891,0.033788,0,0,0,0,0,0,0,0,0,0,0,0
0.035507,0.033957,0.033871,0,0,0,0,0,0,0,0,0,0,0,0
0.0355,0.033836,0.034373,0,0,0,0,0,0,0,0,0,0,0,0
0.035291,0.033909,0.033988,0,0,0,0,0,0,0,0,0,0,0,0
0.035336,0.033821,0.033999,0,0,0,0,0,0,0,0,0,0,0,0
0.035433,0.034203,0.033709,0,0,0,0,0,0,0,0,0,0,0,0
0.036092,0.034712,0.034584,0,0,0,0,0,0,0,0,0,0,0,0
0.036239,0.034849,0.034782,0,0,0,0,0,0,0,0,0,0,0,0
0.036318,0.034742,0.034799,0,0,0,0,0,0,0,0,0,0,0,0
0.036718,0.034816,0.035005,0,0,0,0,0,0,0,0,0,0,0,0
0.036451,0.035076,0.034933,0,0,0,0,0,0,0,0,0,0,0,0
0.036458,0.035257,0.034764,0,0,0,0,0,0,0,0,0,0,0,0
0.036301,0.034684,0.034566,0,0,0,0,0,0,0,0,0,0,0,0
0.036269,0.034908,0.034845,0,0,0,0,0,0,0,0,0,0,0,0
0.036203,0.034713,0.034743,0,0,0,0,0,0,0,0,0,0,0,0
0.036379,0.034961,0.034628,0,0,0,0,0,0,0,0,0,0,0,0
0.03639,0.034667,0.034679,0,0,0,0,0,0,0,0,0,0,0,0
0.036936,0.034796,0.035322,0,0,0,0,0,0,0,0,0,0,0,0
0.036385,0.034754,0.034728,0,0,0,0,0,0,0,0,0,0,0,0
0.036254,0.035476,0.034722,0,0,0,0,0,0,0,0,0,0,0,0
0.036427,0.034849,0.034779,0,0,0,0,0,0,0,0,0,0,0,0
0.03664,0.034776,0.034677,0,0,0,0,0,0,0,0,0,0,0,0
0.036303,0.03452,0.034575,0,0,0,0,0,0,0,0,0,0,0,0
0.036545,0.035044,0.034953,0,0,0,0,0,0,0,0,0,0,0,0
0.036371,0.038254,0.034645,0,0,0,0,0,0,0,0,0,0,0,0
0.036275,0.034756,0.034609,0,0,0,0,0,0,0,0,0,0,0,0
0.036152,0.03466,0.034426,0,0,0,0,0,0,0,0,0,0,0,0
0.035575,0.034035,0.033803,0,0,0,0,0,0,0,0,0,0,0,0
0.036423,0.034878,0.034828,0,0,0,0,0,0,0,0,0,0,0,0
0.035396,0.034583,0.034737,0,0,0,0,0,0,0,0,0,0,0,0
0.034823,0.034911,0.034782,0,0,0,0,0,0,0,0,0,0,0,0
0.034732,0.034892,0.034985,0,0,0,0,0,0,0,0,0,0,0,0
0.034964,0.034757,0.034915,0,0,0,0,0,0,0,0,0,0,0,0
0.035169,0.034912,0.034903,0,0,0,0,0,0,0,0,0,0,0,0
0.034697,0.035748,0.034692,0,0,0,0,0,0,0,0,0,0,0,0
0.034884,0.034829,0.034901,0,0,0,0,0,0,0,0,0,0,0,0
0.03397,0.033869,0.034112,0,0,0,0,0,0,0,0,0,0,0,0
0.034549,0.034752,0.034501,0,0,0,0,0,0,0,0,0,0,0,0
0.033896,0.034021,0.034027,0,0,0,0,0,0,0,0,0,0,0,0
0.033955,0.033992,0.03375,0,0,0,0,0,0,0,0,0,0,0,0
0.033661,0.033671,0.033779,0,0,0,0,0,0,0,0,0,0,0,0
0.03377,0.033957,0.033711,0,0,0,0,0,0,0,0,0,0,0,0
0.033839,0.033786,0.033801,0,0,0,0,0,0,0,0,0,0,0,0
0.033823,0.03366,0.033742,0,0,0,0,0,0,0,0,0,0,0,0
0.033648,0.033487,0.033761,0,0,0,0,0,0,0,0,0,0,0,0
0.033775,0.033859,0.034016,0,0,0,0,0,0,0,0,0,0,0,0
0.033844,0.033753,0.033823,0,0,0,0,0,0,0,0,0,0,0,0
0.033842,0.033734,0.033694,0,0,0,0,0,0,0,0,0,0,0,0
0.033831,0.034099,0.03378,0,0,0,0,0,0,0,0,0,0,0,0
0.033874,0.033731,0.033783,0,0,0,0,0,0,0,0,0,0,0,0
0.033689,0.033508,0.033583,0,0,0,0,0,0,0,0,0,0,0,0
0.034562,0.03453,0.034327,0,0,0,0,0,0,0,0,0,0,0,0
0.033674,0.033926,0.033952,0,0,0,0,0,0,0,0,0,0,0,0
0.03391,0.035397,0.033763,0,0,0,0,0,0,0,0,0,0,0,0
0.033734,0.033756,0.033715,0,0,0,0,0,0,0,0,0,0,0,0
0.034451,0.03465,0.034385,0,0,0,0,0,0,0,0,0,0,0,0
0.033841,0.033711,0.033899,0,0,0,0,0,0,0,0,0,0,0,0
0.034567,0.034506,0.034366,0,0,0,0,0,0,0,0,0,0,0,0
0.033772,0.033845,0.033835,0,0,0,0,0,0,0,0,0,0,0,0
0.034516,0.035297,0.034955,0,0,0,0,0,0,0,0,0,0,0,0
0.034075,0.034158,0.034082,0,0,0,0,0,0,0,0,0,0,0,0
0.034036,0.034114,0.033768,0,0,0,0,0,0,0,0,0,0,0,0
0.033904,0.034138,0.033759,0,0,0,0,0,0,0,0,0,0,0,0
0.035379,0.03399,0.033806,0,0,0,0,0,0,0,0,0,0,0,0
0.035871,0.034541,0.034354,0,0,0,0,0,0,0,0,0,0,0,0
0.035914,0.034537,0.034567,0,0,0,0,0,0,0,0,0,0,0,0
0.035171,0.033989,0.033804,0,0,0,0,0,0,0,0,0,0,0,0
0.036315,0.034837,0.034384,0,0,0,0,0,0,0,0,0,0,0,0
0.036004,0.034789,0.034377,0,0,0,0,0,0,0,0,0,0,0,0
0.03523,0.035143,0.033683,0,0,0,0,0,0,0,0,0,0,0,0
0.03556,0.035489,0.034037,0,0,0,0,0,0,0,0,0,0,0,0
0.035252,0.035223,0.033566,0,0,0,0,0,0,0,0,0,0,0,0
0.035377,0.035173,0.034021,0,0,0,0,0,0,0,0,0,0,0,0
0.035183,0.035393,0.03365,0,0,0,0,0,0,0,0,0,0,0,0
0.035311,0.035297,0.03373,0,0,0,0,0,0,0,0,0,0,0,0
0.035253,0.03541,0.033618,0,0,0,0,0,0,0,0,0,0,0,0
0.035109,0.035323,0.033502,0,0,0,0,0,0,0,0,0,0,0,0
0.035512,0.035704,0.034046,0,0,0,0,0,0,0,0,0,0,0,0
0.035373,0.03549,0.03374,0,0,0,0,0,0,0,0,0,0,0,0
0.035529,0.035538,0.033744,0,0,0,0,0,0,0,0,0,0,0,0
0.035396,0.035673,0.033879,0,0,0,0,0,0,0,0,0,0,0,0
0.035527,0.035683,0.033926,0,0,0,0,0,0,0,0,0,0,0,0
0.035239,0.035484,0.033633,0,0,0,0,0,0,0,0,0,0,0,0
0.035702,0.035726,0.033851,0,0,0,0,0,0,0,0,0,0,0,0
0.035507,0.035501,0.033704,0,0,0,0,0,0,0,0,0,0,0,0
0.035492,0.035296,0.033631,0,0,0,0,0,0,0,0,0,0,0,0
0.035353,0.035203,0.033719,0,0,0,0,0,0,0,0,0,0,0,0
0.035365,0.035351,0.033693,0,0,0,0,0,0,0,0,0,0,0,0
0.035413,0.035217,0.033596,0,0,0,0,0,0,0,0,0,0,0,0
0.035565,0.035352,0.033626,0,0,0,0,0,0,0,0,0,0,0,0
0.035261,0.035334,0.033658,0,0,0,0,0,0,0,0,0,0,0,0
0.035484,0.035319,0.033831,0,0,0,0,0,0,0,0,0,0,0,0
0.035424,0.035162,0.033679,0,0,0,0,0,0,0,0,0,0,0,0
0.03548,0.035457,0.033835,0,0,0,0,0,0,0,0,0,0,0,0
0.035329,0.035621,0.034079,0,0,0,0,0,0,0,0,0,0,0,0
0.035686,0.03579,0.034055,0,0,0,0,0,0,0,0,0,0,0,0
0.03598,0.036176,0.034533,0,0,0,0,0,0,0,0,0,0,0,0
0.0356,0.035553,0.033936,0,0,0,0,0,0,0,0,0,0,0,0
0.035467,0.035398,0.033864,0,0,0,0,0,0,0,0,0,0,0,0
0.036198,0.036046,0.034463,0,0,0,0,0,0,0,0,0,0,0,0
0.036133,0.036153,0.03435,0,0,0,0,0,0,0,0,0,0,0,0
0.036342,0.036206,0.03457,0,0,0,0,0,0,0,0,0,0,0,0
0.035517,0.035364,0.033864,0,0,0,0,0,0,0,0,0,0,0,0
0.036071,0.03611,0.034313,0,0,0,0,0,0,0,0,0,0,0,0
0.03552,0.035986,0.033828,0,0,0,0,0,0,0,0,0,0,0,0
0.036308,0.035512,0.033908,0,0,0,0,0,0,0,0,0,0,0,0
0.036257,0.035843,0.034602,0,0,0,0,0,0,0,0,0,0,0,0
0.036081,0.03598,0.034348,0,0,0,0,0,0,0,0,0,0,0,0
0.036156,0.036243,0.034689,0,0,0,0,0,0,0,0,0,0,0,0
0.035479,0.035492,0.033832,0,0,0,0,0,0,0,0,0,0,0,0
0.035284,0.035286,0.033697,0,0,0,0,0,0,0,0,0,0,0,0
0.035549,0.034266,0.033849,0,0,0,0,0,0,0,0,0,0,0,0
0.035508,0.033901,0.033869,0,0,0,0,0,0,0,0,0,0,0,0
0.035746,0.033879,0.03384,0,0,0,0,0,0,0,0,0,0,0,0
0.035463,0.034018,0.033723,0,0,0,0,0,0,0,0,0,0,0,0
0.036286,0.034611,0.034523,0,0,0,0,0,0,0,0,0,0,0,0
0.036181,0.034608,0.034559,0,0,0,0,0,0,0,0,0,0,0,0
0.036242,0.034707,0.03497,0,0,0,0,0,0,0,0,0,0,0,0
0.036368,0.034655,0.034464,0,0,0,0,0,0,0,0,0,0,0,0
0.036452,0.034722,0.034634,0,0,0,0,0,0,0,0,0,0,0,0
0.036337,0.034805,0.034572,0,0,0,0,0,0,0,0,0,0,0,0
0.036106,0.034504,0.03444,0,0,0,0,0,0,0,0,0,0,0,0
0.036105,0.034549,0.034678,0,0,0,0,0,0,0,0,0,0,0,0
0.036181,0.035759,0.034386,0,0,0,0,0,0,0,0,0,0,0,0
0.036128,0.03464,0.034525,0,0,0,0,0,0,0,0,0,0,0,0
0.036162,0.034595,0.034459,0,0,0,0,0,0,0,0,0,0,0,0
0.036299,0.034467,0.034497,0,0,0,0,0,0,0,0,0,0,0,0
0.036288,0.034731,0.034507,0,0,0,0,0,0,0,0,0,0,0,0
0.036101,0.034486,0.034483,0,0,0,0,0,0,0,0,0,0,0,0
0.035677,0.033851,0.033958,0,0,0,0,0,0,0,0,0,0,0,0
0.035469,0.033861,0.03386,0,0,0,0,0,0,0,0,0,0,0,0
0.035418,0.034097,0.03383,0,0,0,0,0,0,0,0,0,0,0,0
0.036019,0.034078,0.033836,0,0,0,0,0,0,0,0,0,0,0,0
0.036324,0.034621,0.034562,0,0,0,0,0,0,0,0,0,0,0,0
0.036463,0.034794,0.034417,0,0,0,0,0,0,0,0,0,0,0,0
0.036372,0.034593,0.034398,0,0,0,0,0,0,0,0,0,0,0,0
0.035892,0.03453,0.034688,0,0,0,0,0,0,0,0,0,0,0,0
0.035513,0.033916,0.033809,0,0,0,0,0,0,0,0,0,0,0,0
0.035295,0.034002,0.033792,0,0,0,0,0,0,0,0,0,0,0,0
0.035547,0.033921,0.03379,0,0,0,0,0,0,0,0,0,0,0,0
0.03544,0.033727,0.033968,0,0,0,0,0,0,0,0,0,0,0,0
0.036046,0.034788,0.034358,0,0,0,0,0,0,0,0,0,0,0,0
0.036069,0.034459,0.034408,0,0,0,0,0,0,0,0,0,0,0,0
0.036245,0.034422,0.034504,0,0,0,0,0,0,0,0,0,0,0,0
0.036344,0.034333,0.034435,0,0,0,0,0,0,0,0,0,0,0,0
0.035612,0.034117,0.033872,0,0,0,0,0,0,0,0,0,0,0,0
0.036239,0.03472,0.034828,0,0,0,0,0,0,0,0,0,0,0,0
0.035841,0.034173,0.033991,0,0,0,0,0,0,0,0,0,0,0,0
0.035683,0.034079,0.03391,0,0,0,0,0,0,0,0,0,0,0,0
0.035754,0.034088,0.034068,0,0,0,0,0,0,0,0,0,0,0,0
0.035633,0.03401,0.034128,0,0,0,0,0,0,0,0,0,0,0,0
0.036582,0.034635,0.035795,0,0,0,0,0,0,0,0,0,0,0,0
0.035612,0.039658,0.035232,0,0,0,0,0,0,0,0,0,0,0,0
0.036378,0.05177,0.037041,0,0,0,0,0,0,0,0,0,0,0,0
0.036379,0.045216,0.036331,0,0,0,0,0,0,0,0,0,0,0,0
0.036593,0.040616,0.036071,0,0,0,0,0,0,0,0,0,0,0,0
0.036374,0.038103,0.036187,0,0,0,0,0,0,0,0,0,0,0,0
0.036447,0.036303,0.036135,0,0,0,0,0,0,0,0,0,0,0,0
0.036375,0.036011,0.036207,0,0,0,0,0,0,0,0,0,0,0,0
0.041245,0.036426,0.038266,0,0,0,0,0,0,0,0,0,0,0,0
0.042074,0.036176,0.035844,0,0,0,0,0,0,0,0,0,0,0,0
0.038535,0.036143,0.034794,0,0,0,0,0,0,0,0,0,0,0,0
0.036215,0.036105,0.035869,0,0,0,0,0,0,0,0,0,0,0,0
0.035933,0.035982,0.036124,0,0,0,0,0,0,0,0,0,0,0,0
0.034826,0.036044,0.036266,0,0,0,0,0,0,0,0,0,0,0,0
0.035028,0.036035,0.036513,0,0,0,0,0,0,0,0,0,0,0,0
0.034638,0.035977,0.034615,0,0,0,0,0,0,0,0,0,0,0,0
0.034957,0.035973,0.036026,0,0,0,0,0,0,0,0,0,0,0,0
0.03394,0.035196,0.03554,0,0,0,0,0,0,0,0,0,0,0,0
0.034021,0.035363,0.035541,0,0,0,0,0,0,0,0,0,0,0,0
0.033734,0.035315,0.035375,0,0,0,0,0,0,0,0,0,0,0,0
0.033839,0.034962,0.035504,0,0,0,0,0,0,0,0,0,0,0,0
0.034203,0.035248,0.035497,0,0,0,0,0,0,0,0,0,0,0,0
0.033647,0.03515,0.03516,0,0,0,0,0,0,0,0,0,0,0,0
0.033691,0.035124,0.036598,0,0,0,0,0,0,0,0,0,0,0,0
0.033884,0.035171,0.035191,0,0,0,0,0,0,0,0,0,0,0,0
0.03387,0.035171,0.035262,0,0,0,0,0,0,0,0,0,0,0,0
0.033711,0.035202,0.035509,0,0,0,0,0,0,0,0,0,0,0,0
0.033721,0.035055,0.035494,0,0,0,0,0,0,0,0,0,0,0,0
0.033827,0.03536,0.035128,0,0,0,0,0,0,0,0,0,0,0,0
0.034005,0.03531,0.035282,0,0,0,0,0,0,0,0,0,0,0,0
0.033982,0.035304,0.035343,0,0,0,0,0,0,0,0,0,0,0,0
0.034948,0.035233,0.035475,0,0,0,0,0,0,0,0,0,0,0,0
0.034015,0.035571,0.03531,0,0,0,0,0,0,0,0,0,0,0,0
0.033811,0.035331,0.035404,0,0,0,0,0,0,0,0,0,0,0,0
0.033804,0.035037,0.035359,0,0,0,0,0,0,0,0,0,0,0,0
0.033763,0.035008,0.035141,0,0,0,0,0,0,0,0,0,0,0,0
0.034945,0.042508,0.035328,0,0,0,0,0,0,0,0,0,0,0,0
0.033746,0.043227,0.035356,0,0,0,0,0,0,0,0,0,0,0,0
0.033974,0.039504,0.035459,0,0,0,0,0,0,0,0,0,0,0,0
0.033879,0.03658,0.035394,0,0,0,0,0,0,0,0,0,0,0,0
0.034603,0.035128,0.035958,0,0,0,0,0,0,0,0,0,0,0,0
0.033921,0.033913,0.035477,0,0,0,0,0,0,0,0,0,0,0,0
0.033959,0.03372,0.035302,0,0,0,0,0,0,0,0,0,0,0,0
0.033788,0.03388,0.035422,0,0,0,0,0,0,0,0,0,0,0,0
0.033721,0.033792,0.03495,0,0,0,0,0,0,0,0,0,0,0,0
0.034261,0.033607,0.035932,0,0,0,0,0,0,0,0,0,0,0,0
0.033798,0.033777,0.034898,0,0,0,0,0,0,0,0,0,0,0,0
0.033572,0.033658,0.035006,0,0,0,0,0,0,0,0,0,0,0,0
0.033878,0.034236,0.035126,0,0,0,0,0,0,0,0,0,0,0,0
0.033632,0.033578,0.034851,0,0,0,0,0,0,0,0,0,0,0,0
0.034224,0.034972,0.035664,0,0,0,0,0,0,0,0,0,0,0,0
0.03387,0.0339,0.035132,0,0,0,0,0,0,0,0,0,0,0,0
0.033979,0.033732,0.034902,0,0,0,0,0,0,0,0,0,0,0,0
0.033677,0.033842,0.03494,0,0,0,0,0,0,0,0,0,0,0,0
0.03364,0.033702,0.034855,0,0,0,0,0,0,0,0,0,0,0,0
0.033573,0.034389,0.03509,0,0,0,0,0,0,0,0,0,0,0,0
0.033977,0.03395,0.035141,0,0,0,0,0,0,0,0,0,0,0,0
0.034491,0.034518,0.035595,0,0,0,0,0,0,0,0,0,0,0,0
0.034524,0.034564,0.035603,0,0,0,0,0,0,0,0,0,0,0,0
0.034671,0.034938,0.044441,0,0,0,0,0,0,0,0,0,0,0,0
0.033898,0.034072,0.047032,0,0,0,0,0,0,0,0,0,0,0,0
0.033774,0.033749,0.040984,0,0,0,0,0,0,0,0,0,0,0,0
0.033882,0.035033,0.038243,0,0,0,0,0,0,0,0,0,0,0,0
0.033942,0.033782,0.035642,0,0,0,0,0,0,0,0,0,0,0,0
0.033889,0.034228,0.035377,0,0,0,0,0,0,0,0,0,0,0,0
0.035472,0.034599,0.036141,0,0,0,0,0,0,0,0,0,0,0,0
0.03464,0.034522,0.036258,0,0,0,0,0,0,0,0,0,0,0,0
0.033831,0.033933,0.035384,0,0,0,0,0,0,0,0,0,0,0,0
0.033954,0.035489,0.035432,0,0,0,0,0,0,0,0,0,0,0,0
0.033708,0.033917,0.035568,0,0,0,0,0,0,0,0,0,0,0,0
0.03401,0.033869,0.035461,0,0,0,0,0,0,0,0,0,0,0,0
0.034506,0.034654,0.036131,0,0,0,0,0,0,0,0,0,0,0,0
0.034564,0.034582,0.036011,0,0,0,0,0,0,0,0,0,0,0,0
0.034016,0.033961,0.035526,0,0,0,0,0,0,0,0,0,0,0,0
0.034625,0.03465,0.035998,0,0,0,0,0,0,0,0,0,0,0,0
0.033776,0.034039,0.035608,0,0,0,0,0,0,0,0,0,0,0,0
0.033642,0.033592,0.035487,0,0,0,0,0,0,0,0,0,0,0,0
0.033775,0.033615,0.035457,0,0,0,0,0,0,0,0,0,0,0,0
0.033737,0.033862,0.035208,0,0,0,0,0,0,0,0,0,0,0,0
0.033827,0.033643,0.033784,0,0,0,0,0,0,0,0,0,0,0,0
0.033913,0.033746,0.033754,0,0,0,0,0,0,0,0,0,0,0,0
0.033893,0.033943,0.033762,0,0,0,0,0,0,0,0,0,0,0,0
0.033725,0.033672,0.033657,0,0,0,0,0,0,0,0,0,0,0,0
0.033747,0.033613,0.033872,0,0,0,0,0,0,0,0,0,0,0,0
0.033952,0.03457,0.034043,0,0,0,0,0,0,0,0,0,0,0,0
0.034012,0.034077,0.033864,0,0,0,0,0,0,0,0,0,0,0,0
0.033955,0.033818,0.033952,0,0,0,0,0,0,0,0,0,0,0,0
0.033985,0.033831,0.034035,0,0,0,0,0,0,0,0,0,0,0,0
0.033868,0.03377,0.034668,0,0,0,0,0,0,0,0,0,0,0,0
0.034561,0.033651,0.033793,0,0,0,0,0,0,0,0,0,0,0,0
0.033675,0.033487,0.033812,0,0,0,0,0,0,0,0,0,0,0,0
0.034038,0.033737,0.033993,0,0,0,0,0,0,0,0,0,0,0,0
0.033898,0.034014,0.033714,0,0,0,0,0,0,0,0,0,0,0,0
0.033846,0.033754,0.033754,0,0,0,0,0,0,0,0,0,0,0,0
0.03555,0.034782,0.03461,0,0,0,0,0,0,0,0,0,0,0,0
0.03398,0.03394,0.033797,0,0,0,0,0,0,0,0,0,0,0,0
0.033705,0.033679,0.033735,0,0,0,0,0,0,0,0,0,0,0,0
0.033663,0.033562,0.033798,0,0,0,0,0,0,0,0,0,0,0,0
0.033777,0.033763,0.033806,0,0,0,0,0,0,0,0,0,0,0,0
0.033578,0.033749,0.035202,0,0,0,0,0,0,0,0,0,0,0,0
0.033908,0.033546,0.035052,0,0,0,0,0,0,0,0,0,0,0,0
0.033705,0.033695,0.035625,0,0,0,0,0,0,0,0,0,0,0,0
0.033716,0.033558,0.034947,0,0,0,0,0,0,0,0,0,0,0,0
0.033636,0.033623,0.035215,0,0,0,0,0,0,0,0,0,0,0,0
0.034557,0.034409,0.036087,0,0,0,0,0,0,0,0,0,0,0,0
0.034683,0.03458,0.036068,0,0,0,0,0,0,0,0,0,0,0,0
0.034477,0.034573,0.03617,0,0,0,0,0,0,0,0,0,0,0,0
0.03381,0.03382,0.035429,0,0,0,0,0,0,0,0,0,0,0,0
0.034016,0.03376,0.035383,0,0,0,0,0,0,0,0,0,0,0,0
0.033897,0.033797,0.035439,0,0,0,0,0,0,0,0,0,0,0,0
0.034441,0.034543,0.036163,0,0,0,0,0,0,0,0,0,0,0,0
0.033693,0.033604,0.03539,0,0,0,0,0,0,0,0,0,0,0,0
0.033928,0.033712,0.035458,0,0,0,0,0,0,0,0,0,0,0,0
0.034371,0.034839,0.035882,0,0,0,0,0,0,0,0,0,0,0,0
0.034623,0.034561,0.036139,0,0,0,0,0,0,0,0,0,0,0,0
0.0345,0.034371,0.036265,0,0,0,0,0,0,0,0,0,0,0,0
0.034435,0.034577,0.036957,0,0,0,0,0,0,0,0,0,0,0,0
0.03381,0.033687,0.035383,0,0,0,0,0,0,0,0,0,0,0,0
0.033965,0.033754,0.035541,0,0,0,0,0,0,0,0,0,0,0,0
0.033625,0.033655,0.035273,0,0,0,0,0,0,0,0,0,0,0,0
0.033806,0.033695,0.035117,0,0,0,0,0,0,0,0,0,0,0,0
0.033672,0.033642,0.035257,0,0,0,0,0,0,0,0,0,0,0,0
0.033808,0.035006,0.035252,0,0,0,0,0,0,0,0,0,0,0,0
0.035339,0.035333,0.035229,0,0,0,0,0,0,0,0,0,0,0,0
0.033897,0.035463,0.03541,0,0,0,0,0,0,0,0,0,0,0,0
0.033642,0.035106,0.035308,0,0,0,0,0,0,0,0,0,0,0,0
0.033748,0.038775,0.035732,0,0,0,0,0,0,0,0,0,0,0,0
0.033995,0.042622,0.035297,0,0,0,0,0,0,0,0,0,0,0,0
0.033569,0.038485,0.035549,0,0,0,0,0,0,0,0,0,0,0,0
0.033632,0.035979,0.035153,0,0,0,0,0,0,0,0,0,0,0,0
0.033657,0.037996,0.03503,0,0,0,0,0,0,0,0,0,0,0,0
0.033441,0.041083,0.035203,0,0,0,0,0,0,0,0,0,0,0,0
0.03374,0.037467,0.035228,0,0,0,0,0,0,0,0,0,0,0,0
0.034486,0.035921,0.035916,0,0,0,0,0,0,0,0,0,0,0,0
0.034566,0.03584,0.036068,0,0,0,0,0,0,0,0,0,0,0,0
0.03377,0.035374,0.035325,0,0,0,0,0,0,0,0,0,0,0,0
0.034235,0.035043,0.035331,0,0,0,0,0,0,0,0,0,0,0,0
0.03376,0.035221,0.035197,0,0,0,0,0,0,0,0,0,0,0,0
0.033727,0.035263,0.035369,0,0,0,0,0,0,0,0,0,0,0,0
0.033851,0.035074,0.03552,0,0,0,0,0,0,0,0,0,0,0,0
0.034001,0.03517,0.035454,0,0,0,0,0,0,0,0,0,0,0,0
0.034483,0.036197,0.035958,0,0,0,0,0,0,0,0,0,0,0,0
0.03445,0.042954,0.035936,0,0,0,0,0,0,0,0,0,0,0,0
0.034026,0.044767,0.035279,0,0,0,0,0,0,0,0,0,0,0,0
0.033843,0.043202,0.035464,0,0,0,0,0,0,0,0,0,0,0,0
0.034423,0.039351,0.035972,0,0,0,0,0,0,0,0,0,0,0,0
0.03444,0.036603,0.03616,0,0,0,0,0,0,0,0,0,0,0,0
0.034524,0.036051,0.035866,0,0,0,0,0,0,0,0,0,0,0,0
0.034496,0.036088,0.036024,0,0,0,0,0,0,0,0,0,0,0,0
0.034309,0.038551,0.0359,0,0,0,0,0,0,0,0,0,0,0,0
0.034017,0.037314,0.035364,0,0,0,0,0,0,0,0,0,0,0,0
0.033558,0.035279,0.035231,0,0,0,0,0,0,0,0,0,0,0,0
0.034328,0.035351,0.035335,0,0,0,0,0,0,0,0,0,0,0,0
0.033882,0.035465,0.035508,0,0,0,0,0,0,0,0,0,0,0,0
0.034032,0.035113,0.035353,0,0,0,0,0,0,0,0,0,0,0,0
0.033988,0.035316,0.035426,0,0,0,0,0,0,0,0,0,0,0,0
0.03462,0.035975,0.036007,0,0,0,0,0,0,0,0,0,0,0,0
0.034092,0.03549,0.035548,0,0,0,0,0,0,0,0,0,0,0,0
0.033831,0.035292,0.035158,0,0,0,0,0,0,0,0,0,0,0,0
0.033924,0.035098,0.036456,0,0,0,0,0,0,0,0,0,0,0,0
0.033808,0.034963,0.0353,0,0,0,0,0,0,0,0,0,0,0,0
0.033704,0.035203,0.035808,0,0,0,0,0,0,0,0,0,0,0,0
0.033754,0.035495,0.035364,0,0,0,0,0,0,0,0,0,0,0,0
0.033607,0.035156,0.036519,0,0,0,0,0,0,0,0,0,0,0,0
0.033753,0.036857,0.035428,0,0,0,0,0,0,0,0,0,0,0,0
0.033804,0.035321,0.035282,0,0,0,0,0,0,0,0,0,0,0,0
0.033594,0.035213,0.0353,0,0,0,0,0,0,0,0,0,0,0,0
0.033686,0.035687,0.035697,0,0,0,0,0,0,0,0,0,0,0,0
0.033914,0.035294,0.035494,0,0,0,0,0,0,0,0,0,0,0,0
0.033719,0.035423,0.035245,0,0,0,0,0,0,0,0,0,0,0,0
0.033885,0.03533,0.035369,0,0,0,0,0,0,0,0,0,0,0,0
0.03397,0.035525,0.035669,0,0,0,0,0,0,0,0,0,0,0,0
0.033728,0.03522,0.035161,0,0,0,0,0,0,0,0,0,0,0,0
0.03464,0.036097,0.0361,0,0,0,0,0,0,0,0,0,0,0,0
0.03363,0.035122,0.034401,0,0,0,0,0,0,0,0,0,0,0,0
0.033717,0.035064,0.033868,0,0,0,0,0,0,0,0,0,0,0,0
0.034632,0.036399,0.035647,0,0,0,0,0,0,0,0,0,0,0,0
0.034494,0.035872,0.034611,0,0,0,0,0,0,0,0,0,0,0,0
0.034851,0.036244,0.034705,0,0,0,0,0,0,0,0,0,0,0,0
0.03454,0.036122,0.034584,0,0,0,0,0,0,0,0,0,0,0,0
0.034714,0.036375,0.034634,0,0,0,0,0,0,0,0,0,0,0,0
0.034491,0.03467,0.033977,0,0,0,0,0,0,0,0,0,0,0,0
0.034217,0.033849,0.033926,0,0,0,0,0,0,0,0,0,0,0,0
0.03388,0.034033,0.033894,0,0,0,0,0,0,0,0,0,0,0,0
0.033904,0.033787,0.033794,0,0,0,0,0,0,0,0,0,0,0,0
0.034022,0.033758,0.033926,0,0,0,0,0,0,0,0,0,0,0,0
0.034628,0.034774,0.034454,0,0,0,0,0,0,0,0,0,0,0,0
0.034752,0.034651,0.03469,0,0,0,0,0,0,0,0,0,0,0,0
0.033871,0.033879,0.034006,0,0,0,0,0,0,0,0,0,0,0,0
0.034701,0.03452,0.035845,0,0,0,0,0,0,0,0,0,0,0,0
0.034825,0.034758,0.034561,0,0,0,0,0,0,0,0,0,0,0,0
0.034671,0.034582,0.034555,0,0,0,0,0,0,0,0,0,0,0,0
0.034222,0.035579,0.034195,0,0,0,0,0,0,0,0,0,0,0,0
0.033974,0.035403,0.033866,0,0,0,0,0,0,0,0,0,0,0,0
0.035009,0.036004,0.03407,0,0,0,0,0,0,0,0,0,0,0,0
0.034063,0.035769,0.034583,0,0,0,0,0,0,0,0,0,0,0,0
0.034269,0.035498,0.034099,0,0,0,0,0,0,0,0,0,0,0,0
0.03391,0.035581,0.034011,0,0,0,0,0,0,0,0,0,0,0,0
0.034791,0.036102,0.034763,0,0,0,0,0,0,0,0,0,0,0,0
0.034693,0.036128,0.034823,0,0,0,0,0,0,0,0,0,0,0,0
0.034759,0.036274,0.034594,0,0,0,0,0,0,0,0,0,0,0,0
0.034506,0.036162,0.034634,0,0,0,0,0,0,0,0,0,0,0,0
0.034794,0.035984,0.034721,0,0,0,0,0,0,0,0,0,0,0,0
0.034775,0.036081,0.035183,0,0,0,0,0,0,0,0,0,0,0,0
0.034774,0.036065,0.034479,0,0,0,0,0,0,0,0,0,0,0,0
0.034422,0.035893,0.034523,0,0,0,0,0,0,0,0,0,0,0,0
0.034661,0.037064,0.034568,0,0,0,0,0,0,0,0,0,0,0,0
0.034328,0.036011,0.034702,0,0,0,0,0,0,0,0,0,0,0,0
0.034603,0.036134,0.034603,0,0,0,0,0,0,0,0,0,0,0,0
0.035393,0.036148,0.034916,0,0,0,0,0,0,0,0,0,0,0,0
0.034754,0.036313,0.034685,0,0,0,0,0,0,0,0,0,0,0,0
0.034433,0.035961,0.034606,0,0,0,0,0,0,0,0,0,0,0,0
0.034484,0.035817,0.034687,0,0,0,0,0,0,0,0,0,0,0,0
0.034632,0.035818,0.034603,0,0,0,0,0,0,0,0,0,0,0,0
0.034559,0.035897,0.034422,0,0,0,0,0,0,0,0,0,0,0,0
0.034298,0.035814,0.034462,0,0,0,0,0,0,0,0,0,0,0,0
0.034482,0.035911,0.034695,0,0,0,0,0,0,0,0,0,0,0,0
0.034516,0.036013,0.034526,0,0,0,0,0,0,0,0,0,0,0,0
0.034224,0.035469,0.034141,0,0,0,0,0,0,0,0,0,0,0,0
0.034441,0.036062,0.034503,0,0,0,0,0,0,0,0,0,0,0,0
0.034813,0.035995,0.034787,0,0,0,0,0,0,0,0,0,0,0,0
0.034409,0.036108,0.034518,0,0,0,0,0,0,0,0,0,0,0,0
0.034573,0.035859,0.034484,0,0,0,0,0,0,0,0,0,0,0,0
0.034639,0.03621,0.034688,0,0,0,0,0,0,0,0,0,0,0,0
0.034736,0.03613,0.034524,0,0,0,0,0,0,0,0,0,0,0,0
0.034557,0.036271,0.034507,0,0,0,0,0,0,0,0,0,0,0,0
0.033876,0.035436,0.033719,0,0,0,0,0,0,0,0,0,0,0,0
0.034688,0.036006,0.034648,0,0,0,0,0,0,0,0,0,0,0,0
0.034448,0.035979,0.03428,0,0,0,0,0,0,0,0,0,0,0,0
0.034531,0.035772,0.034483,0,0,0,0,0,0,0,0,0,0,0,0
0.033835,0.035195,0.033692,0,0,0,0,0,0,0,0,0,0,0,0
0.034657,0.035922,0.03441,0,0,0,0,0,0,0,0,0,0,0,0
0.03468,0.03601,0.034409,0,0,0,0,0,0,0,0,0,0,0,0
0.034373,0.036028,0.035338,0,0,0,0,0,0,0,0,0,0,0,0
0.034918,0.036177,0.034455,0,0,0,0,0,0,0,0,0,0,0,0
0.034902,0.036172,0.034557,0,0,0,0,0,0,0,0,0,0,0,0
0.034787,0.036326,0.034719,0,0,0,0,0,0,0,0,0,0,0,0
