9.2e-05,4.7e-05,9e-05,0,0,0,0,0,0,0,0,0,0,0,0
0.041976,0.036769,0.036609,0,0,0,0,0,0,0,0,0,0,0,0
0.01835,0.018307,0.018364,0,0,0,0,0,0,0,0,0,0,0,0
0.018854,0.01884,0.018919,0,0,0,0,0,0,0,0,0,0,0,0
0.018802,0.018374,0.01871,0,0,0,0,0,0,0,0,0,0,0,0
0.018924,0.018611,0.018558,0,0,0,0,0,0,0,0,0,0,0,0
0.019315,0.019449,0.019734,0,0,0,0,0,0,0,0,0,0,0,0
0.01942,0.019362,0.019328,0,0,0,0,0,0,0,0,0,0,0,0
0.019179,0.018969,0.018857,0,0,0,0,0,0,0,0,0,0,0,0
0.019538,0.019817,0.02015,0,0,0,0,0,0,0,0,0,0,0,0
0.018285,0.018135,0.017963,0,0,0,0,0,0,0,0,0,0,0,0
0.018942,0.018915,0.0189,0,0,0,0,0,0,0,0,0,0,0,0
0.018757,0.018891,0.018601,0,0,0,0,0,0,0,0,0,0,0,0
0.018635,0.018692,0.020135,0,0,0,0,0,0,0,0,0,0,0,0
0.01867,0.018949,0.020229,0,0,0,0,0,0,0,0,0,0,0,0
0.018545,0.018926,0.019661,0,0,0,0,0,0,0,0,0,0,0,0
0.018525,0.018928,0.019204,0,0,0,0,0,0,0,0,0,0,0,0
0.018682,0.019234,0.018781,0,0,0,0,0,0,0,0,0,0,0,0
0.01934,0.019603,0.019967,0,0,0,0,0,0,0,0,0,0,0,0
0.018787,0.01901,0.019321,0,0,0,0,0,0,0,0,0,0,0,0
0.019263,0.019309,0.019762,0,0,0,0,0,0,0,0,0,0,0,0
0.018365,0.020503,0.018408,0,0,0,0,0,0,0,0,0,0,0,0
0.018554,0.020015,0.019022,0,0,0,0,0,0,0,0,0,0,0,0
0.018823,0.019027,0.018868,0,0,0,0,0,0,0,0,0,0,0,0
0.01854,0.018692,0.018469,0,0,0,0,0,0,0,0,0,0,0,0
0.019234,0.019337,0.019005,0,0,0,0,0,0,0,0,0,0,0,0
0.018863,0.018866,0.018618,0,0,0,0,0,0,0,0,0,0,0,0
0.019157,0.019022,0.019,0,0,0,0,0,0,0,0,0,0,0,0
0.018702,0.018721,0.018576,0,0,0,0,0,0,0,0,0,0,0,0
0.021323,0.018645,0.018457,0,0,0,0,0,0,0,0,0,0,0,0
0.020137,0.018499,0.018589,0,0,0,0,0,0,0,0,0,0,0,0
0.018829,0.018299,0.018383,0,0,0,0,0,0,0,0,0,0,0,0
0.018803,0.018699,0.018763,0,0,0,0,0,0,0,0,0,0,0,0
0.019105,0.019199,0.019183,0,0,0,0,0,0,0,0,0,0,0,0
0.018485,0.018641,0.018734,0,0,0,0,0,0,0,0,0,0,0,0
0.019519,0.019498,0.019653,0,0,0,0,0,0,0,0,0,0,0,0
0.01846,0.018407,0.018328,0,0,0,0,0,0,0,0,0,0,0,0
0.023499,0.022715,0.021375,0,0,0,0,0,0,0,0,0,0,0,0
0.019297,0.019481,0.01997,0,0,0,0,0,0,0,0,0,0,0,0
0.018662,0.018841,0.018581,0,0,0,0,0,0,0,0,0,0,0,0
0.018606,0.018449,0.018285,0,0,0,0,0,0,0,0,0,0,0,0
0.018695,0.01893,0.01847,0,0,0,0,0,0,0,0,0,0,0,0
0.01909,0.019442,0.018974,0,0,0,0,0,0,0,0,0,0,0,0
0.020476,0.020565,0.0202,0,0,0,0,0,0,0,0,0,0,0,0
0.018835,0.018524,0.018449,0,0,0,0,0,0,0,0,0,0,0,0
0.018893,0.01857,0.018672,0,0,0,0,0,0,0,0,0,0,0,0
0.019088,0.018826,0.01899,0,0,0,0,0,0,0,0,0,0,0,0
0.019356,0.018997,0.019089,0,0,0,0,0,0,0,0,0,0,0,0
0.019505,0.019198,0.019023,0,0,0,0,0,0,0,0,0,0,0,0
0.01903,0.018472,0.018496,0,0,0,0,0,0,0,0,0,0,0,0
0.018896,0.018573,0.018663,0,0,0,0,0,0,0,0,0,0,0,0
0.018832,0.018795,0.018695,0,0,0,0,0,0,0,0,0,0,0,0
0.018512,0.018342,0.01848,0,0,0,0,0,0,0,0,0,0,0,0
0.018517,0.018427,0.01852,0,0,0,0,0,0,0,0,0,0,0,0
0.01856,0.018667,0.018558,0,0,0,0,0,0,0,0,0,0,0,0
0.019072,0.018983,0.01918,0,0,0,0,0,0,0,0,0,0,0,0
0.018815,0.018545,0.018497,0,0,0,0,0,0,0,0,0,0,0,0
0.018479,0.018753,0.01851,0,0,0,0,0,0,0,0,0,0,0,0
0.018976,0.018994,0.018743,0,0,0,0,0,0,0,0,0,0,0,0
0.019932,0.019748,0.019701,0,0,0,0,0,0,0,0,0,0,0,0
0.019088,0.019041,0.019083,0,0,0,0,0,0,0,0,0,0,0,0
0.019801,0.019566,0.019654,0,0,0,0,0,0,0,0,0,0,0,0
0.018829,0.018547,0.018685,0,0,0,0,0,0,0,0,0,0,0,0
0.018593,0.018647,0.018538,0,0,0,0,0,0,0,0,0,0,0,0
0.018797,0.018606,0.018783,0,0,0,0,0,0,0,0,0,0,0,0
0.019163,0.019059,0.023971,0,0,0,0,0,0,0,0,0,0,0,0
0.018742,0.018859,0.022422,0,0,0,0,0,0,0,0,0,0,0,0
0.019015,0.018824,0.019194,0,0,0,0,0,0,0,0,0,0,0,0
0.018886,0.018776,0.019036,0,0,0,0,0,0,0,0,0,0,0,0
0.018709,0.018928,0.018997,0,0,0,0,0,0,0,0,0,0,0,0
0.02005,0.020018,0.020095,0,0,0,0,0,0,0,0,0,0,0,0
0.018963,0.018733,0.018768,0,0,0,0,0,0,0,0,0,0,0,0
0.019184,0.019652,0.01899,0,0,0,0,0,0,0,0,0,0,0,0
0.018948,0.021277,0.018915,0,0,0,0,0,0,0,0,0,0,0,0
0.019141,0.020767,0.018769,0,0,0,0,0,0,0,0,0,0,0,0
0.018737,0.019244,0.018919,0,0,0,0,0,0,0,0,0,0,0,0
0.018912,0.019093,0.019001,0,0,0,0,0,0,0,0,0,0,0,0
0.020613,0.02289,0.020467,0,0,0,0,0,0,0,0,0,0,0,0
0.018769,0.020016,0.019737,0,0,0,0,0,0,0,0,0,0,0,0
0.020271,0.019815,0.020163,0,0,0,0,0,0,0,0,0,0,0,0
0.021875,0.018897,0.019094,0,0,0,0,0,0,0,0,0,0,0,0
0.020812,0.019275,0.018872,0,0,0,0,0,0,0,0,0,0,0,0
0.01958,0.01895,0.019417,0,0,0,0,0,0,0,0,0,0,0,0
0.019546,0.018679,0.01922,0,0,0,0,0,0,0,0,0,0,0,0
0.018853,0.019531,0.019451,0,0,0,0,0,0,0,0,0,0,0,0
0.020684,0.020014,0.020427,0,0,0,0,0,0,0,0,0,0,0,0
0.019341,0.018727,0.019177,0,0,0,0,0,0,0,0,0,0,0,0
0.019816,0.020567,0.020372,0,0,0,0,0,0,0,0,0,0,0,0
0.019997,0.019319,0.019876,0,0,0,0,0,0,0,0,0,0,0,0
0.020231,0.019585,0.020145,0,0,0,0,0,0,0,0,0,0,0,0
0.019106,0.01964,0.019634,0,0,0,0,0,0,0,0,0,0,0,0
0.019467,0.018695,0.019306,0,0,0,0,0,0,0,0,0,0,0,0
0.01961,0.018702,0.019251,0,0,0,0,0,0,0,0,0,0,0,0
0.018755,0.019358,0.019305,0,0,0,0,0,0,0,0,0,0,0,0
0.020232,0.019495,0.020198,0,0,0,0,0,0,0,0,0,0,0,0
0.019395,0.018654,0.020318,0,0,0,0,0,0,0,0,0,0,0,0
0.018839,0.019323,0.020857,0,0,0,0,0,0,0,0,0,0,0,0
0.018666,0.018454,0.020395,0,0,0,0,0,0,0,0,0,0,0,0
0.018684,0.018581,0.021889,0,0,0,0,0,0,0,0,0,0,0,0
0.01862,0.018465,0.020172,0,0,0,0,0,0,0,0,0,0,0,0
0.021478,0.021279,0.022513,0,0,0,0,0,0,0,0,0,0,0,0
0.018647,0.018779,0.019503,0,0,0,0,0,0,0,0,0,0,0,0
0.019079,0.018954,0.019969,0,0,0,0,0,0,0,0,0,0,0,0
0.018788,0.018731,0.019728,0,0,0,0,0,0,0,0,0,0,0,0
0.019046,0.021639,0.023492,0,0,0,0,0,0,0,0,0,0,0,0
0.019107,0.020072,0.020302,0,0,0,0,0,0,0,0,0,0,0,0
0.020312,0.022249,0.020913,0,0,0,0,0,0,0,0,0,0,0,0
0.01948,0.01984,0.020486,0,0,0,0,0,0,0,0,0,0,0,0
0.018706,0.02052,0.021242,0,0,0,0,0,0,0,0,0,0,0,0
0.019327,0.01969,0.020642,0,0,0,0,0,0,0,0,0,0,0,0
0.019859,0.01984,0.019766,0,0,0,0,0,0,0,0,0,0,0,0
0.020598,0.021986,0.021166,0,0,0,0,0,0,0,0,0,0,0,0
0.021081,0.01991,0.01948,0,0,0,0,0,0,0,0,0,0,0,0
0.024146,0.023404,0.021547,0,0,0,0,0,0,0,0,0,0,0,0
0.02684,0.020648,0.022294,0,0,0,0,0,0,0,0,0,0,0,0
0.020422,0.019654,0.023703,0,0,0,0,0,0,0,0,0,0,0,0
0.021266,0.020855,0.021109,0,0,0,0,0,0,0,0,0,0,0,0
0.021306,0.021011,0.020502,0,0,0,0,0,0,0,0,0,0,0,0
0.020491,0.019019,0.020929,0,0,0,0,0,0,0,0,0,0,0,0
0.026406,0.018743,0.019752,0,0,0,0,0,0,0,0,0,0,0,0
0.020867,0.018889,0.019196,0,0,0,0,0,0,0,0,0,0,0,0
0.019789,0.018593,0.018887,0,0,0,0,0,0,0,0,0,0,0,0
0.019493,0.020356,0.018994,0,0,0,0,0,0,0,0,0,0,0,0
0.019745,0.023071,0.019053,0,0,0,0,0,0,0,0,0,0,0,0
0.01908,0.018744,0.01838,0,0,0,0,0,0,0,0,0,0,0,0
0.018679,0.018553,0.018762,0,0,0,0,0,0,0,0,0,0,0,0
0.018288,0.018427,0.018156,0,0,0,0,0,0,0,0,0,0,0,0
0.018124,0.018431,0.018141,0,0,0,0,0,0,0,0,0,0,0,0
0.018411,0.018601,0.01895,0,0,0,0,0,0,0,0,0,0,0,0
0.020722,0.018436,0.018437,0,0,0,0,0,0,0,0,0,0,0,0
0.019963,0.018448,0.018604,0,0,0,0,0,0,0,0,0,0,0,0
0.0198,0.018706,0.019138,0,0,0,0,0,0,0,0,0,0,0,0
0.018909,0.01856,0.018546,0,0,0,0,0,0,0,0,0,0,0,0
0.02094,0.020809,0.020703,0,0,0,0,0,0,0,0,0,0,0,0
0.018886,0.01844,0.019089,0,0,0,0,0,0,0,0,0,0,0,0
0.018559,0.018279,0.018491,0,0,0,0,0,0,0,0,0,0,0,0
0.01876,0.020456,0.018623,0,0,0,0,0,0,0,0,0,0,0,0
0.019065,0.026357,0.020137,0,0,0,0,0,0,0,0,0,0,0,0
0.018408,0.020189,0.018499,0,0,0,0,0,0,0,0,0,0,0,0
0.018311,0.018513,0.018253,0,0,0,0,0,0,0,0,0,0,0,0
0.018602,0.018762,0.018747,0,0,0,0,0,0,0,0,0,0,0,0
0.018414,0.01863,0.018404,0,0,0,0,0,0,0,0,0,0,0,0
0.019666,0.018777,0.018545,0,0,0,0,0,0,0,0,0,0,0,0
0.019007,0.019187,0.018023,0,0,0,0,0,0,0,0,0,0,0,0
0.018504,0.019055,0.018855,0,0,0,0,0,0,0,0,0,0,0,0
0.019372,0.019433,0.019,0,0,0,0,0,0,0,0,0,0,0,0
0.018558,0.018563,0.018337,0,0,0,0,0,0,0,0,0,0,0,0
0.018915,0.018647,0.01904,0,0,0,0,0,0,0,0,0,0,0,0
0.019024,0.019404,0.018705,0,0,0,0,0,0,0,0,0,0,0,0
0.018426,0.018334,0.018327,0,0,0,0,0,0,0,0,0,0,0,0
0.020109,0.019927,0.020436,0,0,0,0,0,0,0,0,0,0,0,0
0.018563,0.019189,0.018367,0,0,0,0,0,0,0,0,0,0,0,0
0.018613,0.018555,0.018316,0,0,0,0,0,0,0,0,0,0,0,0
0.021804,0.018653,0.019169,0,0,0,0,0,0,0,0,0,0,0,0
0.021493,0.019779,0.018876,0,0,0,0,0,0,0,0,0,0,0,0
0.023056,0.018891,0.018709,0,0,0,0,0,0,0,0,0,0,0,0
0.020225,0.018551,0.01881,0,0,0,0,0,0,0,0,0,0,0,0
0.019825,0.019902,0.018903,0,0,0,0,0,0,0,0,0,0,0,0
0.020985,0.020539,0.020332,0,0,0,0,0,0,0,0,0,0,0,0
0.020307,0.019669,0.019944,0,0,0,0,0,0,0,0,0,0,0,0
0.019372,0.019513,0.019563,0,0,0,0,0,0,0,0,0,0,0,0
0.01983,0.018459,0.018703,0,0,0,0,0,0,0,0,0,0,0,0
0.014439,0.018555,0.018359,0,0,0,0,0,0,0,0,0,0,0,0
0.019841,0.019688,0.018661,0,0,0,0,0,0,0,0,0,0,0,0
0.019658,0.018567,0.018257,0,0,0,0,0,0,0,0,0,0,0,0
0.020476,0.020075,0.020984,0,0,0,0,0,0,0,0,0,0,0,0
0.019286,0.01909,0.02019,0,0,0,0,0,0,0,0,0,0,0,0
0.019735,0.018622,0.018786,0,0,0,0,0,0,0,0,0,0,0,0
0.01847,0.018707,0.018727,0,0,0,0,0,0,0,0,0,0,0,0
0.018399,0.018921,0.018636,0,0,0,0,0,0,0,0,0,0,0,0
0.018984,0.018298,0.018176,0,0,0,0,0,0,0,0,0,0,0,0
0.01866,0.018755,0.018551,0,0,0,0,0,0,0,0,0,0,0,0
0.018577,0.019086,0.018492,0,0,0,0,0,0,0,0,0,0,0,0
0.01931,0.023208,0.018959,0,0,0,0,0,0,0,0,0,0,0,0
0.018523,0.022736,0.018362,0,0,0,0,0,0,0,0,0,0,0,0
0.019623,0.021059,0.019481,0,0,0,0,0,0,0,0,0,0,0,0
0.018697,0.019179,0.018095,0,0,0,0,0,0,0,0,0,0,0,0
0.018605,0.018854,0.018518,0,0,0,0,0,0,0,0,0,0,0,0
0.019062,0.01986,0.018975,0,0,0,0,0,0,0,0,0,0,0,0
0.019167,0.018688,0.018592,0,0,0,0,0,0,0,0,0,0,0,0
0.021786,0.018995,0.018749,0,0,0,0,0,0,0,0,0,0,0,0
0.020358,0.019656,0.018885,0,0,0,0,0,0,0,0,0,0,0,0
0.019241,0.018865,0.018568,0,0,0,0,0,0,0,0,0,0,0,0
0.018868,0.018759,0.018498,0,0,0,0,0,0,0,0,0,0,0,0
0.018751,0.018809,0.018486,0,0,0,0,0,0,0,0,0,0,0,0
0.018843,0.018597,0.018511,0,0,0,0,0,0,0,0,0,0,0,0
0.019388,0.018927,0.018762,0,0,0,0,0,0,0,0,0,0,0,0
0.019817,0.01993,0.019204,0,0,0,0,0,0,0,0,0,0,0,0
0.019187,0.019767,0.018987,0,0,0,0,0,0,0,0,0,0,0,0
0.019028,0.018665,0.018549,0,0,0,0,0,0,0,0,0,0,0,0
0.018471,0.018399,0.018392,0,0,0,0,0,0,0,0,0,0,0,0
0.019559,0.019472,0.019216,0,0,0,0,0,0,0,0,0,0,0,0
0.01971,0.018986,0.018933,0,0,0,0,0,0,0,0,0,0,0,0
0.019015,0.018791,0.018846,0,0,0,0,0,0,0,0,0,0,0,0
0.019742,0.019449,0.019274,0,0,0,0,0,0,0,0,0,0,0,0
0.019905,0.019148,0.01893,0,0,0,0,0,0,0,0,0,0,0,0
0.019387,0.019074,0.018993,0,0,0,0,0,0,0,0,0,0,0,0
0.019317,0.01938,0.019297,0,0,0,0,0,0,0,0,0,0,0,0
0.021573,0.021393,0.02038,0,0,0,0,0,0,0,0,0,0,0,0
0.019731,0.02053,0.019293,0,0,0,0,0,0,0,0,0,0,0,0
0.018963,0.019252,0.018647,0,0,0,0,0,0,0,0,0,0,0,0
0.019431,0.018962,0.018793,0,0,0,0,0,0,0,0,0,0,0,0
0.018601,0.018852,0.01854,0,0,0,0,0,0,0,0,0,0,0,0
0.018429,0.018887,0.01866,0,0,0,0,0,0,0,0,0,0,0,0
0.019141,0.018834,0.01851,0,0,0,0,0,0,0,0,0,0,0,0
0.018462,0.01879,0.018566,0,0,0,0,0,0,0,0,0,0,0,0
0.01865,0.018954,0.018726,0,0,0,0,0,0,0,0,0,0,0,0
0.019069,0.018766,0.01859,0,0,0,0,0,0,0,0,0,0,0,0
0.018521,0.018769,0.018674,0,0,0,0,0,0,0,0,0,0,0,0
0.018608,0.019169,0.018596,0,0,0,0,0,0,0,0,0,0,0,0
0.019143,0.019119,0.018793,0,0,0,0,0,0,0,0,0,0,0,0
0.01851,0.018767,0.018565,0,0,0,0,0,0,0,0,0,0,0,0
0.018714,0.018918,0.018534,0,0,0,0,0,0,0,0,0,0,0,0
0.018956,0.018724,0.018554,0,0,0,0,0,0,0,0,0,0,0,0
0.018591,0.01912,0.018697,0,0,0,0,0,0,0,0,0,0,0,0
0.018739,0.018609,0.01844,0,0,0,0,0,0,0,0,0,0,0,0
0.018848,0.018548,0.01839,0,0,0,0,0,0,0,0,0,0,0,0
0.0183,0.01806,0.020305,0,0,0,0,0,0,0,0,0,0,0,0
0.019173,0.018304,0.020423,0,0,0,0,0,0,0,0,0,0,0,0
0.018623,0.018496,0.019876,0,0,0,0,0,0,0,0,0,0,0,0
0.018937,0.018941,0.019712,0,0,0,0,0,0,0,0,0,0,0,0
0.01855,0.018311,0.018403,0,0,0,0,0,0,0,0,0,0,0,0
0.018296,0.018056,0.018253,0,0,0,0,0,0,0,0,0,0,0,0
0.018195,0.018246,0.018235,0,0,0,0,0,0,0,0,0,0,0,0
0.018559,0.020469,0.018684,0,0,0,0,0,0,0,0,0,0,0,0
0.018562,0.020367,0.018457,0,0,0,0,0,0,0,0,0,0,0,0
0.018546,0.019402,0.018747,0,0,0,0,0,0,0,0,0,0,0,0
0.01886,0.01898,0.018687,0,0,0,0,0,0,0,0,0,0,0,0
0.018315,0.018409,0.01844,0,0,0,0,0,0,0,0,0,0,0,0
0.018443,0.01831,0.018295,0,0,0,0,0,0,0,0,0,0,0,0
0.018777,0.018663,0.019075,0,0,0,0,0,0,0,0,0,0,0,0
0.021008,0.018319,0.018444,0,0,0,0,0,0,0,0,0,0,0,0
0.022202,0.01816,0.018517,0,0,0,0,0,0,0,0,0,0,0,0
0.019249,0.018547,0.018871,0,0,0,0,0,0,0,0,0,0,0,0
0.018646,0.01835,0.018361,0,0,0,0,0,0,0,0,0,0,0,0
0.018943,0.018581,0.018325,0,0,0,0,0,0,0,0,0,0,0,0
0.018812,0.018449,0.018447,0,0,0,0,0,0,0,0,0,0,0,0
0.018255,0.018184,0.018245,0,0,0,0,0,0,0,0,0,0,0,0
0.020403,0.020402,0.020705,0,0,0,0,0,0,0,0,0,0,0,0
0.019627,0.019407,0.019792,0,0,0,0,0,0,0,0,0,0,0,0
0.018679,0.018629,0.018823,0,0,0,0,0,0,0,0,0,0,0,0
0.019024,0.018979,0.019037,0,0,0,0,0,0,0,0,0,0,0,0
0.018657,0.018487,0.018571,0,0,0,0,0,0,0,0,0,0,0,0
0.018844,0.018785,0.018699,0,0,0,0,0,0,0,0,0,0,0,0
0.019058,0.018986,0.018978,0,0,0,0,0,0,0,0,0,0,0,0
0.020539,0.020197,0.020311,0,0,0,0,0,0,0,0,0,0,0,0
0.018876,0.018624,0.018699,0,0,0,0,0,0,0,0,0,0,0,0
0.018743,0.018485,0.018406,0,0,0,0,0,0,0,0,0,0,0,0
0.018956,0.018612,0.018645,0,0,0,0,0,0,0,0,0,0,0,0
0.019323,0.018799,0.018909,0,0,0,0,0,0,0,0,0,0,0,0
0.019143,0.018713,0.019177,0,0,0,0,0,0,0,0,0,0,0,0
0.018904,0.0187,0.018934,0,0,0,0,0,0,0,0,0,0,0,0
0.01894,0.018622,0.018598,0,0,0,0,0,0,0,0,0,0,0,0
0.019767,0.019673,0.019732,0,0,0,0,0,0,0,0,0,0,0,0
0.018714,0.018658,0.018722,0,0,0,0,0,0,0,0,0,0,0,0
0.019397,0.019507,0.01943,0,0,0,0,0,0,0,0,0,0,0,0
0.019063,0.020252,0.018992,0,0,0,0,0,0,0,0,0,0,0,0
0.019236,0.01925,0.019188,0,0,0,0,0,0,0,0,0,0,0,0
0.020177,0.020356,0.020219,0,0,0,0,0,0,0,0,0,0,0,0
0.019836,0.019916,0.019879,0,0,0,0,0,0,0,0,0,0,0,0
0.018716,0.018436,0.018653,0,0,0,0,0,0,0,0,0,0,0,0
0.019433,0.019378,0.019477,0,0,0,0,0,0,0,0,0,0,0,0
0.019945,0.019957,0.01993,0,0,0,0,0,0,0,0,0,0,0,0
0.018733,0.018504,0.018599,0,0,0,0,0,0,0,0,0,0,0,0
0.018299,0.01848,0.01831,0,0,0,0,0,0,0,0,0,0,0,0
0.018949,0.018809,0.018738,0,0,0,0,0,0,0,0,0,0,0,0
0.018264,0.018101,0.018122,0,0,0,0,0,0,0,0,0,0,0,0
0.018382,0.018512,0.018606,0,0,0,0,0,0,0,0,0,0,0,0
0.019054,0.019024,0.018891,0,0,0,0,0,0,0,0,0,0,0,0
0.019987,0.019917,0.021635,0,0,0,0,0,0,0,0,0,0,0,0
0.018409,0.018506,0.023712,0,0,0,0,0,0,0,0,0,0,0,0
0.018507,0.018538,0.019632,0,0,0,0,0,0,0,0,0,0,0,0
0.018222,0.018171,0.018331,0,0,0,0,0,0,0,0,0,0,0,0
0.017345,0.017624,0.017434,0,0,0,0,0,0,0,0,0,0,0,0
0.017529,0.017623,0.017555,0,0,0,0,0,0,0,0,0,0,0,0
0.017947,0.017883,0.017645,0,0,0,0,0,0,0,0,0,0,0,0
0.017621,0.020396,0.017434,0,0,0,0,0,0,0,0,0,0,0,0
0.017657,0.01928,0.017496,0,0,0,0,0,0,0,0,0,0,0,0
0.019439,0.020417,0.019308,0,0,0,0,0,0,0,0,0,0,0,0
0.018178,0.018385,0.018224,0,0,0,0,0,0,0,0,0,0,0,0
0.01706,0.017482,0.017068,0,0,0,0,0,0,0,0,0,0,0,0
0.017778,0.017875,0.017705,0,0,0,0,0,0,0,0,0,0,0,0
0.018588,0.017639,0.017402,0,0,0,0,0,0,0,0,0,0,0,0
0.021924,0.017403,0.016954,0,0,0,0,0,0,0,0,0,0,0,0
0.021874,0.020335,0.020106,0,0,0,0,0,0,0,0,0,0,0,0
0.017861,0.017847,0.017675,0,0,0,0,0,0,0,0,0,0,0,0
0.017466,0.017448,0.017276,0,0,0,0,0,0,0,0,0,0,0,0
0.018081,0.017788,0.017582,0,0,0,0,0,0,0,0,0,0,0,0
0.017613,0.017316,0.017274,0,0,0,0,0,0,0,0,0,0,0,0
0.019187,0.018906,0.018757,0,0,0,0,0,0,0,0,0,0,0,0
0.017677,0.017575,0.017308,0,0,0,0,0,0,0,0,0,0,0,0
0.017604,0.017491,0.017506,0,0,0,0,0,0,0,0,0,0,0,0
0.017731,0.017711,0.017524,0,0,0,0,0,0,0,0,0,0,0,0
0.017761,0.01768,0.017529,0,0,0,0,0,0,0,0,0,0,0,0
0.018295,0.017873,0.017705,0,0,0,0,0,0,0,0,0,0,0,0
0.017713,0.017475,0.017366,0,0,0,0,0,0,0,0,0,0,0,0
0.018085,0.017818,0.017638,0,0,0,0,0,0,0,0,0,0,0,0
0.018289,0.018271,0.018158,0,0,0,0,0,0,0,0,0,0,0,0
0.017806,0.017606,0.017692,0,0,0,0,0,0,0,0,0,0,0,0
0.018166,0.018077,0.017989,0,0,0,0,0,0,0,0,0,0,0,0
0.01783,0.0175,0.017332,0,0,0,0,0,0,0,0,0,0,0,0
0.018013,0.017846,0.017581,0,0,0,0,0,0,0,0,0,0,0,0
0.01884,0.018583,0.0186,0,0,0,0,0,0,0,0,0,0,0,0
0.018357,0.018274,0.018146,0,0,0,0,0,0,0,0,0,0,0,0
0.019141,0.018963,0.018799,0,0,0,0,0,0,0,0,0,0,0,0
0.020418,0.020207,0.020128,0,0,0,0,0,0,0,0,0,0,0,0
0.018665,0.018549,0.018433,0,0,0,0,0,0,0,0,0,0,0,0
0.018469,0.018543,0.018227,0,0,0,0,0,0,0,0,0,0,0,0
0.019281,0.018674,0.018518,0,0,0,0,0,0,0,0,0,0,0,0
0.018578,0.018528,0.01842,0,0,0,0,0,0,0,0,0,0,0,0
0.019076,0.018606,0.018725,0,0,0,0,0,0,0,0,0,0,0,0
0.019145,0.019227,0.01898,0,0,0,0,0,0,0,0,0,0,0,0
0.019231,0.018921,0.019097,0,0,0,0,0,0,0,0,0,0,0,0
0.019474,0.019117,0.019185,0,0,0,0,0,0,0,0,0,0,0,0
0.019101,0.018885,0.019,0,0,0,0,0,0,0,0,0,0,0,0
0.018962,0.018687,0.018771,0,0,0,0,0,0,0,0,0,0,0,0
0.019099,0.018683,0.018773,0,0,0,0,0,0,0,0,0,0,0,0
0.0193,0.019031,0.018904,0,0,0,0,0,0,0,0,0,0,0,0
0.02101,0.021246,0.020825,0,0,0,0,0,0,0,0,0,0,0,0
0.019847,0.020082,0.019602,0,0,0,0,0,0,0,0,0,0,0,0
0.019806,0.019937,0.019567,0,0,0,0,0,0,0,0,0,0,0,0
0.019369,0.019639,0.019492,0,0,0,0,0,0,0,0,0,0,0,0
0.01921,0.019356,0.020985,0,0,0,0,0,0,0,0,0,0,0,0
0.019602,0.019557,0.023629,0,0,0,0,0,0,0,0,0,0,0,0
0.019145,0.019146,0.021053,0,0,0,0,0,0,0,0,0,0,0,0
0.019763,0.019596,0.019649,0,0,0,0,0,0,0,0,0,0,0,0
