1
186.0000,344.0000,59.0000,118.0000
193.0000,348.0000,59.0000,118.0000
194.0000,344.0000,59.0000,118.0000
189.0000,347.0000,59.0000,118.0000
193.0000,351.0000,59.0000,118.0000
189.0000,352.0000,59.0000,118.0000
2
0
0
0
0
1
311.0000,374.0000,68.0000,117.0000
307.0000,373.0000,68.0000,117.0000
313.0000,374.0000,68.0000,117.0000
320.0000,374.0000,68.0000,117.0000
2
0
0
0
0
1
442.0000,397.0000,135.0000,123.0000
443.0000,395.0000,135.0000,123.0000
436.0000,394.0000,135.0000,123.0000
443.0000,392.0000,135.0000,123.0000
442.0000,398.0000,135.0000,123.0000
438.0000,396.0000,135.0000,123.0000
445.0000,399.0000,135.0000,123.0000
449.0000,406.0000,135.0000,123.0000
443.0000,413.0000,135.0000,123.0000
439.0000,418.0000,135.0000,123.0000
446.0000,425.0000,135.0000,123.0000
2
0
0
0
0
1
597.0000,256.0000,176.0000,199.0000
598.0000,261.0000,176.0000,199.0000
598.0000,254.0000,176.0000,199.0000
594.0000,252.0000,176.0000,199.0000
592.0000,249.0000,176.0000,199.0000
593.0000,242.0000,176.0000,199.0000
595.0000,245.0000,176.0000,199.0000
588.0000,243.0000,176.0000,199.0000
581.0000,245.0000,176.0000,199.0000
578.0000,244.0000,176.0000,199.0000
573.0000,238.0000,176.0000,199.0000
580.0000,231.0000,176.0000,199.0000
573.0000,238.0000,176.0000,199.0000
573.0000,245.0000,176.0000,199.0000
573.0000,240.0000,176.0000,199.0000
578.0000,233.0000,176.0000,199.0000
581.0000,229.0000,176.0000,199.0000
579.0000,222.0000,176.0000,199.0000
576.0000,220.0000,176.0000,199.0000
582.0000,221.0000,176.0000,199.0000
589.0000,226.0000,176.0000,199.0000
594.0000,226.0000,176.0000,199.0000
587.0000,219.0000,176.0000,199.0000
594.0000,225.0000,176.0000,199.0000
601.0000,221.0000,176.0000,199.0000
608.0000,214.0000,176.0000,199.0000
614.0000,212.0000,176.0000,199.0000
607.0000,205.0000,176.0000,199.0000
605.0000,198.0000,176.0000,199.0000
598.0000,191.0000,176.0000,199.0000
601.0000,184.0000,176.0000,199.0000
2
0
0
0
0
1
656.0000,434.0000,212.0000,229.0000
652.0000,433.0000,212.0000,229.0000
655.0000,434.0000,212.0000,229.0000
656.0000,433.0000,212.0000,229.0000
649.0000,433.0000,212.0000,229.0000
647.0000,431.0000,212.0000,229.0000
646.0000,432.0000,212.0000,229.0000
645.0000,432.0000,212.0000,229.0000
652.0000,439.0000,212.0000,229.0000
653.0000,437.0000,212.0000,229.0000
658.0000,430.0000,212.0000,229.0000
662.0000,428.0000,212.0000,229.0000
659.0000,428.0000,212.0000,229.0000
656.0000,426.0000,212.0000,229.0000
659.0000,426.0000,212.0000,229.0000
653.0000,424.0000,212.0000,229.0000
652.0000,423.0000,212.0000,229.0000
659.0000,422.0000,212.0000,229.0000
659.0000,422.0000,212.0000,229.0000
659.0000,422.0000,212.0000,229.0000
659.0000,421.0000,212.0000,229.0000
660.0000,421.0000,212.0000,229.0000
661.0000,420.0000,212.0000,229.0000
660.0000,419.0000,212.0000,229.0000
662.0000,419.0000,212.0000,229.0000
669.0000,416.0000,212.0000,229.0000
669.0000,423.0000,212.0000,229.0000
671.0000,426.0000,212.0000,229.0000
673.0000,427.0000,212.0000,229.0000
674.0000,428.0000,212.0000,229.0000
677.0000,421.0000,212.0000,229.0000
679.0000,421.0000,212.0000,229.0000
674.0000,421.0000,212.0000,229.0000
669.0000,417.0000,212.0000,229.0000
673.0000,424.0000,212.0000,229.0000
675.0000,426.0000,212.0000,229.0000
674.0000,424.0000,212.0000,229.0000
672.0000,424.0000,212.0000,229.0000
671.0000,424.0000,212.0000,229.0000
676.0000,425.0000,212.0000,229.0000
669.0000,418.0000,212.0000,229.0000
