1.4171
0.25409
0.77192
0.071071
0.070725
0.091334
0.099895
0.084951
0.075661
0.076613
0.071114
0.070833
0.071594
0.072725
0.072242
0.072568
0.071407
0.071876
0.067104
0.066291
0.061901
0.061179
0.061242
0.061092
0.061702
0.061369
0.061537
0.059845
0.05962
0.059651
0.059756
0.059387
0.059346
0.059789
0.060554
0.099333
0.060041
0.060349
0.064577
0.060386
0.064883
0.061076
0.060893
0.060377
0.060389
0.062633
0.05998
0.062849
0.060263
0.064595
0.066821
0.064527
0.063364
0.062452
0.060663
0.068028
0.065707
0.065512
0.070001
0.068252
0.070873
0.070346
0.06828
0.070234
0.068048
0.069891
0.07021
0.067788
0.066661
0.066203
0.068115
0.067905
0.070033
0.066174
0.067983
0.066958
0.066705
0.067566
0.075497
0.072247
0.067288
0.065998
0.06726
0.070027
0.067433
0.070152
0.073627
0.071454
0.068034
0.067947
0.071293
0.069633
0.06801
0.070473
0.071026
0.068966
0.070424
0.067969
0.066988
0.067144
0.069731
0.069385
0.068127
0.067027
0.069131
0.066845
0.068946
0.069138
0.069515
0.068287
0.066981
0.067259
0.068469
0.067947
0.068856
0.068995
0.069524
0.06784
0.067828
0.067933
0.068101
0.068129
0.068449
0.068693
0.067917
0.067745
0.067803
0.068246
0.070438
0.06978
0.070077
0.07008
0.069053
0.068274
0.06318
0.063256
0.06351
0.065603
0.068609
0.067002
0.066605
0.064943
0.063508
0.065125
0.063641
0.063864
0.063449
0.063503
0.063405
0.063434
0.063157
