0.94581,0.97177,0.94697,0,0,0,0,0,0,0,0,0,0,0,0
0.43995,0.45411,0.43246,0,0,0,0,0,0,0,0,0,0,0,0
0.066556,0.070846,0.067545,0,0,0,0,0,0,0,0,0,0,0,0
0.035215,0.03685,0.041664,0,0,0,0,0,0,0,0,0,0,0,0
0.042677,0.042984,0.042605,0,0,0,0,0,0,0,0,0,0,0,0
0.033159,0.033522,0.051609,0,0,0,0,0,0,0,0,0,0,0,0
0.030318,0.030476,0.06301,0,0,0,0,0,0,0,0,0,0,0,0
0.029293,0.029624,0.048356,0,0,0,0,0,0,0,0,0,0,0,0
0.030437,0.029959,0.041185,0,0,0,0,0,0,0,0,0,0,0,0
0.03029,0.029488,0.036473,0,0,0,0,0,0,0,0,0,0,0,0
0.030499,0.029618,0.037974,0,0,0,0,0,0,0,0,0,0,0,0
0.029612,0.029394,0.037957,0,0,0,0,0,0,0,0,0,0,0,0
0.028852,0.02937,0.041866,0,0,0,0,0,0,0,0,0,0,0,0
0.028634,0.029695,0.037097,0,0,0,0,0,0,0,0,0,0,0,0
0.028604,0.030811,0.036948,0,0,0,0,0,0,0,0,0,0,0,0
0.02858,0.029925,0.036965,0,0,0,0,0,0,0,0,0,0,0,0
0.029482,0.031169,0.038131,0,0,0,0,0,0,0,0,0,0,0,0
0.028875,0.030585,0.037004,0,0,0,0,0,0,0,0,0,0,0,0
0.028441,0.030103,0.036846,0,0,0,0,0,0,0,0,0,0,0,0
0.028616,0.030146,0.036837,0,0,0,0,0,0,0,0,0,0,0,0
0.028898,0.029209,0.036921,0,0,0,0,0,0,0,0,0,0,0,0
0.028538,0.029356,0.036853,0,0,0,0,0,0,0,0,0,0,0,0
0.028716,0.030746,0.036866,0,0,0,0,0,0,0,0,0,0,0,0
0.028598,0.077171,0.036802,0,0,0,0,0,0,0,0,0,0,0,0
0.02861,0.040124,0.036826,0,0,0,0,0,0,0,0,0,0,0,0
0.028772,0.03208,0.036777,0,0,0,0,0,0,0,0,0,0,0,0
0.028518,0.031987,0.032519,0,0,0,0,0,0,0,0,0,0,0,0
0.02866,0.031627,0.029668,0,0,0,0,0,0,0,0,0,0,0,0
0.028534,0.031375,0.028897,0,0,0,0,0,0,0,0,0,0,0,0
0.029356,0.029806,0.02846,0,0,0,0,0,0,0,0,0,0,0,0
0.030188,0.029295,0.028637,0,0,0,0,0,0,0,0,0,0,0,0
0.056918,0.029152,0.028675,0,0,0,0,0,0,0,0,0,0,0,0
0.045626,0.029211,0.028591,0,0,0,0,0,0,0,0,0,0,0,0
0.040694,0.034509,0.02854,0,0,0,0,0,0,0,0,0,0,0,0
0.036874,0.056266,0.028632,0,0,0,0,0,0,0,0,0,0,0,0
0.036687,0.044782,0.028539,0,0,0,0,0,0,0,0,0,0,0,0
0.036326,0.039688,0.028594,0,0,0,0,0,0,0,0,0,0,0,0
0.036159,0.037437,0.02852,0,0,0,0,0,0,0,0,0,0,0,0
0.035913,0.03719,0.028721,0,0,0,0,0,0,0,0,0,0,0,0
0.06072,0.037276,0.032661,0,0,0,0,0,0,0,0,0,0,0,0
0.046231,0.036882,0.059671,0,0,0,0,0,0,0,0,0,0,0,0
0.039345,0.036697,0.048251,0,0,0,0,0,0,0,0,0,0,0,0
0.035981,0.036542,0.041451,0,0,0,0,0,0,0,0,0,0,0,0
0.036202,0.036441,0.039811,0,0,0,0,0,0,0,0,0,0,0,0
0.036413,0.036903,0.044528,0,0,0,0,0,0,0,0,0,0,0,0
0.036741,0.037134,0.065126,0,0,0,0,0,0,0,0,0,0,0,0
0.036239,0.036612,0.053625,0,0,0,0,0,0,0,0,0,0,0,0
0.035742,0.036807,0.044361,0,0,0,0,0,0,0,0,0,0,0,0
0.035929,0.036566,0.040709,0,0,0,0,0,0,0,0,0,0,0,0
0.035955,0.038138,0.040368,0,0,0,0,0,0,0,0,0,0,0,0
0.035525,0.05008,0.040497,0,0,0,0,0,0,0,0,0,0,0,0
0.035322,0.040978,0.040327,0,0,0,0,0,0,0,0,0,0,0,0
0.03548,0.036644,0.041276,0,0,0,0,0,0,0,0,0,0,0,0
0.035401,0.036167,0.044654,0,0,0,0,0,0,0,0,0,0,0,0
0.035335,0.036015,0.062979,0,0,0,0,0,0,0,0,0,0,0,0
0.035263,0.036096,0.045566,0,0,0,0,0,0,0,0,0,0,0,0
0.035469,0.036055,0.039232,0,0,0,0,0,0,0,0,0,0,0,0
0.035846,0.036184,0.03032,0,0,0,0,0,0,0,0,0,0,0,0
0.035566,0.060639,0.032024,0,0,0,0,0,0,0,0,0,0,0,0
0.032647,0.046117,0.029482,0,0,0,0,0,0,0,0,0,0,0,0
0.030174,0.040834,0.028849,0,0,0,0,0,0,0,0,0,0,0,0
0.028996,0.03615,0.028353,0,0,0,0,0,0,0,0,0,0,0,0
0.035661,0.047907,0.028235,0,0,0,0,0,0,0,0,0,0,0,0
0.028893,0.038015,0.028297,0,0,0,0,0,0,0,0,0,0,0,0
0.028574,0.035724,0.031209,0,0,0,0,0,0,0,0,0,0,0,0
0.028813,0.036198,0.028884,0,0,0,0,0,0,0,0,0,0,0,0
0.028058,0.036132,0.028387,0,0,0,0,0,0,0,0,0,0,0,0
0.028435,0.036344,0.028787,0,0,0,0,0,0,0,0,0,0,0,0
0.028087,0.036084,0.028567,0,0,0,0,0,0,0,0,0,0,0,0
0.028743,0.036273,0.028606,0,0,0,0,0,0,0,0,0,0,0,0
0.028125,0.036074,0.031408,0,0,0,0,0,0,0,0,0,0,0,0
0.03035,0.060679,0.030069,0,0,0,0,0,0,0,0,0,0,0,0
0.028631,0.062578,0.029136,0,0,0,0,0,0,0,0,0,0,0,0
0.028282,0.056704,0.028588,0,0,0,0,0,0,0,0,0,0,0,0
0.029032,0.064299,0.028802,0,0,0,0,0,0,0,0,0,0,0,0
0.028431,0.042138,0.028965,0,0,0,0,0,0,0,0,0,0,0,0
0.02858,0.036699,0.031061,0,0,0,0,0,0,0,0,0,0,0,0
0.028428,0.035742,0.029025,0,0,0,0,0,0,0,0,0,0,0,0
0.02857,0.036278,0.028865,0,0,0,0,0,0,0,0,0,0,0,0
0.0298,0.03594,0.028761,0,0,0,0,0,0,0,0,0,0,0,0
0.029296,0.036046,0.028953,0,0,0,0,0,0,0,0,0,0,0,0
0.02957,0.035616,0.028895,0,0,0,0,0,0,0,0,0,0,0,0
0.02872,0.035931,0.02871,0,0,0,0,0,0,0,0,0,0,0,0
0.029407,0.03586,0.028567,0,0,0,0,0,0,0,0,0,0,0,0
0.029155,0.036671,0.028684,0,0,0,0,0,0,0,0,0,0,0,0
0.028341,0.036429,0.028744,0,0,0,0,0,0,0,0,0,0,0,0
0.02893,0.036403,0.028843,0,0,0,0,0,0,0,0,0,0,0,0
0.028228,0.036403,0.028898,0,0,0,0,0,0,0,0,0,0,0,0
0.028619,0.036873,0.028878,0,0,0,0,0,0,0,0,0,0,0,0
0.029002,0.038334,0.028532,0,0,0,0,0,0,0,0,0,0,0,0
0.028343,0.06626,0.028846,0,0,0,0,0,0,0,0,0,0,0,0
0.028546,0.043314,0.028762,0,0,0,0,0,0,0,0,0,0,0,0
0.028367,0.037252,0.028868,0,0,0,0,0,0,0,0,0,0,0,0
0.029213,0.037221,0.029019,0,0,0,0,0,0,0,0,0,0,0,0
0.028582,0.036722,0.028772,0,0,0,0,0,0,0,0,0,0,0,0
0.055461,0.036866,0.0292,0,0,0,0,0,0,0,0,0,0,0,0
0.043846,0.036894,0.03094,0,0,0,0,0,0,0,0,0,0,0,0
0.037859,0.036896,0.060682,0,0,0,0,0,0,0,0,0,0,0,0
0.036612,0.036922,0.04743,0,0,0,0,0,0,0,0,0,0,0,0
0.036134,0.036637,0.040355,0,0,0,0,0,0,0,0,0,0,0,0
0.036619,0.036652,0.031605,0,0,0,0,0,0,0,0,0,0,0,0
0.036451,0.036538,0.029902,0,0,0,0,0,0,0,0,0,0,0,0
0.03656,0.036813,0.029612,0,0,0,0,0,0,0,0,0,0,0,0
0.036009,0.036784,0.029192,0,0,0,0,0,0,0,0,0,0,0,0
0.036078,0.043093,0.029224,0,0,0,0,0,0,0,0,0,0,0,0
0.036496,0.036937,0.029072,0,0,0,0,0,0,0,0,0,0,0,0
0.054868,0.034432,0.029124,0,0,0,0,0,0,0,0,0,0,0,0
0.044254,0.030598,0.02935,0,0,0,0,0,0,0,0,0,0,0,0
0.038142,0.030149,0.029263,0,0,0,0,0,0,0,0,0,0,0,0
0.03642,0.029807,0.02908,0,0,0,0,0,0,0,0,0,0,0,0
0.036421,0.030885,0.029328,0,0,0,0,0,0,0,0,0,0,0,0
0.036361,0.029487,0.029322,0,0,0,0,0,0,0,0,0,0,0,0
0.03648,0.033384,0.029566,0,0,0,0,0,0,0,0,0,0,0,0
0.037164,0.034978,0.029965,0,0,0,0,0,0,0,0,0,0,0,0
0.036731,0.031758,0.029514,0,0,0,0,0,0,0,0,0,0,0,0
0.036145,0.060967,0.029069,0,0,0,0,0,0,0,0,0,0,0,0
0.036238,0.045608,0.029203,0,0,0,0,0,0,0,0,0,0,0,0
0.037299,0.03907,0.029127,0,0,0,0,0,0,0,0,0,0,0,0
0.037377,0.037073,0.029284,0,0,0,0,0,0,0,0,0,0,0,0
0.05293,0.037094,0.0289,0,0,0,0,0,0,0,0,0,0,0,0
0.048745,0.037609,0.029235,0,0,0,0,0,0,0,0,0,0,0,0
0.039859,0.038,0.030103,0,0,0,0,0,0,0,0,0,0,0,0
0.03692,0.037355,0.030548,0,0,0,0,0,0,0,0,0,0,0,0
0.03611,0.036851,0.029552,0,0,0,0,0,0,0,0,0,0,0,0
0.036395,0.03783,0.029162,0,0,0,0,0,0,0,0,0,0,0,0
0.036148,0.038477,0.029196,0,0,0,0,0,0,0,0,0,0,0,0
0.035938,0.037456,0.029014,0,0,0,0,0,0,0,0,0,0,0,0
0.036077,0.036417,0.028824,0,0,0,0,0,0,0,0,0,0,0,0
0.035978,0.036445,0.029293,0,0,0,0,0,0,0,0,0,0,0,0
0.03585,0.036504,0.029578,0,0,0,0,0,0,0,0,0,0,0,0
0.035839,0.039482,0.029166,0,0,0,0,0,0,0,0,0,0,0,0
0.036048,0.037432,0.028822,0,0,0,0,0,0,0,0,0,0,0,0
0.038984,0.03751,0.029103,0,0,0,0,0,0,0,0,0,0,0,0
0.036497,0.038637,0.029332,0,0,0,0,0,0,0,0,0,0,0,0
0.036476,0.035434,0.029092,0,0,0,0,0,0,0,0,0,0,0,0
0.036726,0.057179,0.029357,0,0,0,0,0,0,0,0,0,0,0,0
0.036611,0.046726,0.029003,0,0,0,0,0,0,0,0,0,0,0,0
0.035969,0.040587,0.029091,0,0,0,0,0,0,0,0,0,0,0,0
0.036491,0.037731,0.028908,0,0,0,0,0,0,0,0,0,0,0,0
0.036376,0.037231,0.028946,0,0,0,0,0,0,0,0,0,0,0,0
0.036567,0.042293,0.028979,0,0,0,0,0,0,0,0,0,0,0,0
0.036869,0.037643,0.029214,0,0,0,0,0,0,0,0,0,0,0,0
0.036646,0.036582,0.029269,0,0,0,0,0,0,0,0,0,0,0,0
0.030251,0.036901,0.034396,0,0,0,0,0,0,0,0,0,0,0,0
0.02912,0.037213,0.029616,0,0,0,0,0,0,0,0,0,0,0,0
0.028975,0.037953,0.029361,0,0,0,0,0,0,0,0,0,0,0,0
0.029957,0.037597,0.029051,0,0,0,0,0,0,0,0,0,0,0,0
0.029787,0.036685,0.029158,0,0,0,0,0,0,0,0,0,0,0,0
0.029165,0.036402,0.028906,0,0,0,0,0,0,0,0,0,0,0,0
0.029346,0.036257,0.029223,0,0,0,0,0,0,0,0,0,0,0,0
0.032281,0.036144,0.028878,0,0,0,0,0,0,0,0,0,0,0,0
0.029911,0.036406,0.02873,0,0,0,0,0,0,0,0,0,0,0,0
0.033972,0.036361,0.029279,0,0,0,0,0,0,0,0,0,0,0,0
0.028363,0.036073,0.028748,0,0,0,0,0,0,0,0,0,0,0,0
0.028262,0.036104,0.030853,0,0,0,0,0,0,0,0,0,0,0,0
0.028349,0.035825,0.029409,0,0,0,0,0,0,0,0,0,0,0,0
0.028152,0.029945,0.028939,0,0,0,0,0,0,0,0,0,0,0,0
0.028495,0.030701,0.029208,0,0,0,0,0,0,0,0,0,0,0,0
0.02865,0.028944,0.028943,0,0,0,0,0,0,0,0,0,0,0,0
0.02846,0.029679,0.028836,0,0,0,0,0,0,0,0,0,0,0,0
0.028785,0.030366,0.0288,0,0,0,0,0,0,0,0,0,0,0,0
0.057047,0.029382,0.028824,0,0,0,0,0,0,0,0,0,0,0,0
0.044885,0.029833,0.030848,0,0,0,0,0,0,0,0,0,0,0,0
0.040785,0.03767,0.032127,0,0,0,0,0,0,0,0,0,0,0,0
0.03605,0.030886,0.029243,0,0,0,0,0,0,0,0,0,0,0,0
0.035955,0.029114,0.029024,0,0,0,0,0,0,0,0,0,0,0,0
0.035685,0.028738,0.030838,0,0,0,0,0,0,0,0,0,0,0,0
0.036041,0.028788,0.029213,0,0,0,0,0,0,0,0,0,0,0,0
0.036249,0.028808,0.029154,0,0,0,0,0,0,0,0,0,0,0,0
0.035944,0.028331,0.029176,0,0,0,0,0,0,0,0,0,0,0,0
0.035929,0.028139,0.028976,0,0,0,0,0,0,0,0,0,0,0,0
0.03553,0.028254,0.028675,0,0,0,0,0,0,0,0,0,0,0,0
0.029832,0.028194,0.028663,0,0,0,0,0,0,0,0,0,0,0,0
0.029929,0.028265,0.028848,0,0,0,0,0,0,0,0,0,0,0,0
0.030052,0.028296,0.028822,0,0,0,0,0,0,0,0,0,0,0,0
0.030627,0.028302,0.029367,0,0,0,0,0,0,0,0,0,0,0,0
0.030608,0.028323,0.028815,0,0,0,0,0,0,0,0,0,0,0,0
0.029192,0.02859,0.030493,0,0,0,0,0,0,0,0,0,0,0,0
0.029762,0.028579,0.02982,0,0,0,0,0,0,0,0,0,0,0,0
0.03391,0.028556,0.029347,0,0,0,0,0,0,0,0,0,0,0,0
0.033303,0.02859,0.028892,0,0,0,0,0,0,0,0,0,0,0,0
0.031133,0.028654,0.02912,0,0,0,0,0,0,0,0,0,0,0,0
0.03086,0.028529,0.029148,0,0,0,0,0,0,0,0,0,0,0,0
0.028582,0.028526,0.028963,0,0,0,0,0,0,0,0,0,0,0,0
0.02892,0.028551,0.029228,0,0,0,0,0,0,0,0,0,0,0,0
0.029405,0.028846,0.02922,0,0,0,0,0,0,0,0,0,0,0,0
0.029224,0.028667,0.029133,0,0,0,0,0,0,0,0,0,0,0,0
0.028324,0.028967,0.029111,0,0,0,0,0,0,0,0,0,0,0,0
0.028408,0.030457,0.029207,0,0,0,0,0,0,0,0,0,0,0,0
0.02848,0.030388,0.029317,0,0,0,0,0,0,0,0,0,0,0,0
0.028629,0.029806,0.029241,0,0,0,0,0,0,0,0,0,0,0,0
0.029132,0.029621,0.029172,0,0,0,0,0,0,0,0,0,0,0,0
0.029098,0.029709,0.029194,0,0,0,0,0,0,0,0,0,0,0,0
0.029748,0.031929,0.029354,0,0,0,0,0,0,0,0,0,0,0,0
0.029613,0.03316,0.029034,0,0,0,0,0,0,0,0,0,0,0,0
0.028593,0.029181,0.029431,0,0,0,0,0,0,0,0,0,0,0,0
0.028271,0.028572,0.029281,0,0,0,0,0,0,0,0,0,0,0,0
0.02941,0.028917,0.029208,0,0,0,0,0,0,0,0,0,0,0,0
0.028429,0.028442,0.02872,0,0,0,0,0,0,0,0,0,0,0,0
0.028299,0.028512,0.02898,0,0,0,0,0,0,0,0,0,0,0,0
0.031365,0.030505,0.031976,0,0,0,0,0,0,0,0,0,0,0,0
0.030232,0.030647,0.032879,0,0,0,0,0,0,0,0,0,0,0,0
0.030358,0.030221,0.029901,0,0,0,0,0,0,0,0,0,0,0,0
0.031402,0.029497,0.029386,0,0,0,0,0,0,0,0,0,0,0,0
0.030557,0.029408,0.028946,0,0,0,0,0,0,0,0,0,0,0,0
0.032782,0.031366,0.029048,0,0,0,0,0,0,0,0,0,0,0,0
0.031983,0.030443,0.02881,0,0,0,0,0,0,0,0,0,0,0,0
0.030309,0.030284,0.029175,0,0,0,0,0,0,0,0,0,0,0,0
0.033313,0.031164,0.02895,0,0,0,0,0,0,0,0,0,0,0,0
0.030868,0.03067,0.029643,0,0,0,0,0,0,0,0,0,0,0,0
0.029684,0.029679,0.028935,0,0,0,0,0,0,0,0,0,0,0,0
0.028444,0.030102,0.028904,0,0,0,0,0,0,0,0,0,0,0,0
0.02845,0.034877,0.028899,0,0,0,0,0,0,0,0,0,0,0,0
0.028307,0.032804,0.02851,0,0,0,0,0,0,0,0,0,0,0,0
0.028523,0.03072,0.028964,0,0,0,0,0,0,0,0,0,0,0,0
0.028289,0.028943,0.028764,0,0,0,0,0,0,0,0,0,0,0,0
0.028241,0.028585,0.029186,0,0,0,0,0,0,0,0,0,0,0,0
0.028343,0.028526,0.029022,0,0,0,0,0,0,0,0,0,0,0,0
0.028557,0.028654,0.029034,0,0,0,0,0,0,0,0,0,0,0,0
0.030352,0.028954,0.029045,0,0,0,0,0,0,0,0,0,0,0,0
0.039068,0.028875,0.029054,0,0,0,0,0,0,0,0,0,0,0,0
0.03626,0.028928,0.028851,0,0,0,0,0,0,0,0,0,0,0,0
0.036954,0.028834,0.028938,0,0,0,0,0,0,0,0,0,0,0,0
0.036935,0.028504,0.030809,0,0,0,0,0,0,0,0,0,0,0,0
0.036372,0.028859,0.029368,0,0,0,0,0,0,0,0,0,0,0,0
0.031182,0.032483,0.029064,0,0,0,0,0,0,0,0,0,0,0,0
0.028571,0.030658,0.028946,0,0,0,0,0,0,0,0,0,0,0,0
NaN,NaN,NaN,0,0,0,0,0,0,0,0,0,0,0,0
NaN,NaN,NaN,0,0,0,0,0,0,0,0,0,0,0,0
NaN,NaN,NaN,0,0,0,0,0,0,0,0,0,0,0,0
NaN,NaN,NaN,0,0,0,0,0,0,0,0,0,0,0,0
0.9715,0.97545,0.93459,0,0,0,0,0,0,0,0,0,0,0,0
0.52757,0.44579,0.43158,0,0,0,0,0,0,0,0,0,0,0,0
0.070837,0.071704,0.067811,0,0,0,0,0,0,0,0,0,0,0,0
0.036341,0.038355,0.035958,0,0,0,0,0,0,0,0,0,0,0,0
0.043568,0.04568,0.042966,0,0,0,0,0,0,0,0,0,0,0,0
0.034885,0.03562,0.033505,0,0,0,0,0,0,0,0,0,0,0,0
0.030319,0.034105,0.0299,0,0,0,0,0,0,0,0,0,0,0,0
0.031376,0.033817,0.02984,0,0,0,0,0,0,0,0,0,0,0,0
0.03081,0.032176,0.029747,0,0,0,0,0,0,0,0,0,0,0,0
0.030964,0.031027,0.02943,0,0,0,0,0,0,0,0,0,0,0,0
0.062122,0.029768,0.029518,0,0,0,0,0,0,0,0,0,0,0,0
0.047183,0.029835,0.029433,0,0,0,0,0,0,0,0,0,0,0,0
0.041617,0.029809,0.029729,0,0,0,0,0,0,0,0,0,0,0,0
0.053181,0.029805,0.029688,0,0,0,0,0,0,0,0,0,0,0,0
0.042469,0.029227,0.029126,0,0,0,0,0,0,0,0,0,0,0,0
0.037963,0.029338,0.029291,0,0,0,0,0,0,0,0,0,0,0,0
0.029484,0.029431,0.029052,0,0,0,0,0,0,0,0,0,0,0,0
0.029414,0.02937,0.029321,0,0,0,0,0,0,0,0,0,0,0,0
0.029492,0.029367,0.028985,0,0,0,0,0,0,0,0,0,0,0,0
0.029365,0.029606,0.029227,0,0,0,0,0,0,0,0,0,0,0,0
0.030529,0.030205,0.02899,0,0,0,0,0,0,0,0,0,0,0,0
0.030537,0.031254,0.029197,0,0,0,0,0,0,0,0,0,0,0,0
0.030441,0.031821,0.029073,0,0,0,0,0,0,0,0,0,0,0,0
0.029516,0.03197,0.028969,0,0,0,0,0,0,0,0,0,0,0,0
0.029649,0.052367,0.02923,0,0,0,0,0,0,0,0,0,0,0,0
0.030854,0.039019,0.029035,0,0,0,0,0,0,0,0,0,0,0,0
0.051522,0.050967,0.028955,0,0,0,0,0,0,0,0,0,0,0,0
0.040731,0.072024,0.028984,0,0,0,0,0,0,0,0,0,0,0,0
0.036577,0.07452,0.028731,0,0,0,0,0,0,0,0,0,0,0,0
0.036526,0.04455,0.029032,0,0,0,0,0,0,0,0,0,0,0,0
0.036476,0.037596,0.029048,0,0,0,0,0,0,0,0,0,0,0,0
0.036593,0.036691,0.029035,0,0,0,0,0,0,0,0,0,0,0,0
0.036308,0.036468,0.028737,0,0,0,0,0,0,0,0,0,0,0,0
0.036726,0.037782,0.028881,0,0,0,0,0,0,0,0,0,0,0,0
0.037275,0.033727,0.028935,0,0,0,0,0,0,0,0,0,0,0,0
0.037227,0.029628,0.028822,0,0,0,0,0,0,0,0,0,0,0,0
0.036766,0.03128,0.028976,0,0,0,0,0,0,0,0,0,0,0,0
0.036976,0.029549,0.029114,0,0,0,0,0,0,0,0,0,0,0,0
0.036716,0.055932,0.028848,0,0,0,0,0,0,0,0,0,0,0,0
0.036944,0.044708,0.029255,0,0,0,0,0,0,0,0,0,0,0,0
0.039025,0.038447,0.028914,0,0,0,0,0,0,0,0,0,0,0,0
0.037192,0.037012,0.029079,0,0,0,0,0,0,0,0,0,0,0,0
0.03644,0.036712,0.028984,0,0,0,0,0,0,0,0,0,0,0,0
0.036856,0.037427,0.02884,0,0,0,0,0,0,0,0,0,0,0,0
0.036762,0.037413,0.029155,0,0,0,0,0,0,0,0,0,0,0,0
0.029769,0.037733,0.029513,0,0,0,0,0,0,0,0,0,0,0,0
0.029585,0.037953,0.029097,0,0,0,0,0,0,0,0,0,0,0,0
0.029184,0.037854,0.028981,0,0,0,0,0,0,0,0,0,0,0,0
0.029395,0.037358,0.028724,0,0,0,0,0,0,0,0,0,0,0,0
0.029443,0.051963,0.029079,0,0,0,0,0,0,0,0,0,0,0,0
0.029741,0.03767,0.028795,0,0,0,0,0,0,0,0,0,0,0,0
0.029665,0.036633,0.029106,0,0,0,0,0,0,0,0,0,0,0,0
0.031364,0.036436,0.029616,0,0,0,0,0,0,0,0,0,0,0,0
0.030798,0.036982,0.029533,0,0,0,0,0,0,0,0,0,0,0,0
0.035074,0.036424,0.029083,0,0,0,0,0,0,0,0,0,0,0,0
0.058001,0.0369,0.029456,0,0,0,0,0,0,0,0,0,0,0,0
0.078306,0.036913,0.029148,0,0,0,0,0,0,0,0,0,0,0,0
0.039659,0.037749,0.029594,0,0,0,0,0,0,0,0,0,0,0,0
0.037375,0.037713,0.029073,0,0,0,0,0,0,0,0,0,0,0,0
0.037164,0.037196,0.029304,0,0,0,0,0,0,0,0,0,0,0,0
0.037366,0.036754,0.028965,0,0,0,0,0,0,0,0,0,0,0,0
0.037535,0.039411,0.029034,0,0,0,0,0,0,0,0,0,0,0,0
0.0374,0.036807,0.029025,0,0,0,0,0,0,0,0,0,0,0,0
0.037004,0.038034,0.029026,0,0,0,0,0,0,0,0,0,0,0,0
0.036488,0.030214,0.028993,0,0,0,0,0,0,0,0,0,0,0,0
0.037593,0.030482,0.029066,0,0,0,0,0,0,0,0,0,0,0,0
0.036835,0.030423,0.029781,0,0,0,0,0,0,0,0,0,0,0,0
0.036746,0.031075,0.037504,0,0,0,0,0,0,0,0,0,0,0,0
0.036969,0.031148,0.029193,0,0,0,0,0,0,0,0,0,0,0,0
0.036794,0.031261,0.029071,0,0,0,0,0,0,0,0,0,0,0,0
0.037088,0.029918,0.029116,0,0,0,0,0,0,0,0,0,0,0,0
0.037544,0.030421,0.030075,0,0,0,0,0,0,0,0,0,0,0,0
0.037442,0.029278,0.029361,0,0,0,0,0,0,0,0,0,0,0,0
0.036907,0.029427,0.02911,0,0,0,0,0,0,0,0,0,0,0,0
0.037473,0.029384,0.029057,0,0,0,0,0,0,0,0,0,0,0,0
0.036997,0.029572,0.028946,0,0,0,0,0,0,0,0,0,0,0,0
0.036681,0.029067,0.028959,0,0,0,0,0,0,0,0,0,0,0,0
0.036492,0.029352,0.035807,0,0,0,0,0,0,0,0,0,0,0,0
0.037744,0.030906,0.029119,0,0,0,0,0,0,0,0,0,0,0,0
0.037574,0.030413,0.029152,0,0,0,0,0,0,0,0,0,0,0,0
0.037559,0.031926,0.02915,0,0,0,0,0,0,0,0,0,0,0,0
0.037369,0.031912,0.028944,0,0,0,0,0,0,0,0,0,0,0,0
0.030767,0.05934,0.028843,0,0,0,0,0,0,0,0,0,0,0,0
0.029365,0.044402,0.028731,0,0,0,0,0,0,0,0,0,0,0,0
0.029115,0.039591,0.028926,0,0,0,0,0,0,0,0,0,0,0,0
0.029386,0.037702,0.028881,0,0,0,0,0,0,0,0,0,0,0,0
0.029279,0.037374,0.0291,0,0,0,0,0,0,0,0,0,0,0,0
0.029442,0.037005,0.032284,0,0,0,0,0,0,0,0,0,0,0,0
0.029171,0.036831,0.029251,0,0,0,0,0,0,0,0,0,0,0,0
0.029624,0.037044,0.028971,0,0,0,0,0,0,0,0,0,0,0,0
0.030522,0.036369,0.028908,0,0,0,0,0,0,0,0,0,0,0,0
0.054139,0.036676,0.028934,0,0,0,0,0,0,0,0,0,0,0,0
0.043775,0.036807,0.029058,0,0,0,0,0,0,0,0,0,0,0,0
0.037737,0.036196,0.031102,0,0,0,0,0,0,0,0,0,0,0,0
0.036494,0.036421,0.029179,0,0,0,0,0,0,0,0,0,0,0,0
0.03646,0.036971,0.029155,0,0,0,0,0,0,0,0,0,0,0,0
0.037269,0.03753,0.028788,0,0,0,0,0,0,0,0,0,0,0,0
0.038654,0.036945,0.028906,0,0,0,0,0,0,0,0,0,0,0,0
0.037496,0.036391,0.028566,0,0,0,0,0,0,0,0,0,0,0,0
0.038367,0.036387,0.029272,0,0,0,0,0,0,0,0,0,0,0,0
0.038558,0.036418,0.028929,0,0,0,0,0,0,0,0,0,0,0,0
0.037139,0.034546,0.028616,0,0,0,0,0,0,0,0,0,0,0,0
0.037062,0.032017,0.028956,0,0,0,0,0,0,0,0,0,0,0,0
0.036674,0.035755,0.028528,0,0,0,0,0,0,0,0,0,0,0,0
0.037025,0.035541,0.028684,0,0,0,0,0,0,0,0,0,0,0,0
0.037155,0.033763,0.028741,0,0,0,0,0,0,0,0,0,0,0,0
0.036649,0.032512,0.030083,0,0,0,0,0,0,0,0,0,0,0,0
0.036021,0.032091,0.028797,0,0,0,0,0,0,0,0,0,0,0,0
0.036047,0.031568,0.028301,0,0,0,0,0,0,0,0,0,0,0,0
0.050061,0.032226,0.028705,0,0,0,0,0,0,0,0,0,0,0,0
0.03999,0.031965,0.028194,0,0,0,0,0,0,0,0,0,0,0,0
0.036626,0.032675,0.028724,0,0,0,0,0,0,0,0,0,0,0,0
0.036919,0.032926,0.028751,0,0,0,0,0,0,0,0,0,0,0,0
0.037471,0.032743,0.029618,0,0,0,0,0,0,0,0,0,0,0,0
