1
439.6945,174.6757,46.0000,50.0000
435.6945,174.6757,46.0000,50.0000
435.6945,174.6757,46.0000,50.0000
435.6945,174.6757,46.0000,50.0000
431.6945,174.6757,46.0000,50.0000
431.6945,174.6757,46.0000,50.0000
431.6945,174.6757,46.0000,50.0000
419.7500,170.7027,46.0000,50.0000
419.7500,170.7027,46.0000,50.0000
419.7500,170.7027,46.0000,50.0000
419.7500,170.7027,46.0000,50.0000
411.7222,166.7027,46.0000,50.0000
411.7222,166.7027,46.0000,50.0000
411.7222,166.7027,46.0000,50.0000
403.7222,158.7297,46.0000,50.0000
403.7222,158.7297,46.0000,50.0000
403.7222,158.7297,46.0000,50.0000
403.7222,158.7297,46.0000,50.0000
399.6945,154.7027,46.0000,50.0000
399.6945,154.7027,46.0000,50.0000
399.6945,154.7027,46.0000,50.0000
399.6945,154.7027,46.0000,50.0000
411.5833,142.7568,46.0000,50.0000
411.5833,142.7568,46.0000,50.0000
411.5833,142.7568,46.0000,50.0000
2
435.5000,130.7568,46.0000,50.0000
0
0
0
0
1
488.1152,36.8958,100.0000,143.0000
495.6482,25.7240,100.0000,143.0000
495.6482,25.7240,100.0000,143.0000
495.6482,25.7240,100.0000,143.0000
492.5839,21.2552,100.0000,143.0000
492.5839,21.2552,100.0000,143.0000
492.5839,21.2552,100.0000,143.0000
492.5839,21.2552,100.0000,143.0000
461.0473,11.4010,100.0000,143.0000
461.0473,11.4010,100.0000,143.0000
461.0473,11.4010,100.0000,143.0000
461.0473,11.4010,100.0000,143.0000
461.0473,11.4010,100.0000,143.0000
371.1616,21.2552,100.0000,143.0000
371.1616,21.2552,100.0000,143.0000
371.1616,21.2552,100.0000,143.0000
371.1616,21.2552,100.0000,143.0000
301.0022,11.4010,100.0000,143.0000
301.0022,11.4010,100.0000,143.0000
301.0022,11.4010,100.0000,143.0000
259.1237,-18.1615,100.0000,143.0000
259.1237,-18.1615,100.0000,143.0000
259.1237,-18.1615,100.0000,143.0000
259.1237,-18.1615,100.0000,143.0000
259.1237,-18.1615,100.0000,143.0000
206.9031,60.6719,100.0000,143.0000
206.9031,60.6719,100.0000,143.0000
206.9031,60.6719,100.0000,143.0000
206.9031,60.6719,100.0000,143.0000
206.9031,60.6719,100.0000,143.0000
206.9031,60.6719,100.0000,143.0000
175.0473,99.5729,100.0000,143.0000
175.0473,99.5729,100.0000,143.0000
175.0473,99.5729,100.0000,143.0000
192.6031,98.1406,100.0000,143.0000
192.6031,98.1406,100.0000,143.0000
192.6031,98.1406,100.0000,143.0000
192.6031,98.1406,100.0000,143.0000
192.6031,98.1406,100.0000,143.0000
267.8058,115.6146,100.0000,143.0000
267.8058,115.6146,100.0000,143.0000
267.8058,115.6146,100.0000,143.0000
267.8058,115.6146,100.0000,143.0000
267.8058,115.6146,100.0000,143.0000
362.3518,123.6354,100.0000,143.0000
362.3518,123.6354,100.0000,143.0000
362.3518,123.6354,100.0000,143.0000
362.3518,123.6354,100.0000,143.0000
362.3518,123.6354,100.0000,143.0000
362.3518,123.6354,100.0000,143.0000
437.6183,152.2812,100.0000,143.0000
437.6183,152.2812,100.0000,143.0000
437.6183,152.2812,100.0000,143.0000
437.6183,152.2812,100.0000,143.0000
541.9317,92.6406,100.0000,143.0000
541.9317,92.6406,100.0000,143.0000
541.9317,92.6406,100.0000,143.0000
541.9317,92.6406,100.0000,143.0000
607.8777,130.8542,100.0000,143.0000
607.8777,130.8542,100.0000,143.0000
607.8777,130.8542,100.0000,143.0000
607.8777,130.8542,100.0000,143.0000
596.0674,139.2760,100.0000,143.0000
2
0
485.6893,108.7969,100.0000,143.0000
0
0
0
0
1
232.6387,77.6747,134.0000,174.0000
231.9525,77.8151,134.0000,174.0000
231.9525,77.8151,134.0000,174.0000
231.9525,77.8151,134.0000,174.0000
231.0375,77.8151,134.0000,174.0000
231.0375,77.8151,134.0000,174.0000
231.0375,77.8151,134.0000,174.0000
231.0375,77.8151,134.0000,174.0000
216.6263,77.8151,134.0000,174.0000
216.6263,77.8151,134.0000,174.0000
216.6263,77.8151,134.0000,174.0000
216.6263,77.8151,134.0000,174.0000
216.6263,77.8151,134.0000,174.0000
216.6263,77.8151,134.0000,174.0000
216.6263,77.8151,134.0000,174.0000
216.6263,77.8151,134.0000,174.0000
216.6263,77.8151,134.0000,174.0000
216.6263,77.8151,134.0000,174.0000
216.6263,77.8151,134.0000,174.0000
216.6263,77.8151,134.0000,174.0000
216.6263,77.8151,134.0000,174.0000
216.6263,77.8151,134.0000,174.0000
216.6263,77.8151,134.0000,174.0000
216.6263,77.8151,134.0000,174.0000
216.6263,77.8151,134.0000,174.0000
216.6263,77.8151,134.0000,174.0000
216.6263,77.8151,134.0000,174.0000
