1
185.0000,345.0000,242.0000,345.0000,242.0000,462.0000,185.0000,462.0000
192.0000,345.0000,250.0000,345.0000,250.0000,464.0000,192.0000,464.0000
197.0000,345.0000,256.0000,345.0000,256.0000,467.0000,197.0000,467.0000
204.0000,345.0000,267.0000,345.0000,267.0000,474.0000,204.0000,474.0000
218.0000,348.0000,277.0000,348.0000,277.0000,470.0000,218.0000,470.0000
230.0000,350.0000,288.0000,350.0000,288.0000,469.0000,230.0000,469.0000
241.0000,352.0000,299.0000,352.0000,299.0000,471.0000,241.0000,471.0000
253.0000,354.0000,311.0000,354.0000,311.0000,473.0000,253.0000,473.0000
266.0000,357.0000,323.0000,357.0000,323.0000,474.0000,266.0000,474.0000
280.0000,359.0000,337.0000,359.0000,337.0000,476.0000,280.0000,476.0000
294.0000,358.0000,352.0000,358.0000,352.0000,477.0000,294.0000,477.0000
308.0000,357.0000,366.0000,357.0000,366.0000,476.0000,308.0000,476.0000
323.0000,359.0000,381.0000,359.0000,381.0000,478.0000,323.0000,478.0000
340.0000,361.0000,397.0000,361.0000,397.0000,478.0000,340.0000,478.0000
358.0000,364.0000,414.0000,364.0000,414.0000,479.0000,358.0000,479.0000
375.0000,365.0000,431.0000,365.0000,431.0000,480.0000,375.0000,480.0000
392.0000,367.0000,449.0000,367.0000,449.0000,484.0000,392.0000,484.0000
406.0000,384.0000,464.0000,384.0000,464.0000,503.0000,406.0000,503.0000
413.0000,379.0000,475.0000,379.0000,475.0000,506.0000,413.0000,506.0000
422.0000,378.0000,484.0000,378.0000,484.0000,505.0000,422.0000,505.0000
430.0000,365.0000,494.0000,365.0000,494.0000,497.0000,430.0000,497.0000
452.0000,367.0000,516.0000,367.0000,516.0000,499.0000,452.0000,499.0000
463.0000,375.0000,523.0000,375.0000,523.0000,499.0000,463.0000,499.0000
466.0000,362.0000,526.0000,362.0000,526.0000,486.0000,466.0000,486.0000
477.0000,359.0000,536.0000,359.0000,536.0000,481.0000,477.0000,481.0000
509.0000,360.0000,568.0000,360.0000,568.0000,482.0000,509.0000,482.0000
534.0000,366.0000,594.0000,366.0000,594.0000,490.0000,534.0000,490.0000
548.0000,365.0000,607.0000,365.0000,607.0000,487.0000,548.0000,487.0000
560.0000,365.0000,618.0000,365.0000,618.0000,484.0000,560.0000,484.0000
544.0000,369.0000,604.0000,369.0000,604.0000,493.0000,544.0000,493.0000
552.0000,367.0000,611.0000,367.0000,611.0000,489.0000,552.0000,489.0000
568.0000,321.0000,626.0000,321.0000,626.0000,440.0000,568.0000,440.0000
571.0000,301.0000,629.0000,301.0000,629.0000,420.0000,571.0000,420.0000
533.0000,339.0000,591.0000,339.0000,591.0000,458.0000,533.0000,458.0000
556.0000,322.0000,614.0000,322.0000,614.0000,441.0000,556.0000,441.0000
583.0000,314.0000,642.0000,314.0000,642.0000,436.0000,583.0000,436.0000
589.0000,315.0000,648.0000,315.0000,648.0000,437.0000,589.0000,437.0000
576.0000,321.0000,636.0000,321.0000,636.0000,445.0000,576.0000,445.0000
557.0000,330.0000,615.0000,330.0000,615.0000,449.0000,557.0000,449.0000
2
0
0
0
0
1
588.0000,131.0000,783.0000,131.0000,783.0000,358.0000,588.0000,358.0000
566.0000,51.0000,761.0000,51.0000,761.0000,278.0000,566.0000,278.0000
597.0000,49.0000,792.0000,49.0000,792.0000,276.0000,597.0000,276.0000
610.0000,120.0000,809.0000,120.0000,809.0000,352.0000,610.0000,352.0000
521.0000,194.0000,724.0000,194.0000,724.0000,431.0000,521.0000,431.0000
521.0000,200.0000,724.0000,200.0000,724.0000,437.0000,521.0000,437.0000
506.0000,190.0000,705.0000,190.0000,705.0000,422.0000,506.0000,422.0000
546.0000,173.0000,745.0000,173.0000,745.0000,405.0000,546.0000,405.0000
591.0000,188.0000,786.0000,188.0000,786.0000,415.0000,591.0000,415.0000
573.0000,186.0000,772.0000,186.0000,772.0000,418.0000,573.0000,418.0000
557.0000,192.0000,764.0000,192.0000,764.0000,433.0000,557.0000,433.0000
546.0000,177.0000,757.0000,177.0000,757.0000,423.0000,546.0000,423.0000
541.0000,168.0000,744.0000,168.0000,744.0000,405.0000,541.0000,405.0000
537.0000,163.0000,740.0000,163.0000,740.0000,400.0000,537.0000,400.0000
428.0000,278.0000,627.0000,278.0000,627.0000,510.0000,428.0000,510.0000
427.0000,294.0000,626.0000,294.0000,626.0000,526.0000,427.0000,526.0000
420.0000,289.0000,627.0000,289.0000,627.0000,530.0000,420.0000,530.0000
528.0000,165.0000,735.0000,165.0000,735.0000,406.0000,528.0000,406.0000
542.0000,157.0000,749.0000,157.0000,749.0000,398.0000,542.0000,398.0000
558.0000,161.0000,765.0000,161.0000,765.0000,402.0000,558.0000,402.0000
561.0000,103.0000,768.0000,103.0000,768.0000,344.0000,561.0000,344.0000
562.0000,209.0000,777.0000,209.0000,777.0000,460.0000,562.0000,460.0000
576.0000,224.0000,791.0000,224.0000,791.0000,475.0000,576.0000,475.0000
529.0000,209.0000,749.0000,209.0000,749.0000,465.0000,529.0000,465.0000
539.0000,206.0000,750.0000,206.0000,750.0000,452.0000,539.0000,452.0000
559.0000,235.0000,770.0000,235.0000,770.0000,481.0000,559.0000,481.0000
553.0000,232.0000,768.0000,232.0000,768.0000,483.0000,553.0000,483.0000
496.0000,170.0000,720.0000,170.0000,720.0000,431.0000,496.0000,431.0000
537.0000,210.0000,757.0000,210.0000,757.0000,466.0000,537.0000,466.0000
2
0
0
0
0
1
691.0000,395.0000,877.0000,395.0000,877.0000,654.0000,691.0000,654.0000
687.0000,386.0000,881.0000,386.0000,881.0000,656.0000,687.0000,656.0000
690.0000,387.0000,876.0000,387.0000,876.0000,646.0000,690.0000,646.0000
690.0000,386.0000,873.0000,386.0000,873.0000,640.0000,690.0000,640.0000
691.0000,387.0000,870.0000,387.0000,870.0000,636.0000,691.0000,636.0000
688.0000,382.0000,871.0000,382.0000,871.0000,636.0000,688.0000,636.0000
692.0000,382.0000,867.0000,382.0000,867.0000,626.0000,692.0000,626.0000
694.0000,382.0000,866.0000,382.0000,866.0000,621.0000,694.0000,621.0000
690.0000,373.0000,869.0000,373.0000,869.0000,622.0000,690.0000,622.0000
688.0000,369.0000,871.0000,369.0000,871.0000,623.0000,688.0000,623.0000
687.0000,366.0000,870.0000,366.0000,870.0000,620.0000,687.0000,620.0000
684.0000,365.0000,867.0000,365.0000,867.0000,619.0000,684.0000,619.0000
685.0000,365.0000,864.0000,365.0000,864.0000,614.0000,685.0000,614.0000
682.0000,360.0000,865.0000,360.0000,865.0000,614.0000,682.0000,614.0000
683.0000,362.0000,866.0000,362.0000,866.0000,616.0000,683.0000,616.0000
684.0000,364.0000,863.0000,364.0000,863.0000,613.0000,684.0000,613.0000
684.0000,362.0000,867.0000,362.0000,867.0000,616.0000,684.0000,616.0000
683.0000,361.0000,866.0000,361.0000,866.0000,615.0000,683.0000,615.0000
685.0000,361.0000,864.0000,361.0000,864.0000,610.0000,685.0000,610.0000
686.0000,359.0000,865.0000,359.0000,865.0000,608.0000,686.0000,608.0000
685.0000,357.0000,871.0000,357.0000,871.0000,616.0000,685.0000,616.0000
688.0000,359.0000,871.0000,359.0000,871.0000,613.0000,688.0000,613.0000
691.0000,359.0000,874.0000,359.0000,874.0000,613.0000,691.0000,613.0000
694.0000,361.0000,873.0000,361.0000,873.0000,610.0000,694.0000,610.0000
695.0000,362.0000,874.0000,362.0000,874.0000,611.0000,695.0000,611.0000
699.0000,367.0000,874.0000,367.0000,874.0000,611.0000,699.0000,611.0000
704.0000,371.0000,876.0000,371.0000,876.0000,610.0000,704.0000,610.0000
705.0000,370.0000,877.0000,370.0000,877.0000,609.0000,705.0000,609.0000
707.0000,372.0000,876.0000,372.0000,876.0000,607.0000,707.0000,607.0000
704.0000,368.0000,879.0000,368.0000,879.0000,612.0000,704.0000,612.0000
705.0000,370.0000,877.0000,370.0000,877.0000,609.0000,705.0000,609.0000
703.0000,369.0000,878.0000,369.0000,878.0000,613.0000,703.0000,613.0000
699.0000,366.0000,878.0000,366.0000,878.0000,615.0000,699.0000,615.0000
700.0000,367.0000,875.0000,367.0000,875.0000,611.0000,700.0000,611.0000
696.0000,362.0000,879.0000,362.0000,879.0000,616.0000,696.0000,616.0000
695.0000,361.0000,878.0000,361.0000,878.0000,615.0000,695.0000,615.0000
696.0000,361.0000,875.0000,361.0000,875.0000,610.0000,696.0000,610.0000
