1
593.4042,201.5494,43.8311,39.5717
590.7846,201.2220,43.8311,39.5717
588.7744,200.2622,45.2319,40.8364
587.0339,199.2704,46.6775,42.1416
584.2418,198.5724,46.6775,42.1416
581.4496,197.1763,46.6775,42.1416
579.7189,196.4234,45.2527,40.8552
580.7488,194.3332,43.8713,39.6081
578.1243,195.2672,42.5321,38.3990
575.9146,196.1709,41.2338,37.2269
575.6068,194.6317,41.2338,37.2269
575.2989,194.6317,41.2338,37.2269
573.7164,193.4211,42.5517,38.4166
572.0776,192.1680,43.9116,39.6444
569.7717,191.1797,43.9116,39.6444
569.4423,188.8739,43.9116,39.6444
568.4541,188.8739,43.9116,39.6444
567.7953,188.5444,43.9116,39.6444
567.4659,188.2150,43.9116,39.6444
566.8071,187.2268,43.9116,39.6444
566.4777,186.5680,43.9116,39.6444
565.8188,186.2386,43.9116,39.6444
565.4894,185.5797,43.9116,39.6444
565.1600,185.5797,43.9116,39.6444
564.1718,185.5797,43.9116,39.6444
563.5129,185.9092,43.9116,39.6444
562.4818,186.2639,45.3150,40.9115
562.1426,186.2639,45.3150,40.9115
561.1249,185.9247,45.3150,40.9115
560.7857,185.9247,45.3150,40.9115
560.7857,186.2639,45.3150,40.9115
560.1073,185.2462,45.3150,40.9115
558.7504,184.2286,45.3150,40.9115
556.7151,184.2286,45.3150,40.9115
556.7151,183.5502,45.3150,40.9115
556.3891,182.8177,43.9318,39.6626
551.7773,183.1471,43.9318,39.6626
550.1303,183.4765,43.9318,39.6626
548.4832,183.4765,43.9318,39.6626
548.1538,183.8059,43.9318,39.6626
547.1656,184.4648,43.9318,39.6626
546.5068,184.7942,43.9318,39.6626
546.1774,185.4530,43.9318,39.6626
545.5186,185.4530,43.9318,39.6626
545.5186,185.7824,43.9318,39.6626
545.5186,186.1118,43.9318,39.6626
545.5186,186.4412,43.9318,39.6626
545.1891,186.4412,43.9318,39.6626
545.1891,186.7706,43.9318,39.6626
545.5186,187.1001,43.9318,39.6626
546.1774,187.7589,43.9318,39.6626
546.8362,188.0883,43.9318,39.6626
547.8244,189.0765,43.9318,39.6626
548.8127,189.7354,43.9318,39.6626
550.4597,189.7354,43.9318,39.6626
555.7420,190.9995,42.5907,38.4519
556.7117,193.5041,41.2907,37.2782
560.4293,194.1237,41.2907,37.2782
560.6989,193.5280,42.6103,38.4696
561.6577,194.8064,42.6103,38.4696
563.8533,194.5113,43.9721,39.6991
565.4565,195.1945,45.3775,40.9678
567.4918,195.8729,45.3775,40.9678
569.5270,197.2298,45.3775,40.9678
571.5624,197.5690,45.3775,40.9678
572.8725,198.2712,46.8277,42.2772
574.9321,198.9996,48.3244,43.6283
576.0203,199.7250,48.3244,43.6283
577.4246,199.7534,49.8688,45.0227
579.2873,200.4984,49.8688,45.0227
580.7256,200.1515,51.4626,46.4616
582.2708,200.5378,51.4626,46.4616
583.4296,201.3104,51.4626,46.4616
585.7473,201.6966,51.4626,46.4616
588.0649,202.0829,51.4626,46.4616
589.5602,201.7267,53.1074,47.9465
590.3563,202.1248,53.1074,47.9465
592.7445,202.5228,53.1074,47.9465
594.3366,202.9208,53.1074,47.9465
596.3268,203.7169,53.1074,47.9465
597.9190,204.1150,53.1074,47.9465
599.1131,204.5130,53.1074,47.9465
601.1033,204.9110,53.1074,47.9465
602.2974,205.7071,53.1074,47.9465
604.2876,206.1052,53.1074,47.9465
605.0837,206.5032,53.1074,47.9465
606.2778,207.2993,53.1074,47.9465
607.8700,207.6973,53.1074,47.9465
608.6661,208.0954,53.1074,47.9465
609.0641,208.4934,53.1074,47.9465
609.8076,208.9213,54.8047,49.4789
610.6272,209.3311,54.8047,49.4789
610.5710,209.7699,56.5562,51.0603
611.4181,209.7699,56.5562,51.0603
611.8416,209.7699,56.5562,51.0603
612.2651,209.7699,56.5562,51.0603
612.6887,210.1934,56.5562,51.0603
613.5357,210.6169,56.5562,51.0603
613.9593,210.6169,56.5562,51.0603
613.9593,210.6169,56.5562,51.0603
613.9593,210.6169,56.5562,51.0603
613.1122,210.1934,56.5562,51.0603
612.7048,211.8198,54.8298,49.5016
612.7048,212.2296,54.8298,49.5016
613.1318,212.5753,53.1561,47.9906
612.3510,209.7254,51.5335,46.5257
611.1922,210.4980,51.5335,46.5257
611.2062,210.8218,49.9604,45.1054
610.0826,210.8218,49.9604,45.1054
609.3336,210.4473,49.9604,45.1054
608.5846,209.6983,49.9604,45.1054
607.4611,209.3237,49.9604,45.1054
604.8530,208.5141,48.4354,43.7286
604.1275,208.5141,48.4354,43.7286
602.6765,208.1514,48.4354,43.7286
601.2256,207.4259,48.4354,43.7286
598.3373,206.6423,46.9569,42.3938
597.2844,206.9933,46.9569,42.3938
595.8805,205.5894,46.9569,42.3938
593.0874,205.5345,45.5235,41.0997
592.0638,204.8521,45.5235,41.0997
590.7116,204.1147,44.1339,39.8451
589.3970,203.3974,42.7867,38.6288
586.8539,203.0281,41.4806,37.4497
585.9245,203.3379,41.4806,37.4497
585.6282,201.1213,40.2144,36.3065
585.0243,202.6311,40.2144,36.3065
584.4203,202.9330,40.2144,36.3065
583.8165,202.6311,40.2144,36.3065
583.1738,201.1450,41.4997,37.4669
582.5107,200.8580,42.8260,38.6643
580.8616,200.2402,44.1947,39.9000
579.1613,200.2653,45.6072,41.1752
577.7501,200.6309,47.0648,42.4912
575.9391,201.0107,48.5690,43.8492
575.2098,201.0107,48.5690,43.8492
574.4803,201.3754,48.5690,43.8492
574.1157,201.3754,48.5690,43.8492
573.3862,201.3754,48.5690,43.8492
573.0215,201.7401,48.5690,43.8492
572.2921,202.1048,48.5690,43.8492
572.2921,201.7401,48.5690,43.8492
572.2921,202.1048,48.5690,43.8492
572.2921,201.7401,48.5690,43.8492
572.6568,202.1048,48.5690,43.8492
572.9748,201.4041,50.1212,45.2506
572.9748,200.6551,50.1212,45.2506
573.3493,200.6551,50.1212,45.2506
574.0464,200.3065,51.7231,46.6968
573.6081,200.3367,53.3762,48.1892
574.8081,201.1367,53.3762,48.1892
576.0081,201.1367,53.3762,48.1892
576.4081,201.1367,53.3762,48.1892
578.8081,201.1367,53.3762,48.1892
579.5552,200.7667,55.0821,49.7294
579.4985,201.6191,56.8425,51.3187
579.8666,202.5010,58.6592,52.9589
580.2469,202.0939,60.5339,54.6514
582.0587,202.0939,60.5339,54.6514
583.8704,202.5468,60.5339,54.6514
585.2292,202.5468,60.5339,54.6514
587.0410,202.5468,60.5339,54.6514
588.3998,202.5468,60.5339,54.6514
590.2116,202.5468,60.5339,54.6514
591.5704,202.9998,60.5339,54.6514
592.9293,202.9998,60.5339,54.6514
592.8678,202.1264,62.4686,56.3981
592.3381,201.6938,64.4651,58.2006
635.6844,177.1285,66.5254,60.0607
626.1547,175.1726,68.6515,61.9802
615.2969,175.2097,70.8456,63.9611
603.0060,175.2503,73.1099,66.0053
590.8965,173.6485,75.4465,68.1148
579.6024,171.9544,75.4465,68.1148
571.1318,171.3896,75.4465,68.1148
560.4245,172.4293,73.1434,66.0356
550.0303,172.9763,73.1434,66.0356
539.6585,173.9842,70.9107,64.0198
527.4369,174.5156,70.9107,64.0198
2
0
0
0
0
1
609.0323,197.0940,54.9653,49.3316
608.2320,198.6665,53.2875,47.8258
605.0649,200.5906,51.6609,46.3659
605.8375,200.9769,51.6609,46.3659
601.5884,197.8867,51.6609,46.3659
598.1120,197.5004,51.6609,46.3659
597.3394,197.5004,51.6609,46.3659
595.7944,197.5004,51.6609,46.3659
595.4081,197.5004,51.6609,46.3659
593.8630,197.5004,51.6609,46.3659
593.8630,197.5004,51.6609,46.3659
593.8630,197.8867,51.6609,46.3659
593.4767,197.5004,51.6609,46.3659
592.3179,197.8867,51.6609,46.3659
591.1591,197.5004,51.6609,46.3659
591.1591,197.5004,51.6609,46.3659
590.3865,197.5004,51.6609,46.3659
589.2277,197.8867,51.6609,46.3659
588.0688,197.5004,51.6609,46.3659
587.6826,197.8867,51.6609,46.3659
586.5237,197.5004,51.6609,46.3659
585.3649,197.8867,51.6609,46.3659
584.2061,197.5004,51.6609,46.3659
583.0473,197.8867,51.6609,46.3659
583.0473,197.5004,51.6609,46.3659
581.8885,197.8867,51.6609,46.3659
581.1159,197.8867,51.6609,46.3659
580.3434,198.2729,51.6609,46.3659
578.7983,198.6592,51.6609,46.3659
578.4120,198.6592,51.6609,46.3659
577.2532,199.0455,51.6609,46.3659
575.6551,198.3046,53.3120,47.8477
575.2570,198.3046,53.3120,47.8477
574.4609,198.3046,53.3120,47.8477
574.0629,198.3046,53.3120,47.8477
573.6649,198.3046,53.3120,47.8477
574.0629,198.7026,53.3120,47.8477
573.2668,198.3046,53.3120,47.8477
572.0728,198.7026,53.3120,47.8477
570.0267,198.7341,55.0158,49.3770
570.8502,199.9694,55.0158,49.3770
569.9711,200.8274,56.7741,50.9550
566.9462,201.2837,58.5886,52.5836
563.8237,202.6297,60.4611,54.2641
562.4707,203.5317,60.4611,54.2641
558.7986,203.5665,62.3934,55.9984
555.9987,203.5665,62.3934,55.9984
553.6653,204.0331,62.3934,55.9984
549.9320,205.4331,62.3934,55.9984
546.6653,206.3665,62.3934,55.9984
542.4653,206.8331,62.3934,55.9984
538.2653,206.8331,62.3934,55.9984
534.5320,206.8331,62.3934,55.9984
529.3987,207.2998,62.3934,55.9984
524.2653,208.2331,62.3934,55.9984
520.9987,209.1665,62.3934,55.9984
516.3320,209.6331,62.3934,55.9984
512.1509,210.4878,60.4889,54.2890
510.7980,210.9388,60.4889,54.2890
505.3862,212.2917,60.4889,54.2890
500.8977,213.5713,58.6424,52.6319
495.6506,213.5713,58.6424,52.6319
491.2781,214.0086,58.6424,52.6319
486.4683,213.5713,58.6424,52.6319
482.0957,214.8831,58.6424,52.6319
476.8487,214.8831,58.6424,52.6319
472.0389,216.1949,58.6424,52.6319
467.6663,217.5066,58.6424,52.6319
464.1683,218.3811,58.6424,52.6319
459.3585,218.3811,58.6424,52.6319
455.4232,219.2556,58.6424,52.6319
451.9251,219.2556,58.6424,52.6319
447.5526,219.6929,58.6424,52.6319
445.3663,218.8184,58.6424,52.6319
441.8888,220.0589,56.8523,51.0253
440.6123,220.0589,56.8523,51.0253
438.5016,220.8377,55.1169,49.4677
437.6781,221.6613,55.1169,49.4677
438.1076,223.2398,53.4345,47.9577
437.7231,225.1718,51.8033,46.4938
436.5824,227.0402,50.2220,45.0745
435.0844,227.7892,50.2220,45.0745
433.5863,228.5382,50.2220,45.0745
432.0883,228.9127,50.2220,45.0745
430.5902,229.6618,50.2220,45.0745
429.0922,230.0363,50.2220,45.0745
427.9687,230.7853,50.2220,45.0745
426.8452,231.5343,50.2220,45.0745
427.2372,233.3458,48.6890,43.6986
427.9803,234.3755,47.2027,42.3647
427.2744,235.0814,47.2027,42.3647
427.9948,235.7280,45.7619,41.0715
428.6933,236.0137,44.3650,39.8178
428.3619,236.6764,44.3650,39.8178
428.3619,237.0078,44.3650,39.8178
428.3619,237.6705,44.3650,39.8178
427.6992,237.6705,44.3650,39.8178
424.6706,237.0342,45.7829,41.0904
419.8449,238.0835,47.2461,42.4036
415.9134,239.1706,48.7561,43.7588
413.6755,239.2007,50.3143,45.1573
412.9225,240.3302,50.3143,45.1573
412.5461,241.4596,50.3143,45.1573
411.3656,242.6203,51.9224,46.6006
410.9773,243.3968,51.9224,46.6006
410.2009,244.5615,51.9224,46.6006
409.0362,246.5027,51.9224,46.6006
407.4832,247.2791,51.9224,46.6006
406.7067,247.6674,51.9224,46.6006
405.9303,248.4438,51.9224,46.6006
405.5420,249.2203,51.9224,46.6006
404.7656,249.6085,51.9224,46.6006
405.1538,250.3850,51.9224,46.6006
407.8875,251.0963,50.3374,45.1781
411.6675,251.7858,48.8009,43.7990
415.3300,252.8190,47.3112,42.4620
416.0521,254.1729,45.8670,41.1659
417.0952,255.1444,44.4669,39.9093
417.7580,255.8071,44.4669,39.9093
417.7580,255.8071,44.4669,39.9093
418.0894,256.1385,44.4669,39.9093
419.7622,257.4104,43.1095,38.6910
420.0837,257.7319,43.1095,38.6910
421.0485,257.7319,43.1095,38.6910
422.0132,257.7319,43.1095,38.6910
422.9779,258.0535,43.1095,38.6910
423.9426,258.3751,43.1095,38.6910
423.5753,258.0784,44.4873,39.9276
420.5447,258.1031,45.9091,41.2037
412.9957,258.1031,45.9091,41.2037
412.9484,257.4446,47.3764,42.5205
414.3089,256.4122,48.8905,43.8795
415.7678,256.0475,48.8905,43.8795
416.8100,255.3463,50.4531,45.2819
417.1332,254.9992,52.0656,46.7291
417.5214,254.6109,52.0656,46.7291
418.2979,254.9992,52.0656,46.7291
418.2979,254.6109,52.0656,46.7291
418.6861,255.3874,52.0656,46.7291
419.0744,255.3874,52.0656,46.7291
419.4626,254.9992,52.0656,46.7291
420.6273,254.2227,52.0656,46.7291
422.5685,254.2227,52.0656,46.7291
424.1214,254.2227,52.0656,46.7291
425.6743,254.2227,52.0656,46.7291
428.3920,254.2227,52.0656,46.7291
429.9449,253.8345,52.0656,46.7291
433.0508,253.0580,52.0656,46.7291
434.6038,253.0580,52.0656,46.7291
438.4861,252.6698,52.0656,46.7291
443.1450,251.8933,52.0656,46.7291
448.5984,252.6065,50.4762,45.3027
448.5984,253.3595,50.4762,45.3027
453.1161,252.6065,50.4762,45.3027
459.5335,251.4156,48.9354,43.9198
462.8334,250.9918,47.4417,42.5791
467.1065,249.1574,45.9935,41.2794
471.2241,248.1279,45.9935,41.2794
474.3123,246.7554,45.9935,41.2794
477.4006,246.0691,45.9935,41.2794
481.1751,244.0103,45.9935,41.2794
483.9202,242.9809,45.9935,41.2794
487.7104,241.5521,44.5895,40.0193
490.0437,241.5521,44.5895,40.0193
495.3910,240.1629,43.2284,38.7977
497.6557,240.1629,43.2284,38.7977
502.8449,238.4904,41.9089,37.6134
505.6684,238.1766,41.9089,37.6134
509.1194,236.6080,41.9089,37.6134
513.8375,234.9860,40.6296,36.4652
517.4968,233.1112,39.3894,35.3521
521.3203,232.2288,39.3894,35.3521
524.2615,231.0524,39.3894,35.3521
527.2026,229.2877,39.3894,35.3521
530.1439,228.4053,39.3894,35.3521
533.0850,227.2288,39.3894,35.3521
535.4379,225.4641,39.3894,35.3521
538.3792,224.8759,39.3894,35.3521
541.0262,223.1112,39.3894,35.3521
542.2026,221.9347,39.3894,35.3521
543.0850,218.6994,39.3894,35.3521
546.2791,218.4286,40.6482,36.4820
545.6295,217.8456,41.9474,37.6479
545.2729,217.2440,43.2880,38.8512
545.2283,216.2997,44.6715,40.0929
545.1811,215.3256,46.0992,41.3742
544.7895,212.9390,47.5725,42.6966
545.0940,211.1920,49.0929,44.0611
545.7762,209.3879,50.6619,45.4693
545.7762,206.3604,50.6619,45.4693
546.1019,204.4985,52.2811,46.9225
546.4370,202.9683,53.9520,48.4222
547.6429,201.7624,53.9520,48.4222
547.1827,200.1847,55.6763,49.9697
547.1244,198.5548,57.4557,51.5668
547.9832,197.6960,57.4557,51.5668
547.9832,196.4078,57.4557,51.5668
548.4126,195.1196,57.4557,51.5668
548.8420,193.4019,57.4557,51.5668
548.8420,192.5431,57.4557,51.5668
548.8420,191.2549,57.4557,51.5668
548.8420,189.5372,57.4557,51.5668
548.8420,188.2490,57.4557,51.5668
548.8420,186.5313,57.4557,51.5668
548.8420,184.8137,57.4557,51.5668
549.2714,182.2372,57.4557,51.5668
549.7009,180.9490,57.4557,51.5668
550.5597,178.8019,57.4557,51.5668
550.9891,176.6548,57.4557,51.5668
550.9891,175.3666,57.4557,51.5668
553.5837,173.1478,55.7019,49.9927
553.9993,171.4850,55.7019,49.9927
556.5123,172.2480,54.0015,48.4666
560.1475,172.6520,54.0015,48.4666
558.5482,169.3525,52.3531,46.9872
555.8168,169.7427,52.3531,46.9872
558.1767,168.1187,50.7550,45.5529
559.3120,168.4971,50.7550,45.5529
557.8160,165.0296,49.2057,44.1624
559.6671,164.2370,47.7037,42.8143
558.6108,162.7493,46.2475,41.5074
559.3010,162.7493,46.2475,41.5074
560.3520,160.9671,44.8358,40.2404
559.0245,158.8989,43.4672,39.0120
559.3500,159.2244,43.4672,39.0120
560.6644,157.8669,42.1403,37.8212
560.9781,157.5531,42.1403,37.8212
558.4683,155.6708,42.1403,37.8212
558.7820,155.3571,42.1403,37.8212
559.4252,153.7382,40.8540,36.6666
559.4370,153.0743,39.6069,35.5474
557.3645,151.8900,39.6069,35.5474
557.9690,151.5443,38.3979,34.4623
559.1276,150.9252,37.2258,33.4103
558.5707,150.6468,37.2258,33.4103
557.7354,150.0899,37.2258,33.4103
558.0139,149.8115,37.2258,33.4103
557.4570,148.9762,37.2258,33.4103
557.1786,148.4193,37.2258,33.4103
557.4570,147.8625,37.2258,33.4103
556.6217,147.5841,37.2258,33.4103
556.3433,146.7488,37.2258,33.4103
556.6217,146.4703,37.2258,33.4103
555.7864,145.6350,37.2258,33.4103
556.0761,145.3097,36.0895,32.3905
555.2703,144.7724,36.0895,32.3905
554.7330,144.7724,36.0895,32.3905
554.7330,144.7724,36.0895,32.3905
554.4644,144.7724,36.0895,32.3905
554.1957,144.2352,36.0895,32.3905
555.2838,144.7295,34.9878,31.4017
555.2463,144.2277,36.1060,32.4053
550.3399,136.6746,37.2600,33.4410
555.0851,142.7536,36.1226,32.4202
557.2599,144.0602,35.0199,31.4306
558.3160,145.0615,33.9510,30.4711
557.0146,145.0804,35.0360,31.4450
555.9715,145.3412,35.0360,31.4450
554.9283,145.0804,35.0360,31.4450
553.6245,145.3412,35.0360,31.4450
552.0597,144.8197,35.0360,31.4450
551.5381,145.0804,35.0360,31.4450
549.9734,145.0804,35.0360,31.4450
549.4518,145.0804,35.0360,31.4450
549.1911,144.8197,35.0360,31.4450
548.6695,144.5589,35.0360,31.4450
548.1479,144.2981,35.0360,31.4450
548.1479,144.2981,35.0360,31.4450
547.8871,143.7765,35.0360,31.4450
547.6264,144.0373,35.0360,31.4450
547.1048,144.0373,35.0360,31.4450
547.1048,144.0373,35.0360,31.4450
546.8441,144.0373,35.0360,31.4450
546.3224,143.7765,35.0360,31.4450
546.5833,143.5157,35.0360,31.4450
545.8009,142.9942,35.0360,31.4450
546.3356,143.4741,33.9665,30.4851
545.3239,142.9682,33.9665,30.4851
542.5046,142.2281,35.0521,31.4594
538.8151,138.8568,36.1724,32.4649
539.0856,139.1274,36.1724,32.4649
538.8151,138.5862,36.1724,32.4649
539.6378,138.5405,35.0682,31.4739
539.1122,138.2778,35.0682,31.4739
539.1122,138.0150,35.0682,31.4739
539.6475,138.4954,33.9977,30.5131
539.3945,138.2424,33.9977,30.5131
539.1416,137.9895,33.9977,30.5131
538.8887,137.7366,33.9977,30.5131
539.4075,138.2023,32.9599,29.5817
539.1605,138.2023,32.9599,29.5817
539.1605,138.2023,32.9599,29.5817
538.9135,138.4493,32.9599,29.5817
539.1605,138.6964,32.9599,29.5817
538.6664,138.4493,32.9599,29.5817
538.6664,138.2023,32.9599,29.5817
538.6664,137.9552,32.9599,29.5817
538.6664,137.7082,32.9599,29.5817
538.4193,137.7082,32.9599,29.5817
538.1722,137.7082,32.9599,29.5817
537.9252,137.7082,32.9599,29.5817
538.1722,137.7082,32.9599,29.5817
537.9252,137.7082,32.9599,29.5817
538.4283,137.1714,31.9538,28.6787
538.4283,136.4538,31.9538,28.6787
538.4283,136.2146,31.9538,28.6787
538.4283,135.9753,31.9538,28.6787
538.4283,135.9753,31.9538,28.6787
538.4283,135.9753,31.9538,28.6787
537.9498,135.7361,31.9538,28.6787
537.2000,135.2778,32.9751,29.5953
536.9529,135.2778,32.9751,29.5953
536.7059,135.0308,32.9751,29.5953
536.7059,134.7837,32.9751,29.5953
536.4588,134.5367,32.9751,29.5953
536.2117,134.7837,32.9751,29.5953
535.9647,134.2896,32.9751,29.5953
535.9647,134.2896,32.9751,29.5953
535.7177,134.0426,32.9751,29.5953
535.4706,133.7955,32.9751,29.5953
535.2235,133.5484,32.9751,29.5953
534.7294,133.7955,32.9751,29.5953
534.7294,133.0543,32.9751,29.5953
534.4824,132.8073,32.9751,29.5953
533.9882,132.3131,32.9751,29.5953
533.9882,132.3131,32.9751,29.5953
533.7411,132.3131,32.9751,29.5953
533.0000,131.5720,32.9751,29.5953
532.7201,131.0990,34.0290,30.5412
533.4509,128.8267,35.1165,31.5172
533.9407,127.5348,36.2388,32.5245
535.2557,127.0150,37.3970,33.5640
535.2150,126.4787,38.5923,34.6367
535.1747,126.2134,39.8257,35.7437
534.8363,125.6423,41.0985,36.8861
534.1796,125.0528,42.4120,38.0650
534.1371,124.7622,43.7675,39.2815
533.4377,124.4619,45.1663,40.5370
532.7632,123.7874,45.1663,40.5370
532.7632,122.7756,45.1663,40.5370
532.4260,122.4384,45.1663,40.5370
531.7515,122.4384,45.1663,40.5370
531.4142,122.1011,45.1663,40.5370
531.0770,121.7639,45.1663,40.5370
530.4024,122.1011,45.1663,40.5370
525.2963,120.4416,46.6098,41.8325
525.2963,116.6024,46.6098,41.8325
521.7594,114.8868,48.0995,43.1695
519.1967,113.1205,49.6367,44.5492
516.5505,111.6674,51.2231,45.9730
514.2563,110.5204,51.2231,45.9730
513.1093,109.7557,51.2231,45.9730
512.2908,109.4034,52.8602,47.4423
511.0519,108.6452,54.5496,48.9585
510.6441,107.4217,54.5496,48.9585
510.1802,108.6786,56.2930,50.5232
509.3410,107.0001,56.2930,50.5232
508.9214,105.7413,56.2930,50.5232
507.6023,104.9340,58.0921,52.1380
507.6023,104.0673,58.0921,52.1380
507.1689,103.2006,58.0921,52.1380
506.3022,103.2006,58.0921,52.1380
505.8689,102.7673,58.0921,52.1380
505.8689,103.6340,58.0921,52.1380
505.4356,102.7673,58.0921,52.1380
504.5073,103.2341,59.9488,53.8043
504.0602,102.3400,59.9488,53.8043
503.6132,102.3400,59.9488,53.8043
503.1661,101.8929,59.9488,53.8043
503.1661,101.8929,59.9488,53.8043
506.3164,103.1612,58.1188,52.1619
504.5830,107.0612,58.1188,52.1619
508.4830,109.2279,58.1188,52.1619
504.5830,109.2279,58.1188,52.1619
506.7497,107.9279,58.1188,52.1619
508.0497,107.4945,58.1188,52.1619
508.4830,107.9279,58.1188,52.1619
508.4830,107.9279,58.1188,52.1619
507.6164,107.9279,58.1188,52.1619
506.7497,107.9279,58.1188,52.1619
506.3164,107.9279,58.1188,52.1619
505.0164,107.9279,58.1188,52.1619
504.1497,107.9279,58.1188,52.1619
503.7164,107.9279,58.1188,52.1619
503.7164,107.9279,58.1188,52.1619
503.7164,107.9279,58.1188,52.1619
503.2830,107.9279,58.1188,52.1619
502.4164,107.9279,58.1188,52.1619
502.4164,107.9279,58.1188,52.1619
501.9830,107.9279,58.1188,52.1619
501.5497,107.9279,58.1188,52.1619
501.5497,107.9279,58.1188,52.1619
501.5497,107.9279,58.1188,52.1619
501.1164,107.9279,58.1188,52.1619
500.6830,107.9279,58.1188,52.1619
501.5701,108.2907,56.3447,50.5696
501.1485,108.2907,56.3447,50.5696
501.1485,108.7122,56.3447,50.5696
500.3054,109.1338,56.3447,50.5696
496.5113,110.8201,56.3447,50.5696
499.0407,112.5063,56.3447,50.5696
498.6191,107.4475,56.3447,50.5696
496.0324,106.2179,58.1455,52.1859
492.1324,104.9179,58.1455,52.1859
487.8199,103.9810,56.3706,50.5929
487.8371,103.9101,54.6498,49.0485
488.6712,104.6587,52.9816,47.5513
489.8759,105.3844,51.3644,46.0998
490.6599,105.3194,49.7965,44.6926
491.4199,104.8839,48.2764,43.3283
491.4199,104.8839,48.2764,43.3283
491.4199,104.8839,48.2764,43.3283
491.4199,104.8839,48.2764,43.3283
491.4199,105.6055,48.2764,43.3283
491.4199,106.3270,48.2764,43.3283
491.7807,106.3270,48.2764,43.3283
492.5023,106.6878,48.2764,43.3283
492.8631,107.4094,48.2764,43.3283
493.9454,107.0486,48.2764,43.3283
494.6670,107.0486,48.2764,43.3283
494.6670,107.4094,48.2764,43.3283
495.0278,107.7702,48.2764,43.3283
495.7493,108.4917,48.2764,43.3283
496.4709,108.1309,48.2764,43.3283
496.8317,108.1309,48.2764,43.3283
497.5533,108.1309,48.2764,43.3283
497.9140,108.4917,48.2764,43.3283
500.0940,109.1530,46.8027,42.0057
501.8391,109.8511,46.8027,42.0057
502.8862,109.8511,46.8027,42.0057
503.5842,109.8511,46.8027,42.0057
504.6476,110.1432,45.3741,40.7235
504.6476,110.8216,45.3741,40.7235
505.0009,113.4784,43.9890,39.4804
505.3428,114.7398,42.6462,38.2752
505.3428,115.0575,42.6462,38.2752
505.9937,115.0064,41.3445,37.1068
505.9937,115.3142,41.3445,37.1068
505.9937,116.2378,41.3445,37.1068
506.3016,116.5456,41.3445,37.1068
506.6094,117.1613,41.3445,37.1068
507.5483,117.1119,40.0824,35.9741
507.8483,117.7119,40.0824,35.9741
508.7483,118.3119,40.0824,35.9741
508.7483,118.3119,40.0824,35.9741
509.3483,118.9119,40.0824,35.9741
509.6483,119.8119,40.0824,35.9741
510.8600,120.0610,38.8589,34.8760
511.4405,120.3512,38.8589,34.8760
511.7307,120.0610,38.8589,34.8760
512.3110,120.6414,38.8589,34.8760
512.6013,120.6414,38.8589,34.8760
512.8914,121.2218,38.8589,34.8760
514.0522,121.2218,38.8589,34.8760
514.6326,121.2218,38.8589,34.8760
514.9228,121.5120,38.8589,34.8760
516.3738,122.3826,38.8589,34.8760
516.3738,122.0924,38.8589,34.8760
517.2444,122.3826,38.8589,34.8760
517.8248,122.9630,38.8589,34.8760
519.2758,124.1237,38.8589,34.8760
519.2758,123.5434,38.8589,34.8760
521.0169,123.5434,38.8589,34.8760
522.4679,124.4139,38.8589,34.8760
522.7581,124.4139,38.8589,34.8760
524.4993,124.7041,38.8589,34.8760
525.0797,124.7041,38.8589,34.8760
526.5306,124.1237,38.8589,34.8760
531.4640,122.3826,38.8589,34.8760
545.1032,122.6728,38.8589,34.8760
547.7150,127.0257,38.8589,34.8760
545.6836,128.1865,38.8589,34.8760
550.3267,125.5747,38.8589,34.8760
552.0679,125.8649,38.8589,34.8760
552.3175,125.8880,40.1008,35.9907
552.6176,126.1880,40.1008,35.9907
553.2175,125.8880,40.1008,35.9907
553.2175,126.1880,40.1008,35.9907
553.5175,126.1880,40.1008,35.9907
553.8175,126.1880,40.1008,35.9907
554.1176,126.4880,40.1008,35.9907
554.1176,126.4880,40.1008,35.9907
554.4175,126.7880,40.1008,35.9907
554.7175,127.0880,40.1008,35.9907
555.3175,126.7880,40.1008,35.9907
555.6176,127.3880,40.1008,35.9907
555.9175,126.7880,40.1008,35.9907
556.2175,126.7880,40.1008,35.9907
553.2175,127.6880,40.1008,35.9907
557.0767,128.3129,41.3824,37.1409
557.0350,123.0723,42.7050,38.3279
546.1683,119.5566,42.7050,38.3279
541.3743,122.1135,42.7050,38.3279
540.7350,121.7939,42.7050,38.3279
540.0958,121.7939,42.7050,38.3279
540.0958,121.4743,42.7050,38.3279
540.4154,121.1547,42.7050,38.3279
540.7476,119.8220,41.4014,37.1580
541.9991,120.0793,40.1376,36.0237
542.2991,119.1793,40.1376,36.0237
542.6117,119.4291,38.9124,34.9241
542.9019,119.1389,38.9124,34.9241
543.2056,119.0916,37.7246,33.8580
542.3586,118.8092,37.7246,33.8580
542.6520,119.6083,36.5730,32.8245
542.9246,119.0632,36.5730,32.8245
542.6520,119.0632,36.5730,32.8245
543.2102,119.2917,35.4566,31.8225
542.9455,119.5564,35.4566,31.8225
542.6808,120.0858,35.4566,31.8225
542.9455,119.5564,35.4566,31.8225
542.6808,119.2917,35.4566,31.8225
543.4866,118.7186,34.3743,30.8511
549.9191,116.1071,33.3250,29.9094
560.0944,118.6174,34.3901,30.8653
564.7291,119.8590,33.3403,29.9231
568.6787,119.3809,34.4059,30.8795
569.1564,119.4011,35.5055,31.8664
569.3831,119.9507,36.6403,32.8848
569.0721,120.5233,37.8113,33.9358
566.7737,121.3927,39.0197,35.0204
565.2737,121.4174,40.2668,36.1396
564.6302,121.4399,41.5537,37.2947
563.0369,120.8439,42.8818,38.4866
562.6712,120.8681,44.2523,39.7166
562.3398,120.8681,44.2523,39.7166
562.0084,120.8681,44.2523,39.7166
561.6771,120.8681,44.2523,39.7166
562.0084,120.8681,44.2523,39.7166
561.6771,120.8681,44.2523,39.7166
562.0084,120.8681,44.2523,39.7166
561.6771,120.8681,44.2523,39.7166
562.0084,120.8681,44.2523,39.7166
561.6771,120.8681,44.2523,39.7166
562.3398,120.8681,44.2523,39.7166
562.3398,120.8681,44.2523,39.7166
562.3398,120.8681,44.2523,39.7166
562.3398,120.5368,44.2523,39.7166
561.9641,120.2335,45.6666,40.9860
562.3052,120.2335,45.6666,40.9860
561.9641,120.2335,45.6666,40.9860
562.6464,119.8923,45.6666,40.9860
563.3287,119.8923,45.6666,40.9860
563.6225,120.6021,47.1261,42.2959
563.9224,121.3301,48.6322,43.6477
563.8707,120.9953,50.1865,45.0427
565.3688,121.3699,50.1865,45.0427
564.9413,121.3991,51.7905,46.4822
565.7139,121.0128,51.7905,46.4822
566.4864,121.0128,51.7905,46.4822
567.2039,120.6563,53.4457,47.9678
568.0039,120.6563,53.4457,47.9678
568.4039,120.6563,53.4457,47.9678
569.2039,120.2563,53.4457,47.9678
570.0039,120.2563,53.4457,47.9678
570.8039,120.2563,53.4457,47.9678
571.2039,120.2563,53.4457,47.9678
572.0039,119.8563,53.4457,47.9678
572.0039,119.4563,53.4457,47.9678
572.4039,119.8563,53.4457,47.9678
572.8039,119.4563,53.4457,47.9678
572.4039,119.8563,53.4457,47.9678
572.8039,119.4563,53.4457,47.9678
572.8039,119.4563,53.4457,47.9678
572.8039,119.4563,53.4457,47.9678
572.4039,119.4563,53.4457,47.9678
572.4039,119.0563,53.4457,47.9678
568.0196,118.1884,51.8143,46.5036
570.7235,119.3472,51.8143,46.5036
569.1785,114.7119,51.8143,46.5036
565.6465,113.5825,53.4703,47.9898
563.1921,112.0157,55.1792,49.5236
563.1921,111.1921,55.1792,49.5236
563.1921,110.7804,55.1792,49.5236
563.1921,109.9568,55.1792,49.5236
563.5456,110.8125,56.9427,51.1063
563.0612,110.4213,58.7626,52.7397
563.0612,109.9821,58.7626,52.7397
563.5004,109.1037,58.7626,52.7397
563.9396,108.6645,58.7626,52.7397
563.4398,108.2609,60.6406,54.4253
562.9236,108.2971,62.5787,56.1647
561.9236,108.7996,64.5787,57.9597
560.4766,108.3172,64.5787,57.9597
559.9943,107.3525,64.5787,57.9597
559.5119,107.3525,64.5787,57.9597
559.0295,107.3525,64.5787,57.9597
557.5825,107.3525,64.5787,57.9597
556.6178,106.8701,64.5787,57.9597
555.1035,107.8734,66.6427,59.8121
554.6054,107.8734,66.6427,59.8121
554.1074,107.8734,66.6427,59.8121
553.6093,107.8734,66.6427,59.8121
553.6093,107.8734,66.6427,59.8121
553.6093,108.3714,66.6427,59.8121
553.6093,107.8734,66.6427,59.8121
553.6093,108.3714,66.6427,59.8121
553.1113,107.8734,66.6427,59.8121
553.1113,108.3714,66.6427,59.8121
552.6133,107.8734,66.6427,59.8121
552.6133,107.8734,66.6427,59.8121
553.1113,107.8734,66.6427,59.8121
557.1167,109.2843,64.6084,57.9863
558.5851,111.1340,62.6362,56.2163
553.4490,112.4607,60.7242,54.5002
556.6196,112.0077,60.7242,54.5002
558.4313,111.1018,60.7242,54.5002
560.2640,111.0278,58.8706,52.8366
560.7233,111.8342,57.0735,51.2238
560.2979,111.8342,57.0735,51.2238
560.7233,111.8342,57.0735,51.2238
560.2979,111.8342,57.0735,51.2238
559.8723,111.8342,57.0735,51.2238
558.5959,112.2597,57.0735,51.2238
554.7665,113.1107,57.0735,51.2238
557.3194,113.9616,57.0735,51.2238
556.4684,108.8558,57.0735,51.2238
550.0250,107.6117,58.8976,52.8609
546.0721,106.7333,58.8976,52.8609
545.5701,107.2062,60.7800,54.5503
545.5701,106.7533,60.7800,54.5503
545.5701,106.3003,60.7800,54.5503
545.5701,106.3003,60.7800,54.5503
545.5701,105.8474,60.7800,54.5503
546.0231,105.3945,60.7800,54.5503
546.0231,105.3945,60.7800,54.5503
546.0231,105.3945,60.7800,54.5503
546.0231,105.3945,60.7800,54.5503
546.0231,105.3945,60.7800,54.5503
546.0231,104.9415,60.7800,54.5503
545.5701,104.4886,60.7800,54.5503
546.0231,104.9415,60.7800,54.5503
545.5701,104.4886,60.7800,54.5503
546.4760,104.4886,60.7800,54.5503
551.0272,105.7741,58.9246,52.8851
552.3657,107.8989,57.1259,51.2708
547.2533,109.9638,55.3821,49.7057
555.1141,109.5501,55.3821,49.7057
558.0102,109.9638,55.3821,49.7057
558.0102,109.5501,55.3821,49.7057
558.4239,109.9638,55.3821,49.7057
558.4239,109.5501,55.3821,49.7057
558.4239,109.9638,55.3821,49.7057
558.4239,109.9638,55.3821,49.7057
558.4239,109.9638,55.3821,49.7057
558.4239,109.9638,55.3821,49.7057
558.4239,109.9638,55.3821,49.7057
558.4239,109.9638,55.3821,49.7057
558.4239,109.9638,55.3821,49.7057
558.4239,109.5501,55.3821,49.7057
558.4239,109.9638,55.3821,49.7057
558.4239,109.5501,55.3821,49.7057
558.4239,109.5501,55.3821,49.7057
558.4239,109.5501,55.3821,49.7057
558.4239,109.5501,55.3821,49.7057
559.2692,109.4813,53.6916,48.1885
558.8692,109.0813,53.6916,48.1885
559.2692,107.8813,53.6916,48.1885
560.0887,108.6167,52.0526,46.7175
560.8831,109.3298,50.4637,45.2914
560.8831,110.0827,50.4637,45.2914
555.5591,107.1001,52.0765,46.7389
553.9504,105.5768,53.7409,48.2327
548.3229,105.1748,53.7409,48.2327
544.3196,104.7051,52.1004,46.7604
545.5031,104.6423,50.5101,45.3330
545.8796,103.8894,50.5101,45.3330
547.0270,103.4519,48.9682,43.9492
547.7744,104.4874,47.4735,42.6077
548.1440,104.0729,46.0243,41.3070
548.1602,104.0171,44.6194,40.0461
548.1745,103.2950,43.2574,38.8237
548.4980,103.6185,43.2574,38.8237
548.1745,103.6185,43.2574,38.8237
548.1745,103.6185,43.2574,38.8237
548.1745,103.9421,43.2574,38.8237
548.1877,104.8581,41.9369,37.6386
547.5602,104.5444,41.9369,37.6386
546.6191,105.1719,41.9369,37.6386
546.0042,105.4326,40.6568,36.4897
545.3964,105.7365,40.6568,36.4897
545.0925,106.3444,40.6568,36.4897
544.4973,106.2935,39.4157,35.3758
543.3209,105.4111,39.4157,35.3758
545.0989,104.1863,38.2126,34.2960
557.3706,103.3520,39.4338,35.3921
561.7823,105.4108,39.4338,35.3921
565.0177,106.8814,39.4338,35.3921
565.0313,106.8334,38.2301,34.3117
564.4587,108.2647,38.2301,34.3117
563.8862,109.4098,38.2301,34.3117
563.0274,109.9824,38.2301,34.3117
562.1686,109.9824,38.2301,34.3117
563.8972,110.5061,37.0631,33.2643
563.9099,110.7373,35.9318,32.2489
564.1785,110.7373,35.9318,32.2489
564.1785,110.7373,35.9318,32.2489
564.4471,111.2746,35.9318,32.2489
564.7158,111.5432,35.9318,32.2489
564.4471,111.8118,35.9318,32.2489
565.5217,112.0804,35.9318,32.2489
565.7903,112.3491,35.9318,32.2489
565.5217,112.8863,35.9318,32.2489
566.3275,112.8863,35.9318,32.2489
566.3275,112.8863,35.9318,32.2489
566.5962,112.8863,35.9318,32.2489
566.0589,112.8863,35.9318,32.2489
567.4020,111.0059,35.9318,32.2489
571.3945,107.5357,37.0801,33.2796
575.2255,108.3862,38.2652,34.3432
578.3356,108.9825,39.4882,35.4408
577.9987,109.0044,40.7502,36.5735
577.0436,109.0278,42.0526,37.7424
575.7441,109.6796,43.3966,38.9487
575.6977,109.7043,44.7836,40.1935
574.9821,109.3973,46.2148,41.4780
574.2436,109.0795,47.6919,42.8037
573.4814,109.1093,49.2161,44.1717
572.6949,109.1367,50.7890,45.5834
573.8303,109.5152,50.7890,45.5834
574.5872,109.8936,50.7890,45.5834
575.3440,109.8936,50.7890,45.5834
575.7224,109.8936,50.7890,45.5834
576.4793,109.8936,50.7890,45.5834
575.6677,109.5436,52.4123,47.0402
576.0598,109.9358,52.4123,47.0402
576.4520,110.3279,52.4123,47.0402
576.4520,110.3279,52.4123,47.0402
576.4520,110.3279,52.4123,47.0402
576.4520,110.3279,52.4123,47.0402
576.4520,109.9358,52.4123,47.0402
576.4677,109.8694,50.8124,45.6043
575.7068,111.0106,50.8124,45.6043
571.1422,106.4459,50.8124,45.6043
569.5694,105.3367,52.4363,47.0618
566.7706,103.4082,54.1122,48.5659
564.7510,102.6004,54.1122,48.5659
565.0981,103.0360,55.8416,50.1181
561.7739,100.8774,54.1370,48.5882
562.9857,100.8774,54.1370,48.5882
562.9857,100.4735,54.1370,48.5882
562.9857,100.4735,54.1370,48.5882
562.9857,100.8774,54.1370,48.5882
562.9857,100.8774,54.1370,48.5882
562.9857,100.8774,54.1370,48.5882
562.9857,100.8774,54.1370,48.5882
562.5818,100.4735,54.1370,48.5882
562.6002,100.8112,52.4845,47.1051
563.0091,101.9223,50.8824,45.6672
563.4053,101.4781,49.3292,44.2732
563.7896,102.1538,47.8234,42.9217
563.0920,102.0952,46.3636,41.6115
563.7861,102.4423,46.3636,41.6115
563.7861,103.1364,46.3636,41.6115
563.7861,102.7893,46.3636,41.6115
564.4938,102.3833,44.9483,40.3413
570.8798,100.3166,43.5762,39.1099
580.3331,106.4469,42.2461,37.9160
580.6488,108.3410,42.2461,37.9160
585.0247,107.7351,43.5962,39.1278
585.9555,106.7843,44.9896,40.3784
585.9072,106.4744,46.4274,41.6689
586.2542,106.8215,46.4274,41.6689
586.6013,106.8215,46.4274,41.6689
586.6013,106.8215,46.4274,41.6689
586.6013,106.8215,46.4274,41.6689
586.9483,106.4744,46.4274,41.6689
587.2953,106.4744,46.4274,41.6689
587.6425,106.4744,46.4274,41.6689
588.3365,106.4744,46.4274,41.6689
588.6836,106.4744,46.4274,41.6689
589.3777,106.4744,46.4274,41.6689
589.7248,106.1273,46.4274,41.6689
589.6770,105.8085,47.9113,43.0006
589.6251,105.8351,49.4425,44.3749
591.4683,105.4665,49.4425,44.3749
592.5741,105.0978,49.4425,44.3749
594.0486,104.7292,49.4425,44.3749
594.3644,104.3887,51.0227,45.7931
594.6902,104.4177,52.6534,47.2567
595.8726,104.0236,52.6534,47.2567
596.6608,104.0236,52.6534,47.2567
598.2373,104.0236,52.6534,47.2567
599.0256,104.0236,52.6534,47.2567
599.8138,104.0236,52.6534,47.2567
598.9724,103.6626,54.3362,48.7670
599.7842,103.6626,54.3362,48.7670
600.1900,103.6626,54.3362,48.7670
601.0018,103.6626,54.3362,48.7670
601.4077,103.6626,54.3362,48.7670
601.4077,103.6626,54.3362,48.7670
601.4077,103.6626,54.3362,48.7670
601.4077,103.6626,54.3362,48.7670
601.8135,103.6626,54.3362,48.7670
602.2194,103.2567,54.3362,48.7670
602.2194,102.8508,54.3362,48.7670
600.1900,104.0685,54.3362,48.7670
598.1606,104.8802,54.3362,48.7670
598.5099,102.4774,56.0728,50.3256
595.9355,100.4144,57.8648,51.9340
594.6414,98.2575,57.8648,51.9340
594.1481,97.4276,59.7142,53.5938
593.7030,95.6472,59.7142,53.5938
593.2579,95.2021,59.7142,53.5938
592.3889,94.2397,57.8914,51.9578
591.9783,95.4641,56.1243,50.3718
590.3173,94.5545,54.4111,48.8342
591.1478,95.2998,52.7501,47.3435
591.9529,96.0224,51.1399,45.8983
592.3511,95.9582,49.5789,44.4973
592.7372,95.8962,48.0654,43.1390
593.1119,96.1958,46.5982,41.8221
593.4761,96.1400,45.1758,40.5455
592.8016,96.1400,45.1758,40.5455
592.8016,96.4772,45.1758,40.5455
592.4644,96.8145,45.1758,40.5455
592.1271,96.4772,45.1758,40.5455
592.1271,96.8145,45.1758,40.5455
592.1271,96.4772,45.1758,40.5455
591.7898,96.8145,45.1758,40.5455
591.4526,96.1400,45.1758,40.5455
591.4526,96.4772,45.1758,40.5455
591.4526,96.4772,45.1758,40.5455
594.8401,95.4098,43.7968,39.3078
604.6636,97.0471,43.7968,39.3078
610.2438,101.9039,42.4599,38.1080
610.5615,100.9509,42.4599,38.1080
611.1536,100.6596,43.8169,39.3259
611.1083,100.3586,45.2173,40.5827
610.3857,100.0474,46.6624,41.8798
609.2910,100.0762,48.1538,43.2182
607.4451,99.7444,49.6928,44.5995
605.9098,99.4023,51.2810,46.0249
605.9098,99.7846,51.2810,46.0249
605.9098,100.1670,51.2810,46.0249
605.9098,100.1670,51.2810,46.0249
605.5275,100.1670,51.2810,46.0249
604.7628,99.4023,51.2810,46.0249
603.2513,100.4871,49.7156,44.6200
600.2866,101.5988,49.7156,44.6200
591.4101,96.3504,48.1980,43.2579
591.0493,96.3504,48.1980,43.2579
591.0493,95.9897,48.1980,43.2579
591.4101,95.6289,48.1980,43.2579
591.7709,94.9073,48.1980,43.2579
592.1317,95.2681,48.1980,43.2579
592.1317,95.2681,48.1980,43.2579
592.1317,94.9073,48.1980,43.2579
592.1317,94.5465,48.1980,43.2579
592.1317,93.8250,48.1980,43.2579
592.4924,94.1857,48.1980,43.2579
592.8532,94.1857,48.1980,43.2579
593.2141,94.1857,48.1980,43.2579
593.2141,94.1857,48.1980,43.2579
593.5748,94.1857,48.1980,43.2579
593.9356,94.1857,48.1980,43.2579
594.2964,93.8250,48.1980,43.2579
594.2964,93.4642,48.1980,43.2579
595.3787,93.1034,48.1980,43.2579
601.8242,93.4945,49.7384,44.6405
606.6418,97.5709,49.7384,44.6405
611.4775,98.6229,48.2201,43.2778
615.3971,97.9313,49.7612,44.6610
615.7195,97.9627,51.3516,46.0883
616.0519,97.6105,52.9928,47.5613
616.4480,98.4027,52.9928,47.5613
616.8441,98.4027,52.9928,47.5613
617.6362,98.7988,52.9928,47.5613
618.4284,98.0066,52.9928,47.5613
618.8245,98.0066,52.9928,47.5613
618.7698,97.6426,54.6865,49.0814
618.7698,97.6426,54.6865,49.0814
619.1776,97.6426,54.6865,49.0814
620.4012,97.6426,54.6865,49.0814
621.2169,97.6426,54.6865,49.0814
622.0325,97.2348,54.6865,49.0814
622.4404,97.6426,54.6865,49.0814
623.6639,97.2348,54.6865,49.0814
624.0718,97.6426,54.6865,49.0814
624.4796,97.2348,54.6865,49.0814
624.8875,97.2348,54.6865,49.0814
622.4594,97.9839,53.0171,47.5831
622.4594,98.3800,53.0171,47.5831
620.4239,96.0353,54.7116,49.1039
619.2004,95.2196,54.7116,49.1039
617.9182,95.6585,56.4602,50.6733
617.9182,95.6585,56.4602,50.6733
619.1829,95.2369,56.4602,50.6733
620.0261,94.8153,56.4602,50.6733
620.4476,95.2369,56.4602,50.6733
620.0261,94.8153,56.4602,50.6733
620.8101,96.1134,58.2646,52.2928
621.2454,95.6781,58.2646,52.2928
620.7496,95.7131,60.1268,53.9641
621.6477,95.7131,60.1268,53.9641
622.5457,95.7131,60.1268,53.9641
623.4438,95.7131,60.1268,53.9641
623.8928,95.7131,60.1268,53.9641
624.3418,95.7131,60.1268,53.9641
623.8928,95.2641,60.1268,53.9641
624.3418,94.8150,60.1268,53.9641
624.3418,95.2641,60.1268,53.9641
624.3418,94.8150,60.1268,53.9641
623.3810,94.8507,62.0484,55.6887
623.8438,94.3880,62.0484,55.6887
623.8438,94.3880,62.0484,55.6887
623.8438,94.3880,62.0484,55.6887
623.8438,94.3880,62.0484,55.6887
623.8438,94.3880,62.0484,55.6887
623.8438,94.3880,62.0484,55.6887
624.3065,94.3880,62.0484,55.6887
627.1045,94.7752,60.1544,53.9888
627.1045,95.6732,60.1544,53.9888
628.4716,99.6404,58.3181,52.3408
636.3264,96.0863,56.5380,50.7431
638.4343,96.5079,56.5380,50.7431
639.2774,96.0863,56.5380,50.7431
639.6990,96.0863,56.5380,50.7431
640.5421,96.5079,56.5380,50.7431
640.9637,96.0863,56.5380,50.7431
641.8068,96.5079,56.5380,50.7431
642.2283,96.0863,56.5380,50.7431
643.0715,96.5079,56.5380,50.7431
643.9146,96.5079,56.5380,50.7431
644.3362,96.5079,56.5380,50.7431
644.7578,96.5079,56.5380,50.7431
645.6009,96.5079,56.5380,50.7431
646.0225,96.5079,56.5380,50.7431
646.8656,96.5079,56.5380,50.7431
647.2872,96.5079,56.5380,50.7431
647.7087,96.5079,56.5380,50.7431
648.5519,96.5079,56.5380,50.7431
649.3950,96.9294,56.5380,50.7431
649.8166,97.3510,56.5380,50.7431
651.0813,97.3510,56.5380,50.7431
651.9244,97.3510,56.5380,50.7431
652.3460,96.9294,56.5380,50.7431
651.9442,98.1255,54.8121,49.1941
653.6004,96.4175,53.1390,47.6925
651.2239,98.0018,53.1390,47.6925
648.7905,97.2397,54.8373,49.2167
648.3807,97.2397,54.8373,49.2167
648.7905,96.8299,54.8373,49.2167
649.6100,96.4201,54.8373,49.2167
650.0199,96.0103,54.8373,49.2167
650.4297,95.6005,54.8373,49.2167
650.4297,95.6005,54.8373,49.2167
651.2493,95.6005,54.8373,49.2167
651.2493,95.6005,54.8373,49.2167
651.2493,95.1907,54.8373,49.2167
652.0689,95.1907,54.8373,49.2167
652.4220,95.2238,56.5899,50.7897
652.8455,95.2238,56.5899,50.7897
652.4220,94.8003,56.5899,50.7897
652.3647,94.4122,58.3985,52.4129
652.3647,93.9769,58.3985,52.4129
651.8668,94.4452,60.2649,54.0880
652.7688,93.9942,60.2649,54.0880
656.3945,94.3688,58.4253,52.4370
657.2862,95.6063,56.6418,50.8363
657.7272,97.2293,54.9128,49.2845
665.9233,96.4097,54.9128,49.2845
667.9723,96.4097,54.9128,49.2845
668.7919,96.8195,54.9128,49.2845
669.2017,97.2293,54.9128,49.2845
668.3821,97.6391,54.9128,49.2845
667.9723,98.0489,54.9128,49.2845
668.7919,97.6391,54.9128,49.2845
669.6115,97.6391,54.9128,49.2845
670.0213,97.6391,54.9128,49.2845
670.4311,97.6391,54.9128,49.2845
670.4311,97.6391,54.9128,49.2845
670.8409,97.6391,54.9128,49.2845
671.6605,97.6391,54.9128,49.2845
672.4802,98.0489,54.9128,49.2845
672.8900,98.0489,54.9128,49.2845
673.7095,98.0489,54.9128,49.2845
674.1193,98.0489,54.9128,49.2845
674.5292,98.0489,54.9128,49.2845
674.9390,97.6391,54.9128,49.2845
675.7585,98.0489,54.9128,49.2845
675.7585,97.6391,54.9128,49.2845
676.5967,98.8011,53.2366,47.7801
675.8006,100.3933,53.2366,47.7801
669.7754,96.4454,54.9380,49.3072
668.9557,96.4454,54.9380,49.3072
668.5460,97.6749,54.9380,49.3072
668.9557,98.4945,54.9380,49.3072
670.1852,98.4945,54.9380,49.3072
670.1852,98.4945,54.9380,49.3072
671.0048,98.4945,54.9380,49.3072
671.8244,98.4945,54.9380,49.3072
671.8244,98.4945,54.9380,49.3072
671.8244,98.4945,54.9380,49.3072
671.8244,98.4945,54.9380,49.3072
671.8244,98.4945,54.9380,49.3072
671.8244,98.0847,54.9380,49.3072
671.8244,98.0847,54.9380,49.3072
671.8244,97.6749,54.9380,49.3072
672.2342,98.0847,54.9380,49.3072
673.0538,97.6749,54.9380,49.3072
674.7119,100.0666,53.2610,47.8020
672.7385,101.5923,51.6352,46.3429
681.6229,101.5923,51.6352,46.3429
682.7817,101.9786,51.6352,46.3429
681.9565,101.6243,53.2855,47.8240
681.9565,102.0223,53.2855,47.8240
681.9565,102.4204,53.2855,47.8240
681.5585,102.4204,53.2855,47.8240
681.1605,102.0223,53.2855,47.8240
681.5585,102.0223,53.2855,47.8240
681.5585,101.6243,53.2855,47.8240
681.9565,101.2262,53.2855,47.8240
682.3546,100.4302,53.2855,47.8240
682.7526,100.0321,53.2855,47.8240
682.3546,100.0321,53.2855,47.8240
681.9738,101.1601,51.6589,46.3642
682.3600,101.5464,51.6589,46.3642
679.2698,101.1601,51.6589,46.3642
674.9678,100.0329,53.3100,47.8459
672.5238,99.2683,55.0138,49.3751
672.1121,99.2683,55.0138,49.3751
671.7003,98.8566,55.0138,49.3751
672.1121,98.4448,55.0138,49.3751
671.7003,98.4448,55.0138,49.3751
672.1121,98.4448,55.0138,49.3751
671.7003,98.4448,55.0138,49.3751
672.1121,98.4448,55.0138,49.3751
671.7003,98.4448,55.0138,49.3751
671.7003,98.4448,55.0138,49.3751
671.7003,98.4448,55.0138,49.3751
671.7003,98.4448,55.0138,49.3751
671.7003,98.4448,55.0138,49.3751
672.1121,98.4448,55.0138,49.3751
671.7003,98.4448,55.0138,49.3751
672.1121,98.0330,55.0138,49.3751
674.1708,98.4448,55.0138,49.3751
676.6576,100.0219,53.3344,47.8679
679.0637,100.7525,51.7064,46.4067
682.1539,100.7525,51.7064,46.4067
681.7677,101.1388,51.7064,46.4067
681.7677,101.1388,51.7064,46.4067
681.3814,101.1388,51.7064,46.4067
680.6088,101.1388,51.7064,46.4067
680.6088,101.1388,51.7064,46.4067
680.6088,101.1388,51.7064,46.4067
680.6088,101.1388,51.7064,46.4067
680.9951,101.1388,51.7064,46.4067
681.3814,101.1388,51.7064,46.4067
681.3814,101.1388,51.7064,46.4067
681.3814,101.1388,51.7064,46.4067
681.7677,101.1388,51.7064,46.4067
682.5402,100.7525,51.7064,46.4067
682.9265,101.1388,51.7064,46.4067
683.6990,100.7525,51.7064,46.4067
684.0853,101.1388,51.7064,46.4067
684.8578,100.7525,51.7064,46.4067
685.2441,101.1388,51.7064,46.4067
685.2441,101.1388,51.7064,46.4067
685.6304,101.1388,51.7064,46.4067
686.7892,101.1388,51.7064,46.4067
687.9481,101.1388,51.7064,46.4067
689.1069,101.5251,51.7064,46.4067
690.6520,101.9113,51.7064,46.4067
691.4246,102.2976,51.7064,46.4067
692.1971,103.4564,51.7064,46.4067
693.3559,105.7741,51.7064,46.4067
693.6885,108.1227,53.3589,47.8899
694.8260,108.9496,55.0643,49.4205
695.6495,109.3613,55.0643,49.4205
696.4166,109.8069,56.8241,50.9999
698.5343,111.0775,56.8241,50.9999
700.2284,111.9245,56.8241,50.9999
701.9225,113.1951,56.8241,50.9999
702.7086,112.8037,58.6402,52.6299
704.0204,113.2409,58.6402,52.6299
706.6439,114.5527,58.6402,52.6299
709.2674,116.3017,58.6402,52.6299
711.4537,117.6135,58.6402,52.6299
714.5145,119.3625,58.6402,52.6299
717.5753,121.1115,58.6402,52.6299
720.6360,122.8605,58.6402,52.6299
722.3851,124.6096,58.6402,52.6299
725.0291,127.1619,56.8502,51.0233
728.0242,129.2171,55.1148,49.4658
729.2595,132.5112,55.1148,49.4658
731.3184,133.3347,55.1148,49.4658
733.7889,134.5700,55.1148,49.4658
736.6890,136.9721,53.4324,47.9559
738.6890,138.9721,53.4324,47.9559
740.2889,141.3721,53.4324,47.9559
741.8890,143.3721,53.4324,47.9559
743.0889,144.9721,53.4324,47.9559
744.6890,145.7721,53.4324,47.9559
746.6890,146.1721,53.4324,47.9559
748.6890,147.3721,53.4324,47.9559
751.0889,148.5721,53.4324,47.9559
751.8890,149.3721,53.4324,47.9559
752.2889,151.7721,53.4324,47.9559
752.6890,152.5721,53.4324,47.9559
752.6890,153.3721,53.4324,47.9559
752.2889,154.9721,53.4324,47.9559
751.4890,155.3721,53.4324,47.9559
749.0889,156.5721,53.4324,47.9559
743.8890,157.3721,53.4324,47.9559
738.6890,159.7721,53.4324,47.9559
735.9045,161.3040,51.8014,46.4920
730.4966,162.8491,51.8014,46.4920
726.9649,163.6512,53.4570,47.9779
714.9649,166.4512,53.4570,47.9779
703.7650,172.8512,53.4570,47.9779
694.1649,179.2513,53.4570,47.9779
688.5649,186.4512,53.4570,47.9779
686.5649,192.8512,53.4570,47.9779
686.9649,197.2513,53.4570,47.9779
688.9649,198.0512,53.4570,47.9779
690.9649,197.6512,53.4570,47.9779
693.3107,195.6846,55.1655,49.5113
694.0762,194.0698,56.9286,51.0937
697.4801,191.0914,56.9286,51.0937
697.8469,189.4240,58.7480,52.7266
699.6038,187.2279,58.7480,52.7266
699.9826,183.7500,60.6256,54.4117
706.3238,183.7500,60.6256,54.4117
714.9296,190.0912,60.6256,54.4117
727.6120,191.9030,60.6256,54.4117
739.8608,188.2040,58.7750,52.7508
731.4550,178.5767,60.6534,54.4367
727.7681,166.8362,62.5919,56.1765
721.7234,162.0936,60.6813,54.4617
718.0999,158.0172,60.6813,54.4617
713.5704,157.1113,60.6813,54.4617
712.1478,157.1469,62.6206,56.2023
710.7702,161.7380,60.7091,54.4867
710.7702,159.0204,60.7091,54.4867
708.9792,162.5696,58.8559,52.8235
707.2223,165.2049,58.8559,52.8235
705.0262,164.7657,58.8559,52.8235
704.1478,163.4481,58.8559,52.8235
704.1478,162.5696,58.8559,52.8235
706.7831,163.8873,58.8559,52.8235
713.3912,165.5719,57.0594,51.2110
720.6245,168.9758,57.0594,51.2110
722.7520,164.2955,57.0594,51.2110
722.2657,159.2222,58.8830,52.8477
721.3247,156.6208,60.7649,54.5368
719.9008,155.2964,62.7069,56.2798
717.4928,153.4598,64.7110,58.0785
715.0117,151.5670,66.7792,59.9346
713.5175,149.0768,66.7792,59.9346
712.0234,144.5944,66.7792,59.9346
2
0
0
0
0
1
749.8149,182.7169,17.1101,46.5246
749.2984,181.0009,17.6569,48.0115
746.7886,177.2362,17.6569,48.0115
745.7535,175.2141,18.2213,49.5460
742.1299,173.6611,18.2213,49.5460
739.5093,171.5753,18.8036,51.1295
735.4800,169.1576,18.8036,51.1295
732.2564,167.5459,18.8036,51.1295
726.3466,165.1282,18.8036,51.1295
720.4368,163.2478,18.8036,51.1295
717.2133,162.1733,18.8036,51.1295
715.0643,160.2929,18.8036,51.1295
713.4525,159.4870,18.8036,51.1295
710.7662,159.4870,18.8036,51.1295
708.6172,158.6812,18.8036,51.1295
706.4682,157.6066,18.8036,51.1295
704.5878,156.5321,18.8036,51.1295
703.2128,154.9092,19.4046,52.7636
702.1069,154.0798,19.4046,52.7636
699.8616,152.6837,20.0247,54.4499
697.5513,152.3822,20.6647,56.1901
694.9043,153.5587,20.6647,56.1901
693.4337,155.3234,20.6647,56.1901
690.4926,160.0293,20.6647,56.1901
687.2573,167.3822,20.6647,56.1901
683.4337,177.6763,20.6647,56.1901
679.6102,190.6175,20.6647,56.1901
675.5138,209.7104,20.0339,54.4749
670.3609,231.7535,20.0339,54.4749
667.2313,259.4948,19.4224,52.8120
668.0607,270.5536,19.4224,52.8120
668.0807,268.3185,18.8295,51.1999
664.6074,269.0999,18.2547,49.6370
663.8428,270.1183,17.6975,48.1218
