9e-05,9.3e-05,9.1e-05,0,0,0,0,0,0,0,0,0,0,0,0
0.053826,0.053216,0.053407,0,0,0,0,0,0,0,0,0,0,0,0
0.026221,0.025632,0.025645,0,0,0,0,0,0,0,0,0,0,0,0
0.026498,0.02617,0.026136,0,0,0,0,0,0,0,0,0,0,0,0
0.025336,0.025114,0.02529,0,0,0,0,0,0,0,0,0,0,0,0
0.02572,0.025379,0.025169,0,0,0,0,0,0,0,0,0,0,0,0
0.025742,0.02541,0.025162,0,0,0,0,0,0,0,0,0,0,0,0
0.02584,0.02548,0.025324,0,0,0,0,0,0,0,0,0,0,0,0
0.025666,0.02529,0.024982,0,0,0,0,0,0,0,0,0,0,0,0
0.025621,0.025313,0.025254,0,0,0,0,0,0,0,0,0,0,0,0
0.026157,0.026147,0.025567,0,0,0,0,0,0,0,0,0,0,0,0
0.02583,0.025712,0.025287,0,0,0,0,0,0,0,0,0,0,0,0
0.025613,0.025294,0.025135,0,0,0,0,0,0,0,0,0,0,0,0
0.025706,0.025509,0.025371,0,0,0,0,0,0,0,0,0,0,0,0
0.025967,0.025704,0.025229,0,0,0,0,0,0,0,0,0,0,0,0
0.026069,0.026146,0.025543,0,0,0,0,0,0,0,0,0,0,0,0
0.025901,0.025632,0.025249,0,0,0,0,0,0,0,0,0,0,0,0
0.026214,0.025913,0.027354,0,0,0,0,0,0,0,0,0,0,0,0
0.025285,0.024826,0.025411,0,0,0,0,0,0,0,0,0,0,0,0
0.025429,0.025158,0.024722,0,0,0,0,0,0,0,0,0,0,0,0
0.025068,0.024565,0.024539,0,0,0,0,0,0,0,0,0,0,0,0
0.025145,0.024871,0.024847,0,0,0,0,0,0,0,0,0,0,0,0
0.025631,0.025295,0.02515,0,0,0,0,0,0,0,0,0,0,0,0
0.026009,0.028655,0.025311,0,0,0,0,0,0,0,0,0,0,0,0
0.025971,0.026421,0.025475,0,0,0,0,0,0,0,0,0,0,0,0
0.025844,0.025541,0.025239,0,0,0,0,0,0,0,0,0,0,0,0
0.025971,0.025507,0.025152,0,0,0,0,0,0,0,0,0,0,0,0
0.026064,0.025762,0.025485,0,0,0,0,0,0,0,0,0,0,0,0
0.025859,0.025714,0.025334,0,0,0,0,0,0,0,0,0,0,0,0
0.025808,0.025653,0.02517,0,0,0,0,0,0,0,0,0,0,0,0
0.025522,0.025579,0.025077,0,0,0,0,0,0,0,0,0,0,0,0
0.025061,0.025129,0.024679,0,0,0,0,0,0,0,0,0,0,0,0
0.025951,0.025646,0.025135,0,0,0,0,0,0,0,0,0,0,0,0
0.027997,0.025439,0.025395,0,0,0,0,0,0,0,0,0,0,0,0
0.026914,0.025226,0.024976,0,0,0,0,0,0,0,0,0,0,0,0
0.025937,0.025085,0.024914,0,0,0,0,0,0,0,0,0,0,0,0
0.02541,0.025115,0.024773,0,0,0,0,0,0,0,0,0,0,0,0
0.028667,0.028725,0.02782,0,0,0,0,0,0,0,0,0,0,0,0
0.027116,0.02701,0.026665,0,0,0,0,0,0,0,0,0,0,0,0
0.025922,0.025273,0.025429,0,0,0,0,0,0,0,0,0,0,0,0
0.026842,0.026391,0.02635,0,0,0,0,0,0,0,0,0,0,0,0
0.02528,0.024632,0.024579,0,0,0,0,0,0,0,0,0,0,0,0
0.02669,0.02621,0.026473,0,0,0,0,0,0,0,0,0,0,0,0
0.026898,0.026399,0.026268,0,0,0,0,0,0,0,0,0,0,0,0
0.025962,0.025416,0.025522,0,0,0,0,0,0,0,0,0,0,0,0
0.026096,0.02555,0.025589,0,0,0,0,0,0,0,0,0,0,0,0
0.026674,0.026472,0.026658,0,0,0,0,0,0,0,0,0,0,0,0
0.025146,0.024724,0.024752,0,0,0,0,0,0,0,0,0,0,0,0
0.025968,0.025744,0.025333,0,0,0,0,0,0,0,0,0,0,0,0
0.025249,0.025037,0.024733,0,0,0,0,0,0,0,0,0,0,0,0
0.025869,0.025407,0.025149,0,0,0,0,0,0,0,0,0,0,0,0
0.026628,0.026206,0.025974,0,0,0,0,0,0,0,0,0,0,0,0
0.025476,0.02492,0.024887,0,0,0,0,0,0,0,0,0,0,0,0
0.026056,0.025626,0.02527,0,0,0,0,0,0,0,0,0,0,0,0
0.02555,0.025395,0.025485,0,0,0,0,0,0,0,0,0,0,0,0
0.025736,0.025674,0.026077,0,0,0,0,0,0,0,0,0,0,0,0
0.025997,0.025794,0.030762,0,0,0,0,0,0,0,0,0,0,0,0
0.025873,0.025421,0.029236,0,0,0,0,0,0,0,0,0,0,0,0
0.025059,0.02492,0.026311,0,0,0,0,0,0,0,0,0,0,0,0
0.025834,0.025453,0.026663,0,0,0,0,0,0,0,0,0,0,0,0
0.025234,0.025153,0.026171,0,0,0,0,0,0,0,0,0,0,0,0
0.025088,0.028152,0.02646,0,0,0,0,0,0,0,0,0,0,0,0
0.02583,0.030964,0.030375,0,0,0,0,0,0,0,0,0,0,0,0
0.025406,0.026609,0.026035,0,0,0,0,0,0,0,0,0,0,0,0
0.026546,0.028653,0.027544,0,0,0,0,0,0,0,0,0,0,0,0
0.025573,0.025705,0.028796,0,0,0,0,0,0,0,0,0,0,0,0
0.025639,0.026162,0.027772,0,0,0,0,0,0,0,0,0,0,0,0
0.025227,0.025775,0.025254,0,0,0,0,0,0,0,0,0,0,0,0
0.025565,0.026066,0.025399,0,0,0,0,0,0,0,0,0,0,0,0
0.025541,0.028097,0.025321,0,0,0,0,0,0,0,0,0,0,0,0
0.025638,0.026122,0.02525,0,0,0,0,0,0,0,0,0,0,0,0
0.028648,0.026685,0.025757,0,0,0,0,0,0,0,0,0,0,0,0
0.030136,0.026315,0.025967,0,0,0,0,0,0,0,0,0,0,0,0
0.028148,0.025741,0.025759,0,0,0,0,0,0,0,0,0,0,0,0
0.026388,0.025253,0.025477,0,0,0,0,0,0,0,0,0,0,0,0
0.029208,0.026072,0.026243,0,0,0,0,0,0,0,0,0,0,0,0
0.027372,0.026168,0.026667,0,0,0,0,0,0,0,0,0,0,0,0
0.027233,0.025934,0.028179,0,0,0,0,0,0,0,0,0,0,0,0
0.027359,0.025949,0.026795,0,0,0,0,0,0,0,0,0,0,0,0
0.028996,0.025276,0.025636,0,0,0,0,0,0,0,0,0,0,0,0
0.027904,0.026758,0.02693,0,0,0,0,0,0,0,0,0,0,0,0
0.026591,0.025351,0.025707,0,0,0,0,0,0,0,0,0,0,0,0
0.026771,0.025771,0.025885,0,0,0,0,0,0,0,0,0,0,0,0
0.026156,0.025789,0.02629,0,0,0,0,0,0,0,0,0,0,0,0
0.026088,0.02588,0.02604,0,0,0,0,0,0,0,0,0,0,0,0
0.026742,0.026151,0.026494,0,0,0,0,0,0,0,0,0,0,0,0
0.026144,0.026575,0.025948,0,0,0,0,0,0,0,0,0,0,0,0
0.025924,0.029092,0.025924,0,0,0,0,0,0,0,0,0,0,0,0
0.02562,0.026534,0.025915,0,0,0,0,0,0,0,0,0,0,0,0
0.025576,0.025377,0.025403,0,0,0,0,0,0,0,0,0,0,0,0
0.025775,0.025535,0.025641,0,0,0,0,0,0,0,0,0,0,0,0
0.025244,0.025006,0.024827,0,0,0,0,0,0,0,0,0,0,0,0
0.025564,0.025,0.025125,0,0,0,0,0,0,0,0,0,0,0,0
0.025463,0.026392,0.026512,0,0,0,0,0,0,0,0,0,0,0,0
0.02626,0.025163,0.026479,0,0,0,0,0,0,0,0,0,0,0,0
0.026631,0.025416,0.024793,0,0,0,0,0,0,0,0,0,0,0,0
0.025347,0.025579,0.025114,0,0,0,0,0,0,0,0,0,0,0,0
0.02553,0.025052,0.025487,0,0,0,0,0,0,0,0,0,0,0,0
0.026277,0.026467,0.026166,0,0,0,0,0,0,0,0,0,0,0,0
0.026303,0.028168,0.026269,0,0,0,0,0,0,0,0,0,0,0,0
0.027145,0.028541,0.026744,0,0,0,0,0,0,0,0,0,0,0,0
0.027193,0.025826,0.025457,0,0,0,0,0,0,0,0,0,0,0,0
0.037896,0.026536,0.025995,0,0,0,0,0,0,0,0,0,0,0,0
0.033104,0.024951,0.025079,0,0,0,0,0,0,0,0,0,0,0,0
0.028515,0.027365,0.027443,0,0,0,0,0,0,0,0,0,0,0,0
0.026845,0.025697,0.025286,0,0,0,0,0,0,0,0,0,0,0,0
0.027668,0.025617,0.025379,0,0,0,0,0,0,0,0,0,0,0,0
0.16837,0.026191,0.025446,0,0,0,0,0,0,0,0,0,0,0,0
0.029949,0.02825,0.028097,0,0,0,0,0,0,0,0,0,0,0,0
0.026692,0.025714,0.02539,0,0,0,0,0,0,0,0,0,0,0,0
0.027063,0.025873,0.025342,0,0,0,0,0,0,0,0,0,0,0,0
0.027128,0.026191,0.025813,0,0,0,0,0,0,0,0,0,0,0,0
0.026656,0.025442,0.025359,0,0,0,0,0,0,0,0,0,0,0,0
0.027216,0.026668,0.026592,0,0,0,0,0,0,0,0,0,0,0,0
0.028409,0.028285,0.027733,0,0,0,0,0,0,0,0,0,0,0,0
0.02589,0.025443,0.025185,0,0,0,0,0,0,0,0,0,0,0,0
0.028011,0.027322,0.026887,0,0,0,0,0,0,0,0,0,0,0,0
0.026157,0.025917,0.025609,0,0,0,0,0,0,0,0,0,0,0,0
0.027779,0.028678,0.029405,0,0,0,0,0,0,0,0,0,0,0,0
0.027047,0.026617,0.026398,0,0,0,0,0,0,0,0,0,0,0,0
0.026271,0.026456,0.025611,0,0,0,0,0,0,0,0,0,0,0,0
0.026972,0.025773,0.02553,0,0,0,0,0,0,0,0,0,0,0,0
0.027051,0.02706,0.026308,0,0,0,0,0,0,0,0,0,0,0,0
0.027385,0.02608,0.02627,0,0,0,0,0,0,0,0,0,0,0,0
0.027096,0.027236,0.026913,0,0,0,0,0,0,0,0,0,0,0,0
0.026956,0.026492,0.025784,0,0,0,0,0,0,0,0,0,0,0,0
0.026893,0.026545,0.02607,0,0,0,0,0,0,0,0,0,0,0,0
0.027501,0.02622,0.02613,0,0,0,0,0,0,0,0,0,0,0,0
0.025929,0.025796,0.025253,0,0,0,0,0,0,0,0,0,0,0,0
0.025974,0.025557,0.02572,0,0,0,0,0,0,0,0,0,0,0,0
0.026039,0.025435,0.025681,0,0,0,0,0,0,0,0,0,0,0,0
0.026294,0.026045,0.027703,0,0,0,0,0,0,0,0,0,0,0,0
0.028147,0.027569,0.028213,0,0,0,0,0,0,0,0,0,0,0,0
0.025675,0.02555,0.0256,0,0,0,0,0,0,0,0,0,0,0,0
0.025878,0.025544,0.025063,0,0,0,0,0,0,0,0,0,0,0,0
0.026096,0.025683,0.025556,0,0,0,0,0,0,0,0,0,0,0,0
0.02569,0.027985,0.025162,0,0,0,0,0,0,0,0,0,0,0,0
0.027917,0.031642,0.027394,0,0,0,0,0,0,0,0,0,0,0,0
0.025574,0.025466,0.025157,0,0,0,0,0,0,0,0,0,0,0,0
0.028334,0.025413,0.025581,0,0,0,0,0,0,0,0,0,0,0,0
0.02697,0.025391,0.0254,0,0,0,0,0,0,0,0,0,0,0,0
0.027472,0.026494,0.026628,0,0,0,0,0,0,0,0,0,0,0,0
0.026412,0.025642,0.025619,0,0,0,0,0,0,0,0,0,0,0,0
0.026706,0.025742,0.025728,0,0,0,0,0,0,0,0,0,0,0,0
0.026125,0.025497,0.025539,0,0,0,0,0,0,0,0,0,0,0,0
0.026777,0.025438,0.025502,0,0,0,0,0,0,0,0,0,0,0,0
0.025986,0.025264,0.025119,0,0,0,0,0,0,0,0,0,0,0,0
0.02636,0.025339,0.025318,0,0,0,0,0,0,0,0,0,0,0,0
0.026207,0.025301,0.02519,0,0,0,0,0,0,0,0,0,0,0,0
0.026061,0.02554,0.025477,0,0,0,0,0,0,0,0,0,0,0,0
0.025927,0.025549,0.025451,0,0,0,0,0,0,0,0,0,0,0,0
0.026139,0.025807,0.025741,0,0,0,0,0,0,0,0,0,0,0,0
0.026101,0.025661,0.025723,0,0,0,0,0,0,0,0,0,0,0,0
0.026049,0.025693,0.025543,0,0,0,0,0,0,0,0,0,0,0,0
0.026968,0.026338,0.026183,0,0,0,0,0,0,0,0,0,0,0,0
0.027312,0.026797,0.026547,0,0,0,0,0,0,0,0,0,0,0,0
0.025872,0.025132,0.025141,0,0,0,0,0,0,0,0,0,0,0,0
0.026064,0.02552,0.025407,0,0,0,0,0,0,0,0,0,0,0,0
0.02837,0.027282,0.027177,0,0,0,0,0,0,0,0,0,0,0,0
0.026458,0.025653,0.025397,0,0,0,0,0,0,0,0,0,0,0,0
0.026465,0.025648,0.025564,0,0,0,0,0,0,0,0,0,0,0,0
0.025735,0.025333,0.025447,0,0,0,0,0,0,0,0,0,0,0,0
0.026308,0.025587,0.025548,0,0,0,0,0,0,0,0,0,0,0,0
0.025363,0.02499,0.024735,0,0,0,0,0,0,0,0,0,0,0,0
0.026968,0.025946,0.025865,0,0,0,0,0,0,0,0,0,0,0,0
0.026071,0.025656,0.025723,0,0,0,0,0,0,0,0,0,0,0,0
0.02588,0.02504,0.025083,0,0,0,0,0,0,0,0,0,0,0,0
0.026055,0.025117,0.025095,0,0,0,0,0,0,0,0,0,0,0,0
0.026343,0.025575,0.025479,0,0,0,0,0,0,0,0,0,0,0,0
0.026082,0.025262,0.028681,0,0,0,0,0,0,0,0,0,0,0,0
0.025516,0.02501,0.026891,0,0,0,0,0,0,0,0,0,0,0,0
0.025811,0.025234,0.02573,0,0,0,0,0,0,0,0,0,0,0,0
0.026108,0.025515,0.02557,0,0,0,0,0,0,0,0,0,0,0,0
0.026133,0.025676,0.025562,0,0,0,0,0,0,0,0,0,0,0,0
0.026859,0.026675,0.025655,0,0,0,0,0,0,0,0,0,0,0,0
0.026349,0.028627,0.025541,0,0,0,0,0,0,0,0,0,0,0,0
0.031259,0.02533,0.025322,0,0,0,0,0,0,0,0,0,0,0,0
0.028235,0.026055,0.025953,0,0,0,0,0,0,0,0,0,0,0,0
0.026787,0.025867,0.02595,0,0,0,0,0,0,0,0,0,0,0,0
0.026994,0.026436,0.026389,0,0,0,0,0,0,0,0,0,0,0,0
0.026243,0.025894,0.026074,0,0,0,0,0,0,0,0,0,0,0,0
0.026798,0.026494,0.026267,0,0,0,0,0,0,0,0,0,0,0,0
0.028152,0.027641,0.027477,0,0,0,0,0,0,0,0,0,0,0,0
0.026544,0.025945,0.02617,0,0,0,0,0,0,0,0,0,0,0,0
0.026486,0.025997,0.026108,0,0,0,0,0,0,0,0,0,0,0,0
0.026019,0.025603,0.025515,0,0,0,0,0,0,0,0,0,0,0,0
0.025786,0.025439,0.025412,0,0,0,0,0,0,0,0,0,0,0,0
0.02618,0.025707,0.02562,0,0,0,0,0,0,0,0,0,0,0,0
0.026276,0.025773,0.025625,0,0,0,0,0,0,0,0,0,0,0,0
0.026212,0.026101,0.026267,0,0,0,0,0,0,0,0,0,0,0,0
0.025775,0.02573,0.025368,0,0,0,0,0,0,0,0,0,0,0,0
0.025745,0.025679,0.025219,0,0,0,0,0,0,0,0,0,0,0,0
0.026178,0.025988,0.025639,0,0,0,0,0,0,0,0,0,0,0,0
0.026488,0.026133,0.025717,0,0,0,0,0,0,0,0,0,0,0,0
0.026752,0.026602,0.026086,0,0,0,0,0,0,0,0,0,0,0,0
0.026515,0.026163,0.025962,0,0,0,0,0,0,0,0,0,0,0,0
0.026903,0.026191,0.026017,0,0,0,0,0,0,0,0,0,0,0,0
0.026341,0.02552,0.025472,0,0,0,0,0,0,0,0,0,0,0,0
0.029891,0.027468,0.027612,0,0,0,0,0,0,0,0,0,0,0,0
0.025604,0.024967,0.025312,0,0,0,0,0,0,0,0,0,0,0,0
0.025776,0.025498,0.025308,0,0,0,0,0,0,0,0,0,0,0,0
0.026257,0.026052,0.025688,0,0,0,0,0,0,0,0,0,0,0,0
0.026019,0.025564,0.025324,0,0,0,0,0,0,0,0,0,0,0,0
0.026304,0.026262,0.025479,0,0,0,0,0,0,0,0,0,0,0,0
0.025935,0.026034,0.025632,0,0,0,0,0,0,0,0,0,0,0,0
0.02595,0.025285,0.025212,0,0,0,0,0,0,0,0,0,0,0,0
0.026338,0.025853,0.025803,0,0,0,0,0,0,0,0,0,0,0,0
0.025905,0.025942,0.030926,0,0,0,0,0,0,0,0,0,0,0,0
0.026568,0.026377,0.030505,0,0,0,0,0,0,0,0,0,0,0,0
0.026067,0.026266,0.026366,0,0,0,0,0,0,0,0,0,0,0,0
0.025935,0.026048,0.025965,0,0,0,0,0,0,0,0,0,0,0,0
0.026187,0.026355,0.026073,0,0,0,0,0,0,0,0,0,0,0,0
0.025701,0.028252,0.025244,0,0,0,0,0,0,0,0,0,0,0,0
0.02958,0.028093,0.026085,0,0,0,0,0,0,0,0,0,0,0,0
0.027865,0.026155,0.026214,0,0,0,0,0,0,0,0,0,0,0,0
0.026395,0.025626,0.025398,0,0,0,0,0,0,0,0,0,0,0,0
0.025191,0.024979,0.024826,0,0,0,0,0,0,0,0,0,0,0,0
0.025603,0.025216,0.025397,0,0,0,0,0,0,0,0,0,0,0,0
0.02572,0.025313,0.025383,0,0,0,0,0,0,0,0,0,0,0,0
0.025707,0.025199,0.025498,0,0,0,0,0,0,0,0,0,0,0,0
0.025594,0.02494,0.025283,0,0,0,0,0,0,0,0,0,0,0,0
0.026048,0.025536,0.025368,0,0,0,0,0,0,0,0,0,0,0,0
0.026324,0.025923,0.025874,0,0,0,0,0,0,0,0,0,0,0,0
0.02601,0.025779,0.025715,0,0,0,0,0,0,0,0,0,0,0,0
0.026289,0.025414,0.025477,0,0,0,0,0,0,0,0,0,0,0,0
0.026091,0.025309,0.025204,0,0,0,0,0,0,0,0,0,0,0,0
0.025902,0.025012,0.025083,0,0,0,0,0,0,0,0,0,0,0,0
0.026321,0.025384,0.025326,0,0,0,0,0,0,0,0,0,0,0,0
0.02609,0.025839,0.025619,0,0,0,0,0,0,0,0,0,0,0,0
0.025881,0.025413,0.025213,0,0,0,0,0,0,0,0,0,0,0,0
0.026063,0.025451,0.025215,0,0,0,0,0,0,0,0,0,0,0,0
0.026098,0.025475,0.025411,0,0,0,0,0,0,0,0,0,0,0,0
0.026396,0.0258,0.025686,0,0,0,0,0,0,0,0,0,0,0,0
0.02633,0.025704,0.025662,0,0,0,0,0,0,0,0,0,0,0,0
0.026143,0.025731,0.025807,0,0,0,0,0,0,0,0,0,0,0,0
0.025791,0.025305,0.025174,0,0,0,0,0,0,0,0,0,0,0,0
0.026002,0.025519,0.025488,0,0,0,0,0,0,0,0,0,0,0,0
0.025826,0.025362,0.025387,0,0,0,0,0,0,0,0,0,0,0,0
0.029383,0.029863,0.028275,0,0,0,0,0,0,0,0,0,0,0,0
0.027,0.026196,0.026069,0,0,0,0,0,0,0,0,0,0,0,0
0.025894,0.025474,0.025675,0,0,0,0,0,0,0,0,0,0,0,0
0.025547,0.025175,0.025395,0,0,0,0,0,0,0,0,0,0,0,0
0.026598,0.026408,0.026086,0,0,0,0,0,0,0,0,0,0,0,0
0.026914,0.026617,0.026687,0,0,0,0,0,0,0,0,0,0,0,0
0.025967,0.025673,0.025771,0,0,0,0,0,0,0,0,0,0,0,0
0.025716,0.025296,0.030442,0,0,0,0,0,0,0,0,0,0,0,0
0.025343,0.025495,0.031661,0,0,0,0,0,0,0,0,0,0,0,0
0.028661,0.028699,0.028393,0,0,0,0,0,0,0,0,0,0,0,0
0.026081,0.026226,0.026321,0,0,0,0,0,0,0,0,0,0,0,0
0.026438,0.026617,0.026671,0,0,0,0,0,0,0,0,0,0,0,0
0.026461,0.027489,0.025668,0,0,0,0,0,0,0,0,0,0,0,0
0.029561,0.027805,0.024991,0,0,0,0,0,0,0,0,0,0,0,0
0.026625,0.026632,0.026334,0,0,0,0,0,0,0,0,0,0,0,0
0.026825,0.027142,0.026688,0,0,0,0,0,0,0,0,0,0,0,0
0.026305,0.025965,0.025603,0,0,0,0,0,0,0,0,0,0,0,0
0.026632,0.026507,0.0263,0,0,0,0,0,0,0,0,0,0,0,0
0.026943,0.026982,0.026413,0,0,0,0,0,0,0,0,0,0,0,0
0.025875,0.025743,0.025419,0,0,0,0,0,0,0,0,0,0,0,0
0.025767,0.025327,0.025604,0,0,0,0,0,0,0,0,0,0,0,0
0.026535,0.025896,0.026048,0,0,0,0,0,0,0,0,0,0,0,0
0.026241,0.02548,0.025321,0,0,0,0,0,0,0,0,0,0,0,0
0.027312,0.026809,0.026898,0,0,0,0,0,0,0,0,0,0,0,0
0.025631,0.025158,0.02529,0,0,0,0,0,0,0,0,0,0,0,0
0.025633,0.025494,0.02517,0,0,0,0,0,0,0,0,0,0,0,0
0.026234,0.025915,0.025811,0,0,0,0,0,0,0,0,0,0,0,0
0.026176,0.02577,0.025413,0,0,0,0,0,0,0,0,0,0,0,0
0.026148,0.026055,0.025979,0,0,0,0,0,0,0,0,0,0,0,0
0.026683,0.026345,0.026322,0,0,0,0,0,0,0,0,0,0,0,0
0.0265,0.026423,0.026517,0,0,0,0,0,0,0,0,0,0,0,0
0.025604,0.025113,0.025005,0,0,0,0,0,0,0,0,0,0,0,0
0.025827,0.025182,0.025617,0,0,0,0,0,0,0,0,0,0,0,0
0.025894,0.025489,0.025517,0,0,0,0,0,0,0,0,0,0,0,0
0.0258,0.025604,0.025274,0,0,0,0,0,0,0,0,0,0,0,0
0.02586,0.025383,0.025297,0,0,0,0,0,0,0,0,0,0,0,0
0.025786,0.025244,0.025363,0,0,0,0,0,0,0,0,0,0,0,0
0.025929,0.025419,0.025636,0,0,0,0,0,0,0,0,0,0,0,0
0.025179,0.024957,0.025246,0,0,0,0,0,0,0,0,0,0,0,0
0.02561,0.025113,0.025239,0,0,0,0,0,0,0,0,0,0,0,0
0.02896,0.027822,0.028294,0,0,0,0,0,0,0,0,0,0,0,0
0.025584,0.02535,0.025076,0,0,0,0,0,0,0,0,0,0,0,0
0.025674,0.025686,0.0254,0,0,0,0,0,0,0,0,0,0,0,0
0.026126,0.025763,0.025657,0,0,0,0,0,0,0,0,0,0,0,0
0.026543,0.025975,0.02584,0,0,0,0,0,0,0,0,0,0,0,0
0.026982,0.026482,0.028861,0,0,0,0,0,0,0,0,0,0,0,0
0.026936,0.026445,0.027635,0,0,0,0,0,0,0,0,0,0,0,0
0.025501,0.025384,0.026144,0,0,0,0,0,0,0,0,0,0,0,0
0.025516,0.025304,0.025231,0,0,0,0,0,0,0,0,0,0,0,0
0.026012,0.025784,0.025509,0,0,0,0,0,0,0,0,0,0,0,0
0.031194,0.028538,0.0257,0,0,0,0,0,0,0,0,0,0,0,0
0.029312,0.029128,0.025319,0,0,0,0,0,0,0,0,0,0,0,0
0.026279,0.025292,0.024979,0,0,0,0,0,0,0,0,0,0,0,0
0.025905,0.025687,0.025092,0,0,0,0,0,0,0,0,0,0,0,0
0.026453,0.025597,0.025596,0,0,0,0,0,0,0,0,0,0,0,0
0.026082,0.025211,0.025338,0,0,0,0,0,0,0,0,0,0,0,0
0.026255,0.025566,0.025914,0,0,0,0,0,0,0,0,0,0,0,0
0.026196,0.025717,0.025924,0,0,0,0,0,0,0,0,0,0,0,0
0.026462,0.025556,0.025762,0,0,0,0,0,0,0,0,0,0,0,0
0.026191,0.025465,0.025927,0,0,0,0,0,0,0,0,0,0,0,0
0.026347,0.025908,0.025604,0,0,0,0,0,0,0,0,0,0,0,0
0.026553,0.026288,0.026205,0,0,0,0,0,0,0,0,0,0,0,0
0.026913,0.026747,0.026793,0,0,0,0,0,0,0,0,0,0,0,0
0.026215,0.025954,0.025947,0,0,0,0,0,0,0,0,0,0,0,0
0.026698,0.026252,0.02607,0,0,0,0,0,0,0,0,0,0,0,0
0.026536,0.025739,0.025674,0,0,0,0,0,0,0,0,0,0,0,0
0.026254,0.025631,0.025519,0,0,0,0,0,0,0,0,0,0,0,0
0.026863,0.026314,0.026305,0,0,0,0,0,0,0,0,0,0,0,0
0.026182,0.025609,0.02558,0,0,0,0,0,0,0,0,0,0,0,0
0.026955,0.026381,0.025864,0,0,0,0,0,0,0,0,0,0,0,0
0.026231,0.025572,0.025266,0,0,0,0,0,0,0,0,0,0,0,0
0.026137,0.02565,0.025661,0,0,0,0,0,0,0,0,0,0,0,0
0.026451,0.026051,0.025586,0,0,0,0,0,0,0,0,0,0,0,0
0.025965,0.025681,0.025827,0,0,0,0,0,0,0,0,0,0,0,0
0.025954,0.025474,0.025506,0,0,0,0,0,0,0,0,0,0,0,0
0.027009,0.026384,0.026066,0,0,0,0,0,0,0,0,0,0,0,0
0.026056,0.025904,0.025177,0,0,0,0,0,0,0,0,0,0,0,0
0.0269,0.026687,0.026171,0,0,0,0,0,0,0,0,0,0,0,0
0.025473,0.025331,0.02489,0,0,0,0,0,0,0,0,0,0,0,0
0.025899,0.025096,0.024908,0,0,0,0,0,0,0,0,0,0,0,0
0.028747,0.02687,0.027544,0,0,0,0,0,0,0,0,0,0,0,0
0.026169,0.02557,0.025152,0,0,0,0,0,0,0,0,0,0,0,0
0.025515,0.025067,0.024868,0,0,0,0,0,0,0,0,0,0,0,0
0.026907,0.026131,0.028266,0,0,0,0,0,0,0,0,0,0,0,0
0.026713,0.026587,0.027644,0,0,0,0,0,0,0,0,0,0,0,0
0.026046,0.025453,0.025002,0,0,0,0,0,0,0,0,0,0,0,0
0.025422,0.024972,0.024829,0,0,0,0,0,0,0,0,0,0,0,0
0.029429,0.025257,0.024901,0,0,0,0,0,0,0,0,0,0,0,0
0.03118,0.028138,0.025099,0,0,0,0,0,0,0,0,0,0,0,0
0.025908,0.030725,0.024743,0,0,0,0,0,0,0,0,0,0,0,0
0.026009,0.025611,0.025427,0,0,0,0,0,0,0,0,0,0,0,0
0.027406,0.026663,0.026336,0,0,0,0,0,0,0,0,0,0,0,0
0.025756,0.024982,0.024752,0,0,0,0,0,0,0,0,0,0,0,0
0.026301,0.025477,0.025276,0,0,0,0,0,0,0,0,0,0,0,0
0.026557,0.025679,0.025457,0,0,0,0,0,0,0,0,0,0,0,0
0.02748,0.027036,0.026795,0,0,0,0,0,0,0,0,0,0,0,0
0.0265,0.025842,0.02576,0,0,0,0,0,0,0,0,0,0,0,0
0.027207,0.026975,0.026964,0,0,0,0,0,0,0,0,0,0,0,0
0.027475,0.027201,0.026717,0,0,0,0,0,0,0,0,0,0,0,0
0.025897,0.025544,0.025142,0,0,0,0,0,0,0,0,0,0,0,0
0.026122,0.025515,0.025334,0,0,0,0,0,0,0,0,0,0,0,0
