0.032002
0.04162
0.040671
0.041827
0.040907
0.040594
0.040033
0.040169
0.03991
0.03993
0.040259
0.039675
0.039636
0.039953
NaN
NaN
NaN
NaN
0.031248
0.041926
0.043754
0.042304
0.042799
0.042758
0.046673
0.042284
0.046093
0.04191
0.043645
0.043165
0.042535
0.042985
0.043668
0.043254
0.04277
0.042478
0.044168
0.042572
0.042682
0.046449
0.0445
0.042747
0.044128
0.042734
0.043745
0.044031
0.043402
0.043377
0.045735
0.04655
0.046872
0.042876
0.044339
0.042168
0.043897
0.041891
0.042882
0.041801
0.042337
0.045463
0.042941
0.045613
0.043077
0.043344
0.043569
0.042944
0.041722
0.042645
0.042728
0.043609
0.043065
0.042214
0.043465
0.043001
0.042907
0.046826
0.052901
0.04311
0.040682
0.039675
0.039669
0.04011
0.039957
0.040091
0.040345
0.04213
0.042174
0.040542
0.042104
0.043193
0.042476
0.041531
0.041879
0.042116
0.042219
0.040847
0.040337
0.040804
0.040305
0.04051
0.040113
0.040108
0.041598
0.039594
0.040055
0.039999
0.039966
0.040508
0.040767
0.040365
0.04003
0.040682
0.040224
0.042099
0.040136
0.039943
0.039786
0.040473
0.040267
0.04108
0.040961
0.041093
0.040333
0.04063
0.039997
0.040369
0.040495
0.039852
0.043235
0.040288
0.040231
NaN
NaN
NaN
NaN
0.031703
0.040276
0.041534
0.043726
0.042561
0.043118
0.044424
0.043562
0.045438
0.042973
0.043645
0.045505
0.043433
0.044206
0.048954
0.04422
0.039673
0.039627
0.039974
0.039684
0.04164
0.042432
0.040977
0.043036
0.040472
0.040308
0.040039
0.039914
0.039584
0.041201
0.039769
0.040224
0.040027
0.039855
0.040602
0.03925
0.039661
0.03938
0.041349
0.040137
0.039362
0.039137
0.040163
0.040407
0.039777
0.040154
0.039934
0.039669
0.039244
0.03943
0.039569
0.039565
0.039805
0.040016
0.040045
0.044929
0.040964
0.044283
0.042619
0.041479
0.042593
0.043205
0.043328
0.042112
0.042254
0.041722
0.042421
0.042921
0.043157
0.043149
0.042682
0.042701
0.04271
0.043217
0.042606
0.042606
0.041604
0.041634
0.040513
0.040913
0.040908
0.040918
0.04027
0.040407
0.040516
0.040726
0.044121
0.041911
0.042487
0.039819
0.045323
0.043731
0.040895
0.040363
0.040641
0.040411
0.042522
0.042197
0.040819
0.04069
0.039536
0.040186
0.042312
0.040109
0.040296
0.040709
0.040521
0.043412
0.042775
0.043608
0.042859
0.041397
0.04082
