1
19.0000,597.0000,99.0000,61.0000
17.0000,595.0000,99.0000,61.0000
17.0000,595.0000,99.0000,61.0000
17.0000,595.0000,99.0000,61.0000
16.0000,595.0000,99.0000,61.0000
2
0
0
0
0
1
309.0000,594.0000,140.0000,53.0000
313.0000,593.0000,140.0000,53.0000
316.0000,592.0000,140.0000,53.0000
316.0000,591.0000,140.0000,53.0000
321.0000,589.0000,140.0000,53.0000
2
0
0
0
0
1
596.0000,587.0000,149.0000,64.0000
603.0000,582.0000,149.0000,64.0000
610.0000,583.0000,149.0000,64.0000
603.0000,584.0000,149.0000,64.0000
610.0000,589.0000,149.0000,64.0000
603.0000,583.0000,149.0000,64.0000
604.0000,589.0000,149.0000,64.0000
2
0
0
0
0
1
717.0000,383.0000,97.0000,98.0000
721.0000,388.0000,97.0000,98.0000
717.0000,387.0000,97.0000,98.0000
722.0000,389.0000,97.0000,98.0000
723.0000,389.0000,97.0000,98.0000
723.0000,389.0000,97.0000,98.0000
722.0000,387.0000,97.0000,98.0000
722.0000,388.0000,97.0000,98.0000
723.0000,387.0000,97.0000,98.0000
724.0000,387.0000,97.0000,98.0000
723.0000,386.0000,97.0000,98.0000
724.0000,386.0000,97.0000,98.0000
723.0000,386.0000,97.0000,98.0000
724.0000,386.0000,97.0000,98.0000
728.0000,389.0000,97.0000,98.0000
721.0000,396.0000,97.0000,98.0000
714.0000,395.0000,97.0000,98.0000
709.0000,395.0000,97.0000,98.0000
709.0000,395.0000,97.0000,98.0000
709.0000,395.0000,97.0000,98.0000
709.0000,395.0000,97.0000,98.0000
709.0000,395.0000,97.0000,98.0000
708.0000,394.0000,97.0000,98.0000
708.0000,394.0000,97.0000,98.0000
708.0000,394.0000,97.0000,98.0000
705.0000,396.0000,97.0000,98.0000
708.0000,394.0000,97.0000,98.0000
705.0000,396.0000,97.0000,98.0000
705.0000,396.0000,97.0000,98.0000
705.0000,396.0000,97.0000,98.0000
705.0000,396.0000,97.0000,98.0000
705.0000,396.0000,97.0000,98.0000
704.0000,396.0000,97.0000,98.0000
697.0000,391.0000,97.0000,98.0000
690.0000,391.0000,97.0000,98.0000
690.0000,391.0000,97.0000,98.0000
690.0000,391.0000,97.0000,98.0000
690.0000,391.0000,97.0000,98.0000
689.0000,391.0000,97.0000,98.0000
692.0000,391.0000,97.0000,98.0000
694.0000,391.0000,97.0000,98.0000
687.0000,391.0000,97.0000,98.0000
2
0
0
0
0
1
463.0000,359.0000,113.0000,59.0000
463.0000,359.0000,113.0000,59.0000
463.0000,359.0000,113.0000,59.0000
464.0000,359.0000,113.0000,59.0000
466.0000,359.0000,113.0000,59.0000
470.0000,357.0000,113.0000,59.0000
463.0000,361.0000,113.0000,59.0000
460.0000,358.0000,113.0000,59.0000
2
0
0
0
0
1
745.0000,344.0000,122.0000,82.0000
739.0000,343.0000,122.0000,82.0000
744.0000,344.0000,122.0000,82.0000
748.0000,342.0000,122.0000,82.0000
755.0000,344.0000,122.0000,82.0000
755.0000,342.0000,122.0000,82.0000
750.0000,343.0000,122.0000,82.0000
744.0000,342.0000,122.0000,82.0000
2
0
0
0
0
1
790.0000,216.0000,84.0000,54.0000
797.0000,214.0000,84.0000,54.0000
803.0000,213.0000,84.0000,54.0000
807.0000,215.0000,84.0000,54.0000
813.0000,222.0000,84.0000,54.0000
816.0000,215.0000,84.0000,54.0000
811.0000,217.0000,84.0000,54.0000
2
0
0
0
0
1
920.0000,117.0000,83.0000,91.0000
924.0000,114.0000,83.0000,91.0000
922.0000,107.0000,83.0000,91.0000
925.0000,112.0000,83.0000,91.0000
925.0000,105.0000,83.0000,91.0000
919.0000,105.0000,83.0000,91.0000
916.0000,106.0000,83.0000,91.0000
909.0000,105.0000,83.0000,91.0000
902.0000,106.0000,83.0000,91.0000
895.0000,112.0000,83.0000,91.0000
891.0000,111.0000,83.0000,91.0000
884.0000,108.0000,83.0000,91.0000
877.0000,114.0000,83.0000,91.0000
870.0000,116.0000,83.0000,91.0000
2
0
0
0
0
1
698.0000,125.0000,92.0000,25.0000
693.0000,126.0000,92.0000,25.0000
691.0000,126.0000,92.0000,25.0000
685.0000,126.0000,92.0000,25.0000
689.0000,124.0000,92.0000,25.0000
683.0000,124.0000,92.0000,25.0000
676.0000,125.0000,92.0000,25.0000
669.0000,126.0000,92.0000,25.0000
662.0000,124.0000,92.0000,25.0000
656.0000,124.0000,92.0000,25.0000
662.0000,124.0000,92.0000,25.0000
655.0000,123.0000,92.0000,25.0000
648.0000,129.0000,92.0000,25.0000
641.0000,125.0000,92.0000,25.0000
635.0000,125.0000,92.0000,25.0000
