1
295.0297,53.1129,354.9703,53.1129,354.9703,280.8871,295.0297,280.8871
295.0683,53.2597,354.9317,53.2597,354.9317,280.7404,295.0683,280.7404
293.0591,54.2248,352.9409,54.2248,352.9409,281.7752,293.0591,281.7752
289.0341,55.1294,348.9659,55.1294,348.9659,282.8706,289.0341,282.8706
289.0096,55.0364,348.9904,55.0364,348.9904,282.9636,289.0096,282.9636
286.9565,55.8347,347.0435,55.8347,347.0435,284.1653,286.9565,284.1653
281.8713,62.5110,342.1287,62.5110,342.1287,291.4890,281.8713,291.4890
281.7922,62.2104,342.2078,62.2104,342.2078,291.7896,281.7922,291.7896
279.6899,60.8217,340.3101,60.8217,340.3101,291.1783,279.6899,291.1783
274.5597,62.3268,335.4403,62.3268,335.4403,293.6732,274.5597,293.6732
274.4432,62.8843,335.5568,62.8843,335.5568,295.1157,274.4432,295.1157
272.3878,62.6736,333.6122,62.6736,333.6122,295.3264,272.3878,295.3264
266.2734,68.2389,327.7266,68.2389,327.7266,301.7611,266.2734,301.7611
267.1617,67.8146,328.8383,67.8146,328.8383,302.1854,267.1617,302.1854
265.9332,68.9461,328.0668,68.9461,328.0668,305.0539,265.9332,305.0539
259.8444,74.6086,322.1556,74.6086,322.1556,311.3914,259.8444,311.3914
258.7489,75.2458,321.2511,75.2458,321.2511,312.7542,258.7489,312.7542
257.6662,77.9315,320.3338,77.9315,320.3338,316.0685,257.6662,316.0685
256.5127,78.3481,319.4873,78.3481,319.4873,317.6519,256.5127,317.6519
258.3970,81.9085,321.6030,81.9085,321.6030,322.0915,258.3970,322.0915
258.3331,81.6657,321.6669,81.6657,321.6669,322.3343,258.3331,322.3343
260.4015,80.9257,323.5985,80.9257,323.5985,321.0743,260.4015,321.0743
255.8929,88.7931,318.1071,88.7931,318.1071,325.2069,255.8929,325.2069
255.3580,90.5605,316.6420,90.5605,316.6420,323.4395,255.3580,323.4395
258.8154,89.2984,319.1846,89.2984,319.1846,318.7016,258.8154,318.7016
260.2188,90.8312,319.7813,90.8312,319.7813,317.1688,260.2188,317.1688
260.6432,92.4441,319.3568,92.4441,319.3568,315.5559,260.6432,315.5559
262.0495,91.9880,319.9505,91.9880,319.9505,312.0120,262.0495,312.0120
259.3099,94.9775,316.6901,94.9775,316.6901,313.0225,259.3099,313.0225
259.5394,96.8498,316.4606,96.8498,316.4606,313.1501,259.5394,313.1501
259.8288,95.9493,316.1712,95.9493,316.1712,310.0507,259.8288,310.0507
263.0758,99.8880,318.9242,99.8880,318.9242,312.1120,263.0758,312.1120
263.2806,100.6665,318.7194,100.6665,318.7194,311.3335,263.2806,311.3335
266.4496,102.3085,321.5504,102.3085,321.5504,311.6915,266.4496,311.6915
269.3298,109.8534,324.6702,109.8534,324.6702,320.1466,269.3298,320.1466
269.2141,109.4135,324.7859,109.4135,324.7859,320.5865,269.2141,320.5865
270.8979,108.2118,327.1021,108.2118,327.1021,321.7882,270.8979,321.7882
271.5456,106.8733,328.4544,106.8733,328.4544,323.1267,271.5456,323.1267
272.2053,105.5801,329.7947,105.5801,329.7947,324.4199,272.2053,324.4199
274.0537,102.0040,331.9463,102.0040,331.9463,321.9960,274.0537,321.9960
291.5925,93.2517,350.4075,93.2517,350.4075,316.7484,291.5925,316.7484
291.5925,93.2517,350.4075,93.2517,350.4075,316.7484,291.5925,316.7484
300.5925,88.2517,359.4075,88.2517,359.4075,311.7484,300.5925,311.7484
312.1561,77.5933,371.8439,77.5933,371.8439,304.4067,312.1561,304.4067
313.6843,72.8004,374.3157,72.8004,374.3157,303.1996,313.6843,303.1996
313.4272,70.8233,374.5728,70.8233,374.5728,303.1767,313.4272,303.1767
305.1996,71.9587,366.8004,71.9587,366.8004,306.0413,305.1996,306.0413
305.9876,71.1528,368.0124,71.1528,368.0124,306.8472,305.9876,306.8472
303.9625,68.0576,366.0375,68.0576,366.0375,303.9424,303.9625,303.9424
298.1360,65.7168,359.8640,65.7168,359.8640,300.2832,298.1360,300.2832
298.3140,67.3931,359.6860,67.3931,359.6860,300.6069,298.3140,300.6069
295.4980,68.0922,356.5020,68.0922,356.5020,299.9078,295.4980,299.9078
295.5538,66.3045,356.4462,66.3045,356.4462,297.6955,295.5538,297.6955
295.6054,66.5005,356.3946,66.5005,356.3946,297.4995,295.6054,297.4995
295.4622,63.9564,356.5378,63.9564,356.5378,296.0436,295.4622,296.0436
291.5557,72.3117,352.4443,72.3117,352.4443,303.6883,291.5557,303.6883
291.6475,73.6605,352.3525,73.6605,352.3525,304.3395,291.6475,304.3395
290.6605,78.7097,351.3395,78.7097,351.3395,309.2903,290.6605,309.2903
288.6108,81.5210,349.3892,81.5210,349.3892,312.4789,288.6108,312.4789
287.6003,82.4810,348.3997,82.4810,348.3997,313.5190,287.6003,313.5190
285.6237,82.5698,346.3763,82.5698,346.3763,313.4301,285.6237,313.4301
281.2152,89.8176,340.7848,89.8176,340.7848,316.1824,281.2152,316.1824
280.7162,92.7213,339.2838,92.7213,339.2838,315.2787,280.7162,315.2787
293.3008,83.9430,350.6992,83.9430,350.6992,302.0570,293.3008,302.0570
323.4146,67.3755,380.5854,67.3755,380.5854,284.6245,323.4146,284.6245
324.4836,65.6378,381.5164,65.6378,381.5164,282.3622,324.4836,282.3622
324.5192,63.7729,381.4808,63.7729,381.4808,280.2271,324.5192,280.2271
323.5798,63.0032,380.4202,63.0032,380.4202,278.9968,323.5798,278.9968
322.6431,63.2437,379.3569,63.2437,379.3569,278.7563,322.6431,278.7563
322.7403,61.6130,379.2597,61.6130,379.2597,276.3870,322.7403,276.3870
317.8198,59.9154,374.1802,59.9154,374.1802,274.0846,317.8198,274.0846
317.8955,61.2030,374.1045,61.2030,374.1045,274.7970,317.8955,274.7970
315.0277,57.7051,370.9723,57.7051,370.9723,270.2949,315.0277,270.2949
310.1808,60.2868,365.8192,60.2868,365.8192,271.7132,310.1808,271.7132
309.2546,60.5674,364.7454,60.5674,364.7454,271.4326,309.2546,271.4326
309.4393,59.2693,364.5607,59.2693,364.5607,268.7307,309.4393,268.7307
308.6133,60.9306,363.3867,60.9306,363.3867,269.0694,308.6133,269.0694
308.8071,61.6669,363.1929,61.6669,363.1929,268.3331,308.8071,268.3331
307.9200,63.0962,362.0800,63.0962,362.0800,268.9038,307.9200,268.9038
306.9914,65.3672,361.0086,65.3672,361.0086,270.6328,306.9914,270.6328
308.0708,65.6692,361.9292,65.6692,361.9292,270.3308,308.0708,270.3308
307.1539,63.9849,360.8461,63.9849,360.8461,268.0151,307.1539,268.0151
303.1723,66.0548,356.8277,66.0548,356.8277,269.9452,303.1723,269.9452
303.1771,67.0730,356.8229,67.0730,356.8229,270.9270,303.1771,270.9270
302.2821,67.4721,355.7179,67.4721,355.7179,270.5279,302.2821,270.5279
304.3657,66.7898,357.6343,66.7898,357.6343,269.2102,304.3657,269.2102
304.4212,67.0007,357.5788,67.0007,357.5788,268.9993,304.4212,268.9993
306.4998,66.2993,359.5002,66.2993,359.5002,267.7007,306.4998,267.7007
308.6438,65.8466,361.3562,65.8466,361.3562,266.1534,308.6438,266.1534
308.7460,66.2347,361.2540,66.2347,361.2540,265.7653,308.7460,265.7653
308.8920,64.7895,361.1080,64.7895,361.1080,263.2105,308.8920,263.2105
309.9969,62.1882,362.0031,62.1882,362.0031,259.8118,309.9969,259.8118
310.1063,62.6040,361.8937,62.6040,361.8937,259.3960,310.1063,259.3960
311.2148,60.0164,362.7852,60.0164,362.7852,255.9836,311.2148,255.9836
312.2485,58.1442,363.7515,58.1442,363.7515,253.8558,312.2485,253.8558
312.2808,58.2672,363.7192,58.2672,363.7192,253.7328,312.2808,253.7328
312.3476,55.5208,363.6524,55.5208,363.6524,250.4792,312.3476,250.4792
309.2729,56.2369,360.7271,56.2369,360.7271,251.7631,309.2729,251.7631
310.1997,55.9588,361.8003,55.9588,361.8003,252.0412,310.1997,252.0412
307.1721,50.8541,358.8279,50.8541,358.8279,247.1459,307.1721,247.1459
303.1320,45.7015,354.8680,45.7015,354.8680,242.2985,303.1320,242.2985
303.0953,45.5620,354.9047,45.5620,354.9047,242.4380,303.0953,242.4380
301.9040,48.8350,354.0960,48.8350,354.0960,247.1650,301.9040,247.1650
291.8977,45.8111,344.1023,45.8111,344.1023,244.1889,291.8977,244.1889
290.9396,45.9704,343.0604,45.9704,343.0604,244.0296,290.9396,244.0296
288.0109,50.2415,339.9891,50.2415,339.9891,247.7585,288.0109,247.7585
282.9427,50.9824,335.0573,50.9824,335.0573,249.0176,282.9427,249.0176
282.8758,51.7279,335.1242,51.7279,335.1242,250.2721,282.8758,250.2721
282.8113,52.4829,335.1887,52.4829,335.1887,251.5171,282.8113,251.5171
284.7984,51.4341,337.2016,51.4341,337.2016,250.5659,284.7984,250.5659
285.7847,51.3817,338.2153,51.3817,338.2153,250.6183,285.7847,250.6183
286.6921,45.0299,339.3079,45.0299,339.3079,244.9702,286.6921,244.9702
288.6241,40.7717,341.3759,40.7717,341.3759,241.2283,288.6241,241.2283
288.5558,39.5121,341.4442,39.5121,341.4442,240.4879,288.5558,240.4879
292.5763,29.5899,345.4237,29.5899,345.4237,230.4101,292.5763,230.4101
292.8108,27.4811,345.1892,27.4811,345.1892,226.5189,292.8108,226.5189
293.0263,28.2998,344.9737,28.2998,344.9737,225.7002,293.0263,225.7002
292.2930,28.3133,343.7070,28.3133,343.7070,223.6867,292.2930,223.6867
292.7925,25.2116,343.2075,25.2116,343.2075,216.7884,292.7925,216.7884
293.5611,24.3321,344.4389,24.3321,344.4389,217.6679,293.5611,217.6679
294.3977,19.7113,345.6023,19.7113,345.6023,214.2887,294.3977,214.2887
298.4493,12.9075,349.5507,12.9075,349.5507,207.0925,298.4493,207.0925
298.2767,14.2514,349.7233,14.2514,349.7233,209.7486,298.2767,209.7486
299.1899,21.9215,350.8101,21.9215,350.8101,218.0785,299.1899,218.0785
319.3901,58.8823,372.6099,58.8823,372.6099,261.1177,319.3901,261.1177
321.2935,62.5153,374.7065,62.5153,374.7065,265.4846,321.2935,265.4846
329.7441,75.2275,382.2559,75.2275,382.2559,274.7725,329.7441,274.7725
332.7441,78.2278,385.2559,78.2278,385.2559,277.7722,332.7441,277.7722
332.7625,78.2977,385.2375,78.2977,385.2375,277.7023,332.7625,277.7023
335.8340,79.5690,388.1660,79.5690,388.1660,278.4310,335.8340,278.4310
342.0063,88.2240,393.9937,88.2240,393.9937,285.7760,342.0063,285.7760
342.0935,88.5553,393.9065,88.5553,393.9065,285.4447,342.0935,285.4447
342.8247,90.3338,393.1753,90.3338,393.1753,281.6662,342.8247,281.6662
342.6081,95.5106,393.3919,95.5106,393.3919,288.4894,342.6081,288.4894
343.5605,96.3301,394.4395,96.3301,394.4395,289.6699,343.5605,289.6699
343.3898,100.6813,394.6102,100.6813,394.6102,295.3187,343.3898,295.3187
347.3508,107.5332,398.6492,107.5332,398.6492,302.4668,347.3508,302.4668
347.2568,108.1758,398.7432,108.1758,398.7432,303.8242,347.2568,303.8242
348.1617,110.8143,399.8383,110.8143,399.8383,307.1857,348.1617,307.1857
352.0017,115.2064,403.9983,115.2064,403.9983,312.7936,352.0017,312.7936
352.9277,114.9253,405.0723,114.9253,405.0723,313.0746,352.9277,313.0746
353.8254,116.5366,406.1746,116.5366,406.1746,315.4634,353.8254,315.4634
357.8763,117.7300,410.1237,117.7300,410.1237,316.2700,357.8763,316.2700
357.7113,117.1030,410.2887,117.1030,410.2887,316.8970,357.7113,316.8970
356.6986,116.0546,409.3014,116.0546,409.3014,315.9454,356.6986,315.9454
352.6846,108.0013,405.3154,108.0013,405.3154,307.9987,352.6846,307.9987
353.1288,108.6896,404.8712,108.6896,404.8712,305.3104,353.1288,305.3104
349.2458,100.1340,400.7542,100.1340,400.7542,295.8660,349.2458,295.8660
345.1555,90.7908,396.8445,90.7908,396.8445,287.2092,345.1555,287.2092
344.0096,90.2364,395.9904,90.2364,395.9904,287.7636,344.0096,287.7636
339.6740,88.9614,392.3260,88.9614,392.3260,289.0386,339.6740,289.0386
313.6569,73.0963,368.3431,73.0963,368.3431,280.9037,313.6569,280.9037
300.7069,69.2864,355.2931,69.2864,355.2931,276.7137,300.7069,276.7137
293.6783,66.1776,348.3217,66.1776,348.3217,273.8224,293.6783,273.8224
280.9671,53.2751,335.0329,53.2751,335.0329,258.7249,280.9671,258.7249
280.1932,53.1340,333.8068,53.1340,333.8068,256.8660,280.1932,256.8660
277.3611,48.7722,330.6389,48.7722,330.6389,251.2278,277.3611,251.2278
271.5504,37.4913,324.4496,37.4913,324.4496,238.5087,271.5504,238.5087
271.6597,36.9070,324.3403,36.9070,324.3403,237.0930,271.6597,237.0930
270.8742,36.7218,323.1258,36.7218,323.1258,235.2782,270.8742,235.2782
265.9626,33.0578,318.0374,33.0578,318.0374,230.9422,265.9626,230.9422
265.0498,33.3891,316.9502,33.3891,316.9502,230.6109,265.0498,230.6109
263.0145,32.2551,314.9855,32.2551,314.9855,229.7449,263.0145,229.7449
259.0047,39.2178,310.9953,39.2178,310.9953,236.7822,259.0047,236.7822
258.0607,39.4308,309.9393,39.4308,309.9393,236.5692,258.0607,236.5692
257.1287,42.6891,308.8713,42.6891,308.8713,239.3109,257.1287,239.3109
253.2910,54.3057,304.7090,54.3057,304.7090,249.6943,253.2910,249.6943
253.3979,54.7121,304.6021,54.7121,304.6021,249.2879,253.3979,249.2879
252.5795,57.4019,303.4206,57.4019,303.4206,250.5981,252.5795,250.5981
250.8134,62.2909,301.1866,62.2909,301.1866,253.7091,250.8134,253.7091
251.0293,63.1114,300.9707,63.1114,300.9707,252.8886,251.0293,252.8886
251.2340,63.8891,300.7660,63.8891,300.7660,252.1109,251.2340,252.1109
251.4785,64.8183,300.5215,64.8183,300.5215,251.1817,251.4785,251.1817
251.7064,65.6842,300.2936,65.6842,300.2936,250.3158,251.7064,250.3158
253.8139,66.0927,302.1861,66.0927,302.1861,249.9073,253.8139,249.9073
256.8948,64.4003,305.1052,64.4003,305.1052,247.5997,256.8948,247.5997
256.9819,64.7312,305.0181,64.7312,305.0181,247.2688,256.9819,247.2688
258.0467,62.9775,305.9533,62.9775,305.9533,245.0225,258.0467,245.0225
261.1597,61.4069,308.8403,61.4069,308.8403,242.5931,261.1597,242.5931
261.2705,61.8280,308.7295,61.8280,308.7295,242.1720,261.2705,242.1720
262.3321,60.0619,309.6679,60.0619,309.6679,239.9381,262.3321,239.9381
265.0652,58.0477,312.9348,58.0477,312.9348,239.9523,265.0652,239.9523
264.8105,57.0799,313.1895,57.0799,313.1895,240.9201,264.8105,240.9201
266.6268,54.3818,315.3732,54.3818,315.3732,239.6182,266.6268,239.6182
268.3954,54.5027,317.6046,54.5027,317.6046,241.4973,268.3954,241.4973
268.1766,53.6710,317.8234,53.6710,317.8234,242.3290,268.1766,242.3290
270.9862,51.9476,321.0138,51.9476,321.0138,242.0524,270.9862,242.0524
277.8669,57.4941,328.1331,57.4941,328.1331,248.5059,277.8669,248.5059
277.7563,57.0740,328.2437,57.0740,328.2437,248.9260,277.7563,248.9260
280.6245,57.5733,331.3755,57.5733,331.3755,250.4267,280.6245,250.4267
285.5994,67.4778,336.4006,67.4778,336.4006,260.5222,285.5994,260.5222
285.5042,67.1157,336.4958,67.1157,336.4958,260.8842,285.5042,260.8842
287.3071,68.3669,338.6929,68.3669,338.6929,263.6331,287.3071,263.6331
291.3334,76.4668,342.6666,76.4668,342.6666,271.5332,291.3334,271.5332
292.3605,76.5701,343.6395,76.5701,343.6395,271.4299,292.3605,271.4299
294.5373,76.2419,345.4627,76.2419,345.4627,269.7581,294.5373,269.7581
298.5712,78.3706,349.4288,78.3706,349.4288,271.6294,298.5712,271.6294
299.5711,78.3701,350.4289,78.3701,350.4289,271.6299,299.5711,271.6299
300.5373,80.2416,351.4627,80.2416,351.4627,273.7584,300.5373,273.7584
301.3968,79.7078,352.6032,79.7078,352.6032,274.2922,301.3968,274.2922
301.2294,79.0717,352.7706,79.0717,352.7706,274.9283,301.2294,274.9283
301.9688,78.0812,354.0313,78.0812,354.0313,275.9188,301.9688,275.9188
301.5947,72.6599,354.4053,72.6599,354.4053,273.3401,301.5947,273.3401
301.2786,71.4586,354.7214,71.4586,354.7214,274.5414,301.2786,274.5414
300.9154,64.0784,355.0846,64.0784,355.0846,269.9216,300.9154,269.9216
299.3684,60.0001,354.6316,60.0001,354.6316,269.9999,299.3684,269.9999
298.7756,57.7474,355.2244,57.7474,355.2244,272.2526,298.7756,272.2526
293.6139,49.1330,350.3861,49.1330,350.3861,264.8670,293.6139,264.8670
284.8187,48.9110,341.1813,48.9110,341.1813,263.0890,284.8187,263.0890
285.0016,49.6060,340.9984,49.6060,340.9984,262.3940,285.0016,262.3940
283.2085,46.3923,338.7915,46.3923,338.7915,257.6077,283.2085,257.6077
284.5214,50.5812,339.4786,50.5812,339.4786,259.4189,284.5214,259.4189
284.8111,51.6822,339.1889,51.6822,339.1889,258.3178,284.8111,258.3178
286.1631,50.0197,339.8369,50.0197,339.8369,253.9803,286.1631,253.9803
288.1631,48.0197,341.8369,48.0197,341.8369,251.9803,288.1631,251.9803
289.3541,48.7455,342.6459,48.7455,342.6459,251.2545,289.3541,251.2545
291.4297,48.0327,344.5703,48.0327,344.5703,249.9673,291.4297,249.9673
291.3295,47.6521,344.6705,47.6521,344.6705,250.3479,291.3295,250.3479
291.2449,47.3308,344.7551,47.3308,344.7551,250.6692,291.2449,250.6692
291.9926,41.3717,346.0074,41.3717,346.0074,246.6283,291.9926,246.6283
290.0331,42.5257,343.9669,42.5257,343.9669,247.4742,290.0331,247.4742
290.1119,43.8251,343.8881,43.8251,343.8881,248.1749,290.1119,248.1749
293.0513,40.5949,346.9487,40.5949,346.9487,245.4052,293.0513,245.4052
297.7015,37.2659,352.2985,37.2659,352.2985,244.7341,297.7015,244.7341
297.4490,35.3062,352.5510,35.3062,352.5510,244.6938,297.4490,244.6938
299.2354,36.4943,354.7646,36.4943,354.7646,247.5057,299.2354,247.5057
301.3837,41.0582,356.6163,41.0582,356.6163,250.9418,301.3837,250.9418
301.5169,41.5642,356.4831,41.5642,356.4831,250.4358,301.5169,250.4358
302.5540,42.7054,357.4460,42.7054,357.4460,251.2946,302.5540,251.2946
304.7176,45.3268,359.2824,45.3268,359.2824,252.6732,304.7176,252.6732
304.8378,45.7837,359.1622,45.7837,359.1622,252.2163,304.8378,252.2163
309.0224,45.4850,362.9776,45.4850,362.9776,250.5150,309.0224,250.5150
316.2519,49.3571,369.7481,49.3571,369.7481,252.6429,316.2519,252.6429
316.5032,51.3120,369.4968,51.3120,369.4968,252.6880,316.5032,252.6880
318.5688,52.5615,371.4312,52.5615,371.4312,253.4385,318.5688,253.4385
318.5153,54.3582,371.4847,54.3582,371.4847,255.6418,318.5153,255.6418
318.4661,54.1711,371.5339,54.1711,371.5339,255.8289,318.4661,255.8289
320.3077,52.5693,373.6923,52.5693,373.6923,255.4307,320.3077,255.4307
324.4708,48.1889,377.5292,48.1889,377.5292,249.8111,324.4708,249.8111
324.6097,48.7170,377.3903,48.7170,377.3903,249.2830,324.6097,249.2830
324.6175,43.7466,377.3825,43.7466,377.3825,244.2534,324.6175,244.2534
324.4570,43.1367,377.5430,43.1367,377.5430,244.8633,324.4570,244.8633
324.3059,41.5623,377.6941,41.5623,377.6941,244.4377,324.3059,244.4377
322.1956,38.1433,375.8044,38.1433,375.8044,241.8567,322.1956,241.8567
328.4414,41.0773,381.5586,41.0773,381.5586,242.9227,328.4414,242.9227
328.6576,41.8990,381.3424,41.8990,381.3424,242.1010,328.6576,242.1010
329.8304,42.5556,382.1696,42.5556,382.1696,241.4444,329.8304,241.4444
333.7902,41.4027,386.2098,41.4027,386.2098,240.5973,333.7902,240.5973
334.7672,42.3154,387.2328,42.3154,387.2328,241.6846,334.7672,241.6846
334.7214,40.1415,387.2786,40.1415,387.2786,239.8586,334.7214,239.8586
335.7881,43.3948,388.2119,43.3948,388.2119,242.6052,335.7881,242.6052
335.7672,43.3155,388.2328,43.3155,388.2328,242.6845,335.7672,242.6845
335.9372,45.9615,388.0628,45.9615,388.0628,244.0385,335.9372,244.0385
338.0838,41.5183,389.9162,41.5183,389.9162,238.4817,338.0838,238.4817
338.2231,42.0479,389.7769,42.0479,389.7769,237.9521,338.2231,237.9521
337.3925,44.6915,388.6075,44.6915,388.6075,239.3085,337.3925,239.3085
334.3925,47.6915,385.6075,47.6915,385.6075,242.3085,334.3925,242.3085
334.4755,49.0068,385.5245,49.0068,385.5245,242.9932,334.4755,242.9932
336.3746,49.6234,387.6254,49.6234,387.6254,244.3766,336.3746,244.3766
336.1973,47.9499,387.8027,47.9499,387.8027,244.0501,336.1973,244.0501
335.9775,47.1146,388.0225,47.1146,388.0225,244.8854,335.9775,244.8854
338.0537,44.4043,389.9463,44.4043,389.9463,241.5957,338.0537,241.5957
337.3454,46.5126,388.6546,46.5126,388.6546,241.4874,337.3454,241.4874
337.5808,48.4072,388.4192,48.4072,388.4192,241.5928,337.5808,241.5928
336.8121,48.2860,387.1879,48.2860,387.1879,239.7140,336.8121,239.7140
339.0616,45.2339,388.9384,45.2339,388.9384,234.7661,339.0616,234.7661
338.2890,46.0981,387.7110,46.0981,387.7110,233.9019,338.2890,233.9019
339.3879,47.4739,388.6121,47.4739,388.6121,234.5261,339.3879,234.5261
339.5853,47.2240,388.4147,47.2240,388.4147,232.7760,339.5853,232.7760
336.7943,50.0183,385.2057,50.0183,385.2057,233.9817,336.7943,233.9817
337.0019,51.8073,384.9981,51.8073,384.9981,234.1927,337.0019,234.1927
335.1314,48.2995,382.8686,48.2995,382.8686,229.7005,335.1314,229.7005
336.9599,43.6477,385.0401,43.6477,385.0401,226.3523,336.9599,226.3523
336.7800,42.9639,385.2200,42.9639,385.2200,227.0361,336.7800,227.0361
338.7219,35.7432,387.2781,35.7432,387.2781,220.2568,338.7219,220.2568
339.6552,37.4897,388.3448,37.4897,388.3448,222.5103,339.6552,222.5103
340.5924,37.2510,389.4076,37.2510,389.4076,222.7490,340.5924,222.7490
339.4662,39.7718,388.5338,39.7718,388.5338,226.2282,339.4662,226.2282
338.2375,40.9025,387.7625,40.9025,387.7625,229.0975,338.2375,229.0975
338.0296,40.1126,387.9704,40.1126,387.9704,229.8874,338.0296,229.8874
338.9187,38.6912,389.0813,38.6912,389.0813,229.3088,338.9187,229.3088
337.9751,40.9055,388.0249,40.9055,388.0249,231.0945,337.9751,231.0945
337.0478,41.1818,386.9522,41.1818,386.9522,230.8183,337.0478,230.8183
336.1631,40.6196,385.8369,40.6196,385.8369,229.3804,336.1631,229.3804
327.2495,45.9481,376.7505,45.9481,376.7505,234.0519,327.2495,234.0519
327.3820,47.4517,376.6180,47.4517,376.6180,234.5483,327.3820,234.5483
322.7955,51.0228,371.2045,51.0228,371.2045,234.9772,322.7955,234.9772
317.1935,53.5355,364.8065,53.5355,364.8065,234.4645,317.1935,234.4645
315.6581,51.5010,364.3419,51.5010,364.3419,236.4990,315.6581,236.4990
312.2968,50.1276,361.7032,50.1276,361.7032,237.8724,312.2968,237.8724
305.0002,50.0006,354.9998,50.0006,354.9998,239.9994,305.0002,239.9994
304.7563,49.0740,355.2437,49.0740,355.2437,240.9259,304.7563,240.9259
301.6325,48.6036,352.3675,48.6036,352.3675,241.3964,301.6325,241.3964
295.6263,47.5800,346.3737,47.5800,346.3737,240.4200,295.6263,240.4200
295.6065,47.5047,346.3935,47.5047,346.3935,240.4953,295.6065,240.4953
292.4904,42.0637,343.5096,42.0637,343.5096,235.9363,292.4904,235.9363
287.5915,37.4476,338.4085,37.4476,338.4085,230.5524,287.5915,230.5524
287.7067,37.8853,338.2933,37.8853,338.2933,230.1147,287.7067,230.1147
284.6165,35.5429,335.3835,35.5429,335.3835,228.4571,284.6165,228.4571
279.5255,36.1971,330.4745,36.1971,330.4745,229.8029,279.5255,229.8029
279.2901,35.3025,330.7099,35.3025,330.7099,230.6975,279.2901,230.6975
277.2787,34.2592,328.7213,34.2592,328.7213,229.7408,277.2787,229.7408
274.2734,37.2390,325.7266,37.2390,325.7266,232.7610,274.2734,232.7610
274.2730,37.2375,325.7270,37.2375,325.7270,232.7625,274.2730,232.7625
275.2718,38.2330,326.7282,38.2330,326.7282,233.7670,275.2718,233.7670
275.2188,38.0313,326.7812,38.0313,326.7812,233.9687,275.2188,233.9687
275.1767,37.8714,326.8233,37.8714,326.8233,234.1286,275.1767,234.1286
274.1799,36.8836,325.8201,36.8836,325.8201,233.1164,274.1799,233.1164
273.1777,35.8754,324.8223,35.8754,324.8223,232.1246,273.1777,232.1246
273.2034,35.9728,324.7966,35.9728,324.7966,232.0272,273.2034,232.0272
272.2155,34.0191,323.7845,34.0191,323.7845,229.9809,272.2155,229.9809
272.2038,29.9744,323.7962,29.9744,323.7962,226.0257,272.2038,226.0257
272.1922,29.9303,323.8078,29.9303,323.8078,226.0697,272.1922,226.0697
273.1972,26.9495,324.8028,26.9495,324.8028,223.0505,273.1972,223.0505
275.1938,25.9363,326.8062,25.9363,326.8062,222.0637,275.1938,222.0637
275.2139,26.0130,326.7861,26.0130,326.7861,221.9870,275.2139,221.9870
276.1922,22.9302,327.8078,22.9302,327.8078,219.0698,276.1922,219.0698
278.2117,25.0045,329.7883,25.0045,329.7883,220.9955,278.2117,220.9955
278.2500,25.1500,329.7500,25.1500,329.7500,220.8500,278.2500,220.8500
280.2790,24.2602,331.7210,24.2602,331.7210,219.7398,280.2790,219.7398
284.3264,30.4404,335.6736,30.4404,335.6736,225.5596,284.3264,225.5596
284.3596,30.5665,335.6404,30.5665,335.6404,225.4335,284.3596,225.4335
285.3946,30.6993,336.6054,30.6993,336.6054,225.3007,285.3946,225.3007
287.4356,36.8553,338.5644,36.8553,338.5644,231.1447,287.4356,231.1447
287.5146,37.1557,338.4854,37.1557,338.4854,230.8443,287.5146,230.8443
288.5738,39.3803,339.4262,39.3803,339.4262,232.6197,288.5738,232.6197
289.4902,42.0629,340.5098,42.0629,340.5098,235.9371,289.4902,235.9371
289.4234,41.8089,340.5766,41.8089,340.5766,236.1911,289.4234,236.1911
289.3504,42.5315,340.6496,42.5315,340.6496,237.4685,289.3504,237.4685
289.3097,48.3768,340.6903,48.3768,340.6903,243.6232,289.3097,243.6232
289.1943,46.9383,340.8057,46.9383,340.8057,243.0617,289.1943,243.0617
289.1121,46.6259,340.8879,46.6259,340.8879,243.3741,289.1121,243.3741
290.0265,47.3007,341.9735,47.3007,341.9735,244.6993,290.0265,244.6993
289.9570,46.0366,342.0430,46.0366,342.0430,243.9633,289.9570,243.9633
291.8669,45.6941,344.1331,45.6941,344.1331,244.3059,291.8669,244.3059
296.2257,45.0577,347.7743,45.0577,347.7743,240.9423,296.2257,240.9423
296.0554,43.4106,347.9446,43.4106,347.9446,240.5894,296.0554,240.5894
299.3574,44.5580,350.6426,44.5580,350.6426,239.4420,299.3574,239.4420
304.5433,45.2645,355.4567,45.2645,355.4567,238.7355,304.5433,238.7355
305.8460,45.4149,356.1540,45.4149,356.1540,236.5851,305.8460,236.5851
309.1210,45.4600,358.8790,45.4600,358.8790,234.5400,309.1210,234.5400
313.5308,43.0170,362.4692,43.0170,362.4692,228.9830,313.5308,228.9830
314.9233,44.5086,363.0767,44.5086,363.0767,227.4914,314.9233,227.4914
315.2033,45.5726,362.7967,45.5726,362.7967,226.4274,315.2033,226.4274
314.5658,50.9500,361.4342,50.9500,361.4342,229.0500,314.5658,229.0500
313.8863,52.1680,360.1137,52.1680,360.1137,227.8320,313.8863,227.8320
312.2525,51.7596,359.7475,51.7596,359.7475,232.2404,312.2525,232.2404
305.8773,54.3339,354.1227,54.3339,354.1227,237.6661,305.8773,237.6661
305.5544,53.1065,354.4456,53.1065,354.4456,238.8935,305.5544,238.8935
302.5942,56.2579,351.4058,56.2579,351.4058,241.7422,302.5942,241.7422
297.8405,62.1939,346.1595,62.1939,346.1595,245.8061,297.8405,245.8061
298.0173,62.8659,345.9827,62.8659,345.9827,245.1341,298.0173,245.1341
294.9973,58.7899,343.0027,58.7899,343.0027,241.2101,294.9973,241.2101
290.6412,50.4365,339.3588,50.4365,339.3588,235.5635,290.6412,235.5635
290.5307,51.0168,339.4693,51.0168,339.4693,236.9832,290.5307,236.9832
289.3706,46.4082,338.6294,46.4082,338.6294,233.5918,289.3706,233.5918
287.5985,49.2745,336.4015,49.2745,336.4015,234.7255,287.5985,234.7255
287.7813,49.9687,336.2188,49.9687,336.2188,234.0313,287.7813,234.0313
286.7054,44.6803,335.2946,44.6803,335.2946,229.3197,286.7054,229.3197
284.3416,43.2983,333.6584,43.2983,333.6584,230.7017,284.3416,230.7017
284.1592,43.6049,333.8408,43.6049,333.8408,232.3951,284.1592,232.3951
281.9957,41.9838,332.0043,41.9838,332.0043,232.0162,281.9957,232.0162
279.9733,40.8985,330.0267,40.8985,330.0267,231.1015,279.9733,231.1015
279.9552,40.8296,330.0448,40.8296,330.0448,231.1704,279.9552,231.1704
279.0365,41.1387,328.9635,41.1387,328.9635,230.8613,279.0365,230.8613
281.2983,53.1335,330.7017,53.1335,330.7017,240.8665,281.2983,240.8665
281.4798,53.8234,330.5202,53.8234,330.5202,240.1766,281.4798,240.1766
281.4365,51.6586,330.5635,51.6586,330.5635,238.3414,281.4365,238.3414
281.0416,42.1582,330.9584,42.1582,330.9584,231.8418,281.0416,231.8418
280.7314,39.9795,331.2686,39.9795,331.2686,232.0205,280.7314,232.0205
282.7314,39.9795,333.2686,39.9795,333.2686,232.0205,282.7314,232.0205
285.8172,44.3054,336.1828,44.3054,336.1828,235.6946,285.8172,235.6946
285.9005,44.6218,336.0995,44.6218,336.0995,235.3782,285.9005,235.3782
288.9189,47.6918,339.0811,47.6918,339.0811,238.3082,288.9189,238.3082
291.6904,45.8236,342.3096,45.8236,342.3096,238.1764,291.6904,238.1764
291.5200,45.1760,342.4800,45.1760,342.4800,238.8240,291.5200,238.8240
294.4200,47.7958,345.5800,47.7958,345.5800,242.2042,294.4200,242.2042
302.3723,51.6149,353.6277,51.6149,353.6277,246.3851,302.3723,246.3851
303.3070,51.3668,354.6930,51.3668,354.6930,246.6332,303.3070,246.6332
305.3372,50.4814,356.6628,50.4814,356.6628,245.5186,305.3372,245.5186
313.3546,54.5475,364.6454,54.5475,364.6454,249.4525,313.3546,249.4525
315.0613,57.2331,364.9387,57.2331,364.9387,246.7669,315.0613,246.7669
317.7902,57.2028,368.2098,57.2028,368.2098,248.7972,317.7902,248.7972
318.5541,61.3056,369.4459,61.3056,369.4459,254.6944,318.5541,254.6944
318.3634,60.5808,369.6366,60.5808,369.6366,255.4192,318.3634,255.4192
316.2016,60.9662,367.7984,60.9662,367.7984,257.0338,316.2016,257.0338
318.0367,67.3395,369.9633,67.3395,369.9633,264.6605,318.0367,264.6605
319.6540,70.6851,370.3460,70.6851,370.3460,263.3149,319.6540,263.3149
320.6540,71.6851,371.3460,71.6851,371.3460,264.3149,320.6540,264.3149
324.3869,73.6704,375.6131,73.6704,375.6131,268.3296,324.3869,268.3296
324.2269,73.0621,375.7731,73.0621,375.7731,268.9379,324.2269,268.9379
326.1820,72.8916,377.8180,72.8916,377.8180,269.1084,326.1820,269.1084
335.2579,78.1802,386.7421,78.1802,386.7421,273.8198,335.2579,273.8198
335.2835,78.2775,386.7165,78.2775,386.7165,273.7225,335.2835,273.7225
337.3649,74.5868,388.6351,74.5868,388.6351,269.4132,337.3649,269.4132
341.2379,72.1041,392.7621,72.1041,392.7621,267.8959,341.2379,267.8959
341.2402,72.1128,392.7598,72.1128,392.7598,267.8872,341.2402,267.8872
342.1561,70.7930,393.8439,70.7930,393.8439,267.2070,342.1561,267.2070
344.3195,75.4143,395.6805,75.4143,395.6805,270.5857,344.3195,270.5857
344.4539,75.9246,395.5461,75.9246,395.5461,270.0754,344.4539,270.0754
344.6082,76.5112,395.3918,76.5112,395.3918,269.4889,344.6082,269.4889
345.7266,77.9610,396.2734,77.9610,396.2734,270.0389,345.7266,270.0389
345.8198,78.3152,396.1802,78.3152,396.1802,269.6848,345.8198,269.6848
344.7179,77.9281,395.2821,77.9281,395.2821,270.0719,344.7179,270.0719
343.5571,79.3170,394.4429,79.3170,394.4429,272.6830,343.5571,272.6830
342.4293,78.8313,393.5707,78.8313,393.5707,273.1686,342.4293,273.1686
340.2456,76.1331,391.7544,76.1331,391.7544,271.8669,340.2456,271.8669
336.1843,74.9003,387.8157,74.9003,387.8157,271.0997,336.1843,271.0997
336.1425,74.7414,387.8575,74.7414,387.8575,271.2586,336.1425,271.2586
333.1425,74.7414,384.8575,74.7414,384.8575,271.2586,333.1425,271.2586
328.1096,74.6165,379.8904,74.6165,379.8904,271.3835,328.1096,271.3835
327.1599,73.8075,378.8401,73.8075,378.8401,270.1925,327.1599,270.1925
326.1901,72.9225,377.8099,72.9225,377.8099,269.0775,326.1901,269.0775
323.2428,70.1227,374.7572,70.1227,374.7572,265.8773,323.2428,265.8773
323.3194,70.4137,374.6806,70.4137,374.6806,265.5863,323.3194,265.5863
322.3671,67.5951,373.6329,67.5951,373.6329,262.4049,322.3671,262.4049
320.4164,62.7825,371.5836,62.7825,371.5836,257.2175,320.4164,257.2175
320.4424,62.8813,371.5576,62.8813,371.5576,257.1187,320.4424,257.1187
318.4240,59.8114,369.5760,59.8114,369.5760,254.1886,318.4240,254.1886
315.3545,59.5472,366.6455,59.5472,366.6455,254.4528,315.3545,254.4528
315.3217,59.4227,366.6783,59.4227,366.6783,254.5773,315.3217,254.5773
312.1613,59.8129,363.8387,59.8129,363.8387,256.1871,312.1613,256.1871
302.9846,68.1413,355.0154,68.1413,355.0154,265.8587,302.9846,265.8587
303.3265,69.4408,354.6735,69.4408,354.6735,264.5592,303.3265,264.5592
302.1404,68.7337,353.8596,68.7337,353.8596,265.2663,302.1404,265.2663
298.0138,70.2523,349.9862,70.2523,349.9862,267.7477,298.0138,267.7477
297.8433,69.6045,350.1567,69.6045,350.1567,268.3955,297.8433,268.3955
295.7984,68.4339,348.2016,68.4339,348.2016,267.5661,295.7984,267.5661
290.8662,71.6917,343.1338,71.6917,343.1338,270.3083,290.8662,270.3083
290.9190,71.8924,343.0810,71.8924,343.0810,270.1076,290.9190,270.1076
289.9084,72.8518,342.0916,72.8518,342.0916,271.1482,289.9084,271.1482
288.2244,75.0527,339.7756,75.0527,339.7756,270.9473,288.2244,270.9473
287.5910,76.4460,338.4090,76.4460,338.4090,269.5540,287.5910,269.5540
286.8266,76.3410,337.1734,76.3410,337.1734,267.6590,286.8266,267.6590
282.1361,76.5171,331.8639,76.5171,331.8639,265.4829,282.1361,265.4829
281.4158,77.5799,330.5842,77.5799,330.5842,264.4201,281.4158,264.4201
280.6911,73.6263,329.3089,73.6263,329.3089,258.3737,280.6911,258.3737
275.5079,58.9300,324.4921,58.9300,324.4921,245.0700,275.5079,245.0700
275.3847,58.4619,324.6153,58.4619,324.6153,245.5381,275.3847,245.5381
274.1736,54.6598,323.8264,54.6598,323.8264,243.3402,274.1736,243.3402
272.1526,52.5797,321.8474,52.5797,321.8474,241.4203,272.1526,241.4203
271.9635,51.8613,322.0365,51.8613,322.0365,242.1387,271.9635,242.1387
271.8834,49.5569,322.1166,49.5569,322.1166,240.4431,271.8834,240.4431
274.9457,50.7937,325.0543,50.7937,325.0543,241.2063,274.9457,241.2063
274.9902,50.9629,325.0098,50.9629,325.0098,241.0371,274.9902,241.0371
277.0517,51.1965,326.9483,51.1965,326.9483,240.8035,277.0517,240.8035
280.9057,52.6418,331.0943,52.6418,331.0943,243.3582,280.9057,243.3582
280.7792,52.1611,331.2208,52.1611,331.2208,243.8389,280.7792,243.8389
283.5401,53.2523,334.4599,53.2523,334.4599,246.7477,283.5401,246.7477
286.7218,58.9429,337.2782,58.9429,337.2782,251.0571,286.7218,251.0571
286.8515,59.4356,337.1485,59.4356,337.1485,250.5644,286.8515,250.5644
287.9526,62.8200,338.0474,62.8200,338.0474,253.1800,287.9526,253.1800
285.0260,68.0988,334.9740,68.0988,334.9740,257.9012,285.0260,257.9012
285.0728,68.2766,334.9272,68.2766,334.9272,257.7234,285.0728,257.7234
284.1287,67.4892,333.8713,67.4892,333.8713,256.5108,284.1287,256.5108
276.9954,66.9825,327.0046,66.9825,327.0046,257.0175,276.9954,257.0175
276.8727,66.5165,327.1273,66.5165,327.1273,257.4835,276.8727,257.4835
273.5359,58.2364,324.4641,58.2364,324.4641,251.7636,273.5359,251.7636
289.7125,59.1074,342.2875,59.1074,342.2875,258.8926,289.7125,258.8926
291.2910,59.5058,344.7090,59.5058,344.7090,262.4942,291.2910,262.4942
290.0208,57.4790,343.9792,57.4790,343.9792,262.5210,290.0208,262.5210
288.8549,59.8486,343.1451,59.8486,343.1451,266.1514,288.8549,266.1514
288.6927,59.2324,343.3073,59.2324,343.3073,266.7676,288.6927,266.7676
283.6072,55.9075,338.3928,55.9075,338.3928,264.0925,283.6072,264.0925
290.0257,58.4975,343.9743,58.4975,343.9743,263.5025,290.0257,263.5025
292.0868,57.7296,345.9132,57.7296,345.9132,262.2704,292.0868,262.2704
294.2206,57.2381,347.7794,57.2381,347.7794,260.7619,294.2206,260.7619
293.3835,65.8571,346.6165,65.8571,346.6165,268.1429,293.3835,268.1429
293.4514,65.1153,346.5486,65.1153,346.5486,266.8847,293.4514,266.8847
291.4560,65.1327,344.5440,65.1327,344.5440,266.8673,291.4560,266.8673
290.4616,69.1540,343.5384,69.1540,343.5384,270.8460,290.4616,270.8460
290.4686,69.1808,343.5314,69.1808,343.5314,270.8192,290.4686,270.8192
292.4686,68.1808,345.5314,68.1808,345.5314,269.8192,292.4686,269.8192
296.5248,70.3943,349.4752,70.3943,349.4752,271.6057,296.5248,271.6057
297.6421,70.8401,350.3579,70.8401,350.3579,271.1599,297.6421,271.1599
298.7451,71.2312,351.2549,71.2312,351.2549,270.7688,298.7451,270.7688
299.9750,75.1050,352.0250,75.1050,352.0250,272.8950,299.9750,272.8950
300.2019,75.9674,351.7981,75.9674,351.7981,272.0326,300.2019,272.0326
301.3758,75.6282,352.6242,75.6282,352.6242,270.3719,301.3758,270.3719
300.5788,80.3994,351.4212,80.3994,351.4212,273.6006,300.5788,273.6006
300.7429,81.0229,351.2571,81.0229,351.2571,272.9771,300.7429,272.9771
299.8441,81.4074,350.1559,81.4074,350.1559,272.5926,299.8441,272.5926
295.8441,80.4074,346.1559,80.4074,346.1559,271.5926,295.8441,271.5926
291.6012,82.4846,342.3988,82.4846,342.3988,275.5154,291.6012,275.5154
290.3152,78.3977,341.6848,78.3977,341.6848,273.6023,290.3152,273.6023
289.1433,75.7446,340.8567,75.7446,340.8567,272.2554,289.1433,272.2554
288.9742,75.1020,341.0258,75.1020,341.0258,272.8980,288.9742,272.8980
288.8945,67.7991,341.1055,67.7991,341.1055,266.2009,288.8945,266.2009
288.9409,63.9756,341.0591,63.9756,341.0591,262.0244,288.9409,262.0244
288.9824,64.1332,341.0176,64.1332,341.0176,261.8668,288.9824,261.8668
289.1893,63.9195,340.8107,63.9195,340.8107,260.0805,289.1893,260.0805
291.1062,63.6037,342.8938,63.6037,342.8938,260.3964,291.1062,260.3964
291.6958,65.8441,342.3042,65.8441,342.3042,258.1559,291.6958,258.1559
290.3933,65.6945,341.6067,65.6945,341.6067,260.3055,290.3933,260.3055
290.1736,65.8595,341.8264,65.8595,341.8264,262.1405,290.1736,262.1405
289.9959,65.1845,342.0041,65.1845,342.0041,262.8155,289.9959,262.8155
290.8835,63.7572,343.1165,63.7572,343.1165,262.2428,290.8835,262.2428
292.7567,61.2753,345.2433,61.2753,345.2433,260.7247,292.7567,260.7247
292.6549,60.8886,345.3451,60.8886,345.3451,261.1114,292.6549,261.1114
293.5637,60.5421,346.4363,60.5421,346.4363,261.4579,293.5637,261.4579
295.6324,65.8031,348.3676,65.8031,348.3676,266.1969,295.6324,266.1969
295.6486,65.8647,348.3514,65.8647,348.3514,266.1353,295.6486,266.1353
296.6613,66.9130,349.3387,66.9130,349.3387,267.0870,296.6613,267.0870
299.6939,71.0369,352.3061,71.0369,352.3061,270.9631,299.6939,270.9631
300.3329,73.4650,351.6671,73.4650,351.6671,268.5350,300.3329,268.5350
300.2358,74.0962,351.7642,74.0962,351.7642,269.9038,300.2358,269.9038
300.1723,77.8547,351.8277,77.8547,351.8277,274.1453,300.1723,274.1453
300.9881,76.1549,353.0119,76.1549,353.0119,273.8451,300.9881,273.8451
298.8997,76.8188,351.1003,76.8188,351.1003,275.1812,298.8997,275.1812
295.7961,79.4253,348.2039,79.4253,348.2039,278.5747,295.7961,278.5747
295.7143,78.1145,348.2857,78.1145,348.2857,277.8855,295.7143,277.8855
294.0804,78.5053,345.9196,78.5053,345.9196,275.4947,294.0804,275.4947
290.4103,82.7590,341.5897,82.7590,341.5897,277.2410,290.4103,277.2410
289.8064,84.2643,340.1936,84.2643,340.1936,275.7357,289.8064,275.7357
287.0116,83.0440,336.9884,83.0440,336.9884,272.9560,287.0116,272.9560
283.9384,82.7660,334.0616,82.7660,334.0616,273.2340,283.9384,273.2340
284.8354,83.3745,335.1646,83.3745,335.1646,274.6255,284.8354,274.6255
281.6681,80.7387,332.3319,80.7387,332.3319,273.2613,281.6681,273.2613
280.8010,79.2437,331.1990,79.2437,331.1990,270.7563,280.8010,270.7563
281.8391,78.3885,332.1609,78.3885,332.1609,269.6115,281.8391,269.6115
281.8391,78.3885,332.1609,78.3885,332.1609,269.6115,281.8391,269.6115
282.8983,80.6133,333.1017,80.6133,333.1017,271.3867,282.8983,271.3867
284.1487,89.5652,333.8513,89.5652,333.8513,278.4348,284.1487,278.4348
284.3553,91.3503,333.6447,91.3503,333.6447,278.6497,284.3553,278.6497
284.5492,93.0869,333.4508,93.0869,333.4508,278.9131,284.5492,278.9131
282.7245,103.7531,331.2755,103.7531,331.2755,288.2469,282.7245,288.2469
281.8826,104.3538,330.1174,104.3538,330.1174,287.6462,281.8826,287.6462
280.9604,106.6495,329.0396,106.6495,329.0396,289.3505,280.9604,289.3505
280.9048,113.4383,329.0952,113.4383,329.0952,296.5617,280.9048,296.5617
280.8811,114.3482,329.1189,114.3482,329.1189,297.6518,280.8811,297.6518
279.7836,111.9778,328.2164,111.9778,328.2164,296.0222,279.7836,296.0222
280.5342,111.0299,329.4658,111.0299,329.4658,296.9702,280.5342,296.9702
281.2972,110.1293,330.7028,110.1293,330.7028,297.8707,281.2972,297.8707
281.1592,106.6050,330.8408,106.6050,330.8408,295.3950,281.1592,295.3950
278.1303,104.4951,327.8697,104.4951,327.8697,293.5049,278.1303,293.5049
278.1282,105.4872,327.8718,105.4872,327.8718,294.5128,278.1282,294.5128
277.0533,100.2023,326.9467,100.2023,326.9467,289.7977,277.0533,289.7977
276.9644,92.8649,327.0356,92.8649,327.0356,283.1351,276.9644,283.1351
277.8463,91.4160,328.1537,91.4160,328.1537,282.5840,277.8463,282.5840
279.7139,85.9127,330.2861,85.9127,330.2861,278.0873,279.7139,278.0873
284.4616,79.9542,335.5384,79.9542,335.5384,274.0458,284.4616,274.0458
284.2105,77.9999,335.7895,77.9999,335.7895,274.0001,284.2105,274.0001
284.9237,70.9100,337.0763,70.9100,337.0763,269.0900,284.9237,269.0900
289.6141,64.7335,342.3859,64.7335,342.3859,265.2665,289.6141,265.2665
289.3092,63.5748,342.6908,63.5748,342.6908,266.4252,289.3092,266.4252
290.1178,61.8475,343.8822,61.8475,343.8822,266.1525,290.1178,266.1525
293.1606,65.0101,346.8394,65.0101,346.8394,268.9899,293.1606,268.9899
293.1860,65.1067,346.8140,65.1067,346.8140,268.8932,293.1860,268.8932
294.2817,64.4705,347.7183,64.4705,347.7183,267.5295,294.2817,267.5295
298.5699,73.5655,351.4301,73.5655,351.4301,274.4345,298.5699,274.4345
299.8349,74.5726,352.1651,74.5726,352.1651,273.4274,299.8349,273.4274
302.0069,72.2262,353.9931,72.2262,353.9931,269.7738,302.0069,269.7738
304.5678,68.5577,357.4322,68.5577,357.4322,269.4424,304.5678,269.4424
301.8353,64.7741,356.1647,64.7741,356.1647,271.2260,301.8353,271.2260
297.1067,62.0053,352.8933,62.0053,352.8933,273.9947,297.1067,273.9947
279.2458,62.5343,334.7542,62.5343,334.7542,273.4657,279.2458,273.4657
279.3716,63.0120,334.6284,63.0120,334.6284,272.9880,279.3716,272.9880
283.5150,69.5572,338.4850,69.5572,338.4850,278.4428,283.5150,278.4428
286.7286,69.3688,341.2714,69.3688,341.2714,276.6312,286.7286,276.6312
286.9221,70.1038,341.0779,70.1038,341.0779,275.8962,286.9221,275.8962
288.0634,66.6409,341.9366,66.6409,341.9366,271.3591,288.0634,271.3591
288.2462,63.3356,341.7538,63.3356,341.7538,266.6644,288.2462,266.6644
288.4189,63.9918,341.5811,63.9918,341.5811,266.0081,288.4189,266.0081
289.7547,57.2677,342.2453,57.2677,342.2453,256.7323,289.7547,256.7323
286.0153,58.2581,337.9847,58.2581,337.9847,255.7419,286.0153,255.7419
286.2275,59.0646,337.7725,59.0646,337.7725,254.9354,286.2275,254.9354
284.2275,57.0646,335.7725,57.0646,335.7725,252.9354,284.2275,252.9354
282.2269,61.0623,333.7731,61.0623,333.7731,256.9377,282.2269,256.9377
281.2257,62.0578,332.7743,62.0578,332.7743,257.9422,281.2257,257.9422
280.2554,66.1706,331.7446,66.1706,331.7446,261.8294,280.2554,261.8294
279.2875,69.2926,330.7125,69.2926,330.7125,264.7074,279.2875,264.7074
279.2975,69.3306,330.7025,69.3306,330.7025,264.6694,279.2975,264.6694
279.3541,70.5456,330.6459,70.5456,330.6459,265.4544,279.3541,265.4544
278.4478,72.9015,329.5522,72.9015,329.5522,267.0985,278.4478,267.0985
278.5193,73.1732,329.4807,73.1732,329.4807,266.8268,278.5193,266.8268
278.6230,71.5673,329.3770,71.5673,329.3770,264.4327,278.6230,264.4327
279.7487,70.0451,330.2513,70.0451,330.2513,261.9549,279.7487,261.9549
279.8672,70.4952,330.1328,70.4952,330.1328,261.5048,279.8672,261.5048
281.9154,65.6785,332.0846,65.6785,332.0846,256.3215,281.9154,256.3215
285.4785,68.0184,336.5215,68.0184,336.5215,261.9816,285.4785,261.9816
285.0919,66.5493,336.9081,66.5493,336.9081,263.4507,285.0919,263.4507
288.6767,67.9715,341.3233,67.9715,341.3233,268.0285,288.6767,268.0285
300.3272,65.6434,353.6728,65.6434,353.6728,268.3566,300.3272,268.3566
301.0040,64.4152,354.9960,64.4152,354.9960,269.5848,301.0040,269.5848
304.8381,63.7847,359.1619,63.7847,359.1619,270.2152,304.8381,270.2152
307.6475,67.0605,362.3525,67.0605,362.3525,274.9395,307.6475,274.9395
307.4082,66.1511,362.5918,66.1511,362.5918,275.8489,307.4082,275.8489
311.0949,63.9607,366.9051,63.9607,366.9051,276.0393,311.0949,276.0393
320.5462,59.8757,377.4538,59.8757,377.4538,276.1243,320.5462,276.1243
321.9912,56.7666,380.0088,56.7666,380.0088,277.2334,321.9912,277.2334
323.5496,53.0884,382.4504,53.0884,382.4504,276.9116,323.5496,276.9116
336.3584,42.3620,395.6416,42.3620,395.6416,267.6380,336.3584,267.6380
337.1701,41.6465,396.8299,41.6465,396.8299,268.3535,337.1701,268.3535
342.0216,38.0823,401.9784,38.0823,401.9784,265.9178,342.0216,265.9178
353.0825,41.3136,412.9175,41.3136,412.9175,268.6864,353.0825,268.6864
353.1282,41.4873,412.8718,41.4873,412.8718,268.5127,353.1282,268.5127
358.5039,40.9148,417.4961,40.9148,417.4961,265.0852,358.5039,265.0852
371.8090,39.0742,430.1910,39.0742,430.1910,260.9258,371.8090,260.9258
372.2813,40.8690,429.7187,40.8690,429.7187,259.1310,372.2813,259.1310
377.1656,41.4291,434.8344,41.4291,434.8344,260.5709,377.1656,260.5709
388.2324,41.6832,445.7676,41.6832,445.7676,260.3168,388.2324,260.3168
389.2811,42.8681,446.7189,42.8681,446.7189,261.1319,389.2811,261.1319
396.1736,46.4595,453.8264,46.4595,453.8264,265.5405,396.1736,265.5405
402.1400,48.3321,459.8600,48.3321,459.8600,267.6679,402.1400,267.6679
406.9255,45.5169,465.0745,45.5169,465.0745,266.4832,406.9255,266.4832
414.0247,43.8940,471.9753,43.8940,471.9753,264.1060,414.0247,264.1060
414.1005,45.1819,471.8995,45.1819,471.8995,264.8181,414.1005,264.8181
416.0830,46.1156,473.9170,46.1156,473.9170,265.8844,416.0830,265.8844
414.0603,52.0292,471.9397,52.0292,471.9397,271.9708,414.0603,271.9708
414.0403,51.9532,471.9597,51.9532,471.9597,272.0468,414.0403,272.0468
412.2659,53.8103,469.7341,53.8103,469.7341,272.1897,412.2659,272.1897
402.7318,58.5809,459.2682,58.5809,459.2682,273.4191,402.7318,273.4191
403.1295,60.0922,458.8705,60.0922,458.8705,271.9078,403.1295,271.9078
400.5247,62.5939,455.4753,62.5939,455.4753,271.4061,400.5247,271.4061
396.9205,69.0981,451.0795,69.0981,451.0795,274.9019,396.9205,274.9019
396.3219,70.6231,449.6781,70.6231,449.6781,273.3769,396.3219,273.3769
395.5931,70.6539,448.4069,70.6539,448.4069,271.3461,395.5931,271.3461
393.8817,69.7506,446.1183,69.7506,446.1183,268.2494,393.8817,268.2494
393.2242,71.0519,444.7758,71.0519,444.7758,266.9481,393.2242,266.9481
393.5032,71.1120,444.4968,71.1120,444.4968,264.8880,393.5032,264.8880
395.6280,74.5864,446.3720,74.5864,446.3720,267.4136,395.6280,267.4136
395.7809,76.1675,446.2191,76.1675,446.2191,267.8325,395.7809,267.8325
396.8829,71.5552,447.1171,71.5552,447.1171,262.4448,396.8829,262.4448
395.8813,68.5489,446.1187,68.5489,446.1187,259.4511,395.8813,259.4511
395.9223,68.7048,446.0777,68.7048,446.0777,259.2952,395.9223,259.2952
395.8752,65.5259,446.1248,65.5259,446.1248,256.4741,395.8752,256.4741
396.7909,66.2055,447.2091,66.2055,447.2091,257.7945,396.7909,257.7945
396.6996,65.8584,447.3004,65.8584,447.3004,258.1416,396.6996,258.1416
397.7233,65.9486,448.2767,65.9486,448.2767,258.0514,397.7233,258.0514
399.6879,69.8141,450.3121,69.8141,450.3121,262.1859,399.6879,262.1859
399.6253,70.5762,450.3747,70.5762,450.3747,263.4238,399.6253,263.4238
399.5878,71.4337,450.4122,71.4337,450.4122,264.5663,399.5878,264.5663
398.5538,74.3046,449.4462,74.3046,449.4462,267.6954,398.5538,267.6954
398.5198,74.1753,449.4802,74.1753,449.4802,267.8247,398.5198,267.8247
396.4990,74.0963,447.5010,74.0963,447.5010,267.9037,396.4990,267.9037
393.5103,73.1392,444.4897,73.1392,444.4897,266.8608,393.5103,266.8608
393.5205,73.1780,444.4795,73.1780,444.4795,266.8220,393.5205,266.8220
392.5673,70.3558,443.4327,70.3558,443.4327,263.6442,392.5673,263.6442
389.6651,64.7275,440.3349,64.7275,440.3349,257.2725,389.6651,257.2725
389.7788,65.1595,440.2212,65.1595,440.2212,256.8405,389.7788,256.8405
388.8463,64.4159,439.1537,64.4159,439.1537,255.5841,388.8463,255.5841
386.8365,68.3786,437.1635,68.3786,437.1635,259.6214,386.8365,259.6214
386.8302,68.3548,437.1698,68.3548,437.1698,259.6452,386.8302,259.6452
385.8512,71.4344,436.1488,71.4344,436.1488,262.5656,385.8512,262.5656
384.8143,75.2944,435.1857,75.2944,435.1857,266.7056,384.8143,266.7056
384.7716,75.1323,435.2284,75.1323,435.2284,266.8677,384.7716,266.8677
384.7178,77.9276,435.2822,77.9276,435.2822,270.0724,384.7178,270.0724
382.5999,81.4798,433.4001,81.4798,433.4001,274.5202,382.5999,274.5202
382.4902,81.0628,433.5098,81.0628,433.5098,274.9372,382.4902,274.9372
380.4410,78.8757,431.5590,78.8757,431.5590,273.1243,380.4410,273.1243
373.6097,78.5171,424.3903,78.5171,424.3903,271.4829,373.6097,271.4829
373.7546,79.0676,424.2454,79.0676,424.2454,270.9324,373.7546,270.9324
372.9045,78.6371,423.0955,78.6371,423.0955,269.3629,372.9045,269.3629
372.0295,76.1123,421.9705,76.1123,421.9705,265.8877,372.0295,265.8877
372.1398,76.5313,421.8602,76.5313,421.8602,265.4688,372.1398,265.4688
372.3259,76.2385,421.6741,76.2385,421.6741,263.7615,372.3259,263.7615
373.4402,73.6729,422.5598,73.6729,422.5598,260.3271,373.4402,260.3271
373.5701,74.1663,422.4299,74.1663,422.4299,259.8337,373.5701,259.8337
371.7684,70.9200,420.2316,70.9200,420.2316,255.0800,371.7684,255.0800
367.9278,71.5255,416.0722,71.5255,416.0722,254.4745,367.9278,254.4745
368.1088,72.2134,415.8912,72.2134,415.8912,253.7866,368.1088,253.7866
367.2704,75.8274,414.7296,75.8274,414.7296,256.1726,367.2704,256.1726
362.3401,83.0926,409.6599,83.0926,409.6599,262.9074,362.3401,262.9074
362.4258,83.4180,409.5742,83.4180,409.5742,262.5820,362.4258,262.5820
360.5057,84.7218,407.4943,84.7218,407.4943,263.2782,360.5057,263.2782
355.7661,89.7111,402.2339,89.7111,402.2339,266.2889,355.7661,266.2889
355.0881,90.9349,400.9119,90.9349,400.9119,265.0651,355.0881,265.0651
354.3303,92.8551,399.6697,92.8551,399.6697,265.1449,354.3303,265.1449
351.4298,98.2333,396.5702,98.2333,396.5702,269.7667,351.4298,269.7667
350.6053,98.9003,395.3947,98.9003,395.3947,269.0997,350.6053,269.0997
348.6068,100.9057,393.3932,100.9057,393.3932,271.0943,348.6068,271.0943
346.5700,104.7661,391.4300,104.7661,391.4300,275.2339,346.5700,275.2339
346.5135,105.5513,391.4865,105.5513,391.4865,276.4487,346.5135,276.4487
345.5490,103.6863,390.4510,103.6863,390.4510,274.3137,345.5490,274.3137
340.6314,101.9993,385.3686,101.9993,385.3686,272.0007,340.6314,272.0007
340.6253,101.9761,385.3747,101.9761,385.3747,272.0239,340.6253,272.0239
336.3831,102.0557,381.6169,102.0557,381.6169,273.9443,336.3831,273.9443
329.3424,104.9013,374.6576,104.9013,374.6576,277.0987,329.3424,277.0987
328.2992,105.7368,373.7008,105.7368,373.7008,278.2632,328.2992,278.2632
325.2648,103.6061,370.7352,103.6061,370.7352,276.3939,325.2648,276.3939
316.2995,111.7382,361.7005,111.7382,361.7005,284.2618,316.2995,284.2618
315.4151,115.1775,360.5849,115.1775,360.5849,286.8225,315.4151,286.8225
313.4151,111.1775,358.5849,111.1775,358.5849,282.8225,313.4151,282.8225
311.3195,108.8142,356.6805,108.8142,356.6805,281.1858,311.3195,281.1858
311.2062,108.3837,356.7938,108.3837,356.7938,281.6163,311.2062,281.6163
311.9941,102.5776,358.0059,102.5776,358.0059,277.4224,311.9941,277.4224
314.8176,92.9070,361.1824,92.9070,361.1824,269.0930,314.8176,269.0930
314.6270,91.1827,361.3730,91.1827,361.3730,268.8173,314.6270,268.8173
314.2614,85.7934,361.7386,85.7934,361.7386,266.2066,314.2614,266.2066
315.9401,79.5722,364.0599,79.5722,364.0599,262.4278,315.9401,262.4278
315.5100,77.9380,364.4900,77.9380,364.4900,264.0620,315.5100,264.0620
316.2387,73.9071,365.7613,73.9071,365.7613,262.0930,316.2387,262.0930
319.9531,70.8217,370.0469,70.8217,370.0469,261.1783,319.9531,261.1783
319.6473,69.6597,370.3527,69.6597,370.3527,262.3403,319.6473,262.3403
321.4219,70.8031,372.5781,70.8031,372.5781,265.1969,321.4219,265.1969
324.2837,75.2781,375.7163,75.2781,375.7163,270.7219,324.2837,270.7219
324.1971,74.9490,375.8029,74.9490,375.8029,271.0510,324.1971,271.0510
325.2138,76.0125,376.7862,76.0125,376.7862,271.9875,325.2138,271.9875
327.2885,79.2963,378.7115,79.2963,378.7115,274.7037,327.2885,274.7037
327.3854,79.6645,378.6146,79.6645,378.6146,274.3355,327.3854,274.3355
327.5093,81.1354,378.4907,81.1354,378.4907,274.8646,327.5093,274.8646
330.5410,86.2557,381.4590,86.2557,381.4590,279.7443,330.5410,279.7443
330.5782,85.3971,381.4218,85.3971,381.4218,278.6029,330.5782,278.6029
332.5793,86.4014,383.4207,86.4014,383.4207,279.5986,332.5793,279.5986
337.5957,84.4638,388.4043,84.4638,388.4043,277.5362,337.5957,277.5362
337.6106,84.5201,388.3894,84.5201,388.3894,277.4799,337.6106,277.4799
