17.001
0.97878
1.7369
1.6407
1.5732
1.5197
1.5229
1.5561
1.5407
1.623
1.5212
1.6229
1.5271
1.6205
1.6195
1.5247
1.5123
1.514
1.6229
1.5691
1.5216
1.6225
1.5836
1.5606
1.5168
1.5131
1.5157
1.5618
1.5173
1.6271
1.5632
1.5443
1.6218
1.5246
1.6211
1.5259
1.6259
1.6197
1.5283
1.5165
1.5698
1.5141
1.5172
1.5141
1.6193
1.6174
1.5623
1.5165
1.5605
1.6247
1.5592
1.5231
1.621
1.561
1.548
1.6202
1.5224
1.6268
1.5253
1.6215
1.6234
1.5245
1.5156
1.5747
1.6233
1.5694
1.5228
1.6218
1.5793
1.5627
1.6218
1.5473
1.5169
1.5536
1.5141
1.6224
1.5527
1.5386
1.6239
1.5158
1.6212
1.5213
1.6208
1.6182
1.5264
1.5306
1.514
1.5896
1.5701
1.522
1.6231
1.5762
1.5605
1.626
1.5422
1.6199
1.5483
1.6199
1.6191
1.5498
1.5209
1.6162
1.6233
1.6087
1.5344
1.5182
1.6242
1.5155
1.5219
1.5579
1.5145
1.5672
1.5144
1.6198
1.5723
1.5539
1.5185
1.5477
1.6226
1.5464
1.6261
1.6196
1.548
1.517
1.6139
1.6252
1.6268
1.5319
1.6215
1.612
1.5607
1.5156
1.5573
1.6191
1.5566
1.525
1.6252
1.5597
1.5465
1.6191
1.5209
1.6228
1.5227
1.6221
1.6225
1.5268
1.515
1.573
1.6182
1.5684
1.5233
1.6208
1.5807
1.5622
1.6198
1.5451
1.6241
1.5459
1.6181
1.6246
1.5468
1.5237
1.6208
1.6272
1.6137
1.5388
1.6215
1.6137
1.5706
1.517
1.5557
1.6239
1.5615
1.5173
1.6228
1.5603
1.5462
1.517
1.5268
1.6209
1.5352
1.6226
1.622
1.5371
1.5143
1.5811
1.6249
1.5786
1.5143
1.6234
1.5941
1.5608
1.5162
1.5519
1.6224
1.5539
1.5114
1.6187
1.5609
1.5383
1.6195
1.5309
1.6228
1.522
1.624
1.623
1.5215
1.5376
1.5662
1.6181
1.5707
1.5151
1.6224
1.5723
1.5561
1.5122
1.5506
1.5108
1.5512
1.518
1.621
1.5577
1.5434
1.6192
1.5175
1.6237
1.5199
1.6174
1.6217
1.5203
1.5356
1.5691
1.6196
1.5664
1.5185
1.6172
1.5743
1.5616
1.6188
1.5465
1.6242
1.5463
1.6213
1.6201
1.5444
1.5114
1.618
1.6164
1.6101
1.5386
1.6221
1.6292
1.5873
1.5107
1.511
1.5133
1.5091
1.5141
1.5132
1.5127
1.5108
1.5146
1.509
1.5088
1.511
1.5087
1.5121
1.5143
1.5127
1.5097
1.5163
1.5088
1.509
1.5129
1.5094
1.5103
1.5135
1.5103
1.5129
1.543
1.5559
1.5515
1.5469
1.5174
1.5284
1.6303
1.5223
1.5242
1.5244
1.5202
1.5631
1.5309
1.6274
1.5712
1.5682
1.6263
1.5509
1.5238
1.5212
1.5229
1.5302
1.5624
1.5528
1.5537
1.5287
1.5234
1.5235
1.5209
1.5235
1.5555
1.5209
1.6212
1.629
1.5208
1.5229
1.6292
1.5391
1.5304
1.5252
1.5608
1.531
1.5736
1.5201
1.5233
1.5238
1.5657
1.5228
1.565
1.6252
1.533
1.524
1.6294
1.5533
1.5461
1.6257
1.5267
1.5279
1.529
1.5232
1.6264
1.5371
1.5235
1.5255
1.6251
1.5867
1.5316
1.6254
1.5727
1.5221
1.5179
1.5612
1.5671
1.5622
1.524
1.5857
1.5422
1.5259
1.6333
1.525
1.5392
1.5449
1.5425
1.6303
1.5493
1.5226
1.5786
1.627
1.5657
1.523
1.6281
1.5736
1.5697
1.5217
1.56
1.5241
1.5669
1.5235
1.5451
1.5718
1.5558
1.5603
1.5437
1.562
1.5511
1.6266
1.6246
1.5478
1.5279
1.5691
1.6261
1.5232
1.5182
1.626
1.5365
1.5223
1.5304
1.5621
1.5198
1.5241
1.5227
1.6238
1.533
1.5676
1.5424
1.5536
1.5388
1.5292
1.5237
1.6272
1.5493
1.5234
1.52
1.5288
1.6258
1.5333
1.5778
1.6271
1.538
1.5416
1.5233
1.6291
1.5776
1.5317
1.6274
1.5484
1.5542
1.5237
1.5569
1.5681
1.5616
1.5206
1.5764
1.5694
1.5224
1.6291
1.5266
1.5272
1.5424
1.5433
1.6263
1.5465
1.5247
1.5781
1.6273
1.5664
1.5184
1.5214
1.5864
1.5196
1.5282
1.5678
1.5196
1.5704
1.5235
1.5459
1.577
1.5226
1.5439
1.5262
1.6268
1.554
1.6261
1.632
1.5508
1.5212
1.6204
1.6262
1.5247
1.5222
1.6254
1.542
1.5264
1.5239
1.5652
1.5232
1.5708
1.5252
1.5866
1.552
1.5675
1.6317
1.5467
1.6279
1.5258
1.6195
1.6241
1.5357
1.5268
1.6111
1.5576
1.6179
1.5421
1.5683
1.6277
1.5246
1.6748
1.5591
1.6281
1.5613
1.5212
1.6285
1.5921
1.5402
1.5233
1.5227
1.5178
1.54
1.6272
1.5571
1.547
1.5233
1.5719
1.5949
1.5212
1.5198
1.6259
1.6083
1.5684
1.5247
1.5694
1.5505
1.5448
1.5226
1.5421
1.5627
1.5599
1.6239
1.5399
1.629
1.5379
1.5967
1.6273
1.5407
1.5241
1.5849
1.569
1.5674
1.537
1.6264
1.5615
1.5575
1.5523
1.5619
1.5517
1.5622
1.5219
1.5891
1.5381
1.5261
1.5355
1.5273
1.6249
1.5467
1.5426
1.6239
1.5502
1.5362
1.5694
1.5214
1.5176
1.5221
1.6293
1.6051
1.521
1.531
1.5668
1.5219
1.5735
1.5208
1.5239
1.5591
1.5642
1.6548
1.55
1.6254
1.552
1.5479
1.6279
1.5574
1.522
1.6227
1.5302
1.5295
1.5224
1.5612
1.5528
1.5295
1.5475
1.5707
1.5447
1.5617
1.5281
1.5266
1.5231
1.5263
1.5212
1.5244
1.5286
1.5193
1.5218
1.5306
1.5504
1.5229
1.5492
1.5232
1.5445
1.5464
1.5194
1.5303
1.5313
1.5491
1.5557
1.5347
1.5217
1.5457
1.5216
1.519
1.5236
1.5239
1.5541
1.5231
1.5339
1.5266
1.6289
1.5548
1.523
1.5251
1.5246
1.6368
1.5764
1.5248
1.6272
1.5882
1.5688
1.5191
1.5551
1.6275
1.53
1.5233
1.6273
1.5501
1.5447
1.6281
1.5228
1.6257
1.5247
1.5733
1.5225
1.5371
1.5205
1.5248
1.5689
1.5895
1.5323
1.6279
1.5982
1.5497
1.523
1.5578
1.567
1.563
1.5185
1.579
1.5689
1.5218
1.629
1.5258
1.5325
1.5421
1.5421
1.6261
1.5463
1.5263
1.5199
1.576
1.5223
1.5202
1.6284
1.5961
1.5209
1.5298
1.568
1.5212
1.5686
1.5248
1.5509
1.5234
1.5672
1.5456
1.5549
1.5423
1.5586
1.5237
1.5329
1.5644
1.5258
1.6277
1.5262
1.5442
1.5358
1.5749
1.5215
1.5496
1.5242
1.5743
1.5748
1.6029
1.5377
1.6284
1.6076
1.5685
1.5219
1.5614
1.5542
1.546
1.5196
1.6255
1.5611
1.5517
1.6273
1.5304
1.6254
1.5348
1.5783
1.6281
1.5375
1.5223
1.5228
1.5222
1.5218
1.5403
1.5234
1.5696
1.5208
1.5273
1.5695
1.5213
1.5737
1.5254
1.6248
1.5227
1.5269
1.6311
1.5379
1.5527
1.5565
1.5577
1.5731
1.5594
1.5342
1.5233
1.5233
1.524
1.5237
1.5254
1.6003
1.5271
1.5235
1.5916
1.5203
1.6067
1.5374
1.5234
1.5659
1.524
1.5283
1.5653
1.5242
1.5704
1.5353
1.6267
1.569
1.6151
1.7773
1.5676
1.541
1.5338
1.6281
1.5558
1.5429
1.5261
1.5713
1.6301
1.5175
1.5157
1.517
1.5169
1.5148
1.5186
1.5167
1.5151
1.5161
1.5186
1.515
1.5185
1.517
1.5138
1.5175
1.5175
1.5139
1.5186
1.5159
1.517
1.5182
1.5188
1.5149
1.5175
1.5161
1.5155
1.5158
1.5172
1.5174
1.5184
1.5169
1.5141
1.5172
1.5163
1.5163
1.5184
1.5245
1.518
1.5231
1.5188
1.5157
1.5185
1.5184
1.5147
1.5176
1.5166
1.5203
1.5169
1.5176
1.5153
1.5184
1.517
1.516
1.5178
1.5195
1.6219
1.5647
1.6233
1.5381
1.5324
1.5356
1.5377
1.5393
1.5185
1.5191
1.5206
1.5302
1.5201
1.5463
1.5653
1.5226
1.6018
1.5202
1.5171
1.5273
1.5766
1.5373
1.5546
1.529
1.5638
1.5211
1.5703
1.6184
1.5227
1.5665
1.5241
1.6229
1.5674
1.6241
1.5326
1.532
1.518
1.572
1.5366
1.5175
1.5206
1.5194
1.5279
1.5205
1.5259
1.5643
1.5226
1.6248
1.529
1.5219
1.5223
1.6229
1.5384
1.5492
1.5241
1.5335
1.5232
1.5217
1.5252
1.5264
1.6263
1.5301
1.5545
1.5334
1.5236
1.5296
1.5195
1.5282
1.5586
1.5227
1.5516
1.5212
1.5191
1.5246
1.5327
1.5385
1.5237
1.5362
1.533
1.5559
1.624
1.5219
1.5233
1.6265
1.5585
1.5399
1.6245
1.5208
1.5484
1.5259
1.5988
1.6236
1.5292
1.6233
1.567
1.547
1.5536
1.5454
1.6279
1.5779
1.5406
1.5232
1.5491
1.5241
1.5225
1.5216
1.6237
1.5249
1.519
1.5306
1.5313
1.5238
1.5412
1.6239
1.5475
1.5217
1.5254
1.6042
1.5218
1.5675
1.5185
1.5214
1.6258
1.5212
1.5896
1.5263
1.5493
1.5217
1.5229
1.5488
1.5614
1.5366
1.6268
1.5322
1.5582
1.5242
1.5259
1.6294
1.5356
1.5235
1.6263
1.5226
1.5237
1.6335
1.5195
1.5211
1.5259
1.5203
1.5878
1.575
1.5207
1.5554
1.521
1.5428
1.5204
1.5572
1.5186
1.5544
1.5239
1.5379
1.5242
