0.000102
0.046237
0.02132
0.022037
0.021376
0.021602
0.021661
0.021468
0.021319
0.021619
0.021377
0.021551
0.021731
0.021331
0.021423
0.022164
0.021576
0.021485
0.022728
0.021496
0.022172
0.021814
0.022027
0.022762
0.021781
0.021936
0.022166
0.021827
0.021867
0.02189
0.021823
0.021597
0.021547
0.021931
0.021719
0.021799
0.02192
0.021988
0.02213
0.022684
0.022391
0.022388
0.022926
0.021907
0.022403
0.021994
0.022093
0.022001
0.021647
0.021764
0.021608
0.021981
0.021792
0.022786
0.021695
0.021965
0.022219
0.022152
0.022013
0.021637
0.022158
0.022725
0.021751
0.021645
0.021685
0.022295
0.021839
0.021632
0.021834
0.021733
0.021526
0.021542
0.021513
0.021453
0.021589
0.021391
0.021652
0.022844
0.022215
0.021474
0.021917
0.021553
0.023243
0.021737
0.021292
0.021316
0.021346
0.021466
0.021443
0.021517
0.021672
0.022146
0.021327
0.021623
0.021189
0.021412
0.021129
0.021282
0.021577
0.021281
0.021651
0.021962
0.02141
0.021303
0.021438
0.0215
0.021383
0.021556
0.021695
0.021525
0.021689
0.021623
0.021572
