10.912
0.33745
0.10819
0.042918
0.039796
0.039025
0.038819
0.14025
0.038338
0.038978
0.042135
0.041121
0.040148
0.13385
0.037867
0.038142
0.038138
0.037878
0.037852
0.13601
0.037916
0.0376
0.03766
0.037572
0.037472
0.13705
0.03742
0.037561
0.037565
0.03746
0.037498
0.13737
0.037647
0.037702
0.037883
0.037848
0.037822
0.13609
0.037649
0.037599
0.03738
0.037455
0.037591
0.13537
0.039178
0.037159
0.037327
0.038103
0.037143
0.13525
0.090895
0.040952
0.039261
0.040149
0.038504
0.13694
0.038595
0.038396
0.038377
0.038409
0.038494
0.13612
0.038233
0.038406
0.038271
0.037994
0.037957
0.13705
0.037934
0.037846
0.037651
0.037999
0.037117
0.13705
0.038458
0.038066
0.037954
0.038202
0.043681
0.13661
0.038032
0.037909
0.0381
0.03775
0.038028
0.13535
0.037913
0.037742
0.038056
0.037865
0.039979
0.13728
0.038157
0.038415
0.037992
0.03819
0.037855
0.13711
0.038068
0.038263
0.037517
0.037551
0.037728
0.13488
0.037248
0.038052
0.037987
0.037768
0.038407
0.13485
0.038054
0.039064
0.037932
0.037363
0.037642
0.13519
0.037425
0.037582
0.03745
0.038772
0.037313
0.13487
0.038
0.038077
0.037662
0.037547
0.0375
0.13484
0.037376
0.037818
0.03752
0.037573
0.037609
0.13546
0.037118
0.037375
0.037573
0.037303
0.037553
0.13491
0.037028
0.039168
0.038535
0.03788
0.03757
0.13619
0.037793
0.03798
0.037225
0.037334
0.037291
0.13504
0.037216
0.037519
0.037786
0.03751
0.037443
0.13522
0.037605
0.03741
0.037762
0.037952
0.038055
0.13624
0.037617
0.037693
0.037394
0.03743
0.037637
0.13472
0.037834
0.038109
0.037007
0.037435
0.037456
0.13529
0.037091
0.037345
0.038584
0.037815
0.037422
0.13472
0.03783
0.03763
0.037396
0.037759
0.038303
0.1347
0.037211
0.037885
0.037118
0.037779
0.037726
0.13453
0.037838
0.037413
0.037733
0.03738
0.03717
0.13573
0.037612
0.037477
0.037483
0.037364
0.037389
0.13441
0.037911
0.037317
0.036976
0.037295
0.038308
0.13518
0.037847
0.036948
0.037468
0.037557
0.037581
0.13482
0.037975
0.037475
0.037648
0.03769
0.037889
0.13522
0.037127
0.038023
0.038083
0.037578
0.037738
0.13622
0.037713
0.037704
0.037377
0.037348
0.037906
0.13475
0.037596
0.037971
0.037693
0.037599
0.037718
0.13459
0.037971
0.037734
0.037628
0.038036
0.038071
0.13566
0.038018
0.038044
0.037324
0.037626
0.037231
0.13496
0.037615
0.03748
0.037447
0.037884
0.03755
0.13523
0.037687
0.037935
0.038398
0.03727
0.037048
0.1355
0.037915
