1
113.0000,350.0000,195.0000,350.0000,195.0000,435.0000,113.0000,435.0000
112.0000,349.0000,194.0000,349.0000,194.0000,434.0000,112.0000,434.0000
112.0000,349.0000,194.0000,349.0000,194.0000,434.0000,112.0000,434.0000
112.0000,349.0000,194.0000,349.0000,194.0000,434.0000,112.0000,434.0000
112.0000,349.0000,194.0000,349.0000,194.0000,434.0000,112.0000,434.0000
112.0000,349.0000,194.0000,349.0000,194.0000,434.0000,112.0000,434.0000
112.0000,349.0000,194.0000,349.0000,194.0000,434.0000,112.0000,434.0000
112.0000,349.0000,194.0000,349.0000,194.0000,434.0000,112.0000,434.0000
112.0000,349.0000,194.0000,349.0000,194.0000,434.0000,112.0000,434.0000
112.0000,349.0000,194.0000,349.0000,194.0000,434.0000,112.0000,434.0000
112.0000,349.0000,194.0000,349.0000,194.0000,434.0000,112.0000,434.0000
112.0000,349.0000,194.0000,349.0000,194.0000,434.0000,112.0000,434.0000
112.0000,349.0000,194.0000,349.0000,194.0000,434.0000,112.0000,434.0000
0
0
0
0
0
0
0
0
0
0
0
0
0
0
0
0
0
0
0
2
0
0
0
0
1
174.0000,175.0000,248.0000,175.0000,248.0000,243.0000,174.0000,243.0000
175.0000,172.0000,249.0000,172.0000,249.0000,240.0000,175.0000,240.0000
175.0000,172.0000,249.0000,172.0000,249.0000,240.0000,175.0000,240.0000
175.0000,172.0000,249.0000,172.0000,249.0000,240.0000,175.0000,240.0000
175.0000,172.0000,249.0000,172.0000,249.0000,240.0000,175.0000,240.0000
175.0000,172.0000,249.0000,172.0000,249.0000,240.0000,175.0000,240.0000
175.0000,172.0000,249.0000,172.0000,249.0000,240.0000,175.0000,240.0000
175.0000,172.0000,249.0000,172.0000,249.0000,240.0000,175.0000,240.0000
175.0000,172.0000,249.0000,172.0000,249.0000,240.0000,175.0000,240.0000
175.0000,172.0000,249.0000,172.0000,249.0000,240.0000,175.0000,240.0000
0
0
0
0
0
0
0
0
0
0
0
0
0
0
0
0
0
0
0
0
0
0
2
0
0
0
0
1
249.0000,2.0000,322.0000,2.0000,322.0000,93.0000,249.0000,93.0000
248.0000,2.0000,323.0000,2.0000,323.0000,96.0000,248.0000,96.0000
248.0000,2.0000,323.0000,2.0000,323.0000,96.0000,248.0000,96.0000
248.0000,2.0000,323.0000,2.0000,323.0000,96.0000,248.0000,96.0000
248.0000,2.0000,323.0000,2.0000,323.0000,96.0000,248.0000,96.0000
248.0000,2.0000,323.0000,2.0000,323.0000,96.0000,248.0000,96.0000
248.0000,2.0000,323.0000,2.0000,323.0000,96.0000,248.0000,96.0000
248.0000,2.0000,323.0000,2.0000,323.0000,96.0000,248.0000,96.0000
248.0000,2.0000,323.0000,2.0000,323.0000,96.0000,248.0000,96.0000
248.0000,2.0000,323.0000,2.0000,323.0000,96.0000,248.0000,96.0000
248.0000,2.0000,323.0000,2.0000,323.0000,96.0000,248.0000,96.0000
248.0000,2.0000,323.0000,2.0000,323.0000,96.0000,248.0000,96.0000
248.0000,2.0000,323.0000,2.0000,323.0000,96.0000,248.0000,96.0000
248.0000,2.0000,323.0000,2.0000,323.0000,96.0000,248.0000,96.0000
248.0000,2.0000,323.0000,2.0000,323.0000,96.0000,248.0000,96.0000
248.0000,2.0000,323.0000,2.0000,323.0000,96.0000,248.0000,96.0000
248.0000,2.0000,323.0000,2.0000,323.0000,96.0000,248.0000,96.0000
248.0000,2.0000,323.0000,2.0000,323.0000,96.0000,248.0000,96.0000
248.0000,2.0000,323.0000,2.0000,323.0000,96.0000,248.0000,96.0000
248.0000,2.0000,323.0000,2.0000,323.0000,96.0000,248.0000,96.0000
248.0000,2.0000,323.0000,2.0000,323.0000,96.0000,248.0000,96.0000
248.0000,2.0000,323.0000,2.0000,323.0000,96.0000,248.0000,96.0000
248.0000,2.0000,323.0000,2.0000,323.0000,96.0000,248.0000,96.0000
248.0000,2.0000,323.0000,2.0000,323.0000,96.0000,248.0000,96.0000
248.0000,2.0000,323.0000,2.0000,323.0000,96.0000,248.0000,96.0000
248.0000,2.0000,323.0000,2.0000,323.0000,96.0000,248.0000,96.0000
248.0000,2.0000,323.0000,2.0000,323.0000,96.0000,248.0000,96.0000
248.0000,2.0000,323.0000,2.0000,323.0000,96.0000,248.0000,96.0000
248.0000,2.0000,323.0000,2.0000,323.0000,96.0000,248.0000,96.0000
248.0000,2.0000,323.0000,2.0000,323.0000,96.0000,248.0000,96.0000
248.0000,2.0000,323.0000,2.0000,323.0000,96.0000,248.0000,96.0000
248.0000,2.0000,323.0000,2.0000,323.0000,96.0000,248.0000,96.0000
247.0000,4.0000,322.0000,4.0000,322.0000,98.0000,247.0000,98.0000
247.0000,4.0000,322.0000,4.0000,322.0000,98.0000,247.0000,98.0000
247.0000,4.0000,322.0000,4.0000,322.0000,98.0000,247.0000,98.0000
247.0000,4.0000,322.0000,4.0000,322.0000,98.0000,247.0000,98.0000
247.0000,4.0000,322.0000,4.0000,322.0000,98.0000,247.0000,98.0000
247.0000,4.0000,322.0000,4.0000,322.0000,98.0000,247.0000,98.0000
247.0000,4.0000,322.0000,4.0000,322.0000,98.0000,247.0000,98.0000
247.0000,4.0000,322.0000,4.0000,322.0000,98.0000,247.0000,98.0000
247.0000,4.0000,322.0000,4.0000,322.0000,98.0000,247.0000,98.0000
247.0000,4.0000,322.0000,4.0000,322.0000,98.0000,247.0000,98.0000
247.0000,4.0000,322.0000,4.0000,322.0000,98.0000,247.0000,98.0000
247.0000,4.0000,322.0000,4.0000,322.0000,98.0000,247.0000,98.0000
247.0000,4.0000,322.0000,4.0000,322.0000,98.0000,247.0000,98.0000
247.0000,4.0000,322.0000,4.0000,322.0000,98.0000,247.0000,98.0000
247.0000,4.0000,322.0000,4.0000,322.0000,98.0000,247.0000,98.0000
247.0000,4.0000,322.0000,4.0000,322.0000,98.0000,247.0000,98.0000
247.0000,4.0000,322.0000,4.0000,322.0000,98.0000,247.0000,98.0000
247.0000,4.0000,322.0000,4.0000,322.0000,98.0000,247.0000,98.0000
247.0000,4.0000,322.0000,4.0000,322.0000,98.0000,247.0000,98.0000
247.0000,4.0000,322.0000,4.0000,322.0000,98.0000,247.0000,98.0000
247.0000,4.0000,322.0000,4.0000,322.0000,98.0000,247.0000,98.0000
247.0000,4.0000,322.0000,4.0000,322.0000,98.0000,247.0000,98.0000
247.0000,4.0000,322.0000,4.0000,322.0000,98.0000,247.0000,98.0000
247.0000,4.0000,322.0000,4.0000,322.0000,98.0000,247.0000,98.0000
247.0000,4.0000,322.0000,4.0000,322.0000,98.0000,247.0000,98.0000
247.0000,4.0000,322.0000,4.0000,322.0000,98.0000,247.0000,98.0000
247.0000,4.0000,322.0000,4.0000,322.0000,98.0000,247.0000,98.0000
247.0000,4.0000,322.0000,4.0000,322.0000,98.0000,247.0000,98.0000
247.0000,4.0000,322.0000,4.0000,322.0000,98.0000,247.0000,98.0000
247.0000,4.0000,322.0000,4.0000,322.0000,98.0000,247.0000,98.0000
2
0
0
0
0
1
322.0000,134.0000,399.0000,134.0000,399.0000,242.0000,322.0000,242.0000
324.0000,139.0000,401.0000,139.0000,401.0000,247.0000,324.0000,247.0000
324.0000,139.0000,401.0000,139.0000,401.0000,247.0000,324.0000,247.0000
324.0000,139.0000,401.0000,139.0000,401.0000,247.0000,324.0000,247.0000
324.0000,139.0000,401.0000,139.0000,401.0000,247.0000,324.0000,247.0000
324.0000,139.0000,401.0000,139.0000,401.0000,247.0000,324.0000,247.0000
