52.063
6.2034
1.7343
1.6294
1.6393
1.5882
5.3227
1.5647
1.6449
1.6706
1.6825
1.7955
5.1407
1.6466
1.7761
1.7196
1.7554
1.7666
5.163
1.7094
1.6293
1.758
1.7374
1.6474
5.0983
1.7293
1.7297
1.7747
1.7416
1.785
5.3436
1.8129
1.8908
1.8833
1.9452
1.9852
5.27
1.9352
1.7552
1.9871
1.9092
1.9212
5.5058
1.7874
1.9051
1.9127
1.817
1.9239
5.4202
2.0344
2.0822
2.1608
1.9115
2.0691
5.6679
1.9086
2.1131
1.9632
1.9789
1.9541
5.2428
2.0023
2.1171
2.1095
2.2095
2.142
5.8756
2.1466
2.1577
2.2371
2.021
2.121
5.5639
2.11
2.0884
2.0848
2.0835
2.0043
5.2629
1.9522
1.9916
1.9894
1.8978
1.9034
5.1659
2.0451
1.8004
1.8661
1.7686
1.8377
5.3133
2.0692
1.9568
2.0219
1.9135
2.0977
5.2977
1.9254
1.9808
2.0285
2.0666
2.1478
5.4228
2.2254
1.9952
2.0657
2.1835
2.0185
5.8748
2.271
2.0251
2.0843
2.0051
1.9661
5.3306
2.0888
2.0471
2.0042
1.9337
2.0037
5.3039
1.8327
1.9916
1.9837
2.0872
2.0593
5.2942
1.9549
1.9687
2.1111
1.976
1.9582
5.2772
2.1288
2.0182
1.9994
1.8606
2.1219
5.7431
1.9688
1.9308
1.9288
1.9813
2.0492
5.3688
1.8809
1.7853
2.0173
2.0158
1.9797
5.7061
2.2236
2.1266
1.9776
1.8677
1.9624
5.5623
2.0884
2.0178
2.1425
2.1521
2.1166
5.428
1.9678
1.9843
1.9382
2.0131
2.0263
5.4237
2.1681
1.9825
1.9027
2.0625
1.9449
5.6723
1.9512
1.8884
1.9523
1.9107
1.9734
5.2698
2.0905
1.8887
1.9542
1.9377
1.9986
5.7318
2.1155
2.0041
2.1186
2.0019
2.1523
5.8437
2.1317
2.0779
1.8709
2.24
2.0399
5.4755
2.032
2.0055
2.0443
1.8942
2.0524
5.5295
2.1833
2.0758
1.9467
1.9653
1.9398
5.4482
1.8313
1.8024
1.8716
1.8957
1.8626
5.2949
1.758
1.9055
1.8803
1.9178
1.9243
5.2413
1.7628
1.9941
1.8686
1.9789
1.9875
5.2605
1.9644
2.0414
1.9793
1.8279
1.872
5.5096
2.0673
2.0166
1.8617
2.1381
1.8828
5.176
1.9242
1.8541
1.8245
1.8659
1.8226
5.2055
1.8333
1.8661
1.8052
1.9115
2.1746
5.5298
2.115
2.0841
1.9439
2.0227
2.0268
5.7886
2.0822
1.9618
2.0563
2.1169
1.9081
5.2971
2.0165
1.8572
1.9233
1.9144
1.8512
5.3628
2.061
1.955
2.0681
2.0686
2.0899
5.1369
1.9834
1.8411
1.9764
1.8212
1.9332
5.3023
1.9018
1.8843
1.9652
1.9233
1.8185
5.4323
1.8878
1.858
1.8895
1.8081
1.7348
5.4621
1.8348
1.8179
1.8259
1.8139
1.81
5.4359
1.8244
1.8454
1.8747
1.81
1.8621
5.1099
1.8922
1.9102
1.9828
1.9036
1.9582
5.121
1.8901
1.7759
1.8386
1.846
1.8072
5.3198
1.8843
1.845
1.9451
1.966
1.8863
5.256
1.7472
1.9475
1.8637
1.7683
1.9111
5.1969
1.7669
1.9041
1.8194
1.8564
1.7972
5.2646
1.8739
1.8985
1.9689
1.8203
1.9545
5.4211
1.7853
1.8206
1.8256
1.7683
1.8984
5.3954
1.8558
1.9045
1.8532
1.917
1.7782
5.3011
1.8188
1.8334
1.7706
1.7869
1.8272
5.3457
1.8467
1.7151
1.79
1.867
1.8387
5.087
1.8595
2.0446
1.9386
1.8209
1.9116
5.2771
1.9018
1.9342
1.8785
1.7546
2.0154
5.211
2.0748
1.8818
1.8531
2.0262
2.0304
5.3738
2.0402
2.0195
2.0607
2.1603
1.9737
5.3513
2.0366
