0.0003218
0.74727
0.14333
0.11869
0.14689
0.10764
0.097488
0.09983
0.095323
0.099252
0.093461
0.096608
0.095124
0.095709
0.09778
0.095461
0.1045
0.097767
0.0947
0.095679
0.097843
0.095269
0.10349
0.097418
0.096566
0.097259
0.098923
0.10185
0.093217
0.095745
0.097057
0.096292
0.097114
0.099734
0.097654
0.098451
0.093635
0.10027
0.096123
0.09638
0.10577
0.093853
0.095088
0.098583
0.10861
0.094941
0.1025
0.093067
0.097418
0.097909
0.094843
0.093419
0.093159
0.094474
0.095299
0.1017
0.093439
0.097752
0.097272
0.098923
0.09646
0.094285
0.09417
0.092808
0.091771
0.096845
0.094841
0.098703
0.092362
0.089947
0.094905
0.096393
0.092434
0.094422
0.093549
0.090482
0.090128
0.089061
0.091239
0.094933
0.093358
0.091918
0.089654
0.093581
0.092073
0.090254
0.091765
0.10104
0.090347
0.092422
0.097911
0.090891
0.092001
0.095298
0.088103
0.09303
0.088428
0.090672
0.090642
0.089083
0.097659
0.097801
0.094175
0.097437
0.089754
0.097567
0.088997
0.089039
0.094517
0.090438
0.088538
0.091697
0.089777
0.090044
0.09349
0.091451
0.089736
0.090838
0.088738
0.089069
0.092038
0.1015
0.095487
0.091854
0.089871
0.092044
0.088516
0.089476
0.094457
0.094767
0.092533
0.090988
0.092606
0.09086
0.08904
0.089567
0.094808
0.091237
0.089251
0.089119
0.095479
0.091759
0.090116
0.092811
0.095927
0.091034
0.090006
0.094474
0.088666
0.092174
0.090815
0.091283
0.09172
0.091748
0.091307
0.093304
0.093643
0.094947
0.089947
0.089773
0.090997
0.088936
0.09607
0.096163
0.092301
0.088765
0.095754
0.094495
0.09077
0.090912
0.094422
0.092818
0.087968
0.094846
0.090914
0.09221
0.091831
0.088072
0.097998
0.094382
0.088424
0.093583
0.10114
0.097305
0.092658
0.092129
0.089595
0.091555
0.089605
0.093191
0.097893
0.089545
0.089506
0.089208
0.092305
0.10045
0.087856
0.09039
0.094716
0.087318
0.088596
0.089678
0.092399
0.095324
0.088878
0.090596
0.088693
0.089472
0.08778
0.093815
0.088357
0.086679
0.089269
0.087551
0.091184
0.085987
0.087893
0.086962
0.090507
0.089243
0.087333
0.088242
0.091379
0.088387
0.087578
0.085781
0.087087
0.089705
0.094128
0.09097
0.086814
0.090611
0.090283
0.088723
0.087785
0.086675
0.090819
0.090557
0.09994
0.086974
0.088972
0.087445
0.09022
0.085833
0.09139
0.085861
0.10193
0.085723
0.090502
0.086171
0.088167
0.092391
0.08717
0.086672
0.089521
0.09271
0.088553
0.095282
0.085267
0.085377
0.08388
0.084984
0.091819
0.084661
0.084759
0.092482
0.089994
0.089513
0.085576
0.089304
0.086531
0.086823
0.088898
0.094321
0.093027
0.087727
0.085218
0.086779
0.087411
0.090581
0.082043
0.087367
0.084723
0.088981
0.086489
0.087723
0.08657
0.089802
0.084377
0.091993
0.08804
0.084083
0.084595
0.084261
0.085886
0.085636
0.085874
0.091562
0.089213
0.088143
0.084835
0.08752
0.08721
0.08734
0.085958
0.083821
0.087481
0.083429
0.093032
0.087611
0.086069
0.087429
0.090748
0.090809
0.085304
0.087312
0.090221
0.083276
0.084456
0.085769
0.085295
0.086377
0.086835
0.087827
0.091008
0.08683
0.086064
0.085266
0.087237
0.091295
0.085742
0.086458
0.088773
0.091593
0.093902
0.087848
0.084455
0.085055
0.086833
0.083997
0.084397
0.085871
0.085799
0.092812
0.085613
0.084638
0.08381
0.091576
0.088349
0.085198
0.090985
0.083427
0.085237
0.08691
0.097759
0.086238
0.08696
0.086322
0.083542
0.087243
0.087074
0.087176
0.085108
0.084032
0.087227
0.085913
0.091114
0.085441
0.08686
0.099349
0.086268
0.094754
0.08555
0.086576
0.083653
0.085521
0.084285
0.081833
0.084705
0.088965
0.083637
0.093288
0.085688
0.088937
0.089642
0.089907
0.093176
0.08454
0.084153
0.085224
0.083678
0.084244
