51.443,52.043,50.645,0,0,0,0,0,0,0,0,0,0,0,0
1.5585,1.5682,1.5257,0,0,0,0,0,0,0,0,0,0,0,0
1.4578,1.4411,1.4503,0,0,0,0,0,0,0,0,0,0,0,0
1.3233,1.3415,1.3202,0,0,0,0,0,0,0,0,0,0,0,0
1.2971,1.3207,1.2954,0,0,0,0,0,0,0,0,0,0,0,0
1.292,1.3035,1.33,0,0,0,0,0,0,0,0,0,0,0,0
1.3299,1.3334,1.3351,0,0,0,0,0,0,0,0,0,0,0,0
1.3609,1.3656,1.3331,0,0,0,0,0,0,0,0,0,0,0,0
1.3096,1.3365,1.3304,0,0,0,0,0,0,0,0,0,0,0,0
1.267,1.3123,1.2979,0,0,0,0,0,0,0,0,0,0,0,0
1.2907,1.2936,1.2902,0,0,0,0,0,0,0,0,0,0,0,0
1.3112,1.3176,1.3245,0,0,0,0,0,0,0,0,0,0,0,0
1.3126,1.306,1.3888,0,0,0,0,0,0,0,0,0,0,0,0
1.3162,1.3185,1.2651,0,0,0,0,0,0,0,0,0,0,0,0
1.307,1.2718,1.3451,0,0,0,0,0,0,0,0,0,0,0,0
1.3153,1.2859,1.3355,0,0,0,0,0,0,0,0,0,0,0,0
1.3168,1.3115,1.336,0,0,0,0,0,0,0,0,0,0,0,0
1.3084,1.2968,1.3034,0,0,0,0,0,0,0,0,0,0,0,0
1.288,1.3107,1.2589,0,0,0,0,0,0,0,0,0,0,0,0
1.2824,1.292,1.2697,0,0,0,0,0,0,0,0,0,0,0,0
1.3047,1.2961,1.2965,0,0,0,0,0,0,0,0,0,0,0,0
1.2881,1.2896,1.3,0,0,0,0,0,0,0,0,0,0,0,0
1.2902,1.2598,1.3203,0,0,0,0,0,0,0,0,0,0,0,0
1.3014,1.307,1.2866,0,0,0,0,0,0,0,0,0,0,0,0
1.3176,1.2854,1.2893,0,0,0,0,0,0,0,0,0,0,0,0
1.2903,1.3039,1.3215,0,0,0,0,0,0,0,0,0,0,0,0
1.3212,1.3011,1.3228,0,0,0,0,0,0,0,0,0,0,0,0
1.3209,1.3275,1.2878,0,0,0,0,0,0,0,0,0,0,0,0
1.3083,1.2877,1.2899,0,0,0,0,0,0,0,0,0,0,0,0
1.2941,1.2951,1.2876,0,0,0,0,0,0,0,0,0,0,0,0
1.3361,1.3079,1.3447,0,0,0,0,0,0,0,0,0,0,0,0
1.3315,1.3055,1.3171,0,0,0,0,0,0,0,0,0,0,0,0
1.3163,1.2814,1.3075,0,0,0,0,0,0,0,0,0,0,0,0
1.3206,1.3392,1.2999,0,0,0,0,0,0,0,0,0,0,0,0
1.3764,1.3705,1.3594,0,0,0,0,0,0,0,0,0,0,0,0
1.2941,1.3889,1.2875,0,0,0,0,0,0,0,0,0,0,0,0
1.2761,1.3663,1.3288,0,0,0,0,0,0,0,0,0,0,0,0
1.4518,1.2907,1.3212,0,0,0,0,0,0,0,0,0,0,0,0
1.3564,1.3174,1.3135,0,0,0,0,0,0,0,0,0,0,0,0
1.3937,1.3542,1.3332,0,0,0,0,0,0,0,0,0,0,0,0
1.3002,1.3118,1.2944,0,0,0,0,0,0,0,0,0,0,0,0
1.306,1.2966,1.313,0,0,0,0,0,0,0,0,0,0,0,0
1.3181,1.2656,1.3157,0,0,0,0,0,0,0,0,0,0,0,0
1.2895,1.3148,1.2953,0,0,0,0,0,0,0,0,0,0,0,0
1.3058,1.2888,1.2855,0,0,0,0,0,0,0,0,0,0,0,0
1.2848,1.3198,1.2748,0,0,0,0,0,0,0,0,0,0,0,0
1.2824,1.3169,1.3377,0,0,0,0,0,0,0,0,0,0,0,0
1.2808,1.262,1.2839,0,0,0,0,0,0,0,0,0,0,0,0
1.3159,1.3181,1.3023,0,0,0,0,0,0,0,0,0,0,0,0
1.3328,1.3281,1.3212,0,0,0,0,0,0,0,0,0,0,0,0
1.3967,1.3602,1.3259,0,0,0,0,0,0,0,0,0,0,0,0
1.327,1.3425,1.3208,0,0,0,0,0,0,0,0,0,0,0,0
1.3252,1.3105,1.3033,0,0,0,0,0,0,0,0,0,0,0,0
1.3487,1.3216,1.3043,0,0,0,0,0,0,0,0,0,0,0,0
1.3246,1.2611,1.3415,0,0,0,0,0,0,0,0,0,0,0,0
1.2836,1.3256,1.3141,0,0,0,0,0,0,0,0,0,0,0,0
1.2884,1.3105,1.3154,0,0,0,0,0,0,0,0,0,0,0,0
1.2963,1.3159,1.3443,0,0,0,0,0,0,0,0,0,0,0,0
1.301,1.303,1.2977,0,0,0,0,0,0,0,0,0,0,0,0
1.2995,1.2975,1.2854,0,0,0,0,0,0,0,0,0,0,0,0
1.301,1.317,1.3742,0,0,0,0,0,0,0,0,0,0,0,0
1.318,1.3233,1.4129,0,0,0,0,0,0,0,0,0,0,0,0
1.3203,1.3173,1.2768,0,0,0,0,0,0,0,0,0,0,0,0
1.3193,1.2944,1.3465,0,0,0,0,0,0,0,0,0,0,0,0
1.3502,1.3399,1.2878,0,0,0,0,0,0,0,0,0,0,0,0
1.3025,1.3114,1.3357,0,0,0,0,0,0,0,0,0,0,0,0
1.3238,1.3044,1.3328,0,0,0,0,0,0,0,0,0,0,0,0
1.3153,1.305,1.299,0,0,0,0,0,0,0,0,0,0,0,0
1.2865,1.2912,1.32,0,0,0,0,0,0,0,0,0,0,0,0
1.2834,1.3089,1.2832,0,0,0,0,0,0,0,0,0,0,0,0
1.3144,1.3104,1.2923,0,0,0,0,0,0,0,0,0,0,0,0
1.3135,1.3016,1.2845,0,0,0,0,0,0,0,0,0,0,0,0
1.3144,1.2852,1.3068,0,0,0,0,0,0,0,0,0,0,0,0
1.2876,1.3085,1.2807,0,0,0,0,0,0,0,0,0,0,0,0
1.3344,1.324,1.3019,0,0,0,0,0,0,0,0,0,0,0,0
1.7898,1.7819,1.665,0,0,0,0,0,0,0,0,0,0,0,0
1.3029,1.2637,1.3475,0,0,0,0,0,0,0,0,0,0,0,0
1.2881,1.3157,1.2674,0,0,0,0,0,0,0,0,0,0,0,0
1.2888,1.2748,1.3169,0,0,0,0,0,0,0,0,0,0,0,0
1.3134,1.3036,1.3168,0,0,0,0,0,0,0,0,0,0,0,0
1.2743,1.2819,1.2989,0,0,0,0,0,0,0,0,0,0,0,0
1.2711,1.3112,1.322,0,0,0,0,0,0,0,0,0,0,0,0
1.3599,1.3098,1.3296,0,0,0,0,0,0,0,0,0,0,0,0
1.2984,1.3229,1.346,0,0,0,0,0,0,0,0,0,0,0,0
1.4306,1.4222,1.3292,0,0,0,0,0,0,0,0,0,0,0,0
1.2805,1.346,1.3166,0,0,0,0,0,0,0,0,0,0,0,0
1.3228,1.2828,1.313,0,0,0,0,0,0,0,0,0,0,0,0
1.3119,1.2782,1.2695,0,0,0,0,0,0,0,0,0,0,0,0
1.2721,1.2858,1.274,0,0,0,0,0,0,0,0,0,0,0,0
1.2676,1.3058,1.2675,0,0,0,0,0,0,0,0,0,0,0,0
1.309,1.2897,1.3151,0,0,0,0,0,0,0,0,0,0,0,0
1.297,1.2936,1.3393,0,0,0,0,0,0,0,0,0,0,0,0
1.2893,1.2436,1.2693,0,0,0,0,0,0,0,0,0,0,0,0
1.2776,1.3049,1.2902,0,0,0,0,0,0,0,0,0,0,0,0
1.2961,1.2995,1.2549,0,0,0,0,0,0,0,0,0,0,0,0
NaN,NaN,NaN,0,0,0,0,0,0,0,0,0,0,0,0
NaN,NaN,NaN,0,0,0,0,0,0,0,0,0,0,0,0
NaN,NaN,NaN,0,0,0,0,0,0,0,0,0,0,0,0
NaN,NaN,NaN,0,0,0,0,0,0,0,0,0,0,0,0
67.744,68.934,62.81,0,0,0,0,0,0,0,0,0,0,0,0
1.9109,1.9241,1.9415,0,0,0,0,0,0,0,0,0,0,0,0
1.8288,1.8638,1.8333,0,0,0,0,0,0,0,0,0,0,0,0
1.7151,1.7645,1.7306,0,0,0,0,0,0,0,0,0,0,0,0
1.7157,1.6917,1.6642,0,0,0,0,0,0,0,0,0,0,0,0
1.7106,1.7475,1.7679,0,0,0,0,0,0,0,0,0,0,0,0
1.7853,1.7875,1.7713,0,0,0,0,0,0,0,0,0,0,0,0
1.6579,1.7114,1.6865,0,0,0,0,0,0,0,0,0,0,0,0
1.7035,1.743,1.8394,0,0,0,0,0,0,0,0,0,0,0,0
1.6548,1.7124,1.812,0,0,0,0,0,0,0,0,0,0,0,0
1.703,1.6923,1.7398,0,0,0,0,0,0,0,0,0,0,0,0
1.6835,1.6831,1.6734,0,0,0,0,0,0,0,0,0,0,0,0
1.6868,1.7011,1.7247,0,0,0,0,0,0,0,0,0,0,0,0
1.6734,1.6765,1.6458,0,0,0,0,0,0,0,0,0,0,0,0
1.6637,1.7042,1.7171,0,0,0,0,0,0,0,0,0,0,0,0
1.6682,1.6688,1.7021,0,0,0,0,0,0,0,0,0,0,0,0
1.7012,1.6826,1.7157,0,0,0,0,0,0,0,0,0,0,0,0
1.7261,1.6485,1.69,0,0,0,0,0,0,0,0,0,0,0,0
1.687,1.6691,1.6731,0,0,0,0,0,0,0,0,0,0,0,0
1.6913,1.6764,1.694,0,0,0,0,0,0,0,0,0,0,0,0
1.6785,1.7012,1.7164,0,0,0,0,0,0,0,0,0,0,0,0
1.6689,1.686,1.733,0,0,0,0,0,0,0,0,0,0,0,0
1.6842,1.6534,1.7059,0,0,0,0,0,0,0,0,0,0,0,0
1.7616,1.684,1.7024,0,0,0,0,0,0,0,0,0,0,0,0
1.7307,1.7644,1.6884,0,0,0,0,0,0,0,0,0,0,0,0
1.7248,1.7544,1.6821,0,0,0,0,0,0,0,0,0,0,0,0
1.6805,1.6794,1.7053,0,0,0,0,0,0,0,0,0,0,0,0
1.6847,1.7052,1.7464,0,0,0,0,0,0,0,0,0,0,0,0
1.6972,1.7236,1.711,0,0,0,0,0,0,0,0,0,0,0,0
1.7078,1.6828,1.7373,0,0,0,0,0,0,0,0,0,0,0,0
1.6934,1.7162,1.6864,0,0,0,0,0,0,0,0,0,0,0,0
1.7187,1.7597,1.7313,0,0,0,0,0,0,0,0,0,0,0,0
1.6893,1.6936,1.7447,0,0,0,0,0,0,0,0,0,0,0,0
1.7151,1.6946,1.7617,0,0,0,0,0,0,0,0,0,0,0,0
1.8164,1.8705,1.873,0,0,0,0,0,0,0,0,0,0,0,0
1.6985,1.714,1.6746,0,0,0,0,0,0,0,0,0,0,0,0
1.7105,1.658,1.7167,0,0,0,0,0,0,0,0,0,0,0,0
1.6712,1.7108,1.7088,0,0,0,0,0,0,0,0,0,0,0,0
1.6753,1.7117,1.719,0,0,0,0,0,0,0,0,0,0,0,0
1.7204,1.718,1.674,0,0,0,0,0,0,0,0,0,0,0,0
1.6461,1.7154,1.6587,0,0,0,0,0,0,0,0,0,0,0,0
1.7071,1.7241,1.7336,0,0,0,0,0,0,0,0,0,0,0,0
1.7028,1.6514,1.6534,0,0,0,0,0,0,0,0,0,0,0,0
1.6734,1.7008,1.651,0,0,0,0,0,0,0,0,0,0,0,0
1.7065,1.7149,1.7434,0,0,0,0,0,0,0,0,0,0,0,0
1.6837,1.6507,1.7809,0,0,0,0,0,0,0,0,0,0,0,0
1.671,1.7107,1.7669,0,0,0,0,0,0,0,0,0,0,0,0
1.7067,1.6682,1.6772,0,0,0,0,0,0,0,0,0,0,0,0
1.6924,1.7076,1.6921,0,0,0,0,0,0,0,0,0,0,0,0
1.6772,1.7094,1.7884,0,0,0,0,0,0,0,0,0,0,0,0
1.7557,1.7429,1.8071,0,0,0,0,0,0,0,0,0,0,0,0
1.7243,1.7371,1.7309,0,0,0,0,0,0,0,0,0,0,0,0
1.6885,1.6916,1.6605,0,0,0,0,0,0,0,0,0,0,0,0
1.7002,1.669,1.6384,0,0,0,0,0,0,0,0,0,0,0,0
1.6772,1.6779,1.71,0,0,0,0,0,0,0,0,0,0,0,0
1.6765,1.6684,1.7205,0,0,0,0,0,0,0,0,0,0,0,0
1.7057,1.6974,1.6951,0,0,0,0,0,0,0,0,0,0,0,0
1.6998,1.6705,1.6924,0,0,0,0,0,0,0,0,0,0,0,0
1.7094,1.6751,1.7212,0,0,0,0,0,0,0,0,0,0,0,0
1.7052,1.6935,1.6741,0,0,0,0,0,0,0,0,0,0,0,0
1.6957,1.6923,1.6683,0,0,0,0,0,0,0,0,0,0,0,0
1.7281,1.7037,1.6626,0,0,0,0,0,0,0,0,0,0,0,0
1.7678,1.7105,1.7185,0,0,0,0,0,0,0,0,0,0,0,0
1.6967,1.7692,1.6404,0,0,0,0,0,0,0,0,0,0,0,0
1.6874,1.8254,1.6972,0,0,0,0,0,0,0,0,0,0,0,0
1.6582,1.706,1.6695,0,0,0,0,0,0,0,0,0,0,0,0
1.7116,1.7231,1.6637,0,0,0,0,0,0,0,0,0,0,0,0
2.0052,2.205,2.0528,0,0,0,0,0,0,0,0,0,0,0,0
1.6978,1.695,1.7081,0,0,0,0,0,0,0,0,0,0,0,0
1.6409,1.7326,1.6737,0,0,0,0,0,0,0,0,0,0,0,0
1.6814,1.7064,1.7023,0,0,0,0,0,0,0,0,0,0,0,0
1.6699,1.6975,1.6679,0,0,0,0,0,0,0,0,0,0,0,0
1.681,1.6573,1.6995,0,0,0,0,0,0,0,0,0,0,0,0
1.7048,1.6797,1.6829,0,0,0,0,0,0,0,0,0,0,0,0
1.6649,1.7107,1.7484,0,0,0,0,0,0,0,0,0,0,0,0
1.7011,1.7304,1.676,0,0,0,0,0,0,0,0,0,0,0,0
1.7027,1.6399,1.7191,0,0,0,0,0,0,0,0,0,0,0,0
1.6821,1.7062,1.6859,0,0,0,0,0,0,0,0,0,0,0,0
1.6934,1.6526,1.6911,0,0,0,0,0,0,0,0,0,0,0,0
1.6778,1.66,1.679,0,0,0,0,0,0,0,0,0,0,0,0
1.7048,1.6982,1.7206,0,0,0,0,0,0,0,0,0,0,0,0
1.7012,1.713,1.6631,0,0,0,0,0,0,0,0,0,0,0,0
1.6588,1.7076,1.6813,0,0,0,0,0,0,0,0,0,0,0,0
1.7163,1.699,1.8605,0,0,0,0,0,0,0,0,0,0,0,0
1.714,1.7454,1.7478,0,0,0,0,0,0,0,0,0,0,0,0
1.7189,1.7087,1.6808,0,0,0,0,0,0,0,0,0,0,0,0
1.6968,1.6459,1.6889,0,0,0,0,0,0,0,0,0,0,0,0
1.7002,1.7229,1.6914,0,0,0,0,0,0,0,0,0,0,0,0
1.669,1.6706,1.6912,0,0,0,0,0,0,0,0,0,0,0,0
1.6697,1.6773,1.7064,0,0,0,0,0,0,0,0,0,0,0,0
1.6696,1.7114,1.6531,0,0,0,0,0,0,0,0,0,0,0,0
1.68,1.6688,1.7086,0,0,0,0,0,0,0,0,0,0,0,0
1.7038,1.7067,1.7199,0,0,0,0,0,0,0,0,0,0,0,0
1.7012,1.7036,1.703,0,0,0,0,0,0,0,0,0,0,0,0
1.6684,1.6757,1.649,0,0,0,0,0,0,0,0,0,0,0,0
1.7059,1.7085,1.6672,0,0,0,0,0,0,0,0,0,0,0,0
1.6877,1.7169,1.6449,0,0,0,0,0,0,0,0,0,0,0,0
1.7245,1.6981,1.65,0,0,0,0,0,0,0,0,0,0,0,0
1.703,1.6788,1.7214,0,0,0,0,0,0,0,0,0,0,0,0
1.6848,1.7012,1.6865,0,0,0,0,0,0,0,0,0,0,0,0
1.7332,1.7945,1.724,0,0,0,0,0,0,0,0,0,0,0,0
1.7371,1.6891,1.7095,0,0,0,0,0,0,0,0,0,0,0,0
1.7342,1.7336,1.7561,0,0,0,0,0,0,0,0,0,0,0,0
1.6505,1.6456,1.6718,0,0,0,0,0,0,0,0,0,0,0,0
1.6651,1.7052,1.7048,0,0,0,0,0,0,0,0,0,0,0,0
1.6954,1.7278,1.6567,0,0,0,0,0,0,0,0,0,0,0,0
1.7688,1.6397,1.6986,0,0,0,0,0,0,0,0,0,0,0,0
1.7213,1.6977,1.6903,0,0,0,0,0,0,0,0,0,0,0,0
1.7062,1.708,1.7202,0,0,0,0,0,0,0,0,0,0,0,0
1.7086,1.6851,1.6636,0,0,0,0,0,0,0,0,0,0,0,0
1.6635,1.7183,1.7233,0,0,0,0,0,0,0,0,0,0,0,0
1.7147,1.7434,1.6578,0,0,0,0,0,0,0,0,0,0,0,0
1.7088,1.7448,1.6796,0,0,0,0,0,0,0,0,0,0,0,0
1.682,1.6535,1.6664,0,0,0,0,0,0,0,0,0,0,0,0
1.661,1.6903,1.6885,0,0,0,0,0,0,0,0,0,0,0,0
1.694,1.7187,1.6737,0,0,0,0,0,0,0,0,0,0,0,0
1.6554,1.7135,1.7142,0,0,0,0,0,0,0,0,0,0,0,0
1.8696,1.8547,1.8552,0,0,0,0,0,0,0,0,0,0,0,0
1.6425,1.7546,1.7142,0,0,0,0,0,0,0,0,0,0,0,0
1.7023,1.6718,1.697,0,0,0,0,0,0,0,0,0,0,0,0
1.6815,1.6839,1.6833,0,0,0,0,0,0,0,0,0,0,0,0
1.6986,1.6398,1.6558,0,0,0,0,0,0,0,0,0,0,0,0
1.689,1.7082,1.7363,0,0,0,0,0,0,0,0,0,0,0,0
1.675,1.6768,1.788,0,0,0,0,0,0,0,0,0,0,0,0
1.6993,1.7166,1.7256,0,0,0,0,0,0,0,0,0,0,0,0
1.6969,1.6991,1.7262,0,0,0,0,0,0,0,0,0,0,0,0
1.7084,1.7081,1.7103,0,0,0,0,0,0,0,0,0,0,0,0
1.6695,1.7002,1.6582,0,0,0,0,0,0,0,0,0,0,0,0
1.6794,1.6648,1.6657,0,0,0,0,0,0,0,0,0,0,0,0
1.6986,1.676,1.6719,0,0,0,0,0,0,0,0,0,0,0,0
1.6672,1.6701,1.7147,0,0,0,0,0,0,0,0,0,0,0,0
1.7006,1.701,1.6388,0,0,0,0,0,0,0,0,0,0,0,0
1.6648,1.6944,1.7019,0,0,0,0,0,0,0,0,0,0,0,0
1.6676,1.6661,1.6614,0,0,0,0,0,0,0,0,0,0,0,0
1.6893,1.7048,1.7023,0,0,0,0,0,0,0,0,0,0,0,0
1.6743,1.667,1.6779,0,0,0,0,0,0,0,0,0,0,0,0
1.7157,1.6887,1.7399,0,0,0,0,0,0,0,0,0,0,0,0
1.7033,1.6736,1.71,0,0,0,0,0,0,0,0,0,0,0,0
1.6774,1.6503,1.7119,0,0,0,0,0,0,0,0,0,0,0,0
1.7042,1.7115,1.7166,0,0,0,0,0,0,0,0,0,0,0,0
1.6875,1.7385,1.7089,0,0,0,0,0,0,0,0,0,0,0,0
1.6958,1.7222,1.6787,0,0,0,0,0,0,0,0,0,0,0,0
1.669,1.7086,1.6925,0,0,0,0,0,0,0,0,0,0,0,0
1.868,1.6728,1.7017,0,0,0,0,0,0,0,0,0,0,0,0
1.7277,1.7104,1.6928,0,0,0,0,0,0,0,0,0,0,0,0
1.7533,1.6344,1.6609,0,0,0,0,0,0,0,0,0,0,0,0
1.7005,1.7002,1.7235,0,0,0,0,0,0,0,0,0,0,0,0
1.6701,1.6746,1.6666,0,0,0,0,0,0,0,0,0,0,0,0
1.6848,1.7,1.701,0,0,0,0,0,0,0,0,0,0,0,0
1.6498,1.7014,1.6732,0,0,0,0,0,0,0,0,0,0,0,0
1.7076,1.7244,1.7213,0,0,0,0,0,0,0,0,0,0,0,0
1.7049,1.7147,1.7219,0,0,0,0,0,0,0,0,0,0,0,0
1.7135,1.6397,1.6664,0,0,0,0,0,0,0,0,0,0,0,0
1.6868,1.6901,1.7008,0,0,0,0,0,0,0,0,0,0,0,0
1.6811,1.7085,1.7271,0,0,0,0,0,0,0,0,0,0,0,0
1.7068,1.6812,1.7259,0,0,0,0,0,0,0,0,0,0,0,0
1.6802,1.7,1.6655,0,0,0,0,0,0,0,0,0,0,0,0
1.7096,1.7016,1.6956,0,0,0,0,0,0,0,0,0,0,0,0
1.6689,1.6728,1.6968,0,0,0,0,0,0,0,0,0,0,0,0
1.7013,1.707,1.7722,0,0,0,0,0,0,0,0,0,0,0,0
1.705,1.6999,1.7449,0,0,0,0,0,0,0,0,0,0,0,0
1.6962,1.6733,1.6728,0,0,0,0,0,0,0,0,0,0,0,0
1.6808,1.6962,1.6738,0,0,0,0,0,0,0,0,0,0,0,0
1.6857,1.7085,1.7259,0,0,0,0,0,0,0,0,0,0,0,0
1.6982,1.6987,1.6951,0,0,0,0,0,0,0,0,0,0,0,0
1.6422,1.6231,1.7098,0,0,0,0,0,0,0,0,0,0,0,0
1.7079,1.6975,1.691,0,0,0,0,0,0,0,0,0,0,0,0
1.7074,1.7239,1.678,0,0,0,0,0,0,0,0,0,0,0,0
1.694,1.6749,1.6873,0,0,0,0,0,0,0,0,0,0,0,0
1.6914,1.718,1.661,0,0,0,0,0,0,0,0,0,0,0,0
1.7105,1.6443,1.73,0,0,0,0,0,0,0,0,0,0,0,0
1.6775,1.6897,1.7,0,0,0,0,0,0,0,0,0,0,0,0
1.7104,1.7083,1.7327,0,0,0,0,0,0,0,0,0,0,0,0
1.704,1.6838,1.6896,0,0,0,0,0,0,0,0,0,0,0,0
1.7023,1.682,1.6709,0,0,0,0,0,0,0,0,0,0,0,0
1.6794,1.6805,1.7326,0,0,0,0,0,0,0,0,0,0,0,0
1.6709,1.6849,1.6735,0,0,0,0,0,0,0,0,0,0,0,0
1.6911,1.7052,1.6977,0,0,0,0,0,0,0,0,0,0,0,0
1.7274,1.6885,1.7398,0,0,0,0,0,0,0,0,0,0,0,0
1.6821,1.6715,1.7084,0,0,0,0,0,0,0,0,0,0,0,0
1.6865,1.6977,1.6861,0,0,0,0,0,0,0,0,0,0,0,0
1.6938,1.6576,1.6897,0,0,0,0,0,0,0,0,0,0,0,0
1.6797,1.671,1.7546,0,0,0,0,0,0,0,0,0,0,0,0
1.6499,1.688,1.6769,0,0,0,0,0,0,0,0,0,0,0,0
1.6624,1.6727,1.689,0,0,0,0,0,0,0,0,0,0,0,0
1.6992,1.7219,1.6793,0,0,0,0,0,0,0,0,0,0,0,0
1.7869,1.6986,1.7106,0,0,0,0,0,0,0,0,0,0,0,0
1.7338,1.7235,1.6995,0,0,0,0,0,0,0,0,0,0,0,0
1.7076,1.7359,1.7278,0,0,0,0,0,0,0,0,0,0,0,0
1.6566,1.6783,1.6724,0,0,0,0,0,0,0,0,0,0,0,0
1.6735,1.7306,1.6463,0,0,0,0,0,0,0,0,0,0,0,0
1.6934,1.709,1.6986,0,0,0,0,0,0,0,0,0,0,0,0
1.6972,1.6649,1.6781,0,0,0,0,0,0,0,0,0,0,0,0
1.7066,1.6785,1.6546,0,0,0,0,0,0,0,0,0,0,0,0
1.7108,1.7096,1.6466,0,0,0,0,0,0,0,0,0,0,0,0
1.7139,1.6748,1.6693,0,0,0,0,0,0,0,0,0,0,0,0
1.7038,1.7031,1.6982,0,0,0,0,0,0,0,0,0,0,0,0
1.6754,1.699,1.7471,0,0,0,0,0,0,0,0,0,0,0,0
1.6323,1.6967,1.7973,0,0,0,0,0,0,0,0,0,0,0,0
1.7015,1.7412,1.7692,0,0,0,0,0,0,0,0,0,0,0,0
2.1008,2.2649,2.1398,0,0,0,0,0,0,0,0,0,0,0,0
1.8356,1.9553,1.8515,0,0,0,0,0,0,0,0,0,0,0,0
1.6813,1.7158,1.666,0,0,0,0,0,0,0,0,0,0,0,0
1.6927,1.6993,1.7108,0,0,0,0,0,0,0,0,0,0,0,0
1.6663,1.7118,1.7406,0,0,0,0,0,0,0,0,0,0,0,0
1.7004,1.6857,1.7162,0,0,0,0,0,0,0,0,0,0,0,0
1.6703,1.698,1.6556,0,0,0,0,0,0,0,0,0,0,0,0
1.6664,1.6986,1.6826,0,0,0,0,0,0,0,0,0,0,0,0
1.6613,1.6762,1.6983,0,0,0,0,0,0,0,0,0,0,0,0
1.6856,1.677,1.7221,0,0,0,0,0,0,0,0,0,0,0,0
1.7,1.6958,1.6812,0,0,0,0,0,0,0,0,0,0,0,0
1.6847,1.6676,1.7199,0,0,0,0,0,0,0,0,0,0,0,0
1.6976,1.7028,1.6289,0,0,0,0,0,0,0,0,0,0,0,0
1.6645,1.681,1.7251,0,0,0,0,0,0,0,0,0,0,0,0
1.7073,1.651,1.7082,0,0,0,0,0,0,0,0,0,0,0,0
1.7007,1.6764,1.6947,0,0,0,0,0,0,0,0,0,0,0,0
1.694,1.6772,1.6531,0,0,0,0,0,0,0,0,0,0,0,0
1.6824,1.7154,1.6465,0,0,0,0,0,0,0,0,0,0,0,0
1.7021,1.7057,1.6688,0,0,0,0,0,0,0,0,0,0,0,0
1.6997,1.7012,1.7039,0,0,0,0,0,0,0,0,0,0,0,0
1.6681,1.7007,1.6749,0,0,0,0,0,0,0,0,0,0,0,0
1.6934,1.6736,1.6648,0,0,0,0,0,0,0,0,0,0,0,0
1.7841,1.7031,1.6692,0,0,0,0,0,0,0,0,0,0,0,0
1.8253,1.6567,1.706,0,0,0,0,0,0,0,0,0,0,0,0
1.7983,1.6545,1.6623,0,0,0,0,0,0,0,0,0,0,0,0
1.6891,1.7805,1.6756,0,0,0,0,0,0,0,0,0,0,0,0
1.7009,1.694,1.6693,0,0,0,0,0,0,0,0,0,0,0,0
1.6497,1.6953,1.6565,0,0,0,0,0,0,0,0,0,0,0,0
1.6989,1.6692,1.662,0,0,0,0,0,0,0,0,0,0,0,0
1.6742,1.6678,1.6859,0,0,0,0,0,0,0,0,0,0,0,0
1.6841,1.6787,1.6809,0,0,0,0,0,0,0,0,0,0,0,0
1.6667,1.6849,1.6626,0,0,0,0,0,0,0,0,0,0,0,0
1.6611,1.7087,1.7367,0,0,0,0,0,0,0,0,0,0,0,0
1.6732,1.6529,1.8062,0,0,0,0,0,0,0,0,0,0,0,0
1.6668,1.7106,1.66,0,0,0,0,0,0,0,0,0,0,0,0
1.6697,1.7048,1.734,0,0,0,0,0,0,0,0,0,0,0,0
1.6779,1.6621,1.7098,0,0,0,0,0,0,0,0,0,0,0,0
1.6693,1.699,1.7341,0,0,0,0,0,0,0,0,0,0,0,0
1.6944,1.6913,1.6927,0,0,0,0,0,0,0,0,0,0,0,0
1.6922,1.6842,1.7537,0,0,0,0,0,0,0,0,0,0,0,0
1.6773,1.6861,1.7026,0,0,0,0,0,0,0,0,0,0,0,0
1.6742,1.6987,1.6531,0,0,0,0,0,0,0,0,0,0,0,0
1.6643,1.701,1.6753,0,0,0,0,0,0,0,0,0,0,0,0
1.6944,1.6699,1.7004,0,0,0,0,0,0,0,0,0,0,0,0
1.6958,1.6541,1.6839,0,0,0,0,0,0,0,0,0,0,0,0
1.668,1.6962,1.648,0,0,0,0,0,0,0,0,0,0,0,0
1.668,1.6864,1.7297,0,0,0,0,0,0,0,0,0,0,0,0
1.6947,1.6988,1.7256,0,0,0,0,0,0,0,0,0,0,0,0
1.7024,1.7017,1.7282,0,0,0,0,0,0,0,0,0,0,0,0
1.7067,1.7046,1.6867,0,0,0,0,0,0,0,0,0,0,0,0
1.7776,1.789,1.7982,0,0,0,0,0,0,0,0,0,0,0,0
1.7729,1.7941,1.7575,0,0,0,0,0,0,0,0,0,0,0,0
1.7022,1.7081,1.6614,0,0,0,0,0,0,0,0,0,0,0,0
1.6871,1.6678,1.6874,0,0,0,0,0,0,0,0,0,0,0,0
1.6673,1.6844,1.6823,0,0,0,0,0,0,0,0,0,0,0,0
1.6643,1.644,1.7036,0,0,0,0,0,0,0,0,0,0,0,0
1.6904,1.7158,1.7026,0,0,0,0,0,0,0,0,0,0,0,0
1.7106,1.6824,1.6417,0,0,0,0,0,0,0,0,0,0,0,0
1.7333,1.6615,1.6765,0,0,0,0,0,0,0,0,0,0,0,0
1.7151,1.6988,1.6758,0,0,0,0,0,0,0,0,0,0,0,0
1.6941,1.7001,1.6647,0,0,0,0,0,0,0,0,0,0,0,0
1.709,1.6521,1.6629,0,0,0,0,0,0,0,0,0,0,0,0
1.698,1.6835,1.6884,0,0,0,0,0,0,0,0,0,0,0,0
1.6944,1.7169,1.6482,0,0,0,0,0,0,0,0,0,0,0,0
1.6695,1.6928,1.663,0,0,0,0,0,0,0,0,0,0,0,0
1.6604,1.6665,1.6748,0,0,0,0,0,0,0,0,0,0,0,0
1.6812,1.6859,1.7055,0,0,0,0,0,0,0,0,0,0,0,0
1.7006,1.7245,1.6748,0,0,0,0,0,0,0,0,0,0,0,0
1.7615,1.7809,1.6864,0,0,0,0,0,0,0,0,0,0,0,0
1.7026,1.6692,1.6949,0,0,0,0,0,0,0,0,0,0,0,0
1.6671,1.7013,1.648,0,0,0,0,0,0,0,0,0,0,0,0
1.7101,1.6891,1.7342,0,0,0,0,0,0,0,0,0,0,0,0
1.6454,1.7152,1.7801,0,0,0,0,0,0,0,0,0,0,0,0
1.6913,1.7006,1.7129,0,0,0,0,0,0,0,0,0,0,0,0
1.6516,1.6406,1.7372,0,0,0,0,0,0,0,0,0,0,0,0
1.6858,1.7228,1.7085,0,0,0,0,0,0,0,0,0,0,0,0
1.6951,1.6967,1.6589,0,0,0,0,0,0,0,0,0,0,0,0
1.7003,1.6838,1.653,0,0,0,0,0,0,0,0,0,0,0,0
1.6937,1.6958,1.702,0,0,0,0,0,0,0,0,0,0,0,0
1.6928,1.6779,1.6903,0,0,0,0,0,0,0,0,0,0,0,0
1.6702,1.6729,1.673,0,0,0,0,0,0,0,0,0,0,0,0
1.7072,1.804,1.673,0,0,0,0,0,0,0,0,0,0,0,0
1.6727,1.7425,1.6927,0,0,0,0,0,0,0,0,0,0,0,0
1.6969,1.687,1.6574,0,0,0,0,0,0,0,0,0,0,0,0
1.6814,1.6987,1.7333,0,0,0,0,0,0,0,0,0,0,0,0
1.6749,1.696,1.6979,0,0,0,0,0,0,0,0,0,0,0,0
1.6996,1.6476,1.6847,0,0,0,0,0,0,0,0,0,0,0,0
1.6615,1.7082,1.6871,0,0,0,0,0,0,0,0,0,0,0,0
1.6832,1.6729,1.7044,0,0,0,0,0,0,0,0,0,0,0,0
1.6674,1.6612,1.6538,0,0,0,0,0,0,0,0,0,0,0,0
1.6745,1.6875,1.7168,0,0,0,0,0,0,0,0,0,0,0,0
1.6799,1.6798,1.6817,0,0,0,0,0,0,0,0,0,0,0,0
1.7044,1.6682,1.7416,0,0,0,0,0,0,0,0,0,0,0,0
1.6771,1.6387,1.6668,0,0,0,0,0,0,0,0,0,0,0,0
1.7661,1.6561,1.7168,0,0,0,0,0,0,0,0,0,0,0,0
1.7013,1.6975,1.6381,0,0,0,0,0,0,0,0,0,0,0,0
1.6747,1.7091,1.6534,0,0,0,0,0,0,0,0,0,0,0,0
1.6703,1.7041,1.644,0,0,0,0,0,0,0,0,0,0,0,0
1.7096,1.6931,1.6873,0,0,0,0,0,0,0,0,0,0,0,0
1.666,1.7107,1.6921,0,0,0,0,0,0,0,0,0,0,0,0
1.6693,1.7028,1.6774,0,0,0,0,0,0,0,0,0,0,0,0
1.6767,1.6447,1.6538,0,0,0,0,0,0,0,0,0,0,0,0
1.6906,1.6698,1.7147,0,0,0,0,0,0,0,0,0,0,0,0
1.678,1.6766,1.66,0,0,0,0,0,0,0,0,0,0,0,0
1.6865,1.7142,1.6639,0,0,0,0,0,0,0,0,0,0,0,0
1.7075,1.6692,1.6931,0,0,0,0,0,0,0,0,0,0,0,0
1.6333,1.6478,1.6707,0,0,0,0,0,0,0,0,0,0,0,0
1.6673,1.6854,1.6836,0,0,0,0,0,0,0,0,0,0,0,0
1.692,1.6631,1.7389,0,0,0,0,0,0,0,0,0,0,0,0
1.7001,1.675,1.7618,0,0,0,0,0,0,0,0,0,0,0,0
1.7262,1.6848,1.8257,0,0,0,0,0,0,0,0,0,0,0,0
1.6696,1.7475,1.7295,0,0,0,0,0,0,0,0,0,0,0,0
1.6365,1.7525,1.6688,0,0,0,0,0,0,0,0,0,0,0,0
1.6983,1.7075,1.6797,0,0,0,0,0,0,0,0,0,0,0,0
1.6905,1.7019,1.7263,0,0,0,0,0,0,0,0,0,0,0,0
1.6235,1.6564,1.6664,0,0,0,0,0,0,0,0,0,0,0,0
1.6453,1.6629,1.6906,0,0,0,0,0,0,0,0,0,0,0,0
1.6961,1.665,1.6775,0,0,0,0,0,0,0,0,0,0,0,0
1.6633,1.6775,1.6336,0,0,0,0,0,0,0,0,0,0,0,0
1.6798,1.696,1.6965,0,0,0,0,0,0,0,0,0,0,0,0
1.6544,1.7304,1.719,0,0,0,0,0,0,0,0,0,0,0,0
1.6848,1.7463,1.639,0,0,0,0,0,0,0,0,0,0,0,0
1.6603,1.6984,1.7042,0,0,0,0,0,0,0,0,0,0,0,0
1.6879,1.6676,1.699,0,0,0,0,0,0,0,0,0,0,0,0
1.6995,1.6983,1.7204,0,0,0,0,0,0,0,0,0,0,0,0
1.6756,1.6745,1.6532,0,0,0,0,0,0,0,0,0,0,0,0
1.6648,1.6905,1.6357,0,0,0,0,0,0,0,0,0,0,0,0
1.6629,1.7015,1.7342,0,0,0,0,0,0,0,0,0,0,0,0
1.6695,1.6695,1.7053,0,0,0,0,0,0,0,0,0,0,0,0
1.6931,1.6878,1.6623,0,0,0,0,0,0,0,0,0,0,0,0
1.6667,1.6682,1.7281,0,0,0,0,0,0,0,0,0,0,0,0
1.699,1.6731,1.6676,0,0,0,0,0,0,0,0,0,0,0,0
1.7249,1.6624,1.6945,0,0,0,0,0,0,0,0,0,0,0,0
1.6594,1.6702,1.6876,0,0,0,0,0,0,0,0,0,0,0,0
1.783,1.7642,1.7264,0,0,0,0,0,0,0,0,0,0,0,0
1.8366,1.6796,1.6719,0,0,0,0,0,0,0,0,0,0,0,0
1.6651,1.6732,1.679,0,0,0,0,0,0,0,0,0,0,0,0
1.6665,1.7171,1.673,0,0,0,0,0,0,0,0,0,0,0,0
1.6683,1.6712,1.7274,0,0,0,0,0,0,0,0,0,0,0,0
1.6862,1.6738,1.6614,0,0,0,0,0,0,0,0,0,0,0,0
1.699,1.6999,1.6644,0,0,0,0,0,0,0,0,0,0,0,0
1.7039,1.6993,1.7113,0,0,0,0,0,0,0,0,0,0,0,0
1.692,1.7528,1.7253,0,0,0,0,0,0,0,0,0,0,0,0
1.6706,1.6991,1.7038,0,0,0,0,0,0,0,0,0,0,0,0
1.6734,1.6615,1.7086,0,0,0,0,0,0,0,0,0,0,0,0
1.6715,1.7071,1.6829,0,0,0,0,0,0,0,0,0,0,0,0
1.6835,1.6561,1.6893,0,0,0,0,0,0,0,0,0,0,0,0
1.6941,1.6577,1.784,0,0,0,0,0,0,0,0,0,0,0,0
1.6969,1.7009,1.7133,0,0,0,0,0,0,0,0,0,0,0,0
1.6743,1.7024,1.6773,0,0,0,0,0,0,0,0,0,0,0,0
1.703,1.6765,1.6998,0,0,0,0,0,0,0,0,0,0,0,0
1.6699,1.6811,1.7246,0,0,0,0,0,0,0,0,0,0,0,0
1.6683,1.6622,1.6847,0,0,0,0,0,0,0,0,0,0,0,0
1.6914,1.6374,1.7193,0,0,0,0,0,0,0,0,0,0,0,0
1.6977,1.6552,1.7037,0,0,0,0,0,0,0,0,0,0,0,0
1.6934,1.7035,1.7073,0,0,0,0,0,0,0,0,0,0,0,0
1.6894,1.7225,1.656,0,0,0,0,0,0,0,0,0,0,0,0
1.6727,1.6641,1.7116,0,0,0,0,0,0,0,0,0,0,0,0
1.6635,1.6701,1.6479,0,0,0,0,0,0,0,0,0,0,0,0
1.7054,1.8786,1.704,0,0,0,0,0,0,0,0,0,0,0,0
1.7004,1.7763,1.6509,0,0,0,0,0,0,0,0,0,0,0,0
1.6886,1.6862,1.7058,0,0,0,0,0,0,0,0,0,0,0,0
1.7085,1.6922,1.6826,0,0,0,0,0,0,0,0,0,0,0,0
1.6855,1.711,1.6739,0,0,0,0,0,0,0,0,0,0,0,0
1.6704,1.7023,1.6605,0,0,0,0,0,0,0,0,0,0,0,0
1.7205,1.6928,1.6974,0,0,0,0,0,0,0,0,0,0,0,0
1.6919,1.7054,1.7563,0,0,0,0,0,0,0,0,0,0,0,0
1.6972,1.6668,1.6585,0,0,0,0,0,0,0,0,0,0,0,0
1.7085,1.6777,1.7133,0,0,0,0,0,0,0,0,0,0,0,0
1.7103,1.6569,1.725,0,0,0,0,0,0,0,0,0,0,0,0
1.7418,1.6958,1.7268,0,0,0,0,0,0,0,0,0,0,0,0
1.7029,1.654,1.7501,0,0,0,0,0,0,0,0,0,0,0,0
1.751,1.6734,1.6804,0,0,0,0,0,0,0,0,0,0,0,0
1.7227,1.6951,1.6781,0,0,0,0,0,0,0,0,0,0,0,0
1.6986,1.6985,1.7092,0,0,0,0,0,0,0,0,0,0,0,0
1.681,1.6718,1.7313,0,0,0,0,0,0,0,0,0,0,0,0
1.6815,1.6933,1.6881,0,0,0,0,0,0,0,0,0,0,0,0
1.6578,1.6923,1.676,0,0,0,0,0,0,0,0,0,0,0,0
1.7073,1.7035,1.6716,0,0,0,0,0,0,0,0,0,0,0,0
1.735,1.7098,1.6523,0,0,0,0,0,0,0,0,0,0,0,0
1.699,1.6747,1.6458,0,0,0,0,0,0,0,0,0,0,0,0
1.6416,1.6728,1.6923,0,0,0,0,0,0,0,0,0,0,0,0
1.6549,1.7063,1.7402,0,0,0,0,0,0,0,0,0,0,0,0
1.7043,1.6633,1.6924,0,0,0,0,0,0,0,0,0,0,0,0
1.7062,1.6733,1.7587,0,0,0,0,0,0,0,0,0,0,0,0
1.6524,1.6967,1.9464,0,0,0,0,0,0,0,0,0,0,0,0
1.7175,1.6884,1.6975,0,0,0,0,0,0,0,0,0,0,0,0
1.6889,1.694,1.6602,0,0,0,0,0,0,0,0,0,0,0,0
1.6787,1.6586,1.7117,0,0,0,0,0,0,0,0,0,0,0,0
1.6887,1.6749,1.6949,0,0,0,0,0,0,0,0,0,0,0,0
1.6898,1.7012,1.7323,0,0,0,0,0,0,0,0,0,0,0,0
1.7027,1.6394,1.6571,0,0,0,0,0,0,0,0,0,0,0,0
1.6795,1.7368,1.7155,0,0,0,0,0,0,0,0,0,0,0,0
1.6668,1.6951,1.6413,0,0,0,0,0,0,0,0,0,0,0,0
1.6974,1.6919,1.6474,0,0,0,0,0,0,0,0,0,0,0,0
1.666,1.6719,1.6706,0,0,0,0,0,0,0,0,0,0,0,0
1.6616,1.7166,1.6552,0,0,0,0,0,0,0,0,0,0,0,0
1.6868,1.9304,1.7129,0,0,0,0,0,0,0,0,0,0,0,0
1.6866,1.6949,1.7095,0,0,0,0,0,0,0,0,0,0,0,0
1.7055,1.7175,1.6699,0,0,0,0,0,0,0,0,0,0,0,0
1.6508,1.6922,1.6568,0,0,0,0,0,0,0,0,0,0,0,0
1.7522,1.6883,1.6905,0,0,0,0,0,0,0,0,0,0,0,0
2.1688,1.6651,1.7267,0,0,0,0,0,0,0,0,0,0,0,0
1.6946,1.6742,1.7045,0,0,0,0,0,0,0,0,0,0,0,0
1.6715,1.6658,1.7043,0,0,0,0,0,0,0,0,0,0,0,0
1.7014,1.6997,1.6959,0,0,0,0,0,0,0,0,0,0,0,0
1.6766,1.7011,1.7074,0,0,0,0,0,0,0,0,0,0,0,0
1.681,1.6964,1.6577,0,0,0,0,0,0,0,0,0,0,0,0
1.7135,1.6875,1.7379,0,0,0,0,0,0,0,0,0,0,0,0
1.6652,1.7091,1.73,0,0,0,0,0,0,0,0,0,0,0,0
1.6513,1.6935,1.6999,0,0,0,0,0,0,0,0,0,0,0,0
1.6912,1.6717,1.6561,0,0,0,0,0,0,0,0,0,0,0,0
1.6988,1.673,1.7096,0,0,0,0,0,0,0,0,0,0,0,0
1.6637,1.6673,1.6853,0,0,0,0,0,0,0,0,0,0,0,0
1.7173,1.6944,1.628,0,0,0,0,0,0,0,0,0,0,0,0
1.6855,1.7013,1.6958,0,0,0,0,0,0,0,0,0,0,0,0
1.7508,1.6745,1.6962,0,0,0,0,0,0,0,0,0,0,0,0
1.6643,1.7101,1.6473,0,0,0,0,0,0,0,0,0,0,0,0
1.7028,1.7104,1.7026,0,0,0,0,0,0,0,0,0,0,0,0
1.6598,1.6695,1.7005,0,0,0,0,0,0,0,0,0,0,0,0
1.6705,1.6872,1.6846,0,0,0,0,0,0,0,0,0,0,0,0
1.7011,1.7416,1.6879,0,0,0,0,0,0,0,0,0,0,0,0
1.6914,1.6849,1.7065,0,0,0,0,0,0,0,0,0,0,0,0
1.6617,1.6767,1.6699,0,0,0,0,0,0,0,0,0,0,0,0
1.6723,1.6877,1.7036,0,0,0,0,0,0,0,0,0,0,0,0
1.6682,1.667,1.7222,0,0,0,0,0,0,0,0,0,0,0,0
1.6813,1.6781,1.7341,0,0,0,0,0,0,0,0,0,0,0,0
1.6982,1.6669,1.6669,0,0,0,0,0,0,0,0,0,0,0,0
1.6767,1.6876,1.6709,0,0,0,0,0,0,0,0,0,0,0,0
1.6994,1.6933,1.687,0,0,0,0,0,0,0,0,0,0,0,0
1.6378,1.6884,1.7112,0,0,0,0,0,0,0,0,0,0,0,0
1.6714,1.7213,1.7253,0,0,0,0,0,0,0,0,0,0,0,0
1.6962,1.6808,1.7218,0,0,0,0,0,0,0,0,0,0,0,0
1.7107,1.7039,1.69,0,0,0,0,0,0,0,0,0,0,0,0
1.69,1.6762,1.7013,0,0,0,0,0,0,0,0,0,0,0,0
1.693,1.7088,1.7146,0,0,0,0,0,0,0,0,0,0,0,0
1.6513,1.7048,1.6963,0,0,0,0,0,0,0,0,0,0,0,0
1.6972,1.7015,1.7211,0,0,0,0,0,0,0,0,0,0,0,0
1.7025,1.6953,1.6441,0,0,0,0,0,0,0,0,0,0,0,0
1.6913,1.7314,1.6979,0,0,0,0,0,0,0,0,0,0,0,0
1.6667,1.7024,1.7062,0,0,0,0,0,0,0,0,0,0,0,0
1.6685,1.6822,1.706,0,0,0,0,0,0,0,0,0,0,0,0
1.7105,1.6575,1.6459,0,0,0,0,0,0,0,0,0,0,0,0
1.7297,1.6553,1.6676,0,0,0,0,0,0,0,0,0,0,0,0
1.698,1.6662,1.662,0,0,0,0,0,0,0,0,0,0,0,0
1.6734,1.6897,1.7432,0,0,0,0,0,0,0,0,0,0,0,0
1.6801,1.6564,1.6527,0,0,0,0,0,0,0,0,0,0,0,0
1.6722,1.6823,1.6884,0,0,0,0,0,0,0,0,0,0,0,0
1.7006,1.6679,1.6894,0,0,0,0,0,0,0,0,0,0,0,0
1.6907,1.6932,1.7043,0,0,0,0,0,0,0,0,0,0,0,0
1.7413,1.7318,1.6803,0,0,0,0,0,0,0,0,0,0,0,0
1.7314,1.7803,1.7644,0,0,0,0,0,0,0,0,0,0,0,0
1.7624,1.7492,1.72,0,0,0,0,0,0,0,0,0,0,0,0
1.6761,1.6756,1.6558,0,0,0,0,0,0,0,0,0,0,0,0
1.7684,1.7004,1.6808,0,0,0,0,0,0,0,0,0,0,0,0
1.7005,1.7076,1.6938,0,0,0,0,0,0,0,0,0,0,0,0
1.6869,1.6994,1.6868,0,0,0,0,0,0,0,0,0,0,0,0
1.6694,1.7196,1.7029,0,0,0,0,0,0,0,0,0,0,0,0
1.6908,1.6929,1.7236,0,0,0,0,0,0,0,0,0,0,0,0
1.6775,1.6865,1.6536,0,0,0,0,0,0,0,0,0,0,0,0
1.672,1.6658,1.6975,0,0,0,0,0,0,0,0,0,0,0,0
1.6951,1.6874,1.6822,0,0,0,0,0,0,0,0,0,0,0,0
1.6543,1.7164,1.8536,0,0,0,0,0,0,0,0,0,0,0,0
1.7029,1.6826,1.7053,0,0,0,0,0,0,0,0,0,0,0,0
1.6949,1.6813,1.7061,0,0,0,0,0,0,0,0,0,0,0,0
1.6989,1.699,1.7399,0,0,0,0,0,0,0,0,0,0,0,0
1.6826,1.692,1.7612,0,0,0,0,0,0,0,0,0,0,0,0
1.7091,1.7039,1.718,0,0,0,0,0,0,0,0,0,0,0,0
