9.0146,9.0621,8.9547,8.7869,8.8164,8.8253,8.8389,8.8181,8.7992,8.7718,8.8552,8.8909,9.0042,8.8106,8.7749
0.41974,0.42363,0.44144,0.45146,0.43867,0.37681,0.40479,0.45069,0.4034,0.43581,0.40701,0.46625,0.38074,0.44332,0.46115
0.1212,0.12454,0.13028,0.12158,0.1235,0.11744,0.12135,0.12553,0.12568,0.12337,0.11637,0.11842,0.12161,0.1192,0.11697
0.10736,0.10675,0.10774,0.10412,0.10557,0.10302,0.10492,0.11037,0.11093,0.1055,0.10667,0.10302,0.1048,0.10753,0.10918
0.10804,0.1081,0.10772,0.10749,0.10587,0.10542,0.11097,0.10743,0.10572,0.10609,0.10559,0.111,0.1046,0.10715,0.1074
0.1019,0.10356,0.11079,0.10367,0.10412,0.099306,0.09991,0.10061,0.098188,0.10009,0.10097,0.10029,0.099001,0.10122,0.099886
0.059208,0.061841,0.059788,0.062025,0.059546,0.060332,0.058102,0.059427,0.058202,0.061249,0.058184,0.060165,0.05992,0.060518,0.067228
0.060444,0.062025,0.060533,0.063407,0.059663,0.061752,0.057681,0.059185,0.059943,0.061621,0.061668,0.057747,0.059314,0.05843,0.059945
0.059117,0.06543,0.06086,0.059875,0.059927,0.05901,0.059413,0.059083,0.059972,0.059085,0.05878,0.059548,0.059354,0.059979,0.060539
0.22684,0.22032,0.2207,0.21622,0.22019,0.21516,0.21956,0.21265,0.21209,0.21204,0.21135,0.21733,0.21418,0.21576,0.22274
0.066257,0.063245,0.066152,0.065179,0.065521,0.064332,0.06513,0.064472,0.064622,0.067176,0.065251,0.064986,0.065879,0.063511,0.067237
0.064305,0.066258,0.06478,0.063042,0.066125,0.06522,0.063494,0.061162,0.064363,0.06619,0.064052,0.065417,0.064529,0.065652,0.062974
0.058058,0.063001,0.059136,0.058689,0.058732,0.057331,0.056614,0.058122,0.056589,0.057765,0.057378,0.056438,0.057789,0.059826,0.057222
0.057615,0.059739,0.058485,0.058092,0.060304,0.057719,0.05744,0.059678,0.057945,0.062964,0.057955,0.058057,0.058044,0.05994,0.059775
0.057765,0.059869,0.059693,0.060862,0.059201,0.056808,0.056981,0.058745,0.057361,0.059335,0.057174,0.058071,0.059828,0.058004,0.058045
0.087753,0.084595,0.092766,0.090559,0.085183,0.084666,0.089679,0.088636,0.086183,0.087072,0.087171,0.084376,0.087321,0.088105,0.086631
0.056068,0.057345,0.062235,0.057234,0.057596,0.056059,0.055973,0.057091,0.056446,0.057432,0.058351,0.05709,0.057056,0.057285,0.05731
0.057785,0.061908,0.058232,0.059355,0.061466,0.057442,0.058657,0.056851,0.056078,0.058142,0.0576,0.056986,0.057501,0.057959,0.057307
0.056866,0.061497,0.058749,0.057471,0.058731,0.057272,0.05597,0.058422,0.057125,0.057505,0.059014,0.056671,0.058444,0.057562,0.057419
0.17147,0.18577,0.16768,0.1733,0.17083,0.16814,0.16937,0.19799,0.16943,0.16961,0.17354,0.17843,0.18297,0.17051,0.17156
0.057056,0.059275,0.060686,0.057351,0.057314,0.058599,0.056097,0.059064,0.057115,0.057146,0.059262,0.05724,0.058477,0.059273,0.058636
0.084736,0.086577,0.086065,0.082845,0.087974,0.086133,0.084877,0.085268,0.085681,0.082264,0.083949,0.083031,0.083864,0.079243,0.082179
0.058248,0.0588,0.057813,0.056525,0.056079,0.057142,0.057052,0.057477,0.055828,0.057779,0.061654,0.05559,0.060744,0.057014,0.056431
0.056221,0.057052,0.057895,0.056649,0.060894,0.057715,0.056715,0.059736,0.056576,0.057012,0.059888,0.056927,0.058177,0.057071,0.058162
0.060103,0.059178,0.058253,0.057868,0.060071,0.057926,0.056394,0.058059,0.057094,0.057026,0.056825,0.057951,0.061911,0.057163,0.058845
0.057494,0.056348,0.056637,0.058592,0.060513,0.058342,0.056217,0.061223,0.058215,0.063522,0.057892,0.061233,0.057006,0.061564,0.059134
0.057364,0.059576,0.058334,0.058596,0.059255,0.060841,0.057555,0.057373,0.056531,0.059437,0.056297,0.059172,0.057143,0.058406,0.057976
0.082516,0.09023,0.086108,0.082332,0.085,0.080372,0.081776,0.083699,0.085838,0.083443,0.081443,0.081389,0.080558,0.083448,0.081491
0.056455,0.059417,0.056177,0.06155,0.057566,0.056603,0.057146,0.057048,0.056025,0.056304,0.056672,0.057997,0.05894,0.058682,0.058315
0.18471,0.23172,0.20075,0.19059,0.20201,0.17568,0.18431,0.17732,0.17816,0.17969,0.17351,0.1811,0.18083,0.17461,0.17607
0.072,0.068738,0.067532,0.067583,0.067519,0.066269,0.071731,0.070996,0.068349,0.067573,0.067673,0.069279,0.067017,0.067228,0.067248
0.060263,0.061935,0.060965,0.060718,0.061051,0.059844,0.058301,0.05922,0.060389,0.059736,0.061303,0.058397,0.061178,0.061326,0.05867
0.064907,0.071505,0.060297,0.063732,0.064532,0.060031,0.061124,0.061454,0.060355,0.060327,0.061008,0.061104,0.061607,0.061175,0.060518
0.086364,0.1127,0.085212,0.095626,0.092365,0.092548,0.08678,0.08495,0.092824,0.092763,0.082999,0.089694,0.086977,0.088551,0.092416
0.06373,0.069061,0.061784,0.059936,0.063361,0.062965,0.063885,0.063694,0.067808,0.07109,0.06272,0.063229,0.062966,0.065264,0.06288
0.060361,0.068472,0.057431,0.057977,0.057239,0.058802,0.056158,0.06255,0.057188,0.061171,0.058288,0.058096,0.058712,0.05791,0.059193
0.057999,0.063716,0.056306,0.0617,0.058494,0.057726,0.056489,0.059192,0.056972,0.057645,0.056286,0.058949,0.058721,0.060759,0.057525
0.058218,0.061774,0.055568,0.057519,0.057923,0.057377,0.057234,0.057511,0.0577,0.057516,0.058948,0.058504,0.057775,0.05884,0.057617
0.064772,0.060917,0.061065,0.057767,0.057915,0.056229,0.059837,0.061436,0.056757,0.05786,0.060802,0.058975,0.058481,0.057237,0.056914
0.19151,0.19168,0.18974,0.19068,0.19354,0.19489,0.19636,0.20814,0.19115,0.19251,0.1906,0.19402,0.18918,0.19218,0.18905
0.057358,0.056937,0.058284,0.057606,0.056413,0.055387,0.057341,0.059546,0.057307,0.057154,0.055799,0.05718,0.059643,0.057938,0.057404
0.061426,0.064534,0.060459,0.058247,0.06107,0.05758,0.056962,0.058112,0.05776,0.058605,0.057876,0.061485,0.061324,0.058414,0.058392
0.058601,0.06282,0.061887,0.058352,0.05933,0.05682,0.060176,0.057085,0.05604,0.059745,0.05932,0.05929,0.056241,0.057439,0.059973
0.057753,0.057664,0.061917,0.056531,0.059924,0.055811,0.056722,0.059419,0.05564,0.057179,0.057297,0.05617,0.05645,0.058213,0.057783
0.05834,0.058218,0.061552,0.059408,0.058469,0.061568,0.059791,0.056992,0.057322,0.060908,0.057387,0.057546,0.060361,0.057555,0.062597
0.08332,0.084031,0.086161,0.087495,0.086983,0.08067,0.079943,0.082207,0.080219,0.086056,0.079138,0.084633,0.084302,0.086047,0.084286
0.059559,0.058776,0.063614,0.059804,0.060151,0.05816,0.057355,0.058892,0.059043,0.057021,0.057713,0.056867,0.057895,0.062394,0.057773
0.060097,0.062491,0.060883,0.057618,0.059674,0.058919,0.058243,0.059014,0.058049,0.058265,0.058167,0.058688,0.05869,0.058783,0.057755
0.056587,0.057656,0.057287,0.057746,0.057936,0.055255,0.059825,0.056733,0.056267,0.058952,0.056083,0.056668,0.059752,0.057097,0.061685
0.16929,0.16994,0.16495,0.1679,0.17513,0.16638,0.16572,0.16753,0.1707,0.17521,0.16596,0.16731,0.17062,0.17236,0.16901
0.056805,0.057653,0.056856,0.059283,0.056429,0.057984,0.056276,0.056695,0.056329,0.058568,0.056758,0.057135,0.057826,0.057697,0.057964
0.082275,0.090818,0.080015,0.082151,0.07915,0.07873,0.081706,0.079011,0.080393,0.085247,0.079208,0.079821,0.077941,0.08916,0.082712
0.057575,0.058596,0.060447,0.057194,0.057432,0.059676,0.057922,0.057452,0.056969,0.056554,0.057467,0.056193,0.058182,0.058084,0.057237
0.05825,0.058694,0.060561,0.05734,0.057234,0.058146,0.056219,0.05687,0.056235,0.058089,0.056766,0.056494,0.059967,0.059494,0.057227
0.056854,0.057681,0.056753,0.057553,0.057198,0.056607,0.05592,0.05749,0.055542,0.05824,0.057341,0.059277,0.058144,0.059127,0.058482
0.058207,0.057675,0.057204,0.057385,0.056803,0.056935,0.056182,0.057692,0.056694,0.057964,0.057014,0.056618,0.056616,0.058247,0.057004
0.058447,0.0593,0.059377,0.057759,0.058155,0.055929,0.05753,0.057364,0.057822,0.056787,0.058185,0.057488,0.057759,0.058645,0.057712
0.079772,0.08512,0.079645,0.083493,0.07871,0.083039,0.081273,0.078358,0.077411,0.081657,0.078189,0.077618,0.079761,0.086589,0.085966
0.057862,0.060082,0.056762,0.060521,0.056589,0.058317,0.057661,0.056634,0.054976,0.056467,0.05966,0.055776,0.05674,0.059975,0.057097
0.16409,0.16837,0.1652,0.17195,0.16982,0.16508,0.16466,0.16628,0.16443,0.17011,0.16875,0.16414,0.17076,0.16727,0.16564
0.058134,0.059707,0.059087,0.058017,0.058312,0.058607,0.056432,0.057152,0.056388,0.058515,0.056116,0.058148,0.058777,0.057215,0.056988
0.061195,0.059086,0.057278,0.057504,0.056289,0.057768,0.057923,0.058109,0.056228,0.058614,0.05946,0.057215,0.058631,0.056132,0.057316
0.059145,0.057275,0.057271,0.058023,0.056945,0.057771,0.056318,0.058595,0.056087,0.061784,0.058904,0.056996,0.05748,0.057028,0.056915
0.088877,0.094519,0.084273,0.08447,0.083725,0.083673,0.087134,0.084828,0.08108,0.091575,0.086679,0.089616,0.084571,0.087587,0.085554
0.058527,0.059859,0.055048,0.056847,0.056216,0.054595,0.056564,0.057433,0.055362,0.059914,0.054659,0.056469,0.056969,0.056746,0.056243
0.058014,0.05729,0.057984,0.058228,0.057127,0.057254,0.056109,0.056793,0.05496,0.056462,0.056816,0.057218,0.056816,0.057207,0.05599
0.05828,0.056965,0.057181,0.058403,0.056773,0.056049,0.055605,0.05944,0.057892,0.057933,0.056336,0.05818,0.060013,0.058619,0.057725
0.058589,0.05733,0.058586,0.059203,0.058491,0.056509,0.057654,0.057328,0.057169,0.057424,0.055951,0.058747,0.058036,0.058832,0.058726
0.05855,0.056808,0.057313,0.058195,0.14583,0.055834,0.055871,0.14428,0.056428,0.05694,0.1418,0.059367,0.060964,0.058091,0.058916
0.19615,0.19323,0.19407,0.19753,0.20621,0.19263,0.18875,0.20325,0.19301,0.1923,0.20766,0.19139,0.19664,0.19292,0.18998
0.058907,0.057339,0.057233,0.060492,0.061043,0.055648,0.056019,0.062596,0.056181,0.057424,0.058483,0.057382,0.057002,0.05922,0.058691
0.058197,0.058767,0.059395,0.057947,0.059502,0.05759,0.056253,0.057905,0.056884,0.058352,0.056816,0.057108,0.05786,0.057121,0.057208
0.061598,0.05614,0.057215,0.057413,0.060672,0.055542,0.056099,0.059238,0.05644,0.059721,0.057157,0.057517,0.057434,0.058006,0.058037
0.059984,0.060043,0.056461,0.059425,0.05832,0.0556,0.056371,0.059291,0.056143,0.057718,0.058705,0.056756,0.057177,0.057542,0.058481
0.061072,0.058812,0.058213,0.058088,0.061677,0.05674,0.056894,0.05902,0.056712,0.060494,0.056967,0.056964,0.056749,0.055908,0.057308
0.085435,0.083895,0.08574,0.082374,0.090487,0.083142,0.078802,0.085393,0.078226,0.078341,0.079814,0.082137,0.084771,0.079559,0.083464
0.057752,0.057526,0.056665,0.05732,0.057555,0.056214,0.056164,0.057869,0.056393,0.055346,0.057177,0.056628,0.057435,0.058349,0.058502
0.057865,0.063006,0.056814,0.057682,0.058855,0.055511,0.05667,0.05675,0.059945,0.056764,0.055886,0.056786,0.056897,0.057511,0.056377
0.058532,0.057913,0.05654,0.058732,0.058733,0.055625,0.0571,0.058162,0.0592,0.057379,0.056106,0.05716,0.056596,0.057847,0.058676
0.18009,0.17538,0.16422,0.16889,0.16852,0.16782,0.16859,0.16807,0.17048,0.16717,0.16813,0.16613,0.16822,0.17079,0.16663
0.058354,0.056618,0.05615,0.057368,0.058384,0.056865,0.056984,0.057239,0.057181,0.056647,0.055574,0.056582,0.056813,0.057436,0.056317
0.086022,0.08374,0.081072,0.081073,0.088706,0.077953,0.081702,0.083133,0.081677,0.081226,0.081888,0.080338,0.079606,0.079095,0.086288
0.059247,0.056713,0.061287,0.057841,0.057842,0.058333,0.056311,0.058576,0.055283,0.056545,0.05668,0.059026,0.057556,0.057657,0.056409
0.059669,0.058453,0.05872,0.057531,0.058799,0.057097,0.05719,0.056209,0.057453,0.057652,0.055788,0.059887,0.056246,0.059792,0.059742
0.059062,0.058996,0.057122,0.056372,0.057573,0.056363,0.056326,0.057754,0.057148,0.056535,0.058527,0.059629,0.057525,0.058762,0.057893
0.059285,0.061332,0.057477,0.057156,0.060222,0.061272,0.058745,0.058039,0.056311,0.056417,0.056736,0.056005,0.058157,0.058323,0.057919
0.057308,0.056857,0.059453,0.057216,0.057873,0.056524,0.056766,0.058099,0.05594,0.056647,0.056456,0.055708,0.056728,0.057335,0.058768
0.080277,0.081663,0.079566,0.0779,0.081596,0.080595,0.079509,0.080689,0.078622,0.079664,0.079758,0.07777,0.077662,0.080323,0.085056
0.057975,0.061198,0.056579,0.057977,0.056788,0.055551,0.055866,0.057527,0.055371,0.059044,0.057957,0.05796,0.057562,0.057798,0.05912
0.17134,0.17554,0.17091,0.16911,0.17279,0.16657,0.16604,0.16769,0.1673,0.16998,0.16905,0.16812,0.1681,0.17148,0.16695
0.059093,0.060139,0.057309,0.05726,0.056858,0.054699,0.058912,0.057013,0.055516,0.059566,0.057384,0.056632,0.057476,0.060089,0.055547
0.058816,0.05961,0.056154,0.059183,0.057086,0.056398,0.057364,0.057286,0.056535,0.058068,0.056521,0.056415,0.058525,0.058368,0.058787
0.056914,0.058963,0.056418,0.057375,0.058631,0.056931,0.059518,0.05706,0.057433,0.058556,0.061633,0.056557,0.058296,0.057832,0.056854
0.085873,0.083315,0.079659,0.082199,0.083665,0.080736,0.08144,0.079541,0.078909,0.079598,0.082712,0.077031,0.07696,0.081712,0.077607
0.058403,0.057443,0.056556,0.057735,0.059803,0.057244,0.059025,0.056315,0.057906,0.058048,0.058263,0.056236,0.05736,0.057098,0.056727
0.058567,0.057535,0.057327,0.058521,0.057793,0.056525,0.056718,0.056776,0.056777,0.056499,0.05748,0.055226,0.058188,0.059576,0.056493
0.058262,0.057626,0.056562,0.05721,0.057918,0.055776,0.057307,0.057019,0.055327,0.0574,0.057839,0.056861,0.062013,0.056176,0.061147
0.060319,0.059416,0.0557,0.056754,0.058367,0.057173,0.055817,0.056999,0.060012,0.056659,0.057434,0.057073,0.059606,0.056868,0.057109
0.058336,0.06002,0.057744,0.057154,0.058052,0.055804,0.060292,0.056823,0.055484,0.057195,0.060032,0.056276,0.060886,0.059187,0.056284
0.19767,0.20173,0.19587,0.19372,0.19367,0.19706,0.19551,0.20089,0.19819,0.19474,0.19042,0.19663,0.20001,0.19956,0.19529
0.057967,0.060395,0.057361,0.058092,0.059205,0.057311,0.055924,0.05722,0.056764,0.057532,0.056444,0.056375,0.056635,0.059941,0.058687
0.14005,0.13898,0.14301,0.14601,0.14501,0.14576,0.14391,0.14156,0.14691,0.057076,0.13702,0.14489,0.14934,0.14679,0.14189
0.058139,0.14525,0.13755,0.069134,0.1417,0.070039,0.067929,0.13602,0.14873,0.14447,0.13852,0.15707,0.15202,0.15042,0.1593
0.062553,0.061848,0.057142,0.067213,0.059438,0.067253,0.065684,0.058577,0.058083,0.14945,0.056427,0.059498,0.13761,0.058856,0.05801
0.058273,0.14955,0.143,0.058304,0.1462,0.05647,0.13828,0.14181,0.14409,0.13746,0.14075,0.14529,0.14118,0.066959,0.065248
0.16337,0.082661,0.16645,0.17139,0.086321,0.16132,0.16133,0.081421,0.081047,0.16501,0.16857,0.081731,0.16889,0.16018,0.16308
0.060768,0.05664,0.060425,0.060649,0.057117,0.057989,0.056342,0.05771,0.055005,0.14545,0.05939,0.057275,0.14215,0.058743,0.057757
0.057063,0.058749,0.05637,0.05758,0.057386,0.056445,0.057626,0.057665,0.056338,0.060014,0.059503,0.057098,0.058306,0.057763,0.056544
0.058302,0.058432,0.0565,0.05706,0.059886,0.057754,0.055959,0.057556,0.057807,0.066828,0.062342,0.055911,0.064822,0.055168,0.058847
0.17064,0.17967,0.17833,0.1688,0.18012,0.16711,0.18046,0.17867,0.17077,0.16802,0.17583,0.17093,0.17145,0.1755,0.17036
0.056708,0.058266,0.056197,0.058077,0.058669,0.055346,0.055675,0.058889,0.057959,0.058436,0.056,0.058841,0.056355,0.057736,0.058397
0.084288,0.083851,0.08007,0.083678,0.085894,0.081413,0.080975,0.083354,0.083619,0.082552,0.089053,0.083407,0.08569,0.080882,0.084727
0.059259,0.057823,0.057294,0.057059,0.058835,0.057536,0.05645,0.0608,0.059329,0.055454,0.056197,0.059283,0.058486,0.057585,0.057787
0.056812,0.057272,0.054967,0.058012,0.058028,0.055057,0.055965,0.058577,0.056466,0.056424,0.057316,0.056537,0.060799,0.056157,0.056888
0.059832,0.060598,0.056516,0.057149,0.061006,0.057809,0.05924,0.057105,0.055378,0.05802,0.057874,0.056237,0.055635,0.059111,0.057663
0.057985,0.060498,0.060916,0.059009,0.058055,0.056233,0.056869,0.05795,0.056841,0.061064,0.062396,0.056276,0.057749,0.0587,0.057007
0.057235,0.059194,0.056638,0.06077,0.059509,0.056278,0.057376,0.057226,0.057448,0.060604,0.060777,0.056488,0.057192,0.056757,0.059073
0.084257,0.08273,0.08083,0.081404,0.080684,0.085071,0.080571,0.083605,0.085655,0.081671,0.094117,0.080914,0.082166,0.082061,0.079724
0.057901,0.056433,0.057389,0.055745,0.056485,0.055583,0.057714,0.056868,0.057415,0.056533,0.056122,0.055422,0.056115,0.056819,0.056444
0.17219,0.17226,0.17319,0.17101,0.17208,0.18194,0.17417,0.1717,0.17459,0.16848,0.18447,0.17241,0.16959,0.1701,0.17077
0.066005,0.05905,0.05634,0.058139,0.057667,0.055435,0.055845,0.061785,0.055669,0.057974,0.057183,0.05646,0.056589,0.059154,0.057778
0.057642,0.056877,0.056376,0.056829,0.0582,0.055893,0.057885,0.057868,0.055261,0.056344,0.060336,0.056583,0.057441,0.056146,0.059739
0.057126,0.056536,0.056003,0.056996,0.057547,0.055637,0.058365,0.05623,0.056074,0.056004,0.055361,0.056422,0.056996,0.05681,0.057548
0.083534,0.07977,0.084476,0.087611,0.078476,0.08198,0.078602,0.083309,0.078094,0.085517,0.086811,0.080165,0.085216,0.08071,0.087906
0.055054,0.056772,0.055787,0.055421,0.056514,0.055444,0.055751,0.057757,0.055626,0.057378,0.055163,0.056243,0.056206,0.055632,0.056028
0.055838,0.05786,0.056261,0.056819,0.058792,0.055426,0.057761,0.057074,0.057622,0.057045,0.056913,0.055341,0.056449,0.057679,0.058878
0.056852,0.057749,0.056295,0.057362,0.057846,0.055017,0.055854,0.057483,0.055616,0.057497,0.057407,0.055931,0.057761,0.058051,0.057564
0.05654,0.060383,0.056438,0.057943,0.058099,0.057306,0.059029,0.057469,0.057606,0.057361,0.057466,0.057084,0.056657,0.058539,0.056106
0.056603,0.056203,0.055707,0.057783,0.056346,0.056387,0.056038,0.056921,0.056187,0.057367,0.058247,0.056649,0.056766,0.058803,0.058047
0.19801,0.19961,0.18778,0.20405,0.19633,0.1914,0.19912,0.19287,0.19652,0.19052,0.2064,0.20217,0.19677,0.19949,0.19911
0.057266,0.057475,0.057421,0.056885,0.057584,0.056026,0.056134,0.056751,0.05728,0.056386,0.059031,0.054874,0.057399,0.057717,0.056542
0.056671,0.056684,0.058657,0.056682,0.057966,0.055659,0.056222,0.056957,0.056017,0.056406,0.061149,0.055394,0.059904,0.057407,0.057608
0.057833,0.057823,0.057774,0.058591,0.056326,0.054485,0.057608,0.058957,0.054761,0.057746,0.059639,0.056121,0.057902,0.056678,0.056709
0.057914,0.05814,0.056718,0.0567,0.059591,0.056267,0.056525,0.056877,0.054657,0.056604,0.060346,0.056391,0.057335,0.055602,0.056209
0.057574,0.057688,0.056299,0.059077,0.057272,0.05514,0.056015,0.057133,0.056486,0.054927,0.057338,0.057224,0.056966,0.058634,0.058001
0.084025,0.084883,0.081564,0.08083,0.083214,0.078663,0.078336,0.079858,0.081009,0.081143,0.086832,0.07926,0.078807,0.082515,0.078858
0.057686,0.057653,0.055323,0.060345,0.056378,0.055626,0.055513,0.056166,0.054553,0.057038,0.058069,0.05692,0.059991,0.056343,0.056704
0.060297,0.056756,0.055305,0.055915,0.056774,0.056171,0.058535,0.056377,0.057481,0.055549,0.06096,0.055851,0.060921,0.060129,0.055494
0.056716,0.05901,0.055611,0.056047,0.056828,0.056312,0.056334,0.056942,0.056362,0.059067,0.058872,0.057023,0.05639,0.056783,0.056061
0.16735,0.16808,0.17724,0.17055,0.1733,0.17369,0.16634,0.16759,0.1668,0.17116,0.16982,0.17263,0.16682,0.16853,0.16833
0.055664,0.057338,0.056222,0.057293,0.059636,0.056691,0.055017,0.059883,0.055916,0.057403,0.059611,0.057105,0.056774,0.058953,0.054896
0.080978,0.082878,0.080696,0.083992,0.08291,0.080589,0.079836,0.080078,0.08184,0.078978,0.082829,0.082685,0.079656,0.087873,0.082309
0.056748,0.057443,0.055927,0.058251,0.057385,0.05651,0.056528,0.057376,0.056918,0.055624,0.055289,0.061141,0.056043,0.055913,0.055999
0.058544,0.056314,0.056843,0.059395,0.056631,0.056554,0.055345,0.056924,0.055752,0.056064,0.058185,0.056519,0.05727,0.057577,0.056479
0.056263,0.056936,0.058381,0.057662,0.061242,0.056751,0.054841,0.061168,0.055923,0.057167,0.059927,0.057288,0.056934,0.058193,0.055677
0.057347,0.056304,0.057078,0.058002,0.058976,0.055333,0.054959,0.058235,0.056216,0.05633,0.057976,0.057505,0.056445,0.059514,0.055468
0.05975,0.055938,0.056893,0.058182,0.058446,0.055846,0.055082,0.061803,0.056146,0.055401,0.056704,0.056523,0.05553,0.057683,0.057785
0.082958,0.081354,0.08538,0.081998,0.082004,0.078624,0.076558,0.081619,0.078564,0.082506,0.083884,0.083259,0.080322,0.082803,0.083505
0.056693,0.055455,0.060993,0.058003,0.058861,0.054314,0.054516,0.057326,0.058379,0.056408,0.057959,0.058342,0.055041,0.055449,0.057206
0.17204,0.17185,0.17498,0.16973,0.17512,0.16729,0.16951,0.18005,0.1712,0.16919,0.16725,0.17695,0.16763,0.17051,0.16886
0.056753,0.056929,0.05669,0.057739,0.056746,0.055564,0.057004,0.060804,0.056845,0.056985,0.055736,0.055079,0.056959,0.05609,0.060132
0.0568,0.056293,0.056617,0.056772,0.056777,0.055536,0.054743,0.056281,0.054474,0.056116,0.056112,0.055314,0.056555,0.058116,0.057327
0.057023,0.055941,0.056625,0.057921,0.05798,0.056076,0.054577,0.05634,0.057183,0.057091,0.055866,0.055518,0.058979,0.057377,0.055153
0.084993,0.08205,0.082653,0.084391,0.084557,0.08466,0.079259,0.081528,0.080917,0.07957,0.076509,0.07964,0.079824,0.080742,0.079342
0.059544,0.055652,0.057702,0.057764,0.057982,0.055037,0.055308,0.05885,0.054658,0.055267,0.058056,0.056224,0.056997,0.058678,0.057643
0.057706,0.058564,0.05614,0.055522,0.057197,0.058002,0.056369,0.056826,0.056066,0.056963,0.056153,0.056033,0.057788,0.055986,0.05645
0.056919,0.055285,0.055972,0.058899,0.057375,0.05641,0.056382,0.055992,0.056773,0.057946,0.057847,0.057616,0.057365,0.058119,0.056738
0.058714,0.056348,0.056637,0.05797,0.05912,0.055045,0.059373,0.057477,0.059643,0.056534,0.055495,0.056367,0.056477,0.057484,0.057761
0.059151,0.057404,0.055829,0.060728,0.055839,0.054484,0.055843,0.059465,0.055084,0.055911,0.055117,0.057088,0.058254,0.056177,0.056286
0.1963,0.19271,0.19296,0.19638,0.19297,0.19652,0.19143,0.18983,0.19702,0.19385,0.19379,0.19624,0.19422,0.19215,0.19167
0.057336,0.057387,0.055846,0.055928,0.05606,0.056232,0.055566,0.058706,0.054997,0.05555,0.056337,0.058445,0.057321,0.056632,0.057214
0.057707,0.058151,0.056795,0.056093,0.057813,0.058752,0.057283,0.056084,0.055456,0.0565,0.059227,0.056253,0.055855,0.058118,0.056733
0.056876,0.058247,0.056378,0.057236,0.057124,0.058132,0.055949,0.05795,0.055184,0.055792,0.055538,0.055201,0.057906,0.05604,0.057225
0.056873,0.057722,0.056744,0.057024,0.056987,0.056283,0.055355,0.057501,0.055774,0.056236,0.056939,0.057274,0.0579,0.056794,0.057023
0.056478,0.060574,0.05722,0.056787,0.057236,0.055271,0.056937,0.058535,0.055565,0.055929,0.056988,0.05632,0.05862,0.05886,0.05678
0.079826,0.083489,0.079786,0.084015,0.081228,0.081115,0.079408,0.081118,0.080429,0.08309,0.079619,0.078003,0.083241,0.081581,0.082837
0.058125,0.055939,0.05561,0.060263,0.05857,0.055134,0.055487,0.056422,0.055374,0.058002,0.055663,0.056121,0.05681,0.057966,0.055333
0.056408,0.058027,0.057002,0.05768,0.05658,0.05641,0.055795,0.056503,0.055301,0.057829,0.056022,0.055858,0.057138,0.057767,0.056705
0.057029,0.056904,0.054778,0.056747,0.057734,0.056474,0.055558,0.056598,0.055464,0.057237,0.057227,0.058387,0.058973,0.059934,0.059586
0.17077,0.16669,0.16989,0.16655,0.16853,0.16653,0.16482,0.17117,0.16471,0.17033,0.17085,0.16678,0.17533,0.17004,0.16826
0.059205,0.058362,0.055499,0.059,0.058763,0.058563,0.056043,0.056637,0.055643,0.056813,0.05707,0.055384,0.058301,0.058255,0.055874
0.081143,0.083591,0.078937,0.081659,0.082829,0.082182,0.080374,0.080229,0.078859,0.07991,0.079748,0.080402,0.081911,0.078988,0.080658
0.05594,0.057961,0.057458,0.056162,0.056696,0.054261,0.055582,0.055821,0.056196,0.059481,0.056519,0.058123,0.056258,0.056412,0.061449
0.057431,0.05826,0.056217,0.056278,0.056135,0.055841,0.054425,0.056905,0.055667,0.056998,0.056758,0.056057,0.055841,0.055638,0.055146
0.055195,0.056674,0.055525,0.056917,0.058002,0.054835,0.055779,0.056583,0.055847,0.055779,0.056103,0.056715,0.057811,0.057307,0.056151
0.057091,0.05748,0.055527,0.058094,0.056486,0.056168,0.056115,0.056831,0.055462,0.055776,0.055416,0.058132,0.05619,0.057306,0.056568
0.056673,0.057452,0.055633,0.057138,0.059364,0.057955,0.055609,0.056246,0.055824,0.055103,0.056412,0.057432,0.056472,0.057439,0.055542
0.082224,0.084915,0.08528,0.083186,0.08192,0.082483,0.079433,0.080743,0.081955,0.085549,0.081784,0.084857,0.083374,0.087646,0.081962
0.056303,0.057109,0.056777,0.059485,0.056498,0.055662,0.057995,0.058506,0.056132,0.058941,0.055591,0.055921,0.055956,0.056871,0.056216
0.1668,0.16841,0.16914,0.16646,0.16834,0.17055,0.16605,0.16703,0.17506,0.1705,0.17073,0.17201,0.16728,0.16746,0.1656
0.055123,0.057831,0.05821,0.057014,0.057495,0.056285,0.055519,0.056258,0.055977,0.055618,0.055703,0.057756,0.056268,0.056669,0.056688
0.055716,0.05828,0.056524,0.057858,0.057582,0.055426,0.057211,0.055788,0.056773,0.057809,0.056081,0.056667,0.057434,0.057897,0.055995
0.056339,0.058415,0.05773,0.055715,0.056219,0.056277,0.055097,0.059667,0.056116,0.057101,0.056468,0.056606,0.056373,0.059996,0.057285
0.084438,0.084908,0.08225,0.082323,0.082717,0.082213,0.080542,0.082598,0.080578,0.085686,0.078759,0.082264,0.082325,0.081611,0.081269
0.056801,0.057324,0.05621,0.057494,0.058187,0.056712,0.056739,0.057477,0.055277,0.057101,0.0557,0.056527,0.057241,0.058627,0.058417
0.056293,0.056052,0.057582,0.057861,0.056975,0.056614,0.05551,0.059865,0.055427,0.05925,0.056858,0.057225,0.059264,0.058296,0.056591
0.058157,0.059274,0.056577,0.058847,0.058703,0.058231,0.056723,0.058652,0.055351,0.05696,0.056365,0.056923,0.057041,0.060102,0.056318
0.058365,0.058863,0.056835,0.058913,0.059588,0.056237,0.056221,0.058991,0.055282,0.058614,0.057642,0.056356,0.05773,0.056654,0.059297
0.060849,0.057492,0.057053,0.057375,0.060311,0.057082,0.056848,0.062385,0.055711,0.059378,0.060141,0.056089,0.056822,0.058131,0.056641
0.19329,0.19153,0.20426,0.19231,0.20233,0.19489,0.19131,0.19773,0.19216,0.19205,0.18895,0.19197,0.19189,0.19383,0.19273
0.056821,0.059419,0.056483,0.057319,0.057756,0.055656,0.056689,0.056803,0.057645,0.057526,0.056045,0.056398,0.057415,0.057647,0.056447
0.062234,0.057504,0.057075,0.057037,0.057233,0.055278,0.056569,0.056877,0.056105,0.055752,0.056683,0.058073,0.056115,0.057814,0.05679
0.057221,0.056382,0.056064,0.056596,0.056796,0.057505,0.056304,0.056691,0.056854,0.056568,0.056197,0.056737,0.05603,0.057029,0.05793
0.058988,0.056518,0.058586,0.057019,0.058414,0.056459,0.056418,0.059022,0.059977,0.056035,0.056184,0.056591,0.056886,0.057419,0.055852
0.058765,0.06008,0.056158,0.058172,0.061371,0.056226,0.055988,0.057778,0.055788,0.062711,0.056646,0.058301,0.057267,0.05901,0.05766
0.083019,0.086493,0.086497,0.080763,0.082133,0.08287,0.081624,0.081765,0.079815,0.080369,0.080899,0.08459,0.083449,0.083451,0.08093
0.058104,0.058348,0.05894,0.057999,0.058003,0.056607,0.057516,0.058897,0.057249,0.058494,0.060906,0.060827,0.057366,0.057195,0.057075
0.063586,0.059314,0.057836,0.056899,0.057889,0.0558,0.057746,0.057212,0.058853,0.055839,0.056108,0.058756,0.058993,0.057617,0.056818
0.057627,0.058397,0.056696,0.056208,0.05618,0.056641,0.058,0.057032,0.055778,0.056961,0.055948,0.056355,0.056774,0.057124,0.056813
0.17228,0.17714,0.16638,0.17109,0.17094,0.16648,0.17487,0.17029,0.16782,0.16531,0.16846,0.16895,0.17196,0.17051,0.17555
0.057277,0.058719,0.058258,0.05633,0.06018,0.056531,0.055793,0.05631,0.057066,0.057291,0.056628,0.0574,0.057448,0.057005,0.060678
0.083628,0.084523,0.083355,0.081167,0.08011,0.079929,0.085102,0.081783,0.081974,0.082413,0.084211,0.081331,0.085815,0.087387,0.083722
0.056472,0.058044,0.058019,0.05905,0.05788,0.056232,0.056857,0.058873,0.056576,0.057376,0.056987,0.056018,0.05825,0.057791,0.060148
0.059185,0.059544,0.057508,0.056478,0.056794,0.057574,0.056781,0.059334,0.055962,0.057543,0.057855,0.056025,0.057981,0.057787,0.057759
0.058485,0.05993,0.057637,0.061073,0.057484,0.058349,0.059038,0.056798,0.05735,0.059399,0.056669,0.058042,0.059228,0.057261,0.056721
0.058045,0.058514,0.05705,0.058427,0.05763,0.055545,0.056897,0.055713,0.058522,0.059915,0.055795,0.057026,0.056886,0.058545,0.055868
0.058125,0.058922,0.057666,0.057141,0.057515,0.057943,0.058251,0.056045,0.057695,0.057293,0.056147,0.056907,0.057244,0.057634,0.058969
0.081723,0.085251,0.081777,0.083449,0.080257,0.080226,0.080793,0.079487,0.084556,0.083295,0.088172,0.081896,0.080349,0.082865,0.084518
0.058187,0.057282,0.059948,0.061228,0.057189,0.0584,0.056175,0.058584,0.055906,0.05966,0.056662,0.05729,0.060134,0.059017,0.056724
0.17203,0.17035,0.16782,0.17618,0.17077,0.17042,0.16925,0.17078,0.16732,0.16747,0.16652,0.16745,0.17417,0.17425,0.16712
0.057789,0.057363,0.059802,0.057218,0.05703,0.054854,0.055024,0.058111,0.057043,0.057984,0.057577,0.057228,0.059144,0.058041,0.057375
0.055297,0.056546,0.057347,0.059887,0.060214,0.05626,0.055758,0.056942,0.057896,0.05656,0.056171,0.054778,0.058459,0.058502,0.05859
0.057234,0.059512,0.056905,0.057829,0.057703,0.05769,0.056773,0.057273,0.056377,0.059983,0.062524,0.057253,0.056762,0.05979,0.057204
0.082923,0.083658,0.07858,0.08036,0.083459,0.085159,0.079454,0.079685,0.078716,0.081221,0.080271,0.082512,0.080286,0.080715,0.080024
0.059102,0.05702,0.056111,0.060853,0.060431,0.055424,0.056186,0.05638,0.05581,0.058218,0.056885,0.056234,0.056215,0.057147,0.056607
0.057792,0.057463,0.056923,0.05728,0.057311,0.055645,0.05571,0.05678,0.055757,0.057116,0.057563,0.056798,0.059149,0.058903,0.057984
0.056182,0.059904,0.057498,0.05711,0.057878,0.056544,0.056626,0.059639,0.055496,0.056752,0.056655,0.060067,0.058112,0.05796,0.057695
0.05844,0.057676,0.057496,0.0582,0.057041,0.055949,0.055796,0.056745,0.056554,0.055909,0.057685,0.057443,0.055268,0.056656,0.056368
0.056329,0.057303,0.057897,0.056742,0.058239,0.055993,0.055403,0.058252,0.056123,0.056182,0.057024,0.057128,0.057568,0.056735,0.056496
0.20233,0.19122,0.19334,0.19919,0.19543,0.19839,0.19598,0.19037,0.1898,0.19315,0.18812,0.19466,0.19347,0.19611,0.18825
0.056762,0.057667,0.056935,0.058028,0.057624,0.056669,0.054944,0.060286,0.056216,0.060135,0.056797,0.057102,0.056605,0.056603,0.057375
0.056892,0.057488,0.058128,0.056829,0.05734,0.056917,0.054591,0.056524,0.055836,0.055256,0.055996,0.055106,0.055839,0.056523,0.056165
0.055419,0.056658,0.057752,0.056285,0.057353,0.056485,0.055976,0.058496,0.055984,0.055105,0.054936,0.056402,0.056927,0.056594,0.057043
0.055773,0.057906,0.056071,0.058746,0.057409,0.057071,0.056669,0.056261,0.055939,0.057029,0.056454,0.057815,0.057172,0.056504,0.057485
0.058337,0.057596,0.057305,0.059222,0.058163,0.057066,0.056867,0.056899,0.056276,0.057856,0.055027,0.057058,0.059535,0.057572,0.056794
0.082863,0.084016,0.081425,0.083471,0.08068,0.080684,0.079974,0.080789,0.080566,0.082192,0.081685,0.079803,0.08168,0.08357,0.08056
0.057275,0.057931,0.056923,0.05879,0.057924,0.055925,0.055212,0.056581,0.058143,0.057326,0.059497,0.056584,0.056151,0.06,0.056709
0.05493,0.056209,0.059081,0.058077,0.059479,0.05654,0.055664,0.057756,0.055794,0.056965,0.057949,0.05604,0.055398,0.057549,0.056126
0.058747,0.058079,0.056685,0.057103,0.058875,0.059506,0.057209,0.058537,0.055615,0.058564,0.055396,0.057725,0.057181,0.0576,0.054841
0.16532,0.17412,0.16968,0.16924,0.1761,0.16982,0.16717,0.17425,0.16904,0.1655,0.16448,0.16776,0.16679,0.16831,0.16632
0.055667,0.057258,0.058856,0.059114,0.058812,0.05602,0.055637,0.05626,0.054988,0.057029,0.058998,0.057461,0.055837,0.059723,0.056591
0.082036,0.086717,0.083249,0.082508,0.085696,0.081674,0.08415,0.082605,0.084217,0.085105,0.085154,0.080696,0.083138,0.081689,0.080312
0.057344,0.058003,0.057168,0.058263,0.056271,0.056227,0.056668,0.056584,0.058352,0.060238,0.055435,0.0553,0.055904,0.056494,0.057439
0.056172,0.057624,0.056899,0.056546,0.057597,0.055408,0.054719,0.056826,0.056691,0.060844,0.056108,0.05646,0.057256,0.057266,0.057313
0.056727,0.058441,0.055931,0.058927,0.05796,0.05635,0.057074,0.055362,0.056305,0.055604,0.055962,0.055818,0.057103,0.056974,0.057507
0.056356,0.057683,0.05905,0.056843,0.056616,0.055243,0.056585,0.05663,0.056488,0.056364,0.057137,0.054975,0.05565,0.056541,0.058448
0.057452,0.057439,0.058142,0.056583,0.056775,0.05496,0.05712,0.058295,0.057112,0.055962,0.055937,0.054394,0.056754,0.059561,0.057036
0.082606,0.084158,0.080635,0.081681,0.084246,0.081615,0.0816,0.079373,0.082339,0.0821,0.082131,0.082801,0.081405,0.078914,0.082021
0.059922,0.059215,0.056502,0.055639,0.058628,0.055712,0.056709,0.058269,0.055698,0.055375,0.055932,0.055855,0.059896,0.056601,0.057275
0.17208,0.16973,0.16619,0.16646,0.17315,0.16592,0.16928,0.16617,0.16736,0.17236,0.16584,0.1672,0.1788,0.1666,0.16726
0.057414,0.059156,0.060127,0.057002,0.058151,0.05588,0.055656,0.056995,0.055984,0.056496,0.058766,0.056406,0.056363,0.056979,0.058613
0.057545,0.058135,0.055804,0.056779,0.060819,0.057808,0.055925,0.056691,0.055221,0.056344,0.056462,0.055347,0.056666,0.056822,0.058182
0.056827,0.058072,0.057137,0.057718,0.057226,0.055248,0.056536,0.056076,0.057041,0.057869,0.057921,0.056172,0.059207,0.057249,0.057703
0.087132,0.085425,0.082055,0.085309,0.090042,0.082991,0.081331,0.086346,0.088231,0.089944,0.085406,0.082097,0.086153,0.08659,0.08493
0.056497,0.057763,0.058084,0.055993,0.057955,0.057109,0.055606,0.057402,0.055855,0.059411,0.058457,0.056237,0.056528,0.057468,0.057044
0.058446,0.059707,0.055548,0.057304,0.057754,0.056104,0.055618,0.055509,0.057245,0.055944,0.056913,0.056813,0.05748,0.057386,0.056496
0.056685,0.058584,0.057036,0.057157,0.056167,0.055748,0.055465,0.055953,0.056222,0.058251,0.056669,0.057643,0.057092,0.056591,0.056356
0.057469,0.057719,0.055221,0.056345,0.057443,0.057556,0.055769,0.058377,0.056059,0.057173,0.0564,0.056109,0.057419,0.057645,0.055003
0.057539,0.057137,0.059019,0.056711,0.057818,0.057439,0.054788,0.056188,0.058078,0.057067,0.056292,0.057821,0.057511,0.05717,0.057733
0.19785,0.19413,0.19373,0.19368,0.19506,0.19192,0.18954,0.19306,0.19006,0.1938,0.19757,0.19068,0.19987,0.19891,0.18959
0.061209,0.062004,0.059967,0.05774,0.05907,0.058633,0.056603,0.05781,0.060004,0.057248,0.059208,0.056238,0.063674,0.057629,0.059359
0.059643,0.063992,0.058449,0.06313,0.058104,0.056638,0.056271,0.05859,0.057772,0.057827,0.06133,0.058598,0.058323,0.060445,0.059887
0.057217,0.058725,0.057964,0.057766,0.057467,0.056004,0.05734,0.05867,0.05704,0.056621,0.058296,0.059966,0.057029,0.061378,0.057507
0.057944,0.058087,0.057044,0.057114,0.057387,0.05501,0.057626,0.058434,0.056161,0.056747,0.05834,0.057974,0.056921,0.058004,0.05658
0.058923,0.061447,0.057221,0.058043,0.058859,0.056979,0.055349,0.057555,0.056043,0.05625,0.063038,0.056876,0.05669,0.058344,0.057127
0.08464,0.086835,0.081288,0.083368,0.082759,0.084604,0.079752,0.079753,0.079657,0.081456,0.080759,0.08077,0.081734,0.080666,0.083118
0.060133,0.058313,0.057569,0.058371,0.057746,0.057158,0.057397,0.057843,0.055906,0.056716,0.057164,0.059982,0.058906,0.062327,0.057666
0.061752,0.057155,0.057569,0.057999,0.057156,0.056269,0.055676,0.057104,0.056669,0.056528,0.055861,0.056671,0.057448,0.058872,0.059278
0.057723,0.056962,0.056074,0.058215,0.057406,0.056086,0.055997,0.058645,0.055825,0.057909,0.05559,0.056729,0.057794,0.058483,0.059152
0.17298,0.16772,0.16866,0.16975,0.17229,0.17153,0.17061,0.16804,0.16503,0.17292,0.17842,0.17059,0.16855,0.16871,0.16608
0.057828,0.05976,0.056926,0.057498,0.056851,0.05615,0.056954,0.055492,0.05566,0.057916,0.056846,0.055074,0.056174,0.057996,0.056439
0.082875,0.084742,0.079986,0.082498,0.083923,0.082364,0.081997,0.083153,0.082524,0.082115,0.079405,0.079896,0.080725,0.080996,0.081821
0.060588,0.056801,0.05685,0.055416,0.05667,0.05688,0.056029,0.059583,0.05589,0.056546,0.055198,0.056447,0.056544,0.058095,0.055441
0.057611,0.056112,0.056537,0.057757,0.057096,0.058409,0.055968,0.057192,0.055297,0.056632,0.057395,0.056996,0.056598,0.057651,0.056565
0.060661,0.05577,0.057708,0.059634,0.058998,0.057651,0.055634,0.058317,0.056465,0.056654,0.056378,0.055404,0.057158,0.059651,0.056742
0.056333,0.058898,0.056987,0.059073,0.058064,0.055194,0.058531,0.058677,0.057505,0.057013,0.055909,0.057021,0.056309,0.057593,0.056985
0.057293,0.057158,0.057366,0.058728,0.059407,0.057361,0.059001,0.060518,0.058534,0.056107,0.055851,0.056079,0.056775,0.060595,0.059428
0.08214,0.0858,0.082764,0.084504,0.084182,0.083393,0.081206,0.081073,0.080122,0.079709,0.079956,0.079518,0.081331,0.078947,0.082359
0.058739,0.058393,0.055854,0.057681,0.058788,0.056381,0.057376,0.058751,0.056716,0.056702,0.05828,0.055093,0.056796,0.057198,0.05798
0.17567,0.16837,0.17857,0.16839,0.17959,0.16874,0.17703,0.17294,0.1656,0.16955,0.16613,0.16829,0.16873,0.1675,0.16637
0.055943,0.057562,0.058846,0.059169,0.061538,0.05552,0.055746,0.059438,0.056951,0.05645,0.058266,0.059318,0.05807,0.056515,0.056741
0.057872,0.058054,0.057129,0.061689,0.056603,0.055829,0.059876,0.058918,0.057281,0.05794,0.060117,0.056248,0.059205,0.05884,0.055837
0.057759,0.057501,0.055381,0.056048,0.056742,0.055364,0.055336,0.05732,0.056294,0.057042,0.055725,0.056227,0.056881,0.056552,0.056636
0.080889,0.085152,0.079684,0.081683,0.078476,0.082106,0.079865,0.084877,0.078845,0.07957,0.080358,0.08117,0.084033,0.080992,0.079814
0.058751,0.060552,0.05507,0.056838,0.056977,0.057647,0.057238,0.057543,0.057371,0.056501,0.054621,0.056372,0.059138,0.056799,0.056559
0.055045,0.059278,0.058389,0.056533,0.056847,0.0554,0.057631,0.055774,0.056152,0.055905,0.056081,0.055825,0.05574,0.055964,0.057393
0.056472,0.054843,0.055325,0.057573,0.056874,0.056358,0.057212,0.057076,0.05674,0.056783,0.055278,0.05815,0.056855,0.057377,0.056445
0.0559,0.057556,0.056787,0.059766,0.057914,0.054993,0.055564,0.056148,0.05663,0.055891,0.056512,0.057173,0.056694,0.056544,0.058061
0.056688,0.059172,0.060601,0.057279,0.058501,0.056237,0.056482,0.056414,0.055864,0.05605,0.056703,0.057848,0.056781,0.056284,0.05845
0.19103,0.2035,0.19134,0.19298,0.20031,0.18528,0.20231,0.19422,0.19809,0.1968,0.18796,0.19481,0.1942,0.20065,0.19527
0.058476,0.057324,0.056914,0.058735,0.057061,0.055312,0.055995,0.056424,0.055762,0.056752,0.059335,0.055173,0.056142,0.057644,0.056001
0.056209,0.058203,0.057224,0.058126,0.056543,0.055474,0.05466,0.057199,0.055378,0.05607,0.054917,0.054981,0.05608,0.057987,0.056943
0.055894,0.059116,0.056311,0.057366,0.059442,0.056462,0.055729,0.056142,0.054933,0.055762,0.05602,0.055562,0.057512,0.056951,0.05896
0.056791,0.055938,0.056325,0.057395,0.057469,0.055965,0.054812,0.055496,0.057194,0.060396,0.056259,0.057981,0.057374,0.057381,0.057925
0.058184,0.056507,0.056212,0.056508,0.058495,0.055501,0.055292,0.058557,0.054831,0.057998,0.055949,0.05853,0.056508,0.05803,0.056622
0.081454,0.087092,0.082421,0.086734,0.084201,0.083791,0.083686,0.085461,0.078348,0.084159,0.077877,0.083057,0.079416,0.083392,0.083212
0.057805,0.055697,0.057054,0.058288,0.056156,0.056597,0.056293,0.055889,0.055494,0.056991,0.054952,0.055584,0.057791,0.057767,0.056753
0.056135,0.056826,0.0564,0.057318,0.057696,0.055934,0.055249,0.055872,0.054162,0.05572,0.055952,0.054387,0.055628,0.05963,0.05595
0.056183,0.055649,0.056278,0.057152,0.058086,0.055466,0.05593,0.05666,0.05592,0.058759,0.055533,0.056685,0.059431,0.059876,0.056353
0.18122,0.16732,0.17643,0.17583,0.17394,0.1759,0.16925,0.17191,0.1655,0.16864,0.16524,0.16842,0.17033,0.17204,0.16396
0.056603,0.054764,0.05907,0.058899,0.058024,0.056,0.05582,0.056922,0.055363,0.056084,0.058092,0.056625,0.059716,0.056774,0.05631
0.083175,0.083294,0.08018,0.081907,0.08477,0.081097,0.082926,0.079193,0.080265,0.078684,0.085611,0.083416,0.08206,0.082032,0.081211
0.055895,0.057904,0.058729,0.058499,0.057655,0.055208,0.059642,0.056599,0.054457,0.05712,0.057099,0.055465,0.056324,0.056081,0.057174
0.057458,0.058188,0.056706,0.055907,0.057827,0.0558,0.055904,0.05738,0.056019,0.055923,0.056838,0.056036,0.05646,0.056208,0.056964
0.057783,0.056592,0.056702,0.05746,0.057297,0.056268,0.055462,0.056632,0.055962,0.056063,0.057491,0.057236,0.059563,0.057255,0.057431
0.058971,0.058088,0.056961,0.058749,0.057901,0.056524,0.057585,0.056748,0.05675,0.056501,0.059071,0.056992,0.057407,0.057519,0.058433
0.057774,0.056852,0.057464,0.057573,0.05819,0.055824,0.055675,0.055082,0.056833,0.056906,0.056835,0.05773,0.056543,0.057108,0.056266
0.081097,0.080369,0.079207,0.078574,0.083406,0.080465,0.08477,0.080791,0.079714,0.084279,0.078899,0.083496,0.081453,0.080624,0.080124
0.05689,0.05575,0.056353,0.056222,0.058114,0.055768,0.055479,0.056112,0.055824,0.056047,0.056607,0.05741,0.055236,0.05717,0.058065
0.17275,0.1699,0.16339,0.16778,0.17492,0.16892,0.16839,0.16568,0.17657,0.16931,0.16669,0.1715,0.16602,0.16711,0.17542
0.057102,0.056649,0.055197,0.05647,0.059572,0.061157,0.054912,0.057071,0.057289,0.057906,0.054972,0.056284,0.056679,0.056842,0.058493
0.0585,0.056887,0.055554,0.058768,0.057194,0.056432,0.055411,0.057153,0.055398,0.056409,0.055883,0.055561,0.057476,0.056379,0.05557
0.059432,0.056807,0.058696,0.060517,0.05637,0.059099,0.057547,0.057193,0.057719,0.055802,0.055969,0.055628,0.056844,0.056905,0.057355
0.083739,0.083111,0.078776,0.081669,0.079614,0.082711,0.081669,0.081785,0.084594,0.082271,0.079562,0.081421,0.082125,0.08123,0.079377
0.057737,0.057388,0.059373,0.057333,0.057975,0.055406,0.055646,0.05789,0.055893,0.056102,0.056089,0.055825,0.05633,0.056427,0.058036
0.057885,0.056264,0.058175,0.057811,0.057933,0.057011,0.057998,0.060397,0.055356,0.054976,0.056989,0.05593,0.057632,0.055361,0.059257
0.057191,0.057713,0.056316,0.058596,0.058063,0.056676,0.055326,0.059636,0.055259,0.05739,0.0574,0.056886,0.060121,0.055841,0.057282
0.056054,0.056585,0.056503,0.058647,0.057269,0.055941,0.056408,0.057989,0.055205,0.056567,0.056334,0.0559,0.05708,0.05839,0.058397
0.056246,0.056748,0.059825,0.059039,0.058591,0.055387,0.055426,0.057069,0.055839,0.05717,0.057367,0.055671,0.056534,0.056842,0.056235
0.19065,0.19493,0.19152,0.1965,0.20212,0.18887,0.19069,0.19739,0.18768,0.18779,0.19343,0.19316,0.19164,0.19363,0.18971
0.055586,0.056998,0.055269,0.056829,0.057974,0.054606,0.057775,0.056567,0.056687,0.055444,0.055328,0.055221,0.055645,0.055964,0.055601
0.057108,0.056856,0.05625,0.056941,0.058052,0.055265,0.057255,0.055424,0.057659,0.055703,0.05629,0.056138,0.057131,0.057173,0.055076
0.056484,0.056778,0.05617,0.056736,0.056654,0.053678,0.055042,0.056695,0.056237,0.05581,0.056273,0.056619,0.056467,0.056531,0.056483
0.055763,0.05647,0.055699,0.056625,0.057785,0.055741,0.056392,0.056657,0.057333,0.056203,0.056113,0.056098,0.056903,0.057538,0.056009
0.058253,0.056677,0.057016,0.057539,0.057436,0.057125,0.056394,0.056383,0.056591,0.055629,0.054541,0.056076,0.05574,0.059146,0.056819
0.08257,0.079724,0.08561,0.085577,0.083282,0.081058,0.084945,0.081122,0.081587,0.081981,0.08123,0.08283,0.08341,0.082818,0.082755
0.056838,0.056187,0.058443,0.056487,0.057154,0.0552,0.05517,0.056615,0.055024,0.057082,0.056396,0.057101,0.055656,0.055262,0.058941
0.058034,0.055677,0.057541,0.056627,0.057034,0.055721,0.056278,0.056383,0.055626,0.055972,0.05795,0.055483,0.055061,0.056587,0.056388
0.05717,0.056517,0.056542,0.055572,0.058395,0.057497,0.056459,0.056192,0.058262,0.057577,0.058154,0.055985,0.056074,0.057744,0.059243
0.16784,0.16717,0.16726,0.16677,0.17098,0.16465,0.16797,0.16798,0.16473,0.16487,0.16531,0.16686,0.16711,0.16857,0.16874
0.059569,0.055791,0.056561,0.057421,0.057177,0.054821,0.055089,0.057857,0.05795,0.056144,0.055672,0.056092,0.056282,0.056498,0.056641
0.087344,0.080655,0.080215,0.078555,0.081635,0.081127,0.080626,0.080338,0.080008,0.083914,0.081545,0.08061,0.082318,0.078481,0.086502
0.058217,0.056414,0.056725,0.058218,0.057127,0.056267,0.056756,0.057523,0.056182,0.056846,0.055805,0.055275,0.055293,0.056169,0.058615
0.05878,0.058784,0.058448,0.056357,0.058838,0.05598,0.055527,0.056988,0.058444,0.05852,0.056131,0.055379,0.05656,0.058067,0.057311
0.13691,0.13647,0.13856,0.13541,0.14728,0.13477,0.13965,0.05816,0.13493,0.13733,0.13593,0.1411,0.13561,0.13918,0.058138
0.055884,0.056524,0.056095,0.058161,0.057319,0.057366,0.056845,0.055945,0.06026,0.05827,0.057814,0.059553,0.057173,0.057668,0.056185
0.056001,0.05571,0.057338,0.056593,0.056618,0.056725,0.055206,0.055708,0.05456,0.059398,0.059002,0.057736,0.056816,0.056608,0.056514
0.082685,0.078605,0.081492,0.083337,0.084618,0.080545,0.080517,0.083092,0.078946,0.081359,0.079737,0.07861,0.081107,0.081956,0.079536
0.058274,0.057965,0.055772,0.056049,0.056506,0.055197,0.056166,0.054862,0.055142,0.056571,0.054973,0.05432,0.060102,0.058483,0.056327
0.17109,0.16937,0.1654,0.16703,0.17034,0.17092,0.16358,0.16659,0.16879,0.16732,0.16423,0.16676,0.17121,0.17244,0.16681
0.063747,0.05533,0.056521,0.057192,0.057648,0.054444,0.05402,0.056049,0.055693,0.055384,0.055761,0.059081,0.056714,0.057539,0.055662
0.056503,0.05667,0.058092,0.056318,0.057911,0.055166,0.055446,0.056033,0.055298,0.056203,0.057599,0.055977,0.056584,0.056444,0.05551
0.060797,0.056888,0.056736,0.055777,0.056939,0.055986,0.05654,0.057116,0.055562,0.058344,0.055627,0.057369,0.057638,0.057666,0.05578
0.088568,0.081438,0.084769,0.08136,0.08714,0.078753,0.081454,0.078498,0.078611,0.080897,0.081648,0.080699,0.082662,0.081834,0.087611
0.062338,0.060018,0.058722,0.060548,0.058238,0.057555,0.058429,0.058048,0.058904,0.059754,0.057393,0.058472,0.057348,0.057045,0.056767
0.057261,0.058902,0.057937,0.057984,0.061466,0.058137,0.0563,0.057977,0.055411,0.058764,0.059331,0.057963,0.056941,0.056267,0.058265
0.05988,0.056704,0.05674,0.057551,0.060607,0.056819,0.056854,0.056471,0.055469,0.055851,0.055856,0.057901,0.059193,0.057618,0.057884
0.058386,0.057052,0.056118,0.059095,0.057756,0.059284,0.060886,0.057175,0.060986,0.056809,0.056966,0.057701,0.0573,0.057546,0.056384
0.056144,0.056877,0.056825,0.056926,0.05763,0.056532,0.059765,0.057,0.055898,0.060679,0.057897,0.057318,0.056869,0.058179,0.061678
0.19558,0.19123,0.19114,0.19077,0.20029,0.19473,0.18803,0.18952,0.18673,0.18892,0.1909,0.19022,0.19837,0.19235,0.1948
0.056021,0.056732,0.055988,0.056917,0.057036,0.05678,0.054752,0.059059,0.055471,0.056225,0.056409,0.055924,0.057476,0.056613,0.056007
