0.99717
0.095654
0.032194
0.027081
0.026611
0.026761
0.027256
0.025412
0.025701
0.025996
0.025428
0.025217
0.025453
0.026221
0.026992
0.027312
0.02698
0.027273
0.023923
0.026099
0.02699
0.027457
0.026715
0.026514
0.02628
0.025766
0.027309
0.027588
0.027129
0.026616
0.025891
0.025619
0.024762
0.025761
0.024731
0.023471
0.022716
0.022298
0.021877
0.02133
0.020851
0.020191
0.019367
0.018878
0.018672
0.018178
0.017765
0.017705
0.018072
0.018302
0.017808
0.017682
0.017521
0.017247
0.028663
0.020711
0.019454
0.019445
0.019899
0.018466
0.019326
0.019478
0.019118
0.019212
0.018998
0.01986
0.020914
0.021361
0.020661
0.020319
0.019479
0.018818
0.019293
0.017121
0.017913
0.019232
0.017954
0.018591
0.017517
0.017232
0.017121
0.01716
0.017241
0.01751
0.017526
0.017826
0.01742
0.017983
0.018136
0.017515
0.018006
0.017792
0.017897
0.017667
0.017303
0.017485
0.017623
0.029295
0.029369
0.023366
0.021471
0.022094
0.021327
0.022126
0.021624
0.021949
0.023245
0.023855
0.024416
0.025257
0.023801
0.022898
0.023806
0.024557
0.025357
0.026746
0.027878
0.028013
0.025441
0.026988
0.027165
0.02822
0.029446
0.028367
0.026661
0.029803
0.030674
0.027749
0.029127
0.028151
0.030418
0.031157
0.030618
0.029681
0.03017
0.03022
0.028585
0.028208
0.028952
0.027423
0.029891
0.027431
0.026204
0.028166
0.028673
0.025935
0.026669
0.026656
0.026762
0.027299
0.026666
0.027143
0.026451
0.026036
0.026624
0.027402
0.029773
0.023592
0.024952
0.025889
0.02697
0.027222
0.02886
0.028511
0.028098
0.02796
0.027913
0.028045
0.027217
0.02763
0.029031
0.023999
0.026143
0.026136
0.029146
