0.00014
3.315025
0.04494
0.045279
0.063736
0.062178
NaN
0.06246
0.063206
0.061914
0.048767
0.048085
0.058258
0.046471
0.058464
NaN
0.058892
0.05905
0.059266
0.058949
0.059126
NaN
0.058805
0.059889
0.057545
0.057473
0.057703
0.057482
0.058587
NaN
0.058454
0.057476
0.067026
0.062953
NaN
0.053671
0.055025
0.057565
0.057824
0.057354
0.056816
0.056596
0.056787
NaN
0.056449
0.056467
0.055726
0.053749
0.056744
0.057135
0.069726
NaN
0.072447
0.05683
0.056899
0.056673
NaN
0.05663
0.056379
0.056495
0.056555
0.078724
NaN
0.057148
0.056783
0.05687
0.054345
0.056645
0.056647
0.056522
NaN
0.056565
0.056474
0.056643
0.056495
0.056495
0.056825
0.057118
NaN
0.056611
0.043075
0.044813
0.053843
0.040587
0.045674
0.044596
0.04478
NaN
NaN
NaN
NaN
0.000313
3.518828
0.055845
0.054287
0.048793
0.044789
0.044545
0.044412
0.044392
0.044513
0.04461
0.045111
0.045298
0.057676
0.050506
0.045781
0.045671
0.045957
0.046539
0.049512
0.059549
0.061742
NaN
0.061877
0.059052
0.059749
0.059837
0.059609
NaN
0.072515
0.07949299999999999
NaN
0.062768
0.064632
0.064398
NaN
0.064426
0.063776
0.062696
0.063739
NaN
0.057306
0.057467
0.056828
0.045201
0.045691
0.045628
0.046961
0.045614
0.045774
0.045405
0.045024
0.045538
0.044741
0.044914
0.044708
0.044895
0.044819
0.044931
0.044989
0.057224
0.057554
0.057757
NaN
0.0579
0.057956
0.057882
0.064896
0.058033
0.051589
0.058221
NaN
0.057488
0.057347
0.057526
0.05784
0.057848
0.057454
NaN
0.057733
0.056913
0.057077
0.056655
0.057105
0.05711
0.056935
NaN
0.056521
0.056787
0.05683
0.056803
0.057694
0.057937
0.055766
NaN
0.046239
0.049991
0.058025
0.060601
0.057969
