5.7344e-05
0.091746
0.059238
0.067611
0.061859
NaN
0.062354
0.06273
0.060182
0.070173
NaN
0.069248
0.06059
0.060105
0.069567
NaN
0.065944
0.065435
NaN
0.064594
0.06344
0.06195
0.061549
NaN
0.064734
0.068876
0.061356
0.10242
NaN
0.086425
NaN
0.066
NaN
0.0667
0.065596
0.065022
0.078484
NaN
0.07827
NaN
0.090422
0.089977
NaN
0.068361
NaN
0.070546
0.091549
NaN
0.065556
0.072108
NaN
NaN
NaN
NaN
NaN
9.3184e-05
0.10348
0.066097
0.060752
0.075952
NaN
NaN
NaN
NaN
NaN
0.00010923
0.089289
0.060131
0.061726
0.061686
0.059587
NaN
0.063999
0.071359
0.058708
NaN
0.063918
0.075108
0.075468
NaN
0.06007
0.060104
0.060122
0.064377
NaN
0.067562
0.065241
0.063719
NaN
0.067709
0.058801
0.078048
NaN
0.085903
0.08058
NaN
0.078595
NaN
0.073996
NaN
NaN
NaN
NaN
0.00011298
0.10513
0.069281
0.079125
NaN
0.066369
0.072206
0.062803
NaN
0.073986
0.065064
0.064564
NaN
0.081684
0.05913
0.08225
NaN
0.095424
NaN
0.077095
NaN
0.07314
0.065273
0.065089
NaN
0.065101
0.10347
NaN
0.075027
NaN
0.076302
0.077772
NaN
0.070018
0.064096
0.077605
NaN
NaN
NaN
NaN
NaN
0.00011435
0.094678
0.072619
0.074274
0.069178
NaN
0.066232
0.069994
NaN
NaN
NaN
NaN
NaN
9.2843e-05
0.09969
0.062019
0.075683
NaN
0.061446
0.062719
0.06032
0.065949
NaN
0.073449
NaN
NaN
NaN
NaN
0.00010718
0.11628
0.080131
0.073293
0.068023
NaN
0.071574
0.07549
NaN
0.097934
NaN
0.098135
NaN
0.077167
0.065207
NaN
0.087904
NaN
NaN
NaN
NaN
0.00015838
0.1215
0.069504
0.085759
NaN
0.081712
0.082154
NaN
0.090158
NaN
0.075441
0.079009
NaN
0.080569
0.074947
NaN
0.082569
NaN
0.080507
0.087081
NaN
0.071133
0.075059
NaN
0.094001
NaN
0.084894
0.082296
NaN
0.09042
NaN
0.090028
NaN
NaN
NaN
NaN
NaN
0.00012698
0.11503
0.082854
0.074336
0.079479
NaN
0.08194
NaN
0.083584
0.087098
NaN
0.089372
NaN
NaN
NaN
NaN
NaN
0.00010342
0.11088
0.078806
0.067931
0.08074
NaN
0.084689
NaN
NaN
NaN
NaN
NaN
0.00011469
0.10862
0.06843
0.073466
0.070967
NaN
0.068905
0.077974
NaN
0.066808
0.083313
NaN
0.079818
0.089782
NaN
NaN
NaN
NaN
NaN
0.00010445
0.11389
0.070974
0.077513
NaN
0.11142
NaN
0.096847
NaN
0.096967
NaN
NaN
NaN
NaN
NaN
5.4613e-05
0.11598
0.11061
0.12824
NaN
NaN
0.076836
0.098875
NaN
0.081709
NaN
0.089725
NaN
NaN
NaN
NaN
NaN
0.00011059
0.13804
0.083013
0.087227
NaN
NaN
NaN
NaN
NaN
6.9291e-05
0.13159
0.14543
0.085189
NaN
NaN
NaN
NaN
NaN
0.00010513
0.11545
0.078078
0.066783
0.069358
NaN
0.087195
0.076736
NaN
0.074968
NaN
0.091954
0.069206
NaN
NaN
NaN
NaN
