1
799.1666,317.2850,92.0000,136.0000
796.9160,314.3538,92.0000,136.0000
790.4215,315.0913,92.0000,136.0000
798.4821,329.9219,92.0000,136.0000
792.8975,327.0983,92.0000,136.0000
797.2675,336.2753,92.0000,136.0000
795.5533,341.0874,92.0000,136.0000
797.3329,343.3378,92.2239,136.2034
796.0200,347.0871,92.2239,136.2034
796.0530,355.1267,91.9931,135.9252
798.1808,362.5592,91.9931,135.9252
795.1277,371.1606,91.9931,135.9252
796.4226,372.2458,91.9931,135.9252
796.0579,375.9051,91.9931,135.9252
795.7553,383.7227,92.1272,136.1442
797.7314,389.6314,92.1272,136.1442
794.7425,393.1462,92.1272,136.1442
794.8235,389.8600,91.9180,136.0748
2
0
0
0
0
1
819.8888,146.5700,216.0000,214.0000
809.0364,145.4191,216.0000,214.0000
805.8613,150.2845,216.0000,214.0000
804.4757,159.3810,216.0000,214.0000
802.5074,161.2701,216.0000,214.0000
802.9694,183.6727,216.0000,214.0000
793.1365,188.5775,216.0000,214.0000
789.3715,200.7165,216.1074,214.1026
790.2292,217.0438,214.8494,212.8495
786.3397,215.9315,215.2664,212.8284
784.6802,232.4963,215.2798,212.5694
781.5603,249.8080,213.8998,211.3065
774.1378,255.7766,212.5406,210.0118
774.9500,263.6802,213.5248,210.5098
769.7874,266.4648,213.6891,210.9953
767.8597,287.5267,213.6128,210.7994
762.5201,296.0117,213.7886,211.1470
763.5497,311.9908,213.7008,211.1567
761.8853,312.5213,214.0381,211.2126
760.0594,313.4252,214.2648,211.3200
760.5822,323.7971,213.7112,210.8440
760.4744,323.4198,212.7878,209.8574
761.0480,322.5085,212.0877,209.0879
762.1135,324.7336,211.7708,208.6256
760.9814,322.4296,211.5057,208.3156
759.4670,322.4648,211.1498,207.9692
760.2437,322.8490,211.0616,208.1005
760.3171,322.5543,210.7787,207.9009
761.1348,322.4033,210.8912,207.9694
762.1221,323.6039,210.7328,207.9099
760.2801,324.2966,210.6953,207.8691
760.4449,323.0060,210.5449,207.9255
760.8865,322.9980,210.3246,207.6732
762.6396,324.0032,210.3210,207.5964
763.2347,323.2404,210.3458,207.5701
764.9481,321.8180,210.2277,207.3880
767.4684,321.7354,210.5220,207.6422
770.8902,317.4894,210.4475,207.4605
770.9448,318.2172,210.6483,207.6117
2
0
0
0
0
1
533.8162,294.9444,132.0000,154.0000
506.6064,311.3000,132.0000,154.0000
561.6541,269.2960,132.0000,154.0000
546.8355,278.0830,132.0000,154.0000
555.3062,275.2743,132.0000,154.0000
563.1344,265.3611,132.0000,154.0000
