11.146
0.35687
0.11112
0.045017
0.041573
0.043425
0.040622
0.15122
0.040088
0.040237
0.039826
0.04313
0.039923
0.14447
0.039166
0.041371
0.039462
0.038967
0.039349
0.14581
0.039635
0.039834
0.039662
0.039919
0.039251
0.14585
0.039543
0.039445
0.039281
0.03932
0.039453
0.14584
0.03897
0.038943
0.039153
0.03871
0.039074
0.14565
0.038928
0.038643
0.038787
0.041071
0.039283
0.14492
0.038626
0.038837
0.039347
0.039354
0.038977
0.14578
0.093168
0.041854
0.04084
0.040358
0.040568
0.14955
0.040989
0.040686
0.040379
0.040669
0.040255
0.14651
0.040221
0.04018
0.039991
0.040064
0.045242
0.14677
0.042095
0.040828
0.040751
0.040694
0.039698
0.14613
0.039404
0.04033
0.039592
0.040506
0.039698
0.14565
0.040432
0.039664
0.040326
0.039701
0.039788
0.14502
0.039356
0.039548
0.039472
0.039863
0.041629
0.14616
0.040413
0.039743
0.039205
0.040429
0.0405
0.14764
0.04011
0.039674
