6.0075e-05
0.1253
0.099683
0.088198
0.11452
0.11792
0.096397
0.093333
0.08829
0.084011
0.11829
0.093542
0.078909
0.080628
0.068702
0.1052
0.078158
0.096051
0.084069
0.075174
0.11129
0.085737
0.088283
0.078187
0.0877
0.086878
0.089719
0.081853
0.1022
0.082375
0.092736
0.097306
0.087028
0.090997
0.11762
0.096056
0.084235
0.08163
0.12906
0.11082
0.096041
0.10242
0.11101
0.094884
0.093688
0.087904
0.091105
0.078381
0.072472
0.11776
0.10358
0.091662
0.12513
0.09627
0.098413
0.1033
0.094096
0.095845
0.091606
0.087457
0.11753
0.088178
0.1195
0.14834
0.094708
0.11269
0.11429
0.086523
0.090656
0.09281
0.12272
0.12626
0.11884
0.096509
0.11464
0.12399
0.0916
0.10773
0.10645
0.098428
0.10315
0.097044
0.093363
0.10179
0.089073
0.10084
0.097032
0.087596
0.085811
0.094244
0.08695
0.090139
0.092008
0.084704
0.084357
0.084685
0.081852
0.081938
0.085082
0.086146
0.088109
0.084097
0.087336
0.091175
0.08943
0.091265
0.098421
0.093322
0.089481
0.092569
0.088975
0.08897
0.09701
0.079144
0.076524
0.077053
0.077261
0.081274
0.10518
0.094951
0.084026
0.095205
0.089174
0.10841
0.084759
0.084696
0.097387
0.092288
0.091647
0.086683
0.095341
0.094946
0.090234
0.097698
0.094872
0.092803
0.083525
0.078758
