1
188.0000,351.0000,241.0000,351.0000,241.0000,458.0000,188.0000,458.0000
195.0000,355.0000,246.0000,355.0000,246.0000,458.0000,195.0000,458.0000
204.0000,359.0000,253.0000,359.0000,253.0000,458.0000,204.0000,458.0000
212.0000,359.0000,263.0000,359.0000,263.0000,462.0000,212.0000,462.0000
224.0000,360.0000,274.0000,360.0000,274.0000,460.0000,224.0000,460.0000
233.0000,357.0000,285.0000,357.0000,285.0000,463.0000,233.0000,463.0000
243.0000,359.0000,297.0000,359.0000,297.0000,468.0000,243.0000,468.0000
253.0000,360.0000,310.0000,360.0000,310.0000,474.0000,253.0000,474.0000
265.0000,359.0000,323.0000,359.0000,323.0000,475.0000,265.0000,475.0000
278.0000,358.0000,338.0000,358.0000,338.0000,479.0000,278.0000,479.0000
290.0000,359.0000,351.0000,359.0000,351.0000,483.0000,290.0000,483.0000
305.0000,358.0000,369.0000,358.0000,369.0000,487.0000,305.0000,487.0000
320.0000,361.0000,384.0000,361.0000,384.0000,489.0000,320.0000,489.0000
337.0000,363.0000,398.0000,363.0000,398.0000,487.0000,337.0000,487.0000
355.0000,367.0000,414.0000,367.0000,414.0000,486.0000,355.0000,486.0000
371.0000,367.0000,432.0000,367.0000,432.0000,490.0000,371.0000,490.0000
385.0000,369.0000,448.0000,369.0000,448.0000,495.0000,385.0000,495.0000
401.0000,373.0000,466.0000,373.0000,466.0000,503.0000,401.0000,503.0000
413.0000,378.0000,475.0000,378.0000,475.0000,504.0000,413.0000,504.0000
423.0000,382.0000,483.0000,382.0000,483.0000,503.0000,423.0000,503.0000
453.0000,390.0000,510.0000,390.0000,510.0000,506.0000,453.0000,506.0000
463.0000,388.0000,523.0000,388.0000,523.0000,508.0000,463.0000,508.0000
459.0000,382.0000,518.0000,382.0000,518.0000,500.0000,459.0000,500.0000
467.0000,365.0000,528.0000,365.0000,528.0000,489.0000,467.0000,489.0000
478.0000,368.0000,537.0000,368.0000,537.0000,486.0000,478.0000,486.0000
507.0000,367.0000,568.0000,367.0000,568.0000,490.0000,507.0000,490.0000
527.0000,384.0000,590.0000,384.0000,590.0000,513.0000,527.0000,513.0000
531.0000,387.0000,597.0000,387.0000,597.0000,521.0000,531.0000,521.0000
528.0000,381.0000,597.0000,381.0000,597.0000,520.0000,528.0000,520.0000
533.0000,372.0000,604.0000,372.0000,604.0000,514.0000,533.0000,514.0000
530.0000,372.0000,601.0000,372.0000,601.0000,514.0000,530.0000,514.0000
492.0000,371.0000,566.0000,371.0000,566.0000,518.0000,492.0000,518.0000
494.0000,378.0000,564.0000,378.0000,564.0000,519.0000,494.0000,519.0000
540.0000,359.0000,612.0000,359.0000,612.0000,504.0000,540.0000,504.0000
612.0000,392.0000,687.0000,392.0000,687.0000,542.0000,612.0000,542.0000
631.0000,388.0000,708.0000,388.0000,708.0000,542.0000,631.0000,542.0000
625.0000,392.0000,701.0000,392.0000,701.0000,545.0000,625.0000,545.0000
606.0000,402.0000,684.0000,402.0000,684.0000,558.0000,606.0000,558.0000
593.0000,412.0000,668.0000,412.0000,668.0000,563.0000,593.0000,563.0000
2
0
0
0
0
1
632.0000,170.0000,754.0000,170.0000,754.0000,313.0000,632.0000,313.0000
637.0000,167.0000,754.0000,167.0000,754.0000,304.0000,637.0000,304.0000
641.0000,167.0000,753.0000,167.0000,753.0000,299.0000,641.0000,299.0000
642.0000,164.0000,756.0000,164.0000,756.0000,298.0000,642.0000,298.0000
654.0000,185.0000,764.0000,185.0000,764.0000,314.0000,654.0000,314.0000
659.0000,207.0000,767.0000,207.0000,767.0000,333.0000,659.0000,333.0000
665.0000,221.0000,769.0000,221.0000,769.0000,342.0000,665.0000,342.0000
616.0000,244.0000,720.0000,244.0000,720.0000,365.0000,616.0000,365.0000
621.0000,244.0000,723.0000,244.0000,723.0000,363.0000,621.0000,363.0000
618.0000,241.0000,722.0000,241.0000,722.0000,362.0000,618.0000,362.0000
610.0000,253.0000,718.0000,253.0000,718.0000,379.0000,610.0000,379.0000
609.0000,246.0000,719.0000,246.0000,719.0000,374.0000,609.0000,374.0000
605.0000,240.0000,711.0000,240.0000,711.0000,364.0000,605.0000,364.0000
591.0000,245.0000,699.0000,245.0000,699.0000,371.0000,591.0000,371.0000
573.0000,237.0000,685.0000,237.0000,685.0000,368.0000,573.0000,368.0000
569.0000,234.0000,685.0000,234.0000,685.0000,370.0000,569.0000,370.0000
567.0000,222.0000,687.0000,222.0000,687.0000,361.0000,567.0000,361.0000
596.0000,213.0000,718.0000,213.0000,718.0000,356.0000,596.0000,356.0000
594.0000,210.0000,711.0000,210.0000,711.0000,347.0000,594.0000,347.0000
618.0000,206.0000,730.0000,206.0000,730.0000,337.0000,618.0000,337.0000
621.0000,205.0000,735.0000,205.0000,735.0000,339.0000,621.0000,339.0000
656.0000,229.0000,775.0000,229.0000,775.0000,369.0000,656.0000,369.0000
668.0000,255.0000,792.0000,255.0000,792.0000,400.0000,668.0000,400.0000
744.0000,255.0000,868.0000,255.0000,868.0000,399.0000,744.0000,399.0000
756.0000,303.0000,878.0000,303.0000,878.0000,445.0000,756.0000,445.0000
701.0000,340.0000,827.0000,340.0000,827.0000,488.0000,701.0000,488.0000
709.0000,401.0000,833.0000,401.0000,833.0000,546.0000,709.0000,546.0000
735.0000,422.0000,861.0000,422.0000,861.0000,570.0000,735.0000,570.0000
693.0000,504.0000,817.0000,504.0000,817.0000,649.0000,693.0000,649.0000
675.0000,491.0000,794.0000,491.0000,794.0000,630.0000,675.0000,630.0000
672.0000,491.0000,794.0000,491.0000,794.0000,633.0000,672.0000,633.0000
675.0000,494.0000,791.0000,494.0000,791.0000,630.0000,675.0000,630.0000
671.0000,486.0000,790.0000,486.0000,790.0000,625.0000,671.0000,625.0000
663.0000,489.0000,777.0000,489.0000,777.0000,623.0000,663.0000,623.0000
659.0000,492.0000,769.0000,492.0000,769.0000,620.0000,659.0000,620.0000
657.0000,492.0000,767.0000,492.0000,767.0000,620.0000,657.0000,620.0000
657.0000,492.0000,767.0000,492.0000,767.0000,620.0000,657.0000,620.0000
655.0000,492.0000,765.0000,492.0000,765.0000,620.0000,655.0000,620.0000
651.0000,490.0000,761.0000,490.0000,761.0000,618.0000,651.0000,618.0000
653.0000,485.0000,767.0000,485.0000,767.0000,619.0000,653.0000,619.0000
650.0000,482.0000,770.0000,482.0000,770.0000,622.0000,650.0000,622.0000
655.0000,480.0000,774.0000,480.0000,774.0000,620.0000,655.0000,620.0000
650.0000,480.0000,769.0000,480.0000,769.0000,620.0000,650.0000,620.0000
653.0000,478.0000,772.0000,478.0000,772.0000,618.0000,653.0000,618.0000
650.0000,478.0000,769.0000,478.0000,769.0000,618.0000,650.0000,618.0000
646.0000,481.0000,761.0000,481.0000,761.0000,615.0000,646.0000,615.0000
647.0000,479.0000,761.0000,479.0000,761.0000,613.0000,647.0000,613.0000
649.0000,474.0000,768.0000,474.0000,768.0000,614.0000,649.0000,614.0000
646.0000,477.0000,761.0000,477.0000,761.0000,611.0000,646.0000,611.0000
646.0000,474.0000,766.0000,474.0000,766.0000,614.0000,646.0000,614.0000
644.0000,472.0000,763.0000,472.0000,763.0000,612.0000,644.0000,612.0000
645.0000,475.0000,759.0000,475.0000,759.0000,609.0000,645.0000,609.0000
644.0000,472.0000,764.0000,472.0000,764.0000,612.0000,644.0000,612.0000
2
0
0
0
0
1
770.0000,288.0000,828.0000,288.0000,828.0000,632.0000,770.0000,632.0000
772.0000,288.0000,830.0000,288.0000,830.0000,632.0000,772.0000,632.0000
774.0000,288.0000,832.0000,288.0000,832.0000,632.0000,774.0000,632.0000
774.0000,288.0000,832.0000,288.0000,832.0000,632.0000,774.0000,632.0000
774.0000,288.0000,832.0000,288.0000,832.0000,632.0000,774.0000,632.0000
775.0000,292.0000,831.0000,292.0000,831.0000,623.0000,775.0000,623.0000
774.0000,286.0000,832.0000,286.0000,832.0000,630.0000,774.0000,630.0000
774.0000,286.0000,832.0000,286.0000,832.0000,630.0000,774.0000,630.0000
772.0000,284.0000,830.0000,284.0000,830.0000,628.0000,772.0000,628.0000
770.0000,284.0000,828.0000,284.0000,828.0000,628.0000,770.0000,628.0000
770.0000,282.0000,828.0000,282.0000,828.0000,626.0000,770.0000,626.0000
770.0000,280.0000,828.0000,280.0000,828.0000,624.0000,770.0000,624.0000
771.0000,283.0000,827.0000,283.0000,827.0000,621.0000,771.0000,621.0000
