0.000607,0.000284,0.000566,0,0,0,0,0,0,0,0,0,0,0,0
6.7319,12.382,11.625,0,0,0,0,0,0,0,0,0,0,0,0
2.0629,3.3346,3.3355,0,0,0,0,0,0,0,0,0,0,0,0
2.4738,2.5014,3.2436,0,0,0,0,0,0,0,0,0,0,0,0
2.412,2.5197,3.1524,0,0,0,0,0,0,0,0,0,0,0,0
1.9609,2.8705,2.9737,0,0,0,0,0,0,0,0,0,0,0,0
2.5986,5.996,2.7575,0,0,0,0,0,0,0,0,0,0,0,0
2.317,2.985,2.9066,0,0,0,0,0,0,0,0,0,0,0,0
2.4873,2.7911,2.3987,0,0,0,0,0,0,0,0,0,0,0,0
2.8507,2.5196,2.7095,0,0,0,0,0,0,0,0,0,0,0,0
2.5447,2.8578,3.1564,0,0,0,0,0,0,0,0,0,0,0,0
2.5008,2.6121,2.8248,0,0,0,0,0,0,0,0,0,0,0,0
2.5015,2.6415,2.4335,0,0,0,0,0,0,0,0,0,0,0,0
3.0435,2.3735,2.3702,0,0,0,0,0,0,0,0,0,0,0,0
3.6741,2.3155,2.708,0,0,0,0,0,0,0,0,0,0,0,0
4.1663,2.5314,2.8842,0,0,0,0,0,0,0,0,0,0,0,0
2.8935,2.4657,3.075,0,0,0,0,0,0,0,0,0,0,0,0
3.7322,2.4212,2.8325,0,0,0,0,0,0,0,0,0,0,0,0
3.1604,1.9735,2.5183,0,0,0,0,0,0,0,0,0,0,0,0
2.9614,2.2711,2.1124,0,0,0,0,0,0,0,0,0,0,0,0
2.4463,2.7017,2.005,0,0,0,0,0,0,0,0,0,0,0,0
2.1983,2.4128,2.3324,0,0,0,0,0,0,0,0,0,0,0,0
2.7484,2.2358,2.7609,0,0,0,0,0,0,0,0,0,0,0,0
2.6753,2.0017,2.3057,0,0,0,0,0,0,0,0,0,0,0,0
2.5323,2.1104,2.9345,0,0,0,0,0,0,0,0,0,0,0,0
2.9748,2.3871,2.2211,0,0,0,0,0,0,0,0,0,0,0,0
2.2535,3.0687,2.9578,0,0,0,0,0,0,0,0,0,0,0,0
1.9291,2.7155,2.6353,0,0,0,0,0,0,0,0,0,0,0,0
2.2201,2.6787,2.2131,0,0,0,0,0,0,0,0,0,0,0,0
2.5264,2.391,1.965,0,0,0,0,0,0,0,0,0,0,0,0
1.9084,2.4793,2.3799,0,0,0,0,0,0,0,0,0,0,0,0
3.062,2.2369,1.8215,0,0,0,0,0,0,0,0,0,0,0,0
2.8391,2.4316,1.8194,0,0,0,0,0,0,0,0,0,0,0,0
2.5507,2.731,2.2637,0,0,0,0,0,0,0,0,0,0,0,0
2.1647,2.5978,2.4107,0,0,0,0,0,0,0,0,0,0,0,0
2.1321,2.4477,1.8077,0,0,0,0,0,0,0,0,0,0,0,0
2.8431,2.8201,2.4965,0,0,0,0,0,0,0,0,0,0,0,0
2.2726,2.6053,2.1513,0,0,0,0,0,0,0,0,0,0,0,0
2.9029,2.3874,1.8619,0,0,0,0,0,0,0,0,0,0,0,0
2.7561,2.3196,2.1172,0,0,0,0,0,0,0,0,0,0,0,0
2.2631,2.571,2.3717,0,0,0,0,0,0,0,0,0,0,0,0
1.8912,2.1883,2.6563,0,0,0,0,0,0,0,0,0,0,0,0
1.898,1.7807,3.9846,0,0,0,0,0,0,0,0,0,0,0,0
2.0494,2.1536,1.9402,0,0,0,0,0,0,0,0,0,0,0,0
2.2239,2.6224,3.4744,0,0,0,0,0,0,0,0,0,0,0,0
2.8056,2.3714,3.0659,0,0,0,0,0,0,0,0,0,0,0,0
2.3785,2.2212,2.2631,0,0,0,0,0,0,0,0,0,0,0,0
2.6098,2.5872,1.9927,0,0,0,0,0,0,0,0,0,0,0,0
2.669,4.1704,2.4144,0,0,0,0,0,0,0,0,0,0,0,0
2.5749,2.6068,2.3573,0,0,0,0,0,0,0,0,0,0,0,0
2.6628,2.5717,1.9871,0,0,0,0,0,0,0,0,0,0,0,0
2.9349,2.0812,1.8961,0,0,0,0,0,0,0,0,0,0,0,0
2.3554,2.2097,1.9066,0,0,0,0,0,0,0,0,0,0,0,0
2.3675,2.4953,2.1081,0,0,0,0,0,0,0,0,0,0,0,0
1.93,2.3081,2.248,0,0,0,0,0,0,0,0,0,0,0,0
1.9386,1.988,1.83,0,0,0,0,0,0,0,0,0,0,0,0
2.2668,1.8851,2.2468,0,0,0,0,0,0,0,0,0,0,0,0
2.611,2.6989,2.4639,0,0,0,0,0,0,0,0,0,0,0,0
2.2158,2.2854,2.7453,0,0,0,0,0,0,0,0,0,0,0,0
3.1001,1.8481,2.172,0,0,0,0,0,0,0,0,0,0,0,0
3.1883,2.6478,1.9222,0,0,0,0,0,0,0,0,0,0,0,0
2.2637,1.9361,1.8614,0,0,0,0,0,0,0,0,0,0,0,0
3.434,2.0658,2.4035,0,0,0,0,0,0,0,0,0,0,0,0
4.6497,1.9365,2.2906,0,0,0,0,0,0,0,0,0,0,0,0
2.8449,2.4992,2.4356,0,0,0,0,0,0,0,0,0,0,0,0
2.8417,2.5117,2.1917,0,0,0,0,0,0,0,0,0,0,0,0
2.3542,2.4894,2.3552,0,0,0,0,0,0,0,0,0,0,0,0
2.3661,2.5605,2.5239,0,0,0,0,0,0,0,0,0,0,0,0
2.3011,2.8654,1.9985,0,0,0,0,0,0,0,0,0,0,0,0
2.2052,2.4029,2.3108,0,0,0,0,0,0,0,0,0,0,0,0
2.4843,2.4297,2.3501,0,0,0,0,0,0,0,0,0,0,0,0
1.9166,2.4805,2.3455,0,0,0,0,0,0,0,0,0,0,0,0
1.8344,2.4742,2.2648,0,0,0,0,0,0,0,0,0,0,0,0
1.853,2.4092,2.5176,0,0,0,0,0,0,0,0,0,0,0,0
2.235,2.6641,2.1289,0,0,0,0,0,0,0,0,0,0,0,0
2.6299,2.1557,2.2946,0,0,0,0,0,0,0,0,0,0,0,0
2.3789,2.3349,2.1701,0,0,0,0,0,0,0,0,0,0,0,0
2.6513,2.3818,2.3253,0,0,0,0,0,0,0,0,0,0,0,0
2.2836,1.9279,2.6159,0,0,0,0,0,0,0,0,0,0,0,0
2.6372,2.2927,2.2569,0,0,0,0,0,0,0,0,0,0,0,0
1.9124,2.2898,2.5058,0,0,0,0,0,0,0,0,0,0,0,0
1.8452,1.825,2.2373,0,0,0,0,0,0,0,0,0,0,0,0
1.9187,1.8894,2.106,0,0,0,0,0,0,0,0,0,0,0,0
2.3699,2.3294,2.6031,0,0,0,0,0,0,0,0,0,0,0,0
1.9877,2.1342,2.5276,0,0,0,0,0,0,0,0,0,0,0,0
1.8996,2.0123,2.2796,0,0,0,0,0,0,0,0,0,0,0,0
2.2519,2.2267,2.3347,0,0,0,0,0,0,0,0,0,0,0,0
2.2916,2.4191,2.7066,0,0,0,0,0,0,0,0,0,0,0,0
2.1667,1.913,3.6204,0,0,0,0,0,0,0,0,0,0,0,0
2.2829,1.872,2.255,0,0,0,0,0,0,0,0,0,0,0,0
2.7267,2.4174,2.9903,0,0,0,0,0,0,0,0,0,0,0,0
2.566,2.3405,2.54,0,0,0,0,0,0,0,0,0,0,0,0
2.2261,2.1259,2.4069,0,0,0,0,0,0,0,0,0,0,0,0
1.8082,2.1647,2.6153,0,0,0,0,0,0,0,0,0,0,0,0
1.825,2.478,2.38,0,0,0,0,0,0,0,0,0,0,0,0
2.1113,2.6189,2.42,0,0,0,0,0,0,0,0,0,0,0,0
2.2577,2.8851,3.5693,0,0,0,0,0,0,0,0,0,0,0,0
2.1752,2.2377,4.0914,0,0,0,0,0,0,0,0,0,0,0,0
1.9273,2.2263,2.8511,0,0,0,0,0,0,0,0,0,0,0,0
1.9431,2.3002,3.2127,0,0,0,0,0,0,0,0,0,0,0,0
2.1136,2.2108,2.8384,0,0,0,0,0,0,0,0,0,0,0,0
2.1885,1.9157,2.3895,0,0,0,0,0,0,0,0,0,0,0,0
1.8923,1.9325,2.7503,0,0,0,0,0,0,0,0,0,0,0,0
1.8562,1.9246,2.821,0,0,0,0,0,0,0,0,0,0,0,0
1.8116,1.9236,2.996,0,0,0,0,0,0,0,0,0,0,0,0
1.9362,1.7284,2.418,0,0,0,0,0,0,0,0,0,0,0,0
2.1183,2.1939,3.012,0,0,0,0,0,0,0,0,0,0,0,0
1.8373,2.3712,2.4852,0,0,0,0,0,0,0,0,0,0,0,0
2.4427,2.3617,2.1285,0,0,0,0,0,0,0,0,0,0,0,0
2.8197,2.4715,2.8658,0,0,0,0,0,0,0,0,0,0,0,0
2.4447,2.1871,2.5005,0,0,0,0,0,0,0,0,0,0,0,0
3.6605,2.601,2.4745,0,0,0,0,0,0,0,0,0,0,0,0
2.8536,2.023,2.2697,0,0,0,0,0,0,0,0,0,0,0,0
2.5118,1.8267,2.5477,0,0,0,0,0,0,0,0,0,0,0,0
2.4224,1.8091,2.5214,0,0,0,0,0,0,0,0,0,0,0,0
3.4085,2.6058,1.9755,0,0,0,0,0,0,0,0,0,0,0,0
2.4824,2.5045,1.8542,0,0,0,0,0,0,0,0,0,0,0,0
3.5545,2.2199,2.3905,0,0,0,0,0,0,0,0,0,0,0,0
3.9205,1.8433,2.6816,0,0,0,0,0,0,0,0,0,0,0,0
4.2199,1.815,2.7456,0,0,0,0,0,0,0,0,0,0,0,0
2.9171,2.4419,2.6863,0,0,0,0,0,0,0,0,0,0,0,0
2.7322,2.2678,2.3835,0,0,0,0,0,0,0,0,0,0,0,0
2.3342,2.2418,1.9258,0,0,0,0,0,0,0,0,0,0,0,0
2.8611,2.4664,1.8274,0,0,0,0,0,0,0,0,0,0,0,0
3.0084,2.1773,1.826,0,0,0,0,0,0,0,0,0,0,0,0
2.5396,2.3413,1.816,0,0,0,0,0,0,0,0,0,0,0,0
1.976,1.9292,2.1392,0,0,0,0,0,0,0,0,0,0,0,0
2.1651,2.5072,2.3245,0,0,0,0,0,0,0,0,0,0,0,0
2.2916,2.5346,1.8833,0,0,0,0,0,0,0,0,0,0,0,0
1.947,2.4955,1.8396,0,0,0,0,0,0,0,0,0,0,0,0
2.4783,1.9197,1.8845,0,0,0,0,0,0,0,0,0,0,0,0
2.2453,1.792,1.9373,0,0,0,0,0,0,0,0,0,0,0,0
2.2917,2.2452,2.4799,0,0,0,0,0,0,0,0,0,0,0,0
1.856,2.4095,2.4187,0,0,0,0,0,0,0,0,0,0,0,0
1.8572,2.2828,2.4671,0,0,0,0,0,0,0,0,0,0,0,0
1.9423,2.586,2.2182,0,0,0,0,0,0,0,0,0,0,0,0
2.2402,2.634,2.9832,0,0,0,0,0,0,0,0,0,0,0,0
2.3081,2.299,2.3288,0,0,0,0,0,0,0,0,0,0,0,0
2.5467,2.2247,3.1682,0,0,0,0,0,0,0,0,0,0,0,0
2.5751,2.1349,6.552,0,0,0,0,0,0,0,0,0,0,0,0
1.8581,2.035,2.177,0,0,0,0,0,0,0,0,0,0,0,0
1.8969,2.207,2.7675,0,0,0,0,0,0,0,0,0,0,0,0
1.8473,1.8858,6.7842,0,0,0,0,0,0,0,0,0,0,0,0
2.1702,1.8314,3.0973,0,0,0,0,0,0,0,0,0,0,0,0
2.3096,2.4205,2.9144,0,0,0,0,0,0,0,0,0,0,0,0
2.2952,2.1774,3.0737,0,0,0,0,0,0,0,0,0,0,0,0
2.6876,2.1724,2.3964,0,0,0,0,0,0,0,0,0,0,0,0
2.4621,2.1294,2.4029,0,0,0,0,0,0,0,0,0,0,0,0
2.2173,1.8736,2.2191,0,0,0,0,0,0,0,0,0,0,0,0
2.9413,2.43,2.0958,0,0,0,0,0,0,0,0,0,0,0,0
2.8793,2.2375,2.6475,0,0,0,0,0,0,0,0,0,0,0,0
