2.0865
0.49354
0.077953
0.041201
0.048129
0.034612
0.029716
0.026162
0.025816
0.026033
0.025504
0.025794
0.026685
0.025325
0.026158
0.027191
0.025407
0.025788
0.025891
0.025541
0.025411
0.025416
0.025162
0.025224
0.025479
0.02506
0.025021
0.025568
0.025055
0.025183
0.025389
0.025266
0.025325
0.025621
0.025253
0.025907
0.025535
0.025163
0.025329
0.025488
0.025253
0.024978
0.029408
0.027288
0.027558
0.027663
0.026295
0.027242
0.027418
0.027186
0.027472
0.027327
0.029309
0.029564
0.029585
0.027019
0.027017
0.027283
0.027255
0.032475
0.055531
0.038673
0.034584
0.032186
0.032036
0.03251
0.032748
0.032185
0.032178
0.032587
0.032261
0.03512
0.035288
0.03507
0.035266
0.035152
0.034497
0.029721
0.028569
0.02792
0.030904
0.029366
0.029075
0.028978
0.027834
0.02765
0.027612
0.028036
0.028056
0.027679
0.027258
0.026951
0.027012
0.029086
0.029047
0.029106
0.028685
0.028114
0.026895
0.027239
0.026939
0.027231
0.027218
0.026882
0.026983
0.027451
0.02698
0.027024
0.027282
0.026993
0.028225
0.028659
0.029065
0.029146
0.029617
0.028317
0.028069
0.02931
0.028742
0.029162
