41.259
1.7589
0.61188
0.88314
0.47361
0.6779
0.53661
1.4396
0.58403
0.91225
0.64736
1.0802
0.46731
0.49277
2.0227
0.62859
0.54396
0.4049
0.44666
0.42448
0.41089
0.78365
0.47936
0.44079
0.64189
0.4763
0.4603
0.86055
0.93396
0.46802
0.47758
0.45537
0.55252
0.51719
1.0586
0.99618
0.88014
0.77464
0.88618
1.186
0.65062
0.97172
1.6185
0.56442
1.1521
1.4086
0.83193
0.46212
1.0431
1.6902
0.94549
1.5557
0.72016
1.1181
1.5868
0.66831
1.2786
0.90308
0.70888
1.0294
0.54234
1.0955
1.1339
1.8691
0.84432
1.1139
1.379
0.88772
1.5941
1.3605
2.46
1.2702
1.0091
1.2699
1.4492
1.1282
0.6618
1.7592
0.86346
1.0893
1.4456
1.4161
0.69308
2.6676
1.1273
0.82885
1.0132
1.1497
0.71983
0.63693
0.88964
1.5337
1.7112
1.6479
1.2863
1.8068
0.62284
1.9049
3.07
1.3853
1.0783
1.0979
0.68317
1.5074
0.95028
1.6852
0.71756
1.3401
1.0797
0.93112
1.2426
1.2318
1.4896
1.038
0.99808
1.5396
1.8508
1.3188
1.2676
2.007
1.3991
0.90858
1.0057
1.7345
1.4642
0.4722
1.3422
0.58448
1.8959
0.70072
0.84419
2.0187
1.1311
1.2678
1.4788
0.71496
1.4599
1.0439
1.2489
1.2455
1.8737
1.4064
1.8082
1.1937
1.3717
1.5164
0.92385
