0.000149,0.000165,0.000162,0,0,0,0,0,0,0,0,0,0,0,0
0.050648,0.048149,0.04884,0,0,0,0,0,0,0,0,0,0,0,0
0.026582,0.026506,0.026608,0,0,0,0,0,0,0,0,0,0,0,0
0.025857,0.026078,0.026327,0,0,0,0,0,0,0,0,0,0,0,0
0.026354,0.026139,0.02614,0,0,0,0,0,0,0,0,0,0,0,0
0.026498,0.026517,0.026745,0,0,0,0,0,0,0,0,0,0,0,0
0.026259,0.026159,0.026197,0,0,0,0,0,0,0,0,0,0,0,0
0.026486,0.026874,0.027529,0,0,0,0,0,0,0,0,0,0,0,0
0.02717,0.0275,0.027591,0,0,0,0,0,0,0,0,0,0,0,0
0.027218,0.02705,0.02714,0,0,0,0,0,0,0,0,0,0,0,0
0.026825,0.026669,0.026828,0,0,0,0,0,0,0,0,0,0,0,0
0.02714,0.027052,0.027334,0,0,0,0,0,0,0,0,0,0,0,0
0.026573,0.026593,0.026734,0,0,0,0,0,0,0,0,0,0,0,0
0.026866,0.026756,0.026747,0,0,0,0,0,0,0,0,0,0,0,0
0.026919,0.02674,0.027131,0,0,0,0,0,0,0,0,0,0,0,0
0.027228,0.026794,0.027518,0,0,0,0,0,0,0,0,0,0,0,0
0.027297,0.027246,0.02709,0,0,0,0,0,0,0,0,0,0,0,0
0.026865,0.026789,0.026808,0,0,0,0,0,0,0,0,0,0,0,0
0.026387,0.026568,0.02673,0,0,0,0,0,0,0,0,0,0,0,0
0.027031,0.027304,0.027163,0,0,0,0,0,0,0,0,0,0,0,0
0.027065,0.026899,0.027532,0,0,0,0,0,0,0,0,0,0,0,0
0.027049,0.027095,0.027023,0,0,0,0,0,0,0,0,0,0,0,0
0.026589,0.026505,0.026569,0,0,0,0,0,0,0,0,0,0,0,0
0.026747,0.026692,0.026751,0,0,0,0,0,0,0,0,0,0,0,0
0.027045,0.027087,0.026827,0,0,0,0,0,0,0,0,0,0,0,0
0.027412,0.027099,0.02727,0,0,0,0,0,0,0,0,0,0,0,0
0.027287,0.026987,0.026657,0,0,0,0,0,0,0,0,0,0,0,0
0.026618,0.026308,0.026562,0,0,0,0,0,0,0,0,0,0,0,0
0.026799,0.026375,0.026711,0,0,0,0,0,0,0,0,0,0,0,0
0.02662,0.02707,0.026826,0,0,0,0,0,0,0,0,0,0,0,0
0.02666,0.026949,0.027377,0,0,0,0,0,0,0,0,0,0,0,0
0.026967,0.027209,0.027011,0,0,0,0,0,0,0,0,0,0,0,0
0.026605,0.026931,0.026802,0,0,0,0,0,0,0,0,0,0,0,0
0.026747,0.026892,0.027045,0,0,0,0,0,0,0,0,0,0,0,0
0.026621,0.02663,0.026451,0,0,0,0,0,0,0,0,0,0,0,0
0.026557,0.027262,0.026626,0,0,0,0,0,0,0,0,0,0,0,0
0.026726,0.026936,0.026966,0,0,0,0,0,0,0,0,0,0,0,0
0.027947,0.027317,0.027376,0,0,0,0,0,0,0,0,0,0,0,0
0.027152,0.027125,0.02786,0,0,0,0,0,0,0,0,0,0,0,0
0.026634,0.027774,0.026731,0,0,0,0,0,0,0,0,0,0,0,0
0.027073,0.027233,0.027226,0,0,0,0,0,0,0,0,0,0,0,0
0.027704,0.027002,0.02716,0,0,0,0,0,0,0,0,0,0,0,0
0.026434,0.027268,0.027249,0,0,0,0,0,0,0,0,0,0,0,0
0.027637,0.027581,0.027724,0,0,0,0,0,0,0,0,0,0,0,0
0.026829,0.026651,0.026834,0,0,0,0,0,0,0,0,0,0,0,0
0.026617,0.026483,0.027239,0,0,0,0,0,0,0,0,0,0,0,0
0.026592,0.026578,0.026621,0,0,0,0,0,0,0,0,0,0,0,0
0.026894,0.026928,0.026839,0,0,0,0,0,0,0,0,0,0,0,0
0.027255,0.02737,0.026903,0,0,0,0,0,0,0,0,0,0,0,0
0.02679,0.026715,0.026775,0,0,0,0,0,0,0,0,0,0,0,0
0.027322,0.026815,0.027032,0,0,0,0,0,0,0,0,0,0,0,0
0.0277,0.027585,0.027474,0,0,0,0,0,0,0,0,0,0,0,0
0.02618,0.026206,0.026452,0,0,0,0,0,0,0,0,0,0,0,0
0.026397,0.026736,0.026619,0,0,0,0,0,0,0,0,0,0,0,0
0.026556,0.026509,0.026799,0,0,0,0,0,0,0,0,0,0,0,0
0.026843,0.02682,0.026642,0,0,0,0,0,0,0,0,0,0,0,0
0.027066,0.027102,0.02716,0,0,0,0,0,0,0,0,0,0,0,0
0.026844,0.027248,0.026836,0,0,0,0,0,0,0,0,0,0,0,0
0.026215,0.026353,0.026322,0,0,0,0,0,0,0,0,0,0,0,0
0.027085,0.025851,0.026467,0,0,0,0,0,0,0,0,0,0,0,0
0.026551,0.027157,0.026647,0,0,0,0,0,0,0,0,0,0,0,0
0.026377,0.026398,0.026842,0,0,0,0,0,0,0,0,0,0,0,0
0.026445,0.026656,0.026738,0,0,0,0,0,0,0,0,0,0,0,0
0.026319,0.027205,0.026314,0,0,0,0,0,0,0,0,0,0,0,0
0.026351,0.026735,0.02621,0,0,0,0,0,0,0,0,0,0,0,0
0.026236,0.026406,0.026332,0,0,0,0,0,0,0,0,0,0,0,0
0.02614,0.026119,0.025642,0,0,0,0,0,0,0,0,0,0,0,0
0.026575,0.026789,0.027257,0,0,0,0,0,0,0,0,0,0,0,0
0.025926,0.02583,0.025914,0,0,0,0,0,0,0,0,0,0,0,0
0.026408,0.026269,0.026277,0,0,0,0,0,0,0,0,0,0,0,0
0.025929,0.025656,0.02575,0,0,0,0,0,0,0,0,0,0,0,0
0.025819,0.025923,0.026226,0,0,0,0,0,0,0,0,0,0,0,0
0.027124,0.02704,0.028221,0,0,0,0,0,0,0,0,0,0,0,0
0.026297,0.026416,0.027155,0,0,0,0,0,0,0,0,0,0,0,0
0.026293,0.026256,0.026121,0,0,0,0,0,0,0,0,0,0,0,0
0.026351,0.026358,0.026352,0,0,0,0,0,0,0,0,0,0,0,0
0.025771,0.025666,0.025708,0,0,0,0,0,0,0,0,0,0,0,0
0.024896,0.025679,0.026058,0,0,0,0,0,0,0,0,0,0,0,0
0.026446,0.025619,0.025891,0,0,0,0,0,0,0,0,0,0,0,0
0.025609,0.025768,0.025386,0,0,0,0,0,0,0,0,0,0,0,0
0.026648,0.026026,0.026165,0,0,0,0,0,0,0,0,0,0,0,0
0.02677,0.025961,0.026231,0,0,0,0,0,0,0,0,0,0,0,0
0.025341,0.025205,0.025296,0,0,0,0,0,0,0,0,0,0,0,0
0.026033,0.027517,0.026013,0,0,0,0,0,0,0,0,0,0,0,0
0.027162,0.027085,0.026559,0,0,0,0,0,0,0,0,0,0,0,0
0.02594,0.025673,0.026293,0,0,0,0,0,0,0,0,0,0,0,0
0.026738,0.026431,0.026481,0,0,0,0,0,0,0,0,0,0,0,0
0.026902,0.025601,0.026958,0,0,0,0,0,0,0,0,0,0,0,0
0.025685,0.025877,0.025769,0,0,0,0,0,0,0,0,0,0,0,0
0.026427,0.025452,0.026125,0,0,0,0,0,0,0,0,0,0,0,0
0.024856,0.025533,0.025821,0,0,0,0,0,0,0,0,0,0,0,0
0.025915,0.026297,0.02701,0,0,0,0,0,0,0,0,0,0,0,0
0.026376,0.026283,0.02703,0,0,0,0,0,0,0,0,0,0,0,0
0.027277,0.026797,0.026864,0,0,0,0,0,0,0,0,0,0,0,0
0.025595,0.0266,0.026624,0,0,0,0,0,0,0,0,0,0,0,0
0.026305,0.025518,0.026208,0,0,0,0,0,0,0,0,0,0,0,0
0.02555,0.025638,0.025438,0,0,0,0,0,0,0,0,0,0,0,0
0.025938,0.026701,0.02579,0,0,0,0,0,0,0,0,0,0,0,0
0.026562,0.025905,0.026776,0,0,0,0,0,0,0,0,0,0,0,0
0.026193,0.026134,0.025933,0,0,0,0,0,0,0,0,0,0,0,0
0.025688,0.025812,0.0256,0,0,0,0,0,0,0,0,0,0,0,0
0.027552,0.026552,0.026525,0,0,0,0,0,0,0,0,0,0,0,0
0.027835,0.028733,0.027562,0,0,0,0,0,0,0,0,0,0,0,0
0.026576,0.026467,0.026385,0,0,0,0,0,0,0,0,0,0,0,0
0.025949,0.025272,0.025764,0,0,0,0,0,0,0,0,0,0,0,0
0.026477,0.025433,0.025528,0,0,0,0,0,0,0,0,0,0,0,0
0.026344,0.026796,0.026882,0,0,0,0,0,0,0,0,0,0,0,0
0.025551,0.025774,0.025637,0,0,0,0,0,0,0,0,0,0,0,0
0.025561,0.02565,0.025407,0,0,0,0,0,0,0,0,0,0,0,0
0.025948,0.027241,0.026868,0,0,0,0,0,0,0,0,0,0,0,0
0.025898,0.025937,0.026918,0,0,0,0,0,0,0,0,0,0,0,0
0.025605,0.025792,0.025732,0,0,0,0,0,0,0,0,0,0,0,0
0.026328,0.027584,0.026135,0,0,0,0,0,0,0,0,0,0,0,0
0.025448,0.026417,0.026738,0,0,0,0,0,0,0,0,0,0,0,0
0.026668,0.02663,0.02685,0,0,0,0,0,0,0,0,0,0,0,0
0.025932,0.026715,0.025448,0,0,0,0,0,0,0,0,0,0,0,0
0.026553,0.025799,0.026331,0,0,0,0,0,0,0,0,0,0,0,0
0.026917,0.025966,0.025847,0,0,0,0,0,0,0,0,0,0,0,0
0.026548,0.027316,0.026465,0,0,0,0,0,0,0,0,0,0,0,0
0.026126,0.026054,0.027321,0,0,0,0,0,0,0,0,0,0,0,0
0.025266,0.025204,0.025278,0,0,0,0,0,0,0,0,0,0,0,0
0.025857,0.025744,0.025804,0,0,0,0,0,0,0,0,0,0,0,0
0.026334,0.0262,0.02688,0,0,0,0,0,0,0,0,0,0,0,0
0.02723,0.027321,0.026846,0,0,0,0,0,0,0,0,0,0,0,0
0.02815,0.027004,0.027111,0,0,0,0,0,0,0,0,0,0,0,0
0.026377,0.026324,0.027175,0,0,0,0,0,0,0,0,0,0,0,0
0.02674,0.027295,0.027165,0,0,0,0,0,0,0,0,0,0,0,0
0.027203,0.027258,0.027351,0,0,0,0,0,0,0,0,0,0,0,0
0.026233,0.026446,0.026772,0,0,0,0,0,0,0,0,0,0,0,0
0.025254,0.025644,0.025436,0,0,0,0,0,0,0,0,0,0,0,0
0.024915,0.0253,0.024929,0,0,0,0,0,0,0,0,0,0,0,0
0.027144,0.027068,0.027263,0,0,0,0,0,0,0,0,0,0,0,0
0.027583,0.027466,0.027522,0,0,0,0,0,0,0,0,0,0,0,0
0.024872,0.025313,0.025087,0,0,0,0,0,0,0,0,0,0,0,0
0.026092,0.02545,0.026351,0,0,0,0,0,0,0,0,0,0,0,0
0.027559,0.028851,0.028108,0,0,0,0,0,0,0,0,0,0,0,0
0.02734,0.026148,0.026341,0,0,0,0,0,0,0,0,0,0,0,0
0.025956,0.027284,0.027205,0,0,0,0,0,0,0,0,0,0,0,0
0.026438,0.02566,0.025751,0,0,0,0,0,0,0,0,0,0,0,0
0.027534,0.028117,0.027868,0,0,0,0,0,0,0,0,0,0,0,0
0.026242,0.025629,0.026165,0,0,0,0,0,0,0,0,0,0,0,0
0.02605,0.026155,0.026037,0,0,0,0,0,0,0,0,0,0,0,0
0.026178,0.025588,0.025735,0,0,0,0,0,0,0,0,0,0,0,0
0.025611,0.025802,0.025741,0,0,0,0,0,0,0,0,0,0,0,0
0.028048,0.027866,0.028089,0,0,0,0,0,0,0,0,0,0,0,0
0.027757,0.027657,0.027599,0,0,0,0,0,0,0,0,0,0,0,0
0.02669,0.02665,0.026029,0,0,0,0,0,0,0,0,0,0,0,0
0.02524,0.025911,0.026543,0,0,0,0,0,0,0,0,0,0,0,0
0.026528,0.026011,0.026127,0,0,0,0,0,0,0,0,0,0,0,0
0.028029,0.027738,0.027907,0,0,0,0,0,0,0,0,0,0,0,0
0.026355,0.026344,0.026517,0,0,0,0,0,0,0,0,0,0,0,0
0.028634,0.028737,0.02887,0,0,0,0,0,0,0,0,0,0,0,0
0.025848,0.025665,0.026364,0,0,0,0,0,0,0,0,0,0,0,0
0.026048,0.026064,0.026444,0,0,0,0,0,0,0,0,0,0,0,0
0.027869,0.027588,0.028226,0,0,0,0,0,0,0,0,0,0,0,0
0.02619,0.026267,0.026219,0,0,0,0,0,0,0,0,0,0,0,0
0.02675,0.026543,0.02662,0,0,0,0,0,0,0,0,0,0,0,0
0.025741,0.02567,0.025912,0,0,0,0,0,0,0,0,0,0,0,0
0.026142,0.026171,0.026236,0,0,0,0,0,0,0,0,0,0,0,0
0.025991,0.026121,0.026226,0,0,0,0,0,0,0,0,0,0,0,0
0.026122,0.026159,0.026071,0,0,0,0,0,0,0,0,0,0,0,0
0.025683,0.025647,0.025693,0,0,0,0,0,0,0,0,0,0,0,0
0.025879,0.025789,0.025971,0,0,0,0,0,0,0,0,0,0,0,0
0.026144,0.025895,0.026403,0,0,0,0,0,0,0,0,0,0,0,0
0.030601,0.025631,0.025817,0,0,0,0,0,0,0,0,0,0,0,0
0.043803,0.025865,0.025908,0,0,0,0,0,0,0,0,0,0,0,0
0.046116,0.026656,0.026829,0,0,0,0,0,0,0,0,0,0,0,0
0.029294,0.027407,0.028317,0,0,0,0,0,0,0,0,0,0,0,0
0.030025,0.025513,0.026022,0,0,0,0,0,0,0,0,0,0,0,0
0.050091,0.026379,0.0264,0,0,0,0,0,0,0,0,0,0,0,0
0.026212,0.025937,0.026326,0,0,0,0,0,0,0,0,0,0,0,0
0.025602,0.025676,0.025816,0,0,0,0,0,0,0,0,0,0,0,0
0.025705,0.025814,0.026318,0,0,0,0,0,0,0,0,0,0,0,0
0.025871,0.026043,0.039832,0,0,0,0,0,0,0,0,0,0,0,0
0.025824,0.025954,0.041412,0,0,0,0,0,0,0,0,0,0,0,0
0.025826,0.026263,0.032404,0,0,0,0,0,0,0,0,0,0,0,0
0.027244,0.027317,0.029426,0,0,0,0,0,0,0,0,0,0,0,0
0.02643,0.02657,0.044717,0,0,0,0,0,0,0,0,0,0,0,0
0.027094,0.026187,0.028848,0,0,0,0,0,0,0,0,0,0,0,0
0.026289,0.025968,0.026539,0,0,0,0,0,0,0,0,0,0,0,0
0.027472,0.027395,0.027445,0,0,0,0,0,0,0,0,0,0,0,0
0.026558,0.026398,0.026995,0,0,0,0,0,0,0,0,0,0,0,0
0.02635,0.026369,0.026558,0,0,0,0,0,0,0,0,0,0,0,0
0.025835,0.02568,0.026161,0,0,0,0,0,0,0,0,0,0,0,0
0.026409,0.025805,0.025791,0,0,0,0,0,0,0,0,0,0,0,0
NaN,NaN,NaN,0,0,0,0,0,0,0,0,0,0,0,0
NaN,NaN,NaN,0,0,0,0,0,0,0,0,0,0,0,0
NaN,NaN,NaN,0,0,0,0,0,0,0,0,0,0,0,0
NaN,NaN,NaN,0,0,0,0,0,0,0,0,0,0,0,0
9.7e-05,0.000145,0.000147,0,0,0,0,0,0,0,0,0,0,0,0
0.061426,0.060131,0.062831,0,0,0,0,0,0,0,0,0,0,0,0
0.032128,0.032822,0.05521,0,0,0,0,0,0,0,0,0,0,0,0
0.033536,0.0319,0.032056,0,0,0,0,0,0,0,0,0,0,0,0
0.032177,0.031983,0.031853,0,0,0,0,0,0,0,0,0,0,0,0
0.053051,0.032711,0.033409,0,0,0,0,0,0,0,0,0,0,0,0
0.032356,0.032452,0.033332,0,0,0,0,0,0,0,0,0,0,0,0
0.03366,0.033466,0.033591,0,0,0,0,0,0,0,0,0,0,0,0
0.032203,0.032239,0.032029,0,0,0,0,0,0,0,0,0,0,0,0
0.031761,0.032201,0.032207,0,0,0,0,0,0,0,0,0,0,0,0
0.031411,0.031771,0.033248,0,0,0,0,0,0,0,0,0,0,0,0
0.033133,0.032937,0.033256,0,0,0,0,0,0,0,0,0,0,0,0
0.033247,0.033437,0.034521,0,0,0,0,0,0,0,0,0,0,0,0
0.031252,0.031375,0.031443,0,0,0,0,0,0,0,0,0,0,0,0
0.030533,0.031008,0.031179,0,0,0,0,0,0,0,0,0,0,0,0
0.03148,0.030704,0.030713,0,0,0,0,0,0,0,0,0,0,0,0
0.031438,0.031706,0.030849,0,0,0,0,0,0,0,0,0,0,0,0
0.029941,0.029667,0.030407,0,0,0,0,0,0,0,0,0,0,0,0
0.029863,0.029859,0.030069,0,0,0,0,0,0,0,0,0,0,0,0
0.031202,0.031151,0.031212,0,0,0,0,0,0,0,0,0,0,0,0
0.030846,0.030543,0.030658,0,0,0,0,0,0,0,0,0,0,0,0
0.031245,0.030916,0.031095,0,0,0,0,0,0,0,0,0,0,0,0
0.030832,0.031295,0.03127,0,0,0,0,0,0,0,0,0,0,0,0
0.030618,0.029717,0.030142,0,0,0,0,0,0,0,0,0,0,0,0
0.031057,0.0313,0.030915,0,0,0,0,0,0,0,0,0,0,0,0
0.032544,0.032615,0.032202,0,0,0,0,0,0,0,0,0,0,0,0
0.031859,0.031725,0.031973,0,0,0,0,0,0,0,0,0,0,0,0
0.031306,0.031017,0.031361,0,0,0,0,0,0,0,0,0,0,0,0
0.031013,0.031791,0.0305,0,0,0,0,0,0,0,0,0,0,0,0
0.031482,0.03217,0.032334,0,0,0,0,0,0,0,0,0,0,0,0
0.029336,0.029744,0.029465,0,0,0,0,0,0,0,0,0,0,0,0
0.029304,0.028985,0.029433,0,0,0,0,0,0,0,0,0,0,0,0
0.03053,0.030265,0.030172,0,0,0,0,0,0,0,0,0,0,0,0
0.02922,0.029756,0.029677,0,0,0,0,0,0,0,0,0,0,0,0
0.030286,0.029943,0.030287,0,0,0,0,0,0,0,0,0,0,0,0
0.0306,0.030937,0.032211,0,0,0,0,0,0,0,0,0,0,0,0
0.031463,0.030166,0.030429,0,0,0,0,0,0,0,0,0,0,0,0
0.031558,0.031226,0.031086,0,0,0,0,0,0,0,0,0,0,0,0
0.030561,0.030536,0.030693,0,0,0,0,0,0,0,0,0,0,0,0
0.02944,0.029403,0.029466,0,0,0,0,0,0,0,0,0,0,0,0
0.030563,0.030624,0.029497,0,0,0,0,0,0,0,0,0,0,0,0
0.030052,0.030195,0.02938,0,0,0,0,0,0,0,0,0,0,0,0
0.03101,0.030554,0.029949,0,0,0,0,0,0,0,0,0,0,0,0
0.029612,0.029497,0.028831,0,0,0,0,0,0,0,0,0,0,0,0
0.029844,0.02945,0.028823,0,0,0,0,0,0,0,0,0,0,0,0
0.028975,0.029168,0.029515,0,0,0,0,0,0,0,0,0,0,0,0
0.028192,0.029123,0.028091,0,0,0,0,0,0,0,0,0,0,0,0
0.028817,0.028926,0.028797,0,0,0,0,0,0,0,0,0,0,0,0
0.03048,0.030614,0.028922,0,0,0,0,0,0,0,0,0,0,0,0
0.028916,0.030767,0.028965,0,0,0,0,0,0,0,0,0,0,0,0
0.030643,0.030793,0.029338,0,0,0,0,0,0,0,0,0,0,0,0
0.02864,0.029791,0.028819,0,0,0,0,0,0,0,0,0,0,0,0
0.028427,0.028354,0.029383,0,0,0,0,0,0,0,0,0,0,0,0
0.028418,0.02848,0.028531,0,0,0,0,0,0,0,0,0,0,0,0
0.030354,0.028544,0.029363,0,0,0,0,0,0,0,0,0,0,0,0
0.029213,0.029264,0.029432,0,0,0,0,0,0,0,0,0,0,0,0
0.028352,0.02865,0.028668,0,0,0,0,0,0,0,0,0,0,0,0
0.03009,0.028842,0.02881,0,0,0,0,0,0,0,0,0,0,0,0
0.028179,0.028299,0.028674,0,0,0,0,0,0,0,0,0,0,0,0
0.028546,0.02839,0.028579,0,0,0,0,0,0,0,0,0,0,0,0
0.028748,0.028556,0.029699,0,0,0,0,0,0,0,0,0,0,0,0
0.028559,0.028792,0.029231,0,0,0,0,0,0,0,0,0,0,0,0
0.028503,0.029329,0.029078,0,0,0,0,0,0,0,0,0,0,0,0
0.029509,0.029721,0.030191,0,0,0,0,0,0,0,0,0,0,0,0
0.028735,0.028746,0.029667,0,0,0,0,0,0,0,0,0,0,0,0
0.028876,0.029619,0.029838,0,0,0,0,0,0,0,0,0,0,0,0
0.030294,0.029708,0.029568,0,0,0,0,0,0,0,0,0,0,0,0
0.029098,0.029091,0.029593,0,0,0,0,0,0,0,0,0,0,0,0
0.028814,0.028581,0.028908,0,0,0,0,0,0,0,0,0,0,0,0
0.029684,0.029777,0.0287,0,0,0,0,0,0,0,0,0,0,0,0
0.029454,0.028517,0.028554,0,0,0,0,0,0,0,0,0,0,0,0
0.029429,0.028446,0.028326,0,0,0,0,0,0,0,0,0,0,0,0
0.028812,0.029642,0.028517,0,0,0,0,0,0,0,0,0,0,0,0
0.028527,0.028477,0.02839,0,0,0,0,0,0,0,0,0,0,0,0
0.029329,0.028291,0.028547,0,0,0,0,0,0,0,0,0,0,0,0
0.028365,0.02978,0.028867,0,0,0,0,0,0,0,0,0,0,0,0
0.0289,0.028588,0.029303,0,0,0,0,0,0,0,0,0,0,0,0
0.030089,0.029378,0.029211,0,0,0,0,0,0,0,0,0,0,0,0
0.02947,0.030682,0.029095,0,0,0,0,0,0,0,0,0,0,0,0
0.028277,0.02904,0.028523,0,0,0,0,0,0,0,0,0,0,0,0
0.029412,0.028292,0.028997,0,0,0,0,0,0,0,0,0,0,0,0
0.028098,0.028062,0.02844,0,0,0,0,0,0,0,0,0,0,0,0
0.028187,0.028185,0.028302,0,0,0,0,0,0,0,0,0,0,0,0
0.029068,0.029082,0.02814,0,0,0,0,0,0,0,0,0,0,0,0
0.0285,0.028482,0.028377,0,0,0,0,0,0,0,0,0,0,0,0
0.029479,0.027812,0.028203,0,0,0,0,0,0,0,0,0,0,0,0
0.028377,0.028408,0.028542,0,0,0,0,0,0,0,0,0,0,0,0
0.028686,0.02836,0.028939,0,0,0,0,0,0,0,0,0,0,0,0
0.028587,0.027701,0.02798,0,0,0,0,0,0,0,0,0,0,0,0
0.029184,0.029163,0.03046,0,0,0,0,0,0,0,0,0,0,0,0
0.029339,0.028986,0.02884,0,0,0,0,0,0,0,0,0,0,0,0
0.028375,0.028377,0.028305,0,0,0,0,0,0,0,0,0,0,0,0
0.02899,0.028746,0.028762,0,0,0,0,0,0,0,0,0,0,0,0
0.028579,0.028488,0.028346,0,0,0,0,0,0,0,0,0,0,0,0
0.028197,0.028341,0.028093,0,0,0,0,0,0,0,0,0,0,0,0
0.031099,0.031111,0.03138,0,0,0,0,0,0,0,0,0,0,0,0
0.028325,0.028356,0.028336,0,0,0,0,0,0,0,0,0,0,0,0
0.028305,0.028295,0.028987,0,0,0,0,0,0,0,0,0,0,0,0
0.028432,0.028188,0.028084,0,0,0,0,0,0,0,0,0,0,0,0
0.028134,0.028333,0.028846,0,0,0,0,0,0,0,0,0,0,0,0
0.028286,0.028209,0.028836,0,0,0,0,0,0,0,0,0,0,0,0
0.029357,0.029031,0.030585,0,0,0,0,0,0,0,0,0,0,0,0
0.027922,0.02883,0.027767,0,0,0,0,0,0,0,0,0,0,0,0
0.028176,0.028287,0.028246,0,0,0,0,0,0,0,0,0,0,0,0
0.02971,0.028559,0.028051,0,0,0,0,0,0,0,0,0,0,0,0
0.028115,0.028074,0.02774,0,0,0,0,0,0,0,0,0,0,0,0
0.027993,0.028817,0.027661,0,0,0,0,0,0,0,0,0,0,0,0
0.029362,0.028947,0.027993,0,0,0,0,0,0,0,0,0,0,0,0
0.028301,0.028357,0.028028,0,0,0,0,0,0,0,0,0,0,0,0
0.028397,0.028183,0.0283,0,0,0,0,0,0,0,0,0,0,0,0
0.028006,0.028662,0.027764,0,0,0,0,0,0,0,0,0,0,0,0
0.028003,0.028369,0.028189,0,0,0,0,0,0,0,0,0,0,0,0
0.028466,0.028316,0.027822,0,0,0,0,0,0,0,0,0,0,0,0
0.028487,0.027964,0.027779,0,0,0,0,0,0,0,0,0,0,0,0
0.028361,0.028067,0.027901,0,0,0,0,0,0,0,0,0,0,0,0
0.028373,0.027963,0.028401,0,0,0,0,0,0,0,0,0,0,0,0
0.028862,0.028551,0.028792,0,0,0,0,0,0,0,0,0,0,0,0
0.029381,0.029088,0.029116,0,0,0,0,0,0,0,0,0,0,0,0
0.030027,0.029884,0.027923,0,0,0,0,0,0,0,0,0,0,0,0
0.027875,0.027816,0.028172,0,0,0,0,0,0,0,0,0,0,0,0
0.028474,0.02799,0.027798,0,0,0,0,0,0,0,0,0,0,0,0
0.028926,0.029718,0.029075,0,0,0,0,0,0,0,0,0,0,0,0
0.028045,0.028133,0.027983,0,0,0,0,0,0,0,0,0,0,0,0
0.028882,0.029042,0.02859,0,0,0,0,0,0,0,0,0,0,0,0
0.028734,0.028637,0.028621,0,0,0,0,0,0,0,0,0,0,0,0
0.028814,0.028446,0.02838,0,0,0,0,0,0,0,0,0,0,0,0
0.028147,0.028171,0.028101,0,0,0,0,0,0,0,0,0,0,0,0
0.028612,0.028775,0.028533,0,0,0,0,0,0,0,0,0,0,0,0
0.028255,0.029422,0.028368,0,0,0,0,0,0,0,0,0,0,0,0
0.028363,0.028531,0.028304,0,0,0,0,0,0,0,0,0,0,0,0
0.028795,0.028598,0.028662,0,0,0,0,0,0,0,0,0,0,0,0
0.028266,0.02839,0.027749,0,0,0,0,0,0,0,0,0,0,0,0
0.028408,0.028229,0.028188,0,0,0,0,0,0,0,0,0,0,0,0
0.02843,0.027687,0.027682,0,0,0,0,0,0,0,0,0,0,0,0
0.028147,0.028156,0.027536,0,0,0,0,0,0,0,0,0,0,0,0
0.028285,0.028278,0.027664,0,0,0,0,0,0,0,0,0,0,0,0
0.028613,0.028388,0.028474,0,0,0,0,0,0,0,0,0,0,0,0
0.028218,0.028062,0.029452,0,0,0,0,0,0,0,0,0,0,0,0
0.028726,0.028411,0.028942,0,0,0,0,0,0,0,0,0,0,0,0
0.028945,0.028706,0.028817,0,0,0,0,0,0,0,0,0,0,0,0
0.028418,0.028554,0.028295,0,0,0,0,0,0,0,0,0,0,0,0
0.028497,0.028487,0.028364,0,0,0,0,0,0,0,0,0,0,0,0
0.02854,0.028316,0.039248,0,0,0,0,0,0,0,0,0,0,0,0
0.028337,0.028356,0.048927,0,0,0,0,0,0,0,0,0,0,0,0
0.028093,0.028348,0.038376,0,0,0,0,0,0,0,0,0,0,0,0
0.030325,0.029182,0.031494,0,0,0,0,0,0,0,0,0,0,0,0
0.028999,0.029236,0.057813,0,0,0,0,0,0,0,0,0,0,0,0
0.02873,0.028497,0.031557,0,0,0,0,0,0,0,0,0,0,0,0
0.028798,0.028596,0.029732,0,0,0,0,0,0,0,0,0,0,0,0
0.02852,0.028724,0.029723,0,0,0,0,0,0,0,0,0,0,0,0
0.029257,0.029081,0.030299,0,0,0,0,0,0,0,0,0,0,0,0
0.028807,0.028792,0.029094,0,0,0,0,0,0,0,0,0,0,0,0
0.02911,0.030528,0.029056,0,0,0,0,0,0,0,0,0,0,0,0
0.02834,0.028553,0.028504,0,0,0,0,0,0,0,0,0,0,0,0
0.028432,0.028186,0.028146,0,0,0,0,0,0,0,0,0,0,0,0
0.028574,0.028207,0.027832,0,0,0,0,0,0,0,0,0,0,0,0
0.027996,0.028187,0.028479,0,0,0,0,0,0,0,0,0,0,0,0
0.028258,0.028252,0.028616,0,0,0,0,0,0,0,0,0,0,0,0
0.029225,0.029096,0.028971,0,0,0,0,0,0,0,0,0,0,0,0
0.028466,0.028631,0.028709,0,0,0,0,0,0,0,0,0,0,0,0
0.027877,0.028091,0.027793,0,0,0,0,0,0,0,0,0,0,0,0
0.02856,0.028316,0.028374,0,0,0,0,0,0,0,0,0,0,0,0
0.028271,0.028332,0.028083,0,0,0,0,0,0,0,0,0,0,0,0
0.028123,0.028643,0.028142,0,0,0,0,0,0,0,0,0,0,0,0
0.028107,0.027992,0.028336,0,0,0,0,0,0,0,0,0,0,0,0
0.028287,0.028519,0.028396,0,0,0,0,0,0,0,0,0,0,0,0
0.028117,0.028033,0.02815,0,0,0,0,0,0,0,0,0,0,0,0
0.028299,0.02837,0.02797,0,0,0,0,0,0,0,0,0,0,0,0
0.028502,0.028552,0.028354,0,0,0,0,0,0,0,0,0,0,0,0
0.028919,0.02758,0.027431,0,0,0,0,0,0,0,0,0,0,0,0
0.02855,0.028152,0.028393,0,0,0,0,0,0,0,0,0,0,0,0
0.028017,0.02814,0.028264,0,0,0,0,0,0,0,0,0,0,0,0
0.028354,0.029517,0.02848,0,0,0,0,0,0,0,0,0,0,0,0
0.028234,0.028079,0.027906,0,0,0,0,0,0,0,0,0,0,0,0
0.028399,0.02847,0.029583,0,0,0,0,0,0,0,0,0,0,0,0
0.028296,0.028561,0.028336,0,0,0,0,0,0,0,0,0,0,0,0
0.029115,0.028826,0.028942,0,0,0,0,0,0,0,0,0,0,0,0
0.028763,0.028744,0.028635,0,0,0,0,0,0,0,0,0,0,0,0
0.029569,0.02946,0.029155,0,0,0,0,0,0,0,0,0,0,0,0
0.028809,0.028382,0.027876,0,0,0,0,0,0,0,0,0,0,0,0
0.028017,0.028093,0.027499,0,0,0,0,0,0,0,0,0,0,0,0
0.028922,0.027957,0.027788,0,0,0,0,0,0,0,0,0,0,0,0
0.029009,0.028012,0.027476,0,0,0,0,0,0,0,0,0,0,0,0
0.028268,0.028199,0.027463,0,0,0,0,0,0,0,0,0,0,0,0
0.02769,0.027516,0.027567,0,0,0,0,0,0,0,0,0,0,0,0
0.028246,0.027891,0.027911,0,0,0,0,0,0,0,0,0,0,0,0
0.02744,0.028694,0.027643,0,0,0,0,0,0,0,0,0,0,0,0
0.029005,0.029214,0.029195,0,0,0,0,0,0,0,0,0,0,0,0
0.029035,0.028227,0.027783,0,0,0,0,0,0,0,0,0,0,0,0
0.026892,0.028111,0.027048,0,0,0,0,0,0,0,0,0,0,0,0
0.027357,0.026972,0.026967,0,0,0,0,0,0,0,0,0,0,0,0
0.027155,0.027149,0.027227,0,0,0,0,0,0,0,0,0,0,0,0
0.028534,0.028141,0.027626,0,0,0,0,0,0,0,0,0,0,0,0
0.027448,0.02746,0.026916,0,0,0,0,0,0,0,0,0,0,0,0
0.026877,0.026873,0.026762,0,0,0,0,0,0,0,0,0,0,0,0
0.028205,0.027282,0.026855,0,0,0,0,0,0,0,0,0,0,0,0
0.027224,0.027455,0.027021,0,0,0,0,0,0,0,0,0,0,0,0
0.026992,0.027147,0.027469,0,0,0,0,0,0,0,0,0,0,0,0
0.027256,0.027959,0.026974,0,0,0,0,0,0,0,0,0,0,0,0
0.027852,0.026975,0.026946,0,0,0,0,0,0,0,0,0,0,0,0
0.026698,0.027023,0.026918,0,0,0,0,0,0,0,0,0,0,0,0
0.028815,0.027684,0.028063,0,0,0,0,0,0,0,0,0,0,0,0
0.029153,0.027918,0.02789,0,0,0,0,0,0,0,0,0,0,0,0
