0.017296
0.021829
0.018535
0.015795
0.015966
0.013775
0.013119
0.017861
0.018724
0.017082
0.01496
0.015215
0.0146
0.013364
0.013189
0.012924
0.011527
0.011797
0.011671
0.010493
0.010828
0.010782
0.009794
0.010048
0.010063
0.009089
0.00959
0.0096
0.008875
0.009513
0.009632
0.008874
0.009499
0.009637
0.00892
0.00951
0.009507
0.008795
0.009331
0.009576
0.008887
0.009401
0.009562
0.008838
0.009348
0.009564
0.008754
0.009264
0.00966
0.00881
0.009461
0.009438
0.008766
0.009333
0.009512
0.008919
0.009274
0.009758
0.008818
0.009303
0.009584
0.008776
0.009264
0.00951
0.008829
0.009284
0.009483
0.008682
0.009242
0.009532
0.008766
0.009472
0.009582
0.008692
0.009186
0.009502
0.008687
0.009278
0.009704
0.008362
0.008556
0.009604
0.008525
0.009467
0.008715
0.009601
0.008748
0.009566
0.008655
0.009791
0.008703
0.014656
0.013725
0.014411
0.012709
0.013514
0.011757
0.012539
0.011055
0.012251
0.010998
0.011595
0.00996
0.010915
0.009473
0.010661
0.009337
0.010237
0.009539
0.010443
0.00901
0.010046
0.009261
0.010768
0.010347
0.010151
0.009814
0.01044
0.01019
0.011223
0.009349
0.01018
0.00959
0.010794
0.008924
0.010945
0.010083
0.011276
0.010047
0.009339
0.009959
