12.176
0.38104
0.12083
0.051368
0.050428
0.048317
0.050267
0.17714
NaN
NaN
NaN
NaN
NaN
NaN
NaN
12.396
0.40637
0.12663
0.058297
0.05335
0.05092
0.05281
0.18288
NaN
NaN
NaN
NaN
NaN
NaN
NaN
12.07
0.37431
0.12237
0.055006
0.050035
0.049348
0.048847
0.17536
NaN
NaN
NaN
0.048695
0.047114
NaN
NaN
NaN
NaN
12.236
0.36835
0.12745
0.050846
0.050954
0.048157
0.04794
0.16331
NaN
NaN
NaN
NaN
NaN
NaN
11.463
0.35846
0.11573
0.049968
0.048485
0.047667
0.047658
0.16211
NaN
NaN
0.04697
0.047115
0.046395
0.049344
0.046666
0.15395
NaN
NaN
NaN
NaN
NaN
NaN
12.27
0.4023
0.12474
0.052217
0.051783
0.050592
0.054767
0.17533
NaN
NaN
NaN
NaN
NaN
NaN
NaN
12.151
0.38504
0.12464
0.052131
0.049883
0.049236
0.049498
0.16885
NaN
NaN
NaN
NaN
NaN
NaN
12.129
0.38601
0.12214
0.053001
0.057749
0.052394
0.048081
0.1707
NaN
NaN
NaN
NaN
NaN
NaN
NaN
12.241
0.38394
