1
243.6000,164.7000,121.9047,116.9086
233.1600,175.7700,121.7197,116.7312
206.9160,182.2770,121.5984,116.6149
209.6916,198.2277,120.9714,116.0135
214.4692,201.6228,120.6868,115.7406
217.6469,193.8623,120.6181,115.6747
201.7647,193.9862,120.5563,115.6154
181.2765,209.2986,121.9497,116.9517
145.9276,246.8299,121.8547,116.8606
201.7928,252.3830,122.9488,117.9099
228.9793,212.4383,123.2829,118.2303
225.3979,203.0438,123.1585,118.1110
216.0398,196.7044,122.5661,117.5429
204.3040,200.5704,122.1282,117.1229
181.5304,201.8570,121.7341,116.7450
180.1530,210.0857,121.6607,116.6746
198.9153,206.4086,121.4056,116.4299
217.8915,177.2409,121.1738,116.2077
197.2892,153.6241,121.1544,116.1890
197.9289,133.2624,120.9499,115.9929
206.9929,151.0262,120.6165,115.6732
215.9993,186.1026,120.6914,115.7450
259.1999,216.6103,120.6650,115.7197
255.4200,228.6610,120.5985,115.6559
240.6420,239.7661,120.4876,115.5495
246.3642,239.0766,120.4388,115.5028
237.0364,248.0077,120.2927,115.3627
234.3036,232.7008,119.8884,114.9750
222.3304,223.9701,119.5082,114.6103
222.9330,224.8970,119.4573,114.5615
229.2933,197.0897,119.2257,114.3394
232.6293,202.4090,119.2031,114.3177
233.8629,167.8409,119.3158,114.4258
222.2863,151.7841,119.0983,114.2172
215.7286,130.3784,119.2215,114.3354
217.7729,112.0378,119.1467,114.2636
224.2773,122.8038,119.1259,114.2436
242.0277,131.0804,118.9676,114.0919
244.7028,134.6080,118.9592,114.0838
261.1703,163.7608,119.0916,114.2107
260.1170,208.0761,118.8965,114.0237
259.1117,217.9076,118.6637,113.8004
266.2112,227.8908,118.5973,113.7367
270.5211,230.6891,118.4284,113.5748
255.6521,222.8689,118.3856,113.5337
262.2652,212.1869,118.4306,113.5769
258.4265,192.2187,119.2078,114.3222
264.3427,150.6219,119.8772,114.9642
273.9343,159.9622,119.9223,115.0075
259.5934,171.6962,119.9699,115.0531
258.1593,180.9696,119.8706,114.9579
250.8159,172.8970,119.6779,114.7731
257.2816,174.7897,119.6101,114.7081
263.3282,177.6790,119.5491,114.6495
271.1328,199.5679,119.7198,114.8133
273.7133,196.3568,119.7344,114.8273
245.1713,205.0357,120.3052,115.3747
226.1171,205.9036,120.1301,115.2067
199.0117,213.1904,120.0233,115.1043
195.4012,208.5190,119.7826,114.8735
229.2401,200.8519,120.2561,115.3276
254.2240,203.6852,120.8358,115.8836
292.7224,201.2685,121.1701,116.2041
322.6722,219.9268,121.1531,116.1878
324.7672,218.1927,121.0432,116.0825
318.6767,203.6193,120.6566,115.7117
291.0677,176.0619,122.5548,117.5321
258.6068,162.5062,123.0235,117.9816
235.5607,150.3506,122.9251,117.8872
244.9561,158.1351,122.7373,117.7071
234.1956,168.8135,122.0917,117.0879
254.7196,179.7814,121.2247,116.2565
259.4720,200.6781,121.1077,116.1443
284.2472,213.5678,121.0949,116.1320
302.0247,216.6568,120.7073,115.7603
294.8025,234.0657,120.5428,115.6025
294.9803,246.6066,120.3948,115.4606
276.9980,251.4607,119.9720,115.0551
255.3998,234.8461,119.9191,115.0044
233.4400,214.2846,119.6841,114.7791
201.5440,227.5285,119.5100,114.6121
198.3544,226.1528,119.0872,114.2065
217.8354,226.0153,118.9328,114.0585
235.9836,206.2015,119.3014,114.4120
251.2984,179.9202,119.3577,114.4660
262.7298,148.4920,120.2444,115.3164
289.0730,142.6492,120.7784,115.8284
303.4073,139.3649,120.5090,115.5701
315.6407,148.9365,120.1685,115.2436
326.7641,161.5936,119.6829,114.7779
306.2764,171.8594,119.5089,114.6110
288.9276,189.9859,119.3651,114.4731
257.4928,204.3986,118.9567,114.0814
242.6493,226.5399,118.6766,113.8129
232.1649,228.7540,118.4246,113.5712
211.3165,207.3754,118.4659,113.6107
206.5316,207.0375,118.4569,113.6021
202.4532,201.6038,118.2268,113.3815
200.2453,188.4604,118.2041,113.3597
212.6245,181.7460,118.2213,113.3762
235.4624,158.5746,118.4213,113.5680
251.2462,165.2575,118.4170,113.5639
274.4246,183.0257,118.5511,113.6925
287.5424,199.2026,118.4418,113.5876
300.5543,209.8203,117.9202,113.0875
294.6554,202.7820,117.7309,112.9059
252.6655,179.5782,118.3332,113.4835
220.5666,195.2578,118.4762,113.6207
182.2567,213.9258,118.4660,113.6109
169.4257,224.7926,118.4023,113.5498
160.0426,224.9793,118.2699,113.4228
178.9043,212.3979,118.2807,113.4331
193.3904,189.5398,119.8092,114.8990
217.3391,171.0540,119.7219,114.8153
220.6339,167.4054,119.5567,114.6569
230.8634,185.9405,119.1168,114.2349
210.2863,204.8941,119.1051,114.2237
214.5286,207.6894,119.0016,114.1245
223.9529,189.9689,118.9952,114.1184
233.8953,187.2969,118.9851,114.1086
232.1895,195.1297,118.8809,114.0087
222.1190,213.0130,118.6084,113.7474
203.1119,205.8013,118.5476,113.6891
206.6112,202.3801,118.4757,113.6202
194.3611,194.8380,118.4281,113.5745
191.3361,198.5838,118.4690,113.6137
186.5336,187.2584,118.4221,113.5687
201.3534,217.6258,118.4175,113.5643
206.4353,242.2626,118.1832,113.3396
199.7435,243.8263,118.0183,113.1815
191.8744,213.3826,118.2381,113.3923
192.8874,190.5383,119.0345,114.1560
177.6888,178.3538,118.9319,114.0576
174.3689,179.8354,118.9734,114.0975
153.3369,176.3835,118.6917,113.8273
168.3337,186.8383,118.6604,113.7973
169.8334,199.5838,118.4942,113.6379
198.7833,206.2584,118.6672,113.8038
216.9783,199.7258,119.0532,114.1740
235.8978,215.2726,119.4136,114.5196
264.7898,219.5273,119.5987,114.6971
279.3790,239.7527,119.4862,114.5893
285.3379,234.5753,119.6173,114.7150
242.7338,216.9575,119.8750,114.9621
199.7734,209.7957,120.0140,115.0954
163.0773,205.4796,120.1022,115.1800
133.3077,213.1479,120.3692,115.4360
104.2308,202.2148,120.0939,115.1720
114.8231,201.1215,120.2210,115.2939
158.1823,193.8121,120.8511,115.8982
204.8182,189.4812,120.7151,115.7678
224.7818,185.4481,120.2686,115.3396
228.5782,174.2448,120.1480,115.2239
227.1578,188.4245,119.9457,115.0299
236.9158,190.7424,119.7582,114.8501
224.3916,205.3742,119.4964,114.5990
191.6392,202.3374,119.9985,115.0805
165.8639,223.6337,119.8986,114.9848
175.8864,211.3634,119.7563,114.8482
209.2886,218.2363,120.8833,115.9291
248.6289,211.7236,121.1192,116.1553
266.0629,201.1724,121.0127,116.0532
256.1063,201.0172,121.0115,116.0520
249.7106,200.1017,121.0103,116.0509
242.7711,195.5102,120.7257,115.7779
237.5771,186.0510,120.3719,115.4386
237.0577,179.7051,120.3774,115.4439
257.7058,179.0705,120.2887,115.3588
260.6706,191.6071,120.2598,115.3311
260.0670,198.2607,120.1360,115.2124
235.7067,196.2261,120.0713,115.1504
199.9707,219.4226,119.9664,115.0497
183.7971,231.6423,119.4979,114.6004
164.1797,246.3642,119.3424,114.4513
166.7180,243.3364,119.3483,114.4570
198.4718,234.0336,119.4003,114.5068
199.8472,239.4034,119.3602,114.4684
187.3847,219.2403,119.3242,114.4339
171.7385,223.5240,119.0129,114.1353
168.3738,225.7524,119.0981,114.2171
184.2374,208.8752,120.0584,115.1380
230.8237,208.0875,120.6580,115.7130
273.2824,186.4088,120.5412,115.6010
274.8282,181.5409,120.4829,115.5451
236.2828,187.3541,120.6650,115.7198
222.5283,166.3354,120.4070,115.4723
193.2528,177.7335,120.3153,115.3843
175.0253,177.9734,120.1900,115.2642
162.4025,177.9973,119.7960,114.8863
160.2402,176.1997,119.7164,114.8100
210.4240,181.4200,120.6150,115.6718
262.2424,185.5420,120.9713,116.0135
288.1242,188.6542,120.7805,115.8305
293.4124,185.3654,120.7024,115.7556
272.3412,190.4365,120.5384,115.5983
248.6341,180.1436,120.3908,115.4568
218.3634,195.3144,120.0705,115.1496
201.8363,200.4314,119.8251,114.9142
173.1836,195.5432,119.7829,114.8738
146.0184,181.5543,119.5061,114.6083
138.8018,190.0554,119.4555,114.5598
152.4802,170.2055,119.4967,114.5993
170.9480,184.4205,119.3946,114.5014
189.8948,190.3421,119.3551,114.4635
183.6895,190.9342,119.3196,114.4295
190.2690,173.8934,119.2815,114.3929
199.0269,161.3893,119.1604,114.2768
203.5027,165.5389,119.0514,114.1722
209.3503,174.0539,119.0400,114.1613
202.7350,180.3054,118.8501,113.9792
194.8735,197.1305,118.6729,113.8093
201.2874,218.6131,118.4592,113.6043
225.3287,230.6613,118.4132,113.5603
202.5329,246.2661,118.3719,113.5206
183.1533,233.4266,118.1504,113.3081
176.7153,208.7427,118.8171,113.9476
169.7715,172.0743,118.9568,114.0816
190.6772,152.2074,118.8555,113.9844
194.5677,152.9207,118.8077,113.9385
220.1568,166.4921,118.7269,113.8611
221.8157,179.5492,118.5078,113.6509
240.8816,171.8549,118.3479,113.4976
226.5882,171.9855,118.3131,113.4642
213.4588,192.6985,118.2818,113.4342
189.6459,196.5699,117.8848,113.0535
177.3646,207.7570,117.9289,113.0958
177.9365,207.0757,117.8305,113.0014
177.9937,202.5076,117.7474,112.9217
178.8994,179.5508,118.4831,113.6273
196.9899,168.2551,119.8070,114.8969
214.9990,156.3255,120.3247,115.3934
263.5999,163.2325,119.9132,114.9988
283.7600,178.3233,119.5430,114.6437
292.9760,201.4323,119.3957,114.5025
293.8976,214.5432,119.2632,114.3754
301.1898,211.3543,119.1439,114.2610
293.8190,208.3354,119.0238,114.1458
284.0819,209.8335,118.9285,114.0544
252.5082,222.5834,118.8356,113.9653
229.5508,227.4583,118.4755,113.6200
233.5551,220.7458,118.3358,113.4860
215.9555,236.2746,117.9334,113.1001
197.9955,220.7275,117.8401,113.0106
206.0995,208.3727,117.5210,112.7046
207.8100,198.1373,117.3563,112.5467
216.9810,205.2137,117.3104,112.5026
231.3981,194.2214,117.2233,112.4191
256.2398,194.0221,117.0181,112.2223
249.7240,167.9022,117.0163,112.2206
246.3724,163.4902,116.9233,112.1314
257.7372,175.6490,116.7403,111.9559
272.3737,211.9649,116.5757,111.7980
282.8374,247.0965,116.3368,111.5690
259.5837,246.1096,116.2125,111.4498
250.9584,228.0110,116.6306,111.8507
240.1958,183.0011,116.9168,112.1252
239.1196,157.8001,116.8251,112.0372
226.4120,157.9800,116.5614,111.7843
219.7412,158.8980,116.2987,111.5324
206.4741,161.6898,115.9719,111.2190
206.9474,165.5690,115.8747,111.1258
233.9947,156.9569,115.5972,110.8597
254.6995,147.0957,115.7917,111.0462
281.9699,147.0096,115.7126,110.9703
273.8970,150.6010,115.5370,110.8019
258.6897,160.8601,115.2137,110.4919
240.9690,179.8860,114.9228,110.2129
235.5969,176.3886,114.7415,110.0390
239.5597,184.1389,114.4892,109.7971
245.3560,182.2139,114.4403,109.7501
235.1356,191.9214,114.0400,109.3663
214.3136,206.3921,113.9470,109.2770
199.6313,203.3392,113.9181,109.2493
197.2631,202.1339,113.8033,109.1392
215.9263,184.9134,113.7995,109.1356
234.8926,188.5913,113.8405,109.1749
233.1893,177.2591,113.5798,108.9250
236.6189,198.6259,113.3453,108.7000
235.1619,189.0626,113.2225,108.5822
226.0162,196.2063,113.2002,108.5609
216.1016,217.6206,112.9154,108.2877
201.6102,222.4621,112.8238,108.1999
212.7610,226.5462,112.6540,108.0370
222.8761,222.4546,112.5886,107.9743
210.3876,223.8455,112.5297,107.9179
209.1388,222.1845,112.4559,107.8470
216.2139,204.9185,112.4103,107.8033
244.8214,182.4919,113.6126,108.9564
275.5822,161.3492,113.6640,109.0056
268.7582,158.3349,113.5746,108.9199
276.1758,157.1335,113.6297,108.9728
275.1176,192.1133,113.5031,108.8513
267.8118,215.4113,113.0996,108.4644
249.9812,222.2411,112.7365,108.1162
234.6981,218.4241,112.6629,108.0456
215.1698,218.0424,112.3341,107.7303
206.9170,219.8042,112.2132,107.6143
226.7917,234.3804,112.1919,107.5939
226.0792,229.5380,112.0852,107.4916
227.8079,226.3538,111.9892,107.3995
228.8808,203.5354,111.6860,107.1087
246.0881,203.0535,112.0354,107.4438
276.6088,210.2054,112.0115,107.4209
294.9609,202.8205,111.8587,107.2744
285.9961,202.0821,111.7729,107.1920
273.3996,199.3082,111.6956,107.1179
270.3400,211.6308,111.6833,107.1061
262.8340,212.8631,111.6722,107.0955
246.7834,225.5863,111.5183,106.9479
248.7783,235.8586,111.1196,106.5655
258.8778,235.0859,111.0209,106.4709
258.9878,228.7086,111.0188,106.4689
260.7988,223.5709,110.8435,106.3007
249.2799,211.3571,110.5873,106.0550
254.4280,201.1357,110.3567,105.8339
262.1428,197.4136,110.1491,105.6348
264.7143,197.0414,109.9623,105.4557
260.4714,182.6041,109.6958,105.2001
260.0471,189.2604,109.9068,105.4024
269.9047,198.0260,109.6458,105.1521
276.2905,216.0026,109.4589,104.9729
279.6291,225.0003,109.1575,104.6839
271.8629,228.6000,109.0723,104.6021
255.7863,234.3600,109.1226,104.6504
223.5786,228.6360,109.1104,104.6386
211.3579,233.4636,108.8743,104.4123
202.0358,203.3464,109.3178,104.8376
199.3036,168.8346,109.5548,105.0648
206.2304,164.4835,109.4141,104.9300
218.6230,171.2484,109.2024,104.7269
231.5623,181.8248,109.1822,104.7075
240.0562,187.3825,109.1640,104.6900
245.4056,189.7383,109.0624,104.5926
268.4406,202.5738,109.4511,104.9654
284.2440,228.1574,109.3350,104.8541
282.2244,240.6157,108.8757,104.4136
281.1224,238.2616,108.7675,104.3098
272.0122,218.2262,108.8826,104.4202
263.9012,201.8226,108.9860,104.5194
240.5901,190.2823,108.7818,104.3236
221.1590,201.7282,108.7481,104.2912
212.0159,216.3728,109.2042,104.7286
230.0016,214.2373,109.0986,104.6274
242.6002,221.2237,111.3074,106.7456
260.9600,229.1224,110.8431,106.3003
274.4960,225.4122,110.5010,105.9722
272.2496,242.1412,110.5100,105.9809
269.3250,245.6141,110.1152,105.6023
267.2325,259.4614,109.6740,105.1792
267.9232,257.2462,109.2276,104.7511
271.5923,255.2246,109.0346,104.5659
280.0592,239.7225,108.9460,104.4809
271.9059,222.8723,108.6826,104.2284
265.6906,231.0872,108.5300,104.0820
251.5691,231.9087,108.3926,103.9503
249.2569,243.6909,108.2690,103.8317
246.3257,240.3691,108.1577,103.7250
242.4326,224.7369,108.1950,103.7607
243.8433,216.8737,107.8380,103.4184
244.8843,216.0874,107.7542,103.3380
243.1884,220.5087,107.6350,103.2237
252.9188,216.4509,107.4043,103.0025
261.9919,212.4451,107.2803,102.8836
279.0992,205.7445,107.0015,102.6162
282.6099,180.7744,108.0072,103.5807
289.2610,187.2775,107.8377,103.4182
276.4261,188.8277,107.4196,103.0171
280.5426,198.8828,107.2940,102.8967
260.2543,207.0883,107.2646,102.8685
244.7254,206.1088,107.0710,102.6828
218.8725,184.4109,107.2386,102.8435
218.9873,197.5411,107.1812,102.7885
227.0987,212.3541,107.7955,103.3776
238.7099,251.6354,108.2814,103.8437
269.5710,279.8635,107.8887,103.4670
305.9571,263.7863,109.5810,105.0900
303.2957,235.1786,109.5474,105.0578
305.7296,228.7179,109.4075,104.9236
294.2729,214.5718,108.8559,104.3945
282.3273,223.9572,108.4328,103.9888
242.4327,230.2957,108.3895,103.9473
217.7433,224.6296,107.9287,103.5054
233.2743,225.8630,108.1051,103.6746
278.9274,229.5863,107.8144,103.3957
305.0927,231.7586,107.2912,102.8940
326.6093,227.4759,107.1785,102.7859
327.8609,221.6476,106.9935,102.6085
335.1861,225.5648,106.7285,102.3543
339.5186,222.3565,106.5728,102.2051
349.8519,222.0356,106.4327,102.0707
342.7852,223.8036,106.3423,101.9839
325.8785,238.3804,106.1104,101.7616
300.7878,258.7380,105.6853,101.3539
287.4788,263.4738,105.2886,100.9735
305.0479,245.0474,105.1056,100.7980
311.3048,237.8047,105.0130,100.7092
320.9305,239.7805,105.3428,101.0255
341.6931,256.1780,105.2265,100.9139
350.0693,238.9178,106.3887,102.0285
341.9069,215.5918,108.4017,103.9590
298.7907,181.7592,108.7505,104.2934
281.8791,162.1759,108.2115,103.7766
287.3879,162.0176,108.0466,103.6185
278.9388,189.0018,107.3670,102.9667
273.5939,206.1002,107.1000,102.7106
245.1594,231.2100,106.8930,102.5121
224.3159,232.8210,106.3896,102.0294
219.5316,234.7821,106.0194,101.6743
221.7532,236.7782,105.6862,101.3548
229.1753,245.9778,105.6176,101.2890
239.8175,222.5978,105.4738,101.1511
250.7818,194.1598,106.5124,102.1471
236.5782,175.1160,106.2726,101.9171
230.6578,170.5116,105.7485,101.4145
224.6658,175.4512,105.5916,101.2640
212.3666,192.1451,105.4504,101.1286
187.7367,208.2145,105.0772,100.7708
183.4737,210.7215,104.7414,100.4487
178.5474,210.9721,104.5860,100.2997
174.4547,224.4972,104.2024,99.9318
181.2455,225.8497,104.1822,99.9124
202.6245,228.6850,104.0060,99.7434
229.0625,221.7685,103.8072,99.5527
259.6062,217.4769,103.8176,99.5628
287.8606,211.6477,103.5858,99.3404
303.2861,211.9648,103.4467,99.2071
308.4286,229.0965,103.0802,98.8555
287.3429,238.0096,102.8332,98.6187
248.3343,233.5010,102.9978,98.7765
217.4334,215.9501,102.6589,98.4516
183.7433,217.7950,102.4026,98.2058
166.8743,221.5795,102.2827,98.0908
197.5874,228.2579,102.4625,98.2632
232.1587,203.7258,102.1060,97.9213
242.8159,196.7726,102.0157,97.8347
256.4816,187.9773,101.8535,97.6792
283.9482,184.3977,102.2485,98.0580
308.2948,202.0398,101.9134,97.7366
323.3295,202.0040,101.7432,97.5733
325.7329,191.2004,101.6688,97.5021
295.3733,186.5200,101.8061,97.6337
267.1373,178.8520,101.8899,97.7141
226.5137,165.4852,101.6895,97.5219
240.4514,148.8485,102.9313,98.7128
274.2451,147.1848,102.6079,98.4026
291.1245,122.7185,102.6762,98.4682
290.1125,120.2719,102.2282,98.0385
295.4113,130.8272,102.1257,97.9402
299.5411,150.7827,102.8998,98.6826
305.3541,191.4783,103.6179,99.3712
302.3354,212.6478,103.2342,99.0033
301.1335,222.8648,102.7280,98.5178
301.0134,214.8865,102.5755,98.3715
296.5013,207.7887,102.1195,97.9342
285.2501,196.2789,101.7091,97.5407
283.2250,181.6279,101.1648,97.0186
289.3225,145.0628,101.3927,97.2373
283.6323,96.4063,101.3605,97.2063
293.8632,76.2406,101.0550,96.9134
316.4863,93.1241,101.7867,97.6151
328.6486,122.7124,102.1109,97.9260
320.8649,160.7712,101.9787,97.7992
300.2865,183.4771,101.8809,97.7054
285.6287,191.1477,101.7139,97.5452
278.7629,209.0148,101.3269,97.1741
275.3763,226.1015,101.1364,96.9914
262.4376,221.5101,100.6493,96.5243
264.7438,234.5510,100.5062,96.3871
275.7744,232.2551,100.3775,96.2636
282.2774,221.2255,100.2616,96.1525
291.0277,212.0226,100.0058,95.9072
297.3028,195.8023,100.7318,96.6034
310.5303,185.1802,100.6245,96.5005
312.7530,187.7180,100.3715,96.2579
330.9753,193.3718,100.3344,96.2222
334.5975,214.6372,100.2228,96.1152
312.4597,233.8637,100.2108,96.1037
289.5460,254.6864,100.0382,95.9382
271.9546,264.8687,99.9502,95.8538
259.3954,267.6869,99.7005,95.6143
252.7395,260.7687,99.6304,95.5471
242.1740,234.8769,100.8859,96.7512
236.6174,203.4877,101.5062,97.3460
246.8617,172.4488,101.6993,97.5312
272.1862,166.6449,101.6293,97.4641
282.8186,175.9645,101.5664,97.4038
300.0818,194.8965,101.2730,97.1224
322.5082,214.7896,101.1668,97.0206
338.2508,231.1790,100.9923,96.8532
346.1251,249.9179,100.8150,96.6831
334.3125,267.0918,100.6554,96.5301
330.4312,267.0092,100.5556,96.4344
293.1431,269.7009,100.5048,96.3857
257.0143,268.1701,100.6154,96.4917
221.0014,264.4170,100.2850,96.1749
217.4001,255.0417,100.1003,95.9977
210.7400,224.4042,101.0092,96.8694
219.9740,195.2404,101.5887,97.4251
235.2974,187.8240,101.2999,97.1481
259.3297,178.0824,101.5530,97.3909
285.1330,180.7082,101.7019,97.5337
294.9133,175.5708,101.5528,97.3907
309.3913,179.5571,101.4186,97.2620
314.4391,204.2557,101.2979,97.1462
320.3439,212.1256,101.1892,97.0420
313.7344,227.3126,101.0588,96.9170
278.8734,231.5312,101.4435,97.2859
238.4874,229.2531,101.6821,97.5147
197.5487,232.6253,101.7785,97.6072
172.7549,234.7625,101.6362,97.4707
188.2755,223.2762,101.5402,97.3786
223.1275,229.3276,101.8878,97.7120
245.5128,229.9328,101.5623,97.3998
249.5513,229.0933,101.4271,97.2702
278.7551,222.7093,102.5354,98.3330
333.8755,220.2709,101.7822,97.6107
364.5876,208.3271,101.7039,97.5356
345.1588,194.5327,102.2718,98.0802
290.1159,210.2533,102.2634,98.0722
224.3116,215.4253,102.0164,97.8353
171.8312,216.8425,101.6960,97.5280
164.7831,216.0843,101.5475,97.3856
182.9783,180.9084,102.4874,98.2870
213.5978,162.9908,103.3260,99.0912
215.7598,160.2991,102.8105,98.5969
218.6760,166.3299,102.3491,98.1544
225.2676,186.7330,102.9226,98.7044
230.4268,222.9733,102.8797,98.6633
230.0427,240.9973,102.0746,97.8911
227.3043,251.7997,101.6687,97.5018
232.4304,255.5800,101.2862,97.1350
241.0430,249.6580,101.1787,97.0319
214.9043,250.8658,100.8452,96.7121
214.9904,262.6866,100.7709,96.6409
236.5990,283.6687,100.7378,96.6091
259.4599,283.0669,100.3953,96.2807
256.3460,265.0067,100.2777,96.1679
263.2346,250.6007,101.8192,97.6462
275.6235,208.6601,101.8237,97.6505
263.3623,168.4660,102.6559,98.4486
241.4362,145.5466,102.3513,98.1565
236.5436,148.6547,101.9974,97.8171
230.6544,186.7655,102.1816,97.9938
218.3654,214.8765,102.5540,98.3509
230.6365,242.8876,102.4376,98.2392
229.1637,250.1888,102.3141,98.1208
230.8164,241.9189,102.2030,98.0143
241.7816,227.5919,101.9437,97.7656
243.7782,219.8592,101.7704,97.5994
247.5778,210.0859,101.6144,97.4498
269.5578,205.5086,101.3228,97.1702
274.4558,200.5509,101.2186,97.0702
262.3456,191.9551,100.8811,96.7466
275.5345,179.3955,100.7930,96.6621
285.8535,174.5396,100.4059,96.2908
285.0854,199.2540,100.8397,96.7069
277.8085,229.6254,100.9955,96.8563
266.2809,249.7625,100.5835,96.4611
276.8281,258.0763,100.3689,96.2553
287.7828,258.9076,100.2538,96.1450
273.5783,242.7908,99.7695,95.6805
270.3578,237.5791,99.3832,95.3100
279.0358,230.7579,99.2675,95.1991
278.1036,234.5758,98.8598,94.8081
268.1104,225.9576,98.6973,94.6522
269.8110,225.0958,98.3229,94.2932
253.7811,223.2096,98.0610,94.0420
245.8781,214.0210,97.9783,93.9627
233.3878,221.2021,97.8805,93.8689
234.8388,218.3202,97.6775,93.6743
255.6839,218.9320,97.5328,93.5355
286.5684,221.6932,97.3646,93.3742
277.9568,229.1693,97.1754,93.1927
256.3957,245.2169,97.1187,93.1384
248.8396,246.8217,96.8795,92.9090
249.8840,227.1822,96.9756,93.0011
264.3884,209.9182,96.8780,92.9075
265.8388,216.2918,96.7902,92.8233
272.2839,213.3292,96.7079,92.7444
279.2284,222.9329,96.5214,92.5655
276.3228,220.2933,96.3942,92.4436
274.2323,215.5293,96.3548,92.4058
273.1232,212.3529,96.1693,92.2279
269.4123,216.5353,96.1116,92.1725
268.1412,225.9535,96.0254,92.0899
263.5141,237.6954,96.0229,92.0874
270.2514,246.0695,95.8706,91.9414
273.6252,237.9070,95.7410,91.8171
277.5625,221.7907,96.0325,92.0967
275.2563,219.2791,96.0293,92.0936
266.0256,220.8279,96.0263,92.0908
255.2026,228.1828,95.9487,92.0163
263.1203,232.5183,95.9728,92.0394
266.6120,207.7518,96.1088,92.1698
267.8612,207.9752,96.0979,92.1594
273.3861,209.7975,96.0848,92.1468
273.0386,225.2798,95.8481,91.9199
263.1039,238.5280,95.7208,91.7978
266.6104,237.1528,95.5745,91.6575
268.7610,237.9153,95.5171,91.6024
256.3761,229.8915,95.4654,91.5528
253.3376,229.0892,95.6360,91.7164
250.3338,238.9089,95.4982,91.5842
245.5334,247.9909,95.3688,91.4601
253.1533,248.8991,95.2523,91.3484
250.3153,242.6899,95.2587,91.3545
251.8315,240.2690,95.2274,91.3245
239.3831,241.8269,95.3106,91.4043
243.5383,245.5827,95.1999,91.2982
248.4538,257.6583,95.1057,91.2079
245.3454,261.5658,95.0155,91.1214
242.3345,263.7566,95.0140,91.1199
239.3335,262.1757,95.0072,91.1134
243.5333,255.7176,94.8580,90.9703
234.0533,246.0718,94.7646,90.8808
233.1053,223.5072,95.2675,91.3630
235.7105,224.8507,95.2354,91.3322
228.7711,219.5851,95.2119,91.3096
238.8771,225.3585,95.2223,91.3196
247.9877,221.4359,95.2688,91.3642
253.3988,216.5436,95.0935,91.1961
254.8399,210.6544,95.1528,91.2530
259.4840,219.9654,95.1265,91.2277
260.8484,227.1965,95.0343,91.1393
261.8848,239.6197,94.9566,91.0649
260.1885,240.8620,94.8610,90.9731
252.8188,237.3862,94.8040,90.9185
268.2819,228.0386,94.9730,91.0805
261.7282,226.2039,94.8757,90.9872
263.7728,234.1204,94.6412,90.7624
259.4773,233.1120,94.6428,90.7639
246.4477,233.9112,94.5786,90.7023
255.0448,235.7911,94.6601,90.7805
254.1045,235.9791,94.6232,90.7451
245.9104,238.6979,94.5167,90.6430
234.2910,250.6698,94.4650,90.5935
233.1291,250.9670,94.4476,90.5768
240.2129,250.9967,94.5056,90.6324
268.8213,250.9997,94.5949,90.7179
283.3821,226.7000,94.7113,90.8296
265.0382,236.8700,94.8896,91.0006
246.1038,248.6870,94.7325,90.8499
264.0104,257.9687,95.4229,91.5120
282.9010,254.3969,95.2641,91.3597
273.0901,231.5397,95.3064,91.4003
261.3090,222.0540,95.6043,91.6861
242.1309,223.8054,95.5385,91.6229
235.7131,225.7805,95.4104,91.5001
237.7713,222.3781,95.3694,91.4607
238.8771,223.8378,95.3270,91.4201
236.2877,224.8838,95.1458,91.2463
232.4288,224.9884,95.1629,91.2627
230.2429,228.5988,95.1043,91.2065
233.6243,250.5599,95.0514,91.1558
246.5624,245.5560,96.2655,92.3201
296.4562,255.8556,95.6325,91.7131
314.9456,239.7856,95.8238,91.8966
285.2946,240.8786,96.8496,92.8802
242.7295,263.4879,96.2367,92.2924
224.9729,260.3488,95.9473,92.0149
216.8973,269.9349,95.7478,91.8236
244.8897,256.4935,95.9276,91.9960
253.9890,250.6494,95.8296,91.9021
244.0989,257.2649,95.8526,91.9241
233.2099,258.8265,95.8362,91.9084
218.6210,263.4826,95.6360,91.7165
225.2621,270.2483,95.4930,91.5793
237.6262,271.8248,95.4385,91.5270
236.1626,261.1825,95.2039,91.3020
244.1163,264.6183,95.0670,91.1707
239.5116,255.9618,94.9437,91.0525
229.1512,251.4962,94.6337,90.7552
251.5151,234.8496,94.3797,90.5116
242.0515,225.0850,94.3341,90.4679
242.9052,218.7085,94.1099,90.2528
242.0905,218.9709,93.8346,89.9889
246.5090,210.8971,93.9594,90.1085
247.8509,228.0897,93.5379,89.7043
237.1851,255.0090,93.7285,89.8871
227.1185,282.0009,93.5012,89.6691
230.6118,286.5001,93.1875,89.3683
239.9612,272.5500,93.5586,89.7241
248.0961,236.9550,93.6022,89.7660
252.5096,228.8955,93.3513,89.5253
265.5510,201.9895,93.3066,89.4825
247.9551,201.0990,93.1939,89.3744
240.7955,181.2099,93.3827,89.5555
250.8795,163.9210,93.4442,89.6144
247.3880,160.3921,93.3176,89.4930
253.3388,169.0392,93.1314,89.3145
271.0339,176.2039,92.7825,88.9799
279.1034,208.4204,93.0877,89.2725
278.1104,233.2420,92.9609,89.1509
282.5110,245.6242,92.5415,88.7487
278.4511,217.1624,93.1210,89.3045
272.6451,200.8162,93.0268,89.2141
286.4645,201.8816,93.2692,89.4467
313.9464,210.0882,92.9791,89.1684
311.2946,207.3088,92.8812,89.0745
304.7295,218.7309,92.7229,88.9227
298.6729,218.9731,92.5069,88.7156
291.7673,233.3973,92.3843,88.5980
291.9767,247.4397,92.2740,88.4922
306.3977,268.6440,92.0917,88.3173
311.4398,274.3644,91.9632,88.1941
298.4440,272.2365,91.7968,88.0345
288.1444,251.3236,92.2193,88.4398
293.4144,233.0324,92.7959,88.9927
291.2415,207.8032,92.9203,89.1121
286.5241,200.7803,92.7564,88.9549
292.3524,207.2780,92.5370,88.7445
292.0352,216.9278,92.4833,88.6930
307.3035,224.1928,92.4594,88.6700
307.0304,224.9193,92.2940,88.5114
297.1030,243.8919,92.2646,88.4832
292.5103,240.3892,92.0944,88.3200
288.4510,247.2389,92.0850,88.3109
291.6451,248.8239,92.0765,88.3028
294.6645,222.8824,92.3080,88.5248
295.8665,217.5882,92.1334,88.3574
295.0866,205.3588,92.0366,88.2645
290.5087,202.3359,91.9495,88.1810
297.2509,198.4336,91.8191,88.0560
308.7251,200.7434,91.7729,88.0116
318.8725,216.2743,91.9815,88.2117
328.8872,231.3274,91.9922,88.2220
307.3887,247.2327,92.6775,88.8792
277.3389,256.9233,93.0291,89.2163
261.7339,255.1923,93.0262,89.2135
249.3734,238.8192,93.9930,90.1408
231.0373,206.5819,95.1824,91.2814
223.8037,191.6582,95.9741,92.0406
243.7804,175.7658,96.5901,92.6315
252.9780,179.5766,96.8277,92.8593
271.8978,198.8577,96.5950,92.6361
273.7898,207.0858,96.4605,92.5071
279.3790,201.6086,96.2644,92.3191
289.8379,209.1609,96.1630,92.2218
282.7838,218.9161,95.6967,91.7746
286.5784,212.6916,95.5528,91.6366
287.8578,211.1692,95.3491,91.4413
