0.000153,0.000164,0.000148,0,0,0,0,0,0,0,0,0,0,0,0
5.1063,5.1949,5.9567,0,0,0,0,0,0,0,0,0,0,0,0
0.042556,0.027902,0.025104,0,0,0,0,0,0,0,0,0,0,0,0
0.039834,0.03229,0.025863,0,0,0,0,0,0,0,0,0,0,0,0
0.026387,0.027968,0.028355,0,0,0,0,0,0,0,0,0,0,0,0
0.034696,0.030979,0.028662,0,0,0,0,0,0,0,0,0,0,0,0
0.035819,0.032709,0.027702,0,0,0,0,0,0,0,0,0,0,0,0
0.033642,0.030259,0.028162,0,0,0,0,0,0,0,0,0,0,0,0
0.037118,0.031962,0.030199,0,0,0,0,0,0,0,0,0,0,0,0
0.028516,0.02992,0.032689,0,0,0,0,0,0,0,0,0,0,0,0
0.025029,0.034429,0.031439,0,0,0,0,0,0,0,0,0,0,0,0
0.025175,0.046386,0.027335,0,0,0,0,0,0,0,0,0,0,0,0
0.024793,0.032912,0.025222,0,0,0,0,0,0,0,0,0,0,0,0
0.028172,0.032697,0.033641,0,0,0,0,0,0,0,0,0,0,0,0
0.039195,0.03378,0.02924,0,0,0,0,0,0,0,0,0,0,0,0
0.029141,0.031893,0.029415,0,0,0,0,0,0,0,0,0,0,0,0
0.031176,0.028673,0.036783,0,0,0,0,0,0,0,0,0,0,0,0
0.024972,0.032695,0.033487,0,0,0,0,0,0,0,0,0,0,0,0
0.028126,0.028535,0.031511,0,0,0,0,0,0,0,0,0,0,0,0
0.030771,0.027698,0.029623,0,0,0,0,0,0,0,0,0,0,0,0
0.030131,0.029423,0.035558,0,0,0,0,0,0,0,0,0,0,0,0
0.032932,0.027833,0.03093,0,0,0,0,0,0,0,0,0,0,0,0
0.034032,0.029741,0.034143,0,0,0,0,0,0,0,0,0,0,0,0
0.033318,0.0343,0.032458,0,0,0,0,0,0,0,0,0,0,0,0
0.030761,0.02492,0.028037,0,0,0,0,0,0,0,0,0,0,0,0
0.029144,0.024619,0.030033,0,0,0,0,0,0,0,0,0,0,0,0
0.030245,0.024735,0.024525,0,0,0,0,0,0,0,0,0,0,0,0
0.033309,0.027528,0.025323,0,0,0,0,0,0,0,0,0,0,0,0
0.02675,0.032173,0.028758,0,0,0,0,0,0,0,0,0,0,0,0
0.024985,0.028819,0.029341,0,0,0,0,0,0,0,0,0,0,0,0
0.026328,0.024954,0.027079,0,0,0,0,0,0,0,0,0,0,0,0
0.036874,0.028662,0.030745,0,0,0,0,0,0,0,0,0,0,0,0
0.036899,0.026918,0.032979,0,0,0,0,0,0,0,0,0,0,0,0
0.031227,0.040209,0.02651,0,0,0,0,0,0,0,0,0,0,0,0
0.034094,0.031435,0.029737,0,0,0,0,0,0,0,0,0,0,0,0
0.028939,0.029563,0.02455,0,0,0,0,0,0,0,0,0,0,0,0
0.042479,0.031311,0.027272,0,0,0,0,0,0,0,0,0,0,0,0
0.035957,0.03263,0.029748,0,0,0,0,0,0,0,0,0,0,0,0
0.035075,0.028988,0.033945,0,0,0,0,0,0,0,0,0,0,0,0
0.032041,0.027914,0.032242,0,0,0,0,0,0,0,0,0,0,0,0
0.036998,0.02663,0.031405,0,0,0,0,0,0,0,0,0,0,0,0
0.028958,0.025737,0.027315,0,0,0,0,0,0,0,0,0,0,0,0
0.02787,0.032118,0.033741,0,0,0,0,0,0,0,0,0,0,0,0
0.024662,0.028822,0.029094,0,0,0,0,0,0,0,0,0,0,0,0
0.029832,0.027264,0.030364,0,0,0,0,0,0,0,0,0,0,0,0
0.031595,0.02678,0.029019,0,0,0,0,0,0,0,0,0,0,0,0
0.032873,0.02757,0.031353,0,0,0,0,0,0,0,0,0,0,0,0
0.027766,0.03298,0.034006,0,0,0,0,0,0,0,0,0,0,0,0
0.030692,0.032342,0.028529,0,0,0,0,0,0,0,0,0,0,0,0
0.027692,0.031868,0.024683,0,0,0,0,0,0,0,0,0,0,0,0
0.030509,0.028189,0.03161,0,0,0,0,0,0,0,0,0,0,0,0
0.036298,0.028319,0.038374,0,0,0,0,0,0,0,0,0,0,0,0
0.03051,0.029291,0.039404,0,0,0,0,0,0,0,0,0,0,0,0
0.028684,0.027618,0.031408,0,0,0,0,0,0,0,0,0,0,0,0
0.029857,0.02502,0.030546,0,0,0,0,0,0,0,0,0,0,0,0
0.030841,0.031757,0.032147,0,0,0,0,0,0,0,0,0,0,0,0
0.032715,0.030543,0.03012,0,0,0,0,0,0,0,0,0,0,0,0
0.028549,0.034365,0.028103,0,0,0,0,0,0,0,0,0,0,0,0
0.029227,0.029101,0.031304,0,0,0,0,0,0,0,0,0,0,0,0
0.028163,0.02742,0.029981,0,0,0,0,0,0,0,0,0,0,0,0
0.030411,0.033615,0.028774,0,0,0,0,0,0,0,0,0,0,0,0
0.025165,0.025495,0.02504,0,0,0,0,0,0,0,0,0,0,0,0
0.027371,0.026466,0.025045,0,0,0,0,0,0,0,0,0,0,0,0
0.031575,0.028492,0.024737,0,0,0,0,0,0,0,0,0,0,0,0
0.029244,0.035199,0.026642,0,0,0,0,0,0,0,0,0,0,0,0
0.033148,0.025556,0.031055,0,0,0,0,0,0,0,0,0,0,0,0
0.030068,0.025448,0.026181,0,0,0,0,0,0,0,0,0,0,0,0
0.037765,0.028096,0.033124,0,0,0,0,0,0,0,0,0,0,0,0
0.025396,0.031008,0.028339,0,0,0,0,0,0,0,0,0,0,0,0
0.027017,0.029572,0.03591,0,0,0,0,0,0,0,0,0,0,0,0
0.033586,0.032577,0.041474,0,0,0,0,0,0,0,0,0,0,0,0
0.032104,0.035385,0.032987,0,0,0,0,0,0,0,0,0,0,0,0
0.028236,0.037851,0.03581,0,0,0,0,0,0,0,0,0,0,0,0
0.032145,0.035262,0.027987,0,0,0,0,0,0,0,0,0,0,0,0
0.033099,0.02868,0.029177,0,0,0,0,0,0,0,0,0,0,0,0
0.036006,0.027039,0.028381,0,0,0,0,0,0,0,0,0,0,0,0
0.02829,0.02805,0.026674,0,0,0,0,0,0,0,0,0,0,0,0
0.031536,0.026941,0.029797,0,0,0,0,0,0,0,0,0,0,0,0
0.028467,0.027278,0.032348,0,0,0,0,0,0,0,0,0,0,0,0
0.025992,0.027862,0.028851,0,0,0,0,0,0,0,0,0,0,0,0
0.030349,0.030294,0.030707,0,0,0,0,0,0,0,0,0,0,0,0
0.033475,0.027526,0.024995,0,0,0,0,0,0,0,0,0,0,0,0
0.031197,0.025068,0.024551,0,0,0,0,0,0,0,0,0,0,0,0
0.031163,0.027076,0.027744,0,0,0,0,0,0,0,0,0,0,0,0
0.034273,0.027078,0.032331,0,0,0,0,0,0,0,0,0,0,0,0
0.030963,0.031711,0.031438,0,0,0,0,0,0,0,0,0,0,0,0
0.028353,0.024906,0.032016,0,0,0,0,0,0,0,0,0,0,0,0
0.035198,0.024731,0.030026,0,0,0,0,0,0,0,0,0,0,0,0
0.024854,0.02478,0.027253,0,0,0,0,0,0,0,0,0,0,0,0
0.024985,0.024842,0.028286,0,0,0,0,0,0,0,0,0,0,0,0
0.037144,0.024588,0.024959,0,0,0,0,0,0,0,0,0,0,0,0
0.028862,0.024731,0.025979,0,0,0,0,0,0,0,0,0,0,0,0
0.032794,0.024966,0.027448,0,0,0,0,0,0,0,0,0,0,0,0
0.039584,0.024976,0.026436,0,0,0,0,0,0,0,0,0,0,0,0
0.027387,0.024937,0.024675,0,0,0,0,0,0,0,0,0,0,0,0
0.026245,0.026038,0.031442,0,0,0,0,0,0,0,0,0,0,0,0
0.0344,0.027838,0.030262,0,0,0,0,0,0,0,0,0,0,0,0
0.027283,0.025146,0.028422,0,0,0,0,0,0,0,0,0,0,0,0
0.027322,0.024613,0.029014,0,0,0,0,0,0,0,0,0,0,0,0
0.026092,0.031053,0.028542,0,0,0,0,0,0,0,0,0,0,0,0
0.026742,0.031924,0.025695,0,0,0,0,0,0,0,0,0,0,0,0
0.029381,0.033202,0.027242,0,0,0,0,0,0,0,0,0,0,0,0
0.034003,0.036989,0.030817,0,0,0,0,0,0,0,0,0,0,0,0
0.027934,0.028055,0.034213,0,0,0,0,0,0,0,0,0,0,0,0
0.031209,0.031201,0.035041,0,0,0,0,0,0,0,0,0,0,0,0
0.029344,0.029295,0.029684,0,0,0,0,0,0,0,0,0,0,0,0
0.029188,0.035547,0.033678,0,0,0,0,0,0,0,0,0,0,0,0
0.028555,0.032964,0.029238,0,0,0,0,0,0,0,0,0,0,0,0
0.039841,0.031774,0.028085,0,0,0,0,0,0,0,0,0,0,0,0
0.030037,0.027896,0.029232,0,0,0,0,0,0,0,0,0,0,0,0
0.025642,0.028975,0.028105,0,0,0,0,0,0,0,0,0,0,0,0
0.025805,0.028323,0.026707,0,0,0,0,0,0,0,0,0,0,0,0
0.027721,0.025872,0.027301,0,0,0,0,0,0,0,0,0,0,0,0
0.027115,0.026601,0.028993,0,0,0,0,0,0,0,0,0,0,0,0
0.040176,0.033721,0.027968,0,0,0,0,0,0,0,0,0,0,0,0
0.028284,0.032459,0.024581,0,0,0,0,0,0,0,0,0,0,0,0
0.027372,0.032612,0.024827,0,0,0,0,0,0,0,0,0,0,0,0
0.036453,0.034061,0.024809,0,0,0,0,0,0,0,0,0,0,0,0
0.029111,0.026992,0.029978,0,0,0,0,0,0,0,0,0,0,0,0
0.032719,0.024977,0.030812,0,0,0,0,0,0,0,0,0,0,0,0
0.031469,0.029127,0.025528,0,0,0,0,0,0,0,0,0,0,0,0
0.029301,0.033339,0.027159,0,0,0,0,0,0,0,0,0,0,0,0
0.024812,0.031297,0.024374,0,0,0,0,0,0,0,0,0,0,0,0
0.032916,0.029439,0.024779,0,0,0,0,0,0,0,0,0,0,0,0
0.032579,0.040666,0.025158,0,0,0,0,0,0,0,0,0,0,0,0
0.030434,0.030143,0.032818,0,0,0,0,0,0,0,0,0,0,0,0
0.025336,0.029006,0.028023,0,0,0,0,0,0,0,0,0,0,0,0
0.026112,0.031491,0.028304,0,0,0,0,0,0,0,0,0,0,0,0
0.026493,0.029123,0.038619,0,0,0,0,0,0,0,0,0,0,0,0
0.031458,0.026913,0.03327,0,0,0,0,0,0,0,0,0,0,0,0
0.038669,0.027297,0.029696,0,0,0,0,0,0,0,0,0,0,0,0
0.032189,0.027328,0.03029,0,0,0,0,0,0,0,0,0,0,0,0
0.032359,0.029263,0.03019,0,0,0,0,0,0,0,0,0,0,0,0
0.032081,0.033708,0.027569,0,0,0,0,0,0,0,0,0,0,0,0
0.029977,0.028995,0.034336,0,0,0,0,0,0,0,0,0,0,0,0
0.028258,0.031505,0.029948,0,0,0,0,0,0,0,0,0,0,0,0
0.025021,0.026913,0.030159,0,0,0,0,0,0,0,0,0,0,0,0
0.026804,0.025857,0.028993,0,0,0,0,0,0,0,0,0,0,0,0
0.0249,0.024746,0.027462,0,0,0,0,0,0,0,0,0,0,0,0
0.039647,0.026834,0.030847,0,0,0,0,0,0,0,0,0,0,0,0
0.036023,0.033996,0.032882,0,0,0,0,0,0,0,0,0,0,0,0
0.032339,0.028876,0.029676,0,0,0,0,0,0,0,0,0,0,0,0
0.029875,0.038439,0.028585,0,0,0,0,0,0,0,0,0,0,0,0
0.029719,0.028306,0.027537,0,0,0,0,0,0,0,0,0,0,0,0
0.026935,0.035931,0.029615,0,0,0,0,0,0,0,0,0,0,0,0
0.025105,0.029255,0.031355,0,0,0,0,0,0,0,0,0,0,0,0
0.031668,0.039628,0.039829,0,0,0,0,0,0,0,0,0,0,0,0
0.032756,0.029861,0.03549,0,0,0,0,0,0,0,0,0,0,0,0
0.034803,0.035842,0.028138,0,0,0,0,0,0,0,0,0,0,0,0
0.031166,0.030806,0.027985,0,0,0,0,0,0,0,0,0,0,0,0
0.028122,0.027848,0.024992,0,0,0,0,0,0,0,0,0,0,0,0
0.025429,0.024932,0.024785,0,0,0,0,0,0,0,0,0,0,0,0
0.033117,0.024689,0.024592,0,0,0,0,0,0,0,0,0,0,0,0
0.029458,0.02623,0.029834,0,0,0,0,0,0,0,0,0,0,0,0
0.030591,0.027356,0.031597,0,0,0,0,0,0,0,0,0,0,0,0
0.034781,0.030926,0.029669,0,0,0,0,0,0,0,0,0,0,0,0
0.032518,0.024672,0.031312,0,0,0,0,0,0,0,0,0,0,0,0
0.026179,0.024777,0.031625,0,0,0,0,0,0,0,0,0,0,0,0
0.029986,0.030575,0.028405,0,0,0,0,0,0,0,0,0,0,0,0
0.029709,0.029432,0.031857,0,0,0,0,0,0,0,0,0,0,0,0
0.028101,0.032078,0.02833,0,0,0,0,0,0,0,0,0,0,0,0
0.030795,0.028993,0.027171,0,0,0,0,0,0,0,0,0,0,0,0
0.026653,0.032039,0.028776,0,0,0,0,0,0,0,0,0,0,0,0
0.02991,0.03096,0.037216,0,0,0,0,0,0,0,0,0,0,0,0
0.028132,0.029391,0.030097,0,0,0,0,0,0,0,0,0,0,0,0
0.028246,0.025515,0.027294,0,0,0,0,0,0,0,0,0,0,0,0
0.028225,0.028413,0.029719,0,0,0,0,0,0,0,0,0,0,0,0
0.032921,0.028594,0.029747,0,0,0,0,0,0,0,0,0,0,0,0
0.036523,0.024795,0.027799,0,0,0,0,0,0,0,0,0,0,0,0
0.026861,0.025103,0.034097,0,0,0,0,0,0,0,0,0,0,0,0
0.028898,0.024901,0.033098,0,0,0,0,0,0,0,0,0,0,0,0
0.031686,0.025158,0.032262,0,0,0,0,0,0,0,0,0,0,0,0
0.034624,0.024916,0.028895,0,0,0,0,0,0,0,0,0,0,0,0
0.031948,0.025847,0.028996,0,0,0,0,0,0,0,0,0,0,0,0
0.033608,0.029051,0.026426,0,0,0,0,0,0,0,0,0,0,0,0
0.035066,0.030071,0.024798,0,0,0,0,0,0,0,0,0,0,0,0
0.03111,0.03332,0.024944,0,0,0,0,0,0,0,0,0,0,0,0
0.031046,0.030081,0.024503,0,0,0,0,0,0,0,0,0,0,0,0
0.028181,0.036266,0.024545,0,0,0,0,0,0,0,0,0,0,0,0
0.032642,0.035906,0.024662,0,0,0,0,0,0,0,0,0,0,0,0
0.032855,0.033385,0.024995,0,0,0,0,0,0,0,0,0,0,0,0
0.035004,0.032663,0.024761,0,0,0,0,0,0,0,0,0,0,0,0
0.032549,0.031924,0.027357,0,0,0,0,0,0,0,0,0,0,0,0
0.035672,0.032521,0.032979,0,0,0,0,0,0,0,0,0,0,0,0
0.030064,0.02966,0.028556,0,0,0,0,0,0,0,0,0,0,0,0
0.028241,0.030198,0.024888,0,0,0,0,0,0,0,0,0,0,0,0
0.030954,0.030267,0.024842,0,0,0,0,0,0,0,0,0,0,0,0
0.030767,0.029337,0.024772,0,0,0,0,0,0,0,0,0,0,0,0
0.035223,0.026158,0.027289,0,0,0,0,0,0,0,0,0,0,0,0
0.037349,0.030732,0.029899,0,0,0,0,0,0,0,0,0,0,0,0
0.028554,0.025243,0.026965,0,0,0,0,0,0,0,0,0,0,0,0
0.026248,0.024608,0.031932,0,0,0,0,0,0,0,0,0,0,0,0
0.027548,0.024739,0.028079,0,0,0,0,0,0,0,0,0,0,0,0
0.025929,0.026777,0.032383,0,0,0,0,0,0,0,0,0,0,0,0
0.029028,0.024629,0.029489,0,0,0,0,0,0,0,0,0,0,0,0
0.03283,0.033604,0.036288,0,0,0,0,0,0,0,0,0,0,0,0
0.026483,0.03031,0.03304,0,0,0,0,0,0,0,0,0,0,0,0
0.0347,0.032331,0.030086,0,0,0,0,0,0,0,0,0,0,0,0
0.027328,0.034751,0.033869,0,0,0,0,0,0,0,0,0,0,0,0
0.024866,0.030242,0.030404,0,0,0,0,0,0,0,0,0,0,0,0
0.028221,0.030987,0.028332,0,0,0,0,0,0,0,0,0,0,0,0
0.028382,0.029093,0.034231,0,0,0,0,0,0,0,0,0,0,0,0
0.033117,0.029368,0.032654,0,0,0,0,0,0,0,0,0,0,0,0
0.028108,0.031621,0.029309,0,0,0,0,0,0,0,0,0,0,0,0
0.025321,0.028737,0.030591,0,0,0,0,0,0,0,0,0,0,0,0
0.028433,0.02655,0.031473,0,0,0,0,0,0,0,0,0,0,0,0
0.035186,0.027226,0.025885,0,0,0,0,0,0,0,0,0,0,0,0
0.031634,0.024969,0.035787,0,0,0,0,0,0,0,0,0,0,0,0
0.028193,0.027239,0.034835,0,0,0,0,0,0,0,0,0,0,0,0
0.028181,0.031065,0.034731,0,0,0,0,0,0,0,0,0,0,0,0
0.030053,0.031634,0.03294,0,0,0,0,0,0,0,0,0,0,0,0
0.031119,0.024922,0.030091,0,0,0,0,0,0,0,0,0,0,0,0
0.02988,0.031008,0.036279,0,0,0,0,0,0,0,0,0,0,0,0
0.030792,0.027257,0.029481,0,0,0,0,0,0,0,0,0,0,0,0
0.035932,0.032345,0.028498,0,0,0,0,0,0,0,0,0,0,0,0
0.027872,0.036782,0.024614,0,0,0,0,0,0,0,0,0,0,0,0
0.032708,0.039708,0.031255,0,0,0,0,0,0,0,0,0,0,0,0
0.034229,0.02787,0.02639,0,0,0,0,0,0,0,0,0,0,0,0
0.029723,0.030028,0.031748,0,0,0,0,0,0,0,0,0,0,0,0
0.02486,0.029746,0.030028,0,0,0,0,0,0,0,0,0,0,0,0
0.0261,0.026928,0.026707,0,0,0,0,0,0,0,0,0,0,0,0
0.025481,0.026737,0.034048,0,0,0,0,0,0,0,0,0,0,0,0
0.024561,0.024766,0.031851,0,0,0,0,0,0,0,0,0,0,0,0
0.025166,0.026852,0.031398,0,0,0,0,0,0,0,0,0,0,0,0
0.029265,0.031613,0.033812,0,0,0,0,0,0,0,0,0,0,0,0
0.027189,0.031643,0.02501,0,0,0,0,0,0,0,0,0,0,0,0
0.026951,0.034452,0.025157,0,0,0,0,0,0,0,0,0,0,0,0
0.028341,0.031611,0.026103,0,0,0,0,0,0,0,0,0,0,0,0
0.034026,0.030206,0.027364,0,0,0,0,0,0,0,0,0,0,0,0
0.028722,0.028371,0.027711,0,0,0,0,0,0,0,0,0,0,0,0
0.03161,0.024743,0.026951,0,0,0,0,0,0,0,0,0,0,0,0
0.029238,0.026077,0.024698,0,0,0,0,0,0,0,0,0,0,0,0
0.028259,0.030708,0.024579,0,0,0,0,0,0,0,0,0,0,0,0
0.031373,0.031609,0.024378,0,0,0,0,0,0,0,0,0,0,0,0
0.026618,0.026933,0.028237,0,0,0,0,0,0,0,0,0,0,0,0
0.024678,0.024572,0.026598,0,0,0,0,0,0,0,0,0,0,0,0
0.028808,0.02484,0.034232,0,0,0,0,0,0,0,0,0,0,0,0
0.033377,0.024882,0.03024,0,0,0,0,0,0,0,0,0,0,0,0
0.028515,0.030293,0.033881,0,0,0,0,0,0,0,0,0,0,0,0
0.03637,0.027818,0.028647,0,0,0,0,0,0,0,0,0,0,0,0
0.033477,0.026151,0.026107,0,0,0,0,0,0,0,0,0,0,0,0
0.034793,0.03304,0.025576,0,0,0,0,0,0,0,0,0,0,0,0
0.043384,0.031481,0.031267,0,0,0,0,0,0,0,0,0,0,0,0
0.029193,0.029598,0.033185,0,0,0,0,0,0,0,0,0,0,0,0
0.026848,0.032758,0.031724,0,0,0,0,0,0,0,0,0,0,0,0
0.030018,0.028933,0.02538,0,0,0,0,0,0,0,0,0,0,0,0
0.027373,0.028422,0.02861,0,0,0,0,0,0,0,0,0,0,0,0
0.036207,0.028297,0.03651,0,0,0,0,0,0,0,0,0,0,0,0
0.028717,0.033793,0.030256,0,0,0,0,0,0,0,0,0,0,0,0
0.033816,0.027962,0.033798,0,0,0,0,0,0,0,0,0,0,0,0
0.036226,0.032651,0.031334,0,0,0,0,0,0,0,0,0,0,0,0
0.033031,0.028189,0.034082,0,0,0,0,0,0,0,0,0,0,0,0
0.045923,0.026538,0.030391,0,0,0,0,0,0,0,0,0,0,0,0
0.025282,0.026461,0.026623,0,0,0,0,0,0,0,0,0,0,0,0
0.037848,0.030294,0.025995,0,0,0,0,0,0,0,0,0,0,0,0
0.040834,0.024517,0.029016,0,0,0,0,0,0,0,0,0,0,0,0
0.028431,0.024828,0.031012,0,0,0,0,0,0,0,0,0,0,0,0
0.026898,0.024725,0.029397,0,0,0,0,0,0,0,0,0,0,0,0
0.02989,0.02481,0.028387,0,0,0,0,0,0,0,0,0,0,0,0
0.038479,0.029667,0.030088,0,0,0,0,0,0,0,0,0,0,0,0
0.036324,0.032014,0.029637,0,0,0,0,0,0,0,0,0,0,0,0
0.03369,0.030074,0.02929,0,0,0,0,0,0,0,0,0,0,0,0
0.035182,0.033283,0.028339,0,0,0,0,0,0,0,0,0,0,0,0
0.031322,0.028314,0.032464,0,0,0,0,0,0,0,0,0,0,0,0
0.033302,0.027193,0.033861,0,0,0,0,0,0,0,0,0,0,0,0
0.036335,0.028108,0.030335,0,0,0,0,0,0,0,0,0,0,0,0
0.029963,0.029029,0.030909,0,0,0,0,0,0,0,0,0,0,0,0
0.031717,0.030512,0.034721,0,0,0,0,0,0,0,0,0,0,0,0
0.031137,0.02843,0.031135,0,0,0,0,0,0,0,0,0,0,0,0
0.027717,0.030463,0.028347,0,0,0,0,0,0,0,0,0,0,0,0
0.026882,0.027401,0.027936,0,0,0,0,0,0,0,0,0,0,0,0
0.027163,0.032223,0.025041,0,0,0,0,0,0,0,0,0,0,0,0
0.028065,0.034182,0.035785,0,0,0,0,0,0,0,0,0,0,0,0
0.02577,0.03185,0.028863,0,0,0,0,0,0,0,0,0,0,0,0
0.033077,0.02708,0.033928,0,0,0,0,0,0,0,0,0,0,0,0
0.029687,0.035208,0.031548,0,0,0,0,0,0,0,0,0,0,0,0
0.029194,0.027904,0.027048,0,0,0,0,0,0,0,0,0,0,0,0
0.029904,0.025966,0.02786,0,0,0,0,0,0,0,0,0,0,0,0
0.034859,0.030891,0.034149,0,0,0,0,0,0,0,0,0,0,0,0
0.027061,0.031347,0.025352,0,0,0,0,0,0,0,0,0,0,0,0
0.029957,0.031846,0.025063,0,0,0,0,0,0,0,0,0,0,0,0
0.027788,0.035199,0.025678,0,0,0,0,0,0,0,0,0,0,0,0
0.030747,0.029457,0.025605,0,0,0,0,0,0,0,0,0,0,0,0
0.026978,0.027455,0.027345,0,0,0,0,0,0,0,0,0,0,0,0
0.031206,0.025069,0.035384,0,0,0,0,0,0,0,0,0,0,0,0
0.035627,0.02811,0.031937,0,0,0,0,0,0,0,0,0,0,0,0
0.029438,0.033763,0.028583,0,0,0,0,0,0,0,0,0,0,0,0
0.03656,0.024883,0.025085,0,0,0,0,0,0,0,0,0,0,0,0
0.028771,0.02486,0.029708,0,0,0,0,0,0,0,0,0,0,0,0
0.027489,0.025225,0.027422,0,0,0,0,0,0,0,0,0,0,0,0
0.030312,0.024916,0.0244,0,0,0,0,0,0,0,0,0,0,0,0
0.036361,0.024895,0.024749,0,0,0,0,0,0,0,0,0,0,0,0
0.033227,0.029135,0.028256,0,0,0,0,0,0,0,0,0,0,0,0
0.037025,0.026913,0.03371,0,0,0,0,0,0,0,0,0,0,0,0
0.029399,0.033583,0.033726,0,0,0,0,0,0,0,0,0,0,0,0
0.036204,0.029629,0.035475,0,0,0,0,0,0,0,0,0,0,0,0
0.033862,0.032008,0.029496,0,0,0,0,0,0,0,0,0,0,0,0
0.030225,0.026487,0.027417,0,0,0,0,0,0,0,0,0,0,0,0
0.037667,0.024886,0.024692,0,0,0,0,0,0,0,0,0,0,0,0
0.034364,0.024872,0.02665,0,0,0,0,0,0,0,0,0,0,0,0
0.02866,0.02664,0.029144,0,0,0,0,0,0,0,0,0,0,0,0
0.024758,0.029715,0.037585,0,0,0,0,0,0,0,0,0,0,0,0
0.029545,0.024869,0.03184,0,0,0,0,0,0,0,0,0,0,0,0
0.034646,0.02491,0.033623,0,0,0,0,0,0,0,0,0,0,0,0
0.030276,0.025035,0.033632,0,0,0,0,0,0,0,0,0,0,0,0
0.030567,0.025287,0.028234,0,0,0,0,0,0,0,0,0,0,0,0
0.030214,0.024433,0.031796,0,0,0,0,0,0,0,0,0,0,0,0
0.035104,0.025192,0.02746,0,0,0,0,0,0,0,0,0,0,0,0
0.02481,0.027001,0.029107,0,0,0,0,0,0,0,0,0,0,0,0
0.0287,0.024507,0.031893,0,0,0,0,0,0,0,0,0,0,0,0
0.030911,0.02468,0.026154,0,0,0,0,0,0,0,0,0,0,0,0
0.026773,0.025349,0.026273,0,0,0,0,0,0,0,0,0,0,0,0
0.027313,0.027988,0.034932,0,0,0,0,0,0,0,0,0,0,0,0
0.024896,0.032607,0.025566,0,0,0,0,0,0,0,0,0,0,0,0
0.024584,0.034528,0.025515,0,0,0,0,0,0,0,0,0,0,0,0
0.025109,0.032262,0.024877,0,0,0,0,0,0,0,0,0,0,0,0
0.02495,0.03533,0.024887,0,0,0,0,0,0,0,0,0,0,0,0
0.024728,0.035459,0.024797,0,0,0,0,0,0,0,0,0,0,0,0
0.028265,0.029496,0.024899,0,0,0,0,0,0,0,0,0,0,0,0
0.031487,0.033032,0.027334,0,0,0,0,0,0,0,0,0,0,0,0
0.031521,0.03429,0.027221,0,0,0,0,0,0,0,0,0,0,0,0
0.035184,0.034299,0.032336,0,0,0,0,0,0,0,0,0,0,0,0
0.034024,0.026377,0.034808,0,0,0,0,0,0,0,0,0,0,0,0
0.024586,0.035839,0.039427,0,0,0,0,0,0,0,0,0,0,0,0
0.024753,0.026604,0.02823,0,0,0,0,0,0,0,0,0,0,0,0
0.025034,0.025667,0.028515,0,0,0,0,0,0,0,0,0,0,0,0
0.027452,0.024435,0.029612,0,0,0,0,0,0,0,0,0,0,0,0
0.030073,0.024517,0.027536,0,0,0,0,0,0,0,0,0,0,0,0
0.027392,0.029196,0.026733,0,0,0,0,0,0,0,0,0,0,0,0
0.027947,0.027829,0.03452,0,0,0,0,0,0,0,0,0,0,0,0
0.031166,0.028411,0.031571,0,0,0,0,0,0,0,0,0,0,0,0
0.033935,0.029599,0.031225,0,0,0,0,0,0,0,0,0,0,0,0
0.02686,0.03235,0.027157,0,0,0,0,0,0,0,0,0,0,0,0
0.029035,0.034076,0.028272,0,0,0,0,0,0,0,0,0,0,0,0
0.032853,0.028951,0.029117,0,0,0,0,0,0,0,0,0,0,0,0
0.032111,0.030262,0.029455,0,0,0,0,0,0,0,0,0,0,0,0
0.029662,0.033556,0.031625,0,0,0,0,0,0,0,0,0,0,0,0
0.031714,0.032944,0.032834,0,0,0,0,0,0,0,0,0,0,0,0
0.028892,0.029953,0.032834,0,0,0,0,0,0,0,0,0,0,0,0
0.035546,0.031223,0.030278,0,0,0,0,0,0,0,0,0,0,0,0
0.02522,0.031379,0.030409,0,0,0,0,0,0,0,0,0,0,0,0
