1
212.6402,139.1307,90.9588,53.3977
211.4130,139.5352,91.6837,54.4693
212.0365,139.0898,92.2490,54.5661
211.9008,139.6427,92.0177,54.6311
211.4124,140.2490,92.1356,54.7270
211.5038,140.8750,91.7081,53.9646
211.1907,141.1579,91.5237,54.2070
210.9362,141.7663,91.9427,54.4016
211.2137,141.4292,91.8867,54.0981
211.1058,141.6996,91.5069,54.1886
210.4615,141.8740,91.7672,54.9121
211.4911,142.3134,91.4232,55.7993
211.5582,143.1172,91.3496,55.4754
210.5771,143.1268,91.8410,54.9653
210.4463,142.1648,93.0786,56.1340
212.7686,142.9162,92.3238,55.7996
210.6189,141.2143,95.6379,58.5149
212.6588,141.5748,94.8735,58.2664
214.0869,141.6349,94.8325,58.6193
215.6256,141.4256,94.8596,58.8450
217.3295,144.8612,94.2428,59.2100
218.7588,146.0596,93.0276,57.9197
217.7733,145.9360,95.0262,59.7338
218.9397,145.6433,93.2121,57.5329
217.9549,144.8904,94.7081,59.8049
216.6018,144.0959,96.1527,61.8259
215.3087,143.7658,98.2226,63.7129
217.9758,143.9599,94.8625,59.9206
217.2388,144.2469,96.6728,61.9449
217.3992,143.8140,96.4697,63.2755
216.6922,143.7098,97.9426,64.5397
218.6410,143.6864,93.6967,58.9418
217.6017,143.1044,95.3140,60.5548
218.8443,143.8173,92.9331,57.2453
219.6852,143.6131,94.8596,60.1955
220.6607,143.0031,95.4455,61.1845
223.4203,143.3525,93.5571,57.6060
225.5229,143.9039,94.2081,59.6445
226.3393,141.4888,93.9749,59.8521
228.7739,140.8489,94.1437,60.1179
230.2832,139.2022,94.0415,59.5597
232.2970,137.7946,95.0005,61.5218
235.6470,136.8739,91.5649,57.0605
234.3518,135.6788,95.8416,62.1168
235.4283,134.3575,96.9358,63.9880
239.8595,136.0838,93.0383,58.5843
242.4440,135.5108,91.1778,56.4450
244.4810,135.4644,90.9312,55.7487
245.3100,135.8150,92.1716,55.9325
247.0387,135.9364,93.5612,57.8616
248.6246,135.5598,94.4735,60.0281
2
0
0
0
0
1
160.4401,163.4614,87.1538,58.0478
161.8533,163.1236,88.4857,59.2877
162.5004,162.3705,90.5530,60.9050
163.7528,162.9023,90.5289,60.6740
167.3573,163.4233,89.3038,60.7839
167.9443,162.1488,91.6255,62.3986
170.1511,162.9677,91.7207,62.1723
169.3750,161.3924,95.4230,64.7398
167.1994,160.2301,100.6145,67.4191
165.7716,157.8371,105.0408,70.6467
164.9347,156.0525,108.6080,73.0743
173.1053,155.8139,102.4521,70.5221
178.1695,155.0464,100.1705,69.4584
180.7513,154.2310,99.4599,69.7042
182.2820,152.8696,99.4721,70.8859
184.5896,152.3681,99.6898,71.2264
185.1345,152.1216,100.4115,71.6753
189.7911,155.1626,97.5784,69.4765
188.4209,152.0621,100.4117,72.2195
185.8750,148.1153,105.9460,77.2991
186.0233,145.2885,106.7365,78.5712
189.6527,146.0196,104.9983,77.5160
193.4945,151.5889,102.5031,74.0203
192.8735,146.6192,105.5266,77.4445
198.3856,151.9518,100.3898,71.2503
196.8681,148.4523,103.8165,75.0217
200.1769,151.5163,100.4008,71.2519
198.1345,146.2637,105.2597,77.2287
202.0974,149.5372,101.9938,72.9036
206.6122,152.2178,98.2505,68.7963
2
0
0
0
0
1
135.6637,159.5459,76.3510,70.9693
135.4141,158.6786,77.1885,72.5425
136.4352,158.8112,76.0163,71.5946
137.1541,159.5408,74.1009,70.1591
136.1147,158.9276,74.4641,71.0272
137.1255,158.8656,74.7454,71.0646
136.9053,157.4137,76.0923,72.6418
137.2495,158.1475,76.4811,73.2687
138.9080,157.0886,77.4122,74.4369
140.0616,156.1662,78.4313,75.4473
140.2902,155.3486,80.7644,77.3002
137.2901,152.4221,87.5784,84.1141
137.8392,151.3414,87.9693,85.0055
143.0799,153.3834,80.5694,78.1122
139.1168,151.0303,87.1036,83.8815
140.9115,151.9685,83.8672,80.4203
137.9215,149.6283,88.5280,85.8211
138.8836,148.2285,85.7561,83.7805
144.0026,152.6987,76.7754,75.0456
145.1882,152.3780,74.8604,73.3869
146.9070,153.8526,80.9142,78.1725
143.9760,151.2979,83.7870,81.2971
136.6216,147.6710,84.8712,83.3741
131.4629,143.9187,93.2739,91.7810
130.7111,142.8167,96.9478,95.4501
130.0977,142.8816,98.3851,96.6438
129.3089,142.6278,100.3404,98.3472
130.9866,143.2069,99.4637,97.4706
130.7631,143.8619,100.3214,98.3260
129.5820,143.0326,103.0216,100.5221
128.0998,142.0911,105.9952,103.7461
128.7796,143.1185,104.8842,102.8888
127.8511,141.5867,107.5144,105.7689
127.5584,140.5023,107.9676,105.9727
143.4249,160.4297,81.5332,79.5373
138.8707,151.7501,92.0377,89.5725
132.7530,141.4227,103.2693,100.7805
134.3891,143.2509,100.8531,98.3651
135.9146,144.3379,100.4458,97.7111
153.0993,164.8425,74.5624,72.5797
146.2026,155.3124,86.7290,84.2411
139.8478,145.7651,98.0612,95.0756
140.2657,145.0948,99.4006,96.9180
141.0173,144.6703,99.2911,96.7994
138.7949,141.0333,104.3030,102.5582
140.2231,140.1481,104.3365,102.8381
155.6588,160.9966,78.5651,77.3193
152.1011,152.2802,89.1523,87.1559
150.6676,144.2700,98.6026,95.6037
160.1640,161.2469,79.8449,77.1052
157.3620,151.4596,90.8431,88.5893
156.7570,143.6310,98.6776,96.1760
159.7684,144.8470,97.4002,95.3991
160.8367,145.3227,97.7307,95.2289
160.9186,145.5989,98.6119,95.6157
155.6725,141.6797,106.7383,103.7433
153.9952,140.6890,111.4576,107.9622
154.7583,140.0954,111.8642,109.1185
154.9425,139.5695,112.4797,110.4837
159.4908,142.2235,106.1329,103.6331
170.4167,157.0960,87.7831,85.7851
163.3130,149.3921,101.2376,98.4887
155.9796,140.8615,112.7381,109.7434
156.8636,140.8788,112.6740,110.1724
178.8385,160.9938,81.9698,80.4711
180.7660,165.1552,76.6633,73.9235
192.9500,175.2876,62.5379,60.3427
198.4511,178.9218,56.9071,55.1776
193.0103,175.3080,62.5025,60.0289
198.6977,178.6739,57.0548,55.0898
194.9745,174.7836,63.6950,60.6767
191.9478,169.8957,69.4685,66.4203
199.2704,174.7092,63.6799,61.1402
204.5236,174.8211,63.1659,61.1332
212.8487,178.3397,57.9254,56.4072
213.1951,175.2768,62.3447,60.8139
211.3736,170.9458,66.2686,64.2633
219.2794,176.8797,60.2415,58.2323
224.7872,181.5659,56.8233,55.3098
219.7994,177.8917,63.8410,62.8302
215.2958,176.7410,67.5528,65.5534
217.1449,180.2562,65.5222,62.7756
217.4021,182.4755,65.0065,62.0184
222.7951,188.2302,58.7025,56.1855
220.6318,187.4198,61.4571,58.9506
219.3762,186.9185,63.6959,61.1906
225.0640,191.4655,59.1857,57.1662
220.1525,189.7296,64.9751,62.4509
216.7796,187.5878,68.1774,65.2019
217.4228,189.5941,66.3884,63.6522
223.7619,195.4270,60.2685,58.3428
220.4794,194.1899,64.3579,62.1161
224.9082,198.5741,58.2380,55.7657
221.1043,195.6482,62.3768,59.4092
217.0685,192.4674,66.1711,62.7202
217.6604,191.9931,65.8488,62.8694
218.8001,192.6650,64.5465,61.5520
223.0693,196.8242,57.7603,55.2586
225.7484,199.3438,55.8417,52.8671
224.8609,200.6939,54.2320,51.0398
220.7970,196.0246,60.1437,56.7404
218.2226,193.0138,65.6229,62.1003
217.5680,193.8164,65.2363,62.2718
222.7820,199.6749,56.4849,53.9848
227.1368,203.9624,50.8252,48.6564
228.9486,206.0152,48.6617,46.0031
231.5005,209.4272,43.8724,41.4428
231.0000,210.0000,42.0000,40.0000
231.0000,211.0000,42.0000,40.0000
229.0000,208.0000,46.0000,44.0000
229.0000,207.0000,46.0000,43.0000
231.0000,209.0000,44.0000,41.0000
227.0000,203.0000,51.0000,48.0000
226.0000,200.0000,54.0000,52.0000
201.0000,170.0000,99.0000,96.0000
215.6170,184.3022,77.2887,74.7907
209.8712,177.9914,87.9190,84.4189
217.5939,189.6978,71.1817,67.6951
220.9228,193.8939,65.5483,62.2793
226.0781,201.8162,55.2155,52.0002
232.4523,203.2175,51.2142,49.4558
227.0000,207.0000,49.0000,46.0000
223.0000,198.0000,61.0000,59.0000
230.0000,209.0000,47.0000,44.0000
234.3692,206.2549,49.7152,47.5980
238.0000,209.0000,48.0000,46.0000
234.0000,214.0000,43.0000,41.0000
234.0000,215.0000,44.0000,41.0000
237.0000,210.0000,48.0000,46.0000
237.0000,215.0000,46.0000,44.0000
235.0000,212.0000,49.0000,47.0000
231.0000,216.0000,44.0000,42.0000
233.0000,215.0000,47.0000,45.0000
232.0000,216.0000,46.0000,44.0000
232.0000,218.0000,43.0000,42.0000
228.0000,221.0000,41.0000,38.0000
229.0000,224.0000,37.0000,35.0000
230.0000,214.0000,47.0000,46.0000
227.0000,220.0000,40.0000,38.0000
227.0000,212.0000,52.0000,51.0000
227.0000,211.0000,51.0000,49.0000
225.0000,210.0000,55.0000,53.0000
224.0440,210.3268,57.4955,55.9589
223.6136,210.8976,56.1848,53.9123
223.5253,209.7973,58.5765,56.7835
222.1902,209.8445,57.5754,55.5612
223.5997,209.2140,58.5442,56.2844
223.4675,207.8800,58.8881,56.9052
223.1739,207.2078,58.6542,56.6593
223.2809,207.8761,58.8256,57.3380
223.7032,207.9383,58.3000,57.2967
2
0
0
0
0
1
195.0000,206.0000,25.0000,43.0000
196.0000,205.0000,27.0000,45.0000
197.0000,205.0000,28.0000,45.0000
199.0000,204.0000,28.0000,47.0000
199.0000,204.0000,29.0000,46.0000
200.0000,204.0000,29.0000,47.0000
201.0000,203.0000,29.0000,48.0000
200.0000,203.0000,29.0000,48.0000
200.0000,204.0000,28.0000,46.0000
200.0000,203.0000,30.0000,48.0000
200.0000,203.0000,30.0000,48.0000
200.0000,204.0000,28.0000,46.0000
199.0000,201.0000,31.0000,49.0000
199.0000,200.0000,32.0000,49.0000
199.0000,198.0000,33.0000,51.0000
199.0000,198.0000,32.0000,50.0000
198.0000,198.0000,34.0000,51.0000
199.0000,199.0000,31.0000,48.0000
199.0000,198.0000,32.0000,48.0000
198.0000,196.0000,35.0000,52.0000
199.0000,198.0000,32.0000,48.0000
199.0000,198.0000,32.0000,48.0000
199.0000,198.0000,33.0000,48.0000
199.0000,198.0000,33.0000,48.0000
200.0000,199.0000,29.0000,46.0000
200.0000,197.0000,32.0000,49.0000
201.0000,198.0000,30.0000,47.0000
201.0000,198.0000,30.0000,47.0000
201.0000,198.0000,32.0000,48.0000
201.0000,198.0000,32.0000,48.0000
201.0000,199.0000,31.0000,47.0000
200.0000,198.0000,33.0000,48.0000
200.0000,197.0000,35.0000,49.0000
200.0000,198.0000,34.0000,48.0000
200.0000,199.0000,32.0000,47.0000
200.0000,198.0000,34.0000,48.0000
200.0000,198.0000,35.0000,48.0000
200.0000,199.0000,31.0000,46.0000
201.0000,200.0000,29.0000,47.0000
200.0000,198.0000,33.0000,48.0000
201.0000,199.0000,30.0000,46.0000
201.0000,198.0000,33.0000,47.0000
201.0000,198.0000,32.0000,47.0000
200.0000,196.0000,36.0000,49.0000
201.0000,197.0000,33.0000,48.0000
201.0000,195.0000,35.0000,49.0000
202.0000,197.0000,30.0000,45.0000
202.0000,193.0000,34.0000,48.0000
201.0000,192.0000,35.0000,49.0000
200.0000,191.0000,35.0000,49.0000
200.0000,193.0000,27.0000,45.0000
199.0000,192.0000,28.0000,46.0000
197.0000,189.0000,32.0000,47.0000
195.0000,186.0000,35.0000,48.0000
194.5943,185.4842,35.6567,48.1986
193.0000,184.0000,35.0000,48.0000
192.0000,183.0000,35.0000,48.0000
192.0000,182.0000,35.0000,48.0000
2
0
0
0
0
1
240.9055,192.8527,99.2915,48.4686
240.5367,192.8952,100.8528,49.5333
240.0891,192.8334,103.0103,50.5814
239.1874,192.0546,106.6647,52.6282
239.4639,190.8674,109.7386,54.7360
235.5441,189.0762,116.6776,58.6870
243.4140,190.1453,111.4585,57.3519
250.4056,189.8587,108.5375,57.9425
255.4231,190.9367,106.0657,57.4966
258.9498,191.4019,106.2793,57.8182
262.0789,192.2845,105.7066,57.2278
264.1480,193.2222,106.2154,57.1619
265.8505,193.0522,106.7343,57.3848
267.7700,192.8968,106.7000,57.5603
269.9733,193.7476,105.8990,56.2681
271.7633,193.9239,105.8762,56.3266
271.8725,194.2661,107.3321,56.0836
273.6484,194.1995,107.0729,54.9253
276.5979,194.0885,106.1017,55.0414
278.3131,193.9192,106.6309,54.7250
279.5297,192.8010,106.6570,54.4276
280.1250,190.1613,106.9318,54.6361
281.9123,188.0507,105.7753,54.2505
283.0587,186.5788,105.9118,54.1453
284.3406,184.8139,105.8673,54.1176
285.8933,183.1104,105.2981,53.8667
286.2084,180.9716,106.6873,53.8857
287.5343,179.9878,105.6596,54.0756
289.4588,181.7327,102.0432,52.3184
291.1437,182.7217,99.8086,50.7648
291.4933,178.1413,103.2409,56.1989
290.6779,170.2178,109.0780,65.7526
291.0033,164.2286,111.3089,71.6753
238.5809,152.4943,108.3177,65.3436
237.6797,151.4678,109.8321,67.4806
208.2019,147.8320,109.6282,63.1047
2
0
0
0
0
1
317.5659,177.6275,95.9273,43.8798
315.0790,176.3387,98.2564,45.1977
312.2630,174.1125,99.8345,48.5761
310.1013,172.5445,101.0065,50.5059
307.7319,171.0628,102.1190,51.2861
305.3465,173.6940,100.9832,48.6189
303.8503,170.7643,102.4015,52.3869
299.7746,169.0797,109.8529,55.4841
296.6807,167.7546,110.4391,56.8613
293.9811,167.1740,108.8400,57.4398
291.5822,167.0336,107.9936,57.6101
288.5110,166.1955,107.3365,58.1345
285.5933,165.2625,107.3909,59.2327
282.6196,165.6761,107.4372,58.9340
278.2578,167.3237,113.7097,59.5885
275.5321,172.4505,109.8023,53.4096
272.3139,172.9960,108.2338,52.1274
269.6740,173.3075,106.2174,50.7636
265.5936,172.9640,106.9001,51.6036
261.8819,171.4082,105.6094,52.3184
259.0070,171.0746,105.6472,52.9795
256.0385,170.5317,106.8763,53.9172
253.0774,171.6260,106.9353,52.9236
249.0675,168.5291,115.2538,59.4933
245.8498,165.6811,113.7143,61.7200
243.7587,167.5589,110.3892,58.8675
240.3131,167.9768,109.3384,58.0150
236.9650,167.3453,109.9540,59.6524
234.3515,167.7791,109.0674,59.6812
232.2339,167.5528,107.0142,58.4776
229.4708,167.4535,107.5668,59.5869
226.9595,166.9975,108.6627,61.1696
224.4072,167.4775,107.8905,60.0124
222.8132,168.4868,105.9300,58.5711
219.9144,169.4793,105.2096,57.8002
2
0
0
0
0
1
345.4162,176.3167,100.9015,65.2723
344.3339,176.1019,102.4503,66.1419
343.5957,174.5526,103.2004,66.7780
342.0835,173.1153,104.5154,67.4403
342.5223,172.6136,103.8998,66.9429
341.6848,171.7383,103.5313,67.1255
339.7902,169.7752,104.1666,67.7236
340.7406,169.3845,103.3023,66.9839
340.8811,169.1504,103.9123,66.6499
341.7816,168.8178,103.3198,66.4900
339.8036,166.9081,105.8635,69.4523
339.2325,167.1320,103.8924,68.2503
337.2589,166.3806,104.1625,67.9797
336.0408,166.9018,103.7762,67.1234
335.3750,166.7836,102.2150,66.5580
334.1684,166.4883,101.3799,67.1042
331.1974,164.7938,101.1567,67.0645
329.2669,164.6711,99.6111,65.9592
326.9341,163.6268,98.7144,65.7136
323.9646,163.7155,96.9063,64.5818
321.0771,160.5098,101.9461,67.1709
317.5192,160.3025,100.4900,65.8812
314.3720,160.4547,101.4035,65.3997
311.2777,159.4269,102.9662,66.5929
308.4077,158.8204,103.9875,67.1151
305.1924,157.9084,104.4547,67.0056
300.4831,155.9247,106.3228,68.7497
297.0427,156.7284,103.6406,67.8014
293.3770,156.2264,104.8060,68.2392
2
0
0
0
0
1
388.9756,169.8661,77.5984,54.2312
389.2639,169.3443,77.5750,54.9360
389.1079,169.8414,77.4503,55.0159
389.2699,169.2901,77.5617,55.0953
389.0935,169.0288,78.1167,55.6438
389.0451,168.2990,77.9086,55.7626
389.0735,168.0812,78.4963,56.3491
388.4279,167.3667,79.8690,57.3071
389.1487,167.0111,79.8988,57.7175
388.9366,166.0208,81.1299,59.2962
389.3579,166.4885,80.9251,59.2313
389.7569,166.4349,81.5972,59.5280
386.9785,165.7341,83.0796,60.6822
386.1186,165.1477,82.8606,61.0625
385.2920,165.8624,82.9414,60.5815
382.8520,165.7844,84.0189,60.5267
380.1304,165.3643,85.4896,61.2459
378.0431,164.5017,87.4091,63.5352
375.3360,163.0010,88.2938,65.2464
372.9710,162.9148,89.3908,65.6790
370.0265,162.3553,91.2542,67.0654
367.1900,162.2968,93.3652,69.3600
365.7137,162.6875,92.2944,69.0507
362.9057,161.5120,91.6204,69.0864
359.6042,160.5041,95.4321,71.5841
357.0826,161.3639,94.2535,70.5856
354.4807,161.8997,93.7645,70.1969
351.6794,160.8019,93.1186,70.0667
348.9220,159.4604,94.2266,71.2348
346.3696,160.0273,94.8428,71.8381
344.2330,160.1144,96.1182,73.6058
342.2571,161.9347,95.9330,73.4550
340.0033,163.4718,96.4710,73.8499
337.7137,164.4449,96.6714,73.6886
335.2065,164.7605,97.1424,74.9175
333.0125,163.1604,101.6971,78.7775
330.9848,161.3130,103.5177,80.5552
329.5482,163.4444,101.3747,78.4282
328.1668,163.8037,100.5981,78.1275
326.8655,163.0203,100.7847,78.8632
325.7774,162.6728,99.6952,78.7486
324.7511,162.4468,100.4114,79.2141
323.3440,163.2761,100.8862,78.9676
323.0378,162.8944,101.5034,79.5910
322.0564,162.3546,102.2085,80.3042
322.7543,163.3955,102.4804,79.8587
322.6245,163.6761,102.8687,79.9509
322.2674,162.7183,103.3725,80.4723
322.7562,161.9382,102.7898,80.8468
323.2911,162.0357,102.0475,80.8519
323.6550,162.1746,101.6138,80.1703
323.6329,162.0940,101.7336,80.9964
322.7387,161.2438,101.5820,81.1365
322.8919,161.8147,101.8506,81.1330
322.4229,161.1132,102.0166,81.0400
323.3744,160.9119,102.0539,81.5683
323.5297,161.3298,102.2496,81.2563
323.6560,161.2169,102.0924,81.4220
323.2668,161.0700,102.0613,81.5982
324.5436,161.8193,101.4132,80.7073
324.5101,161.7900,101.0985,80.7135
323.9918,160.4492,101.2511,81.3119
323.9195,161.8377,102.3573,81.3906
324.6369,161.6224,101.7348,80.5001
324.2068,161.2467,100.5807,80.1411
324.5844,158.0972,97.8331,80.6297
322.8466,158.3212,97.2966,80.3849
321.8716,156.1473,98.0388,82.5520
321.1561,157.9229,98.3100,81.3896
322.1773,160.8922,97.7452,79.2792
322.3244,161.8645,96.5248,78.0778
322.9721,163.8180,96.3069,76.6049
322.7551,164.8242,95.8394,75.8434
323.2366,165.1303,94.4969,75.0201
323.2057,164.9753,94.1423,74.9303
323.3380,165.8474,93.4576,73.7235
323.8556,166.4358,93.3176,73.3434
323.3922,166.5772,93.1953,73.2470
324.1353,165.3242,93.1608,73.1447
322.5640,165.4175,93.3979,73.9298
322.5679,164.8114,93.4421,74.6993
321.0525,162.7180,93.6792,75.6715
319.9624,163.3227,95.2347,76.2692
320.1183,164.4740,96.9710,77.0429
320.3567,164.6948,97.4005,77.4342
320.9970,165.0281,96.7332,76.3161
