2.4097
1.5145
0.15276
0.14253
0.13105
0.13291
0.15429
0.16124
0.15094
0.1531
0.16689
0.16235
0.15936
0.18058
0.17706
0.17508
0.17737
0.18191
0.19198
0.19545
0.19307
0.19127
0.17522
0.19926
0.20256
0.19007
0.20114
0.18465
0.19632
0.18961
0.18899
0.066287
0.068847
0.065565
0.067629
0.066603
0.062172
0.068772
0.063361
0.18859
0.06425
0.19821
0.20314
0.185
0.2151
0.20672
0.2069
0.20414
0.065245
0.23064
0.22585
0.20313
0.22168
0.20328
0.22473
0.21204
0.20054
0.19618
0.18636
0.19317
0.19413
0.18566
0.19327
0.21743
0.090204
0.09461
0.26039
0.31017
0.28389
0.24281
0.26105
0.074608
0.073443
0.075323
0.078387
0.077829
0.19061
0.077836
0.07815
0.19096
0.077302
0.20114
0.076312
0.07586
0.076218
0.22795
0.21426
0.20836
0.23722
0.22777
0.24098
0.22368
0.2237
0.24008
0.23947
0.25497
0.2379
0.21229
0.21236
0.24592
0.22077
0.087132
0.22112
0.082299
0.083604
0.085712
0.087036
0.084229
0.084528
0.084263
0.20658
0.20404
0.19495
0.21585
0.083668
0.083678
0.19049
0.20177
0.083143
0.20258
0.20918
0.22376
0.22411
0.23775
0.23519
0.24146
0.2124
0.20996
0.21622
0.2222
0.23034
0.2281
0.23874
0.087459
0.090434
0.091294
0.087263
0.086608
0.095466
0.09469
0.2137
0.20584
0.20137
0.085918
0.084637
0.08922
0.19212
0.087167
0.085174
0.086199
0.087852
0.087274
0.088108
0.088934
0.088793
0.093507
0.095157
0.088441
0.088449
0.089141
0.090241
0.096034
0.24119
0.10187
0.10522
0.10245
0.24207
0.24874
0.2208
0.24659
0.23891
0.20783
0.20336
0.22052
0.087451
0.081898
0.081548
0.083016
0.083453
0.090281
0.085774
0.084414
0.082834
0.083418
0.097854
0.093003
0.09479
0.090599
0.089704
0.20599
0.092357
0.22039
0.20647
0.1929
0.19781
0.084755
0.084242
0.087503
0.086604
0.086412
0.084122
0.087027
0.091213
0.083301
0.084458
0.20884
0.20173
0.16822
0.20281
0.20465
0.083833
0.20644
0.19126
0.20314
0.2001
0.09248
0.089265
0.20678
0.21751
0.089486
0.095259
0.21515
0.10048
0.10271
0.096843
0.089881
0.090849
0.088537
0.087014
0.090634
0.08972
0.1942
0.22318
0.089998
0.089963
0.088916
0.20152
0.19615
0.21291
0.22958
0.21322
0.22361
0.23068
0.099024
0.086935
0.08933
0.091609
0.089999
0.083971
0.22499
0.21296
0.19375
0.083554
0.092045
0.10134
0.087188
0.086475
0.095956
0.092312
0.09079
0.089369
0.089303
0.094486
0.092253
0.088624
0.094665
0.088577
