8.8e-05
0.058255
0.031503
0.032298
0.032055
0.03145
0.031683
0.032506
0.03527
0.031662
0.032833
0.031374
0.031694
0.030711
0.032597
0.031574
0.031287
0.03143
0.032821
0.030739
0.031464
0.031486
0.031038
0.031631
0.031374
0.030635
0.030917
0.031871
0.030603
0.031821
0.030455
0.030735
0.031961
0.031186
0.030221
0.030688
0.031318
0.030046
0.032771
0.031229
0.030237
0.032095
0.030123
0.031461
0.030961
0.030727
0.030184
0.030865
0.029711
0.029464
0.031026
0.03215
0.030757
0.031399
0.030614
0.029599
0.030794
0.029938
0.029124
0.03064
0.028958
0.028911
0.029911
0.028878
0.029012
0.028941
0.028953
0.029104
0.028835
0.028943
0.028512
0.029042
0.029053
0.029205
0.028627
0.028952
0.029372
0.028784
0.029249
0.029088
0.029723
0.029565
0.029016
0.029707
0.029114
0.02917
0.028704
0.029234
0.028805
0.029688
0.029027
0.028873
0.030027
0.029078
0.03071
0.029233
0.029812
0.029103
0.030042
0.029067
0.029744
0.029176
0.030211
0.028756
0.029957
0.028924
0.029904
0.028658
0.030112
0.029391
0.02929
0.030251
0.032196
0.030257
0.029704
0.031719
0.029201
0.029777
0.032608
0.030051
0.029934
0.031552
0.030048
0.030649
0.029775
0.031004
0.029902
0.030087
0.032173
0.031175
0.029373
0.029783
0.030067
0.030772
0.028778
0.030497
0.02993
0.029234
0.030089
0.028816
0.029117
0.030363
0.029151
0.02944
0.030117
0.030754
0.029513
0.030294
0.029207
0.030112
0.030125
0.029078
0.029288
0.030517
0.030018
0.029356
0.02925
0.029343
0.031087
0.02948
0.028556
0.029963
0.031028
0.030105
0.02906
0.029177
0.029926
0.029399
0.030171
0.029253
0.030449
0.030462
0.028764
0.029355
0.031562
0.029103
0.030025
0.028755
0.029915
0.029181
0.029589
0.031485
0.029291
0.029405
0.029119
0.031043
0.028696
0.029181
0.02944
0.028994
0.02983
0.029939
0.028593
0.02851
0.029564
0.029486
0.028633
0.029957
0.030764
0.029613
0.029107
0.028965
0.029295
0.029184
0.029893
0.029782
0.029681
0.02968
0.030255
0.029146
0.030143
0.029221
0.029194
0.029267
0.030216
0.030545
0.029167
0.029799
0.029663
0.030117
0.029897
0.029764
0.029875
0.028924
0.029439
0.030118
0.029331
0.029984
0.030061
0.028996
0.030673
0.028922
0.029717
0.028791
0.028919
0.03128
0.030067
0.032627
0.028925
0.031216
0.030404
0.028796
0.028809
0.028614
0.028905
0.031251
0.030781
0.029722
0.028797
0.029775
0.030664
0.029535
0.03259
0.029725
0.030746
0.029572
0.029631
0.031061
0.029993
0.030615
0.029751
0.032465
0.029318
0.031309
0.029276
0.031013
0.029101
0.030818
0.029854
0.029977
0.029447
0.029802
0.029267
0.029076
0.028798
0.029981
0.02939
0.030532
0.03064
0.029423
0.0292
0.028675
0.029353
0.03051
0.030313
0.031327
0.029133
0.030278
0.028345
0.028085
0.028521
0.031025
0.029613
0.028198
0.02864
0.029754
0.028745
0.028448
0.029199
0.029041
0.028783
0.029038
0.028475
0.028595
0.028491
0.028697
0.028527
0.029955
0.028642
0.02865
0.028877
0.028648
0.028535
0.029066
0.028531
0.028087
0.028613
0.029202
0.02921
0.029153
0.029534
0.030782
0.028846
0.028724
0.029094
0.028179
0.02811
0.02945
0.028793
0.02812
0.028044
0.028577
0.028795
0.029286
0.028004
0.028459
0.029097
0.029246
0.029251
0.029122
0.027951
0.028387
0.028077
0.028654
0.028448
0.0279
0.028381
0.028309
0.028146
0.028227
0.028218
0.028232
0.028219
0.027981
0.028021
0.028066
0.02859
0.028947
0.028514
0.028111
0.028901
0.028189
0.027649
0.027849
0.028068
0.028336
0.028174
0.028424
0.028247
0.028079
0.028474
0.028488
0.028026
0.027956
0.028055
0.02746
0.027832
0.028297
0.028208
0.028695
0.028206
0.02797
0.028263
0.028708
0.027875
0.027583
0.028242
0.028795
0.02798
0.028309
0.029015
0.028688
0.028442
0.028855
0.028895
0.028855
0.028965
0.028211
0.027723
0.028105
0.027972
0.027751
0.028052
0.027885
0.028186
0.028281
0.028318
0.027918
0.02838
0.028506
0.028526
0.030928
0.027682
0.027877
0.02897
0.028062
0.027542
0.028023
0.027948
0.029077
0.029861
0.028131
0.028035
0.027796
0.028012
0.028688
0.028035
0.028235
0.028526
0.028078
0.028167
0.028323
0.028263
0.028392
0.028536
0.028482
0.027428
0.028456
0.027829
0.028881
0.028092
0.027618
0.027997
0.028118
0.027723
0.028528
0.028016
0.028257
0.027912
0.027725
0.028557
0.028352
0.028328
0.028321
0.027818
0.027983
0.027682
0.028093
0.028069
0.028236
0.027669
0.028183
0.027926
0.027872
0.028951
0.027606
0.02849
0.028769
0.028234
0.029272
0.028801
0.028574
0.028113
0.028913
0.028755
0.027717
0.028664
0.028133
0.027959
0.027853
0.028682
0.028633
0.028757
0.031005
0.028708
0.028216
0.028266
0.027788
0.028399
0.028469
0.027935
0.028135
0.027996
0.02804
0.028983
0.028101
0.02855
0.029224
0.027798
0.028279
0.030075
0.028079
0.028239
0.028484
0.028055
0.027625
0.027783
0.028074
0.028648
0.028029
0.02848
0.028375
0.0281
0.027972
0.028986
0.027995
0.028248
0.028756
0.028236
0.028
0.02769
0.028007
0.028828
0.028136
0.027987
0.028546
0.028138
0.027878
0.028299
0.028068
0.028547
0.028644
0.028209
0.02837
0.027946
0.02798
0.027944
0.027948
0.028747
0.028954
0.029112
0.02793
0.028509
0.027986
0.028521
0.028588
0.028917
0.028656
0.028745
0.029259
0.02813
0.027859
0.028158
0.028828
0.027965
0.028073
0.02847
0.0277
0.028214
0.028141
0.028408
0.028405
0.028561
0.028219
0.02833
0.027788
0.028126
0.02825
0.028704
0.027992
0.028961
0.028751
0.028344
0.02843
0.028472
0.029025
0.029283
0.029105
0.028465
0.028312
0.028535
0.028286
0.028131
0.028656
0.02917
0.029072
0.027974
0.028534
0.028481
0.028356
0.028218
0.028023
0.028886
0.02786
0.02784
0.028088
0.027936
0.028023
0.028301
0.029624
0.028247
0.028074
0.028332
0.028243
0.02866
0.028217
0.028312
0.028209
0.027946
0.027849
0.028096
0.02814
0.028421
0.027969
0.02801
0.02823
0.027932
0.028149
0.028588
0.028709
0.028725
0.028123
0.028111
0.027783
0.028297
0.02803
0.028358
0.028133
0.028118
0.028634
0.028476
0.028445
0.028012
0.02802
0.028455
0.028051
0.028163
0.028781
0.028413
0.027849
0.027585
0.028015
0.028276
0.028737
0.02828
0.02881
0.028304
0.028273
0.029262
0.028217
0.028578
0.028264
0.028328
0.027846
0.028475
0.028698
0.027912
0.028776
0.028196
0.029072
0.028168
0.028467
0.028508
0.028497
0.027991
0.028584
0.028445
0.028521
0.028104
0.028442
0.028149
0.028024
0.028134
0.028146
0.029059
0.028397
0.028971
0.028338
0.028204
0.030072
0.028384
0.028245
0.02791
0.029379
0.027912
0.028121
0.028097
0.028692
0.028068
0.028312
0.028344
0.02829
0.028156
0.0282
0.028159
0.028232
0.028977
0.028934
0.027924
0.028137
0.028215
0.029433
0.028678
0.027438
0.027888
0.028443
0.028438
0.027461
0.027879
0.027835
0.028232
0.028282
0.028173
0.028132
0.028428
0.027966
0.02782
0.02832
0.028366
0.027901
0.027769
0.027693
0.028287
0.028366
0.027668
0.028201
0.028446
0.027896
0.029184
0.028971
0.028214
0.029106
0.027901
0.028438
0.027809
0.028177
0.027916
0.02902
0.028285
0.028234
0.028461
0.027842
