0.0006004
1.7586
0.79862
0.76925
0.79273
0.77249
0.80217
0.78692
0.77019
0.7826
0.79283
0.80096
0.77882
0.78319
0.7776
0.77857
0.79265
0.76699
0.77814
0.79664
0.7827
0.77204
0.76765
0.78215
0.77285
0.79977
0.78176
0.78878
0.77252
0.78618
0.7985
0.78021
0.78652
0.77254
0.78651
0.7967
0.77208
0.76333
0.77213
0.7777
0.78621
0.77653
0.78172
0.77036
0.77239
0.78922
0.78467
0.78143
0.79495
0.78318
0.78845
0.79413
0.78535
0.78666
0.77337
0.77721
0.78393
0.77164
0.76882
0.78205
0.7743
0.77359
0.77526
0.78243
0.78686
0.7666
0.78666
0.77373
0.78276
0.78991
0.79269
0.78658
0.76132
0.77103
0.77939
0.77709
0.75538
0.77781
0.77247
0.77229
0.78768
0.78007
0.78105
0.77728
0.77675
0.75959
0.77331
0.77376
0.77559
0.78336
0.7779
0.78931
0.78029
0.77766
0.77678
0.77779
0.77391
0.76893
0.76761
0.7839
0.77725
0.76861
0.77844
0.77487
0.78766
0.77449
0.79597
0.78117
0.7792
0.79313
0.76559
0.78659
0.77705
0.76408
0.77777
0.78091
0.77448
0.77726
0.77472
0.76945
0.77523
0.77215
0.77828
0.78742
0.78126
0.79209
0.79486
0.83406
0.79148
0.77072
0.76655
0.80199
0.79974
0.78099
0.79131
0.7969
0.79353
0.77804
0.79004
0.7736
0.78248
0.77438
0.79834
0.78765
0.77602
0.7772
0.79196
0.7906
0.77199
0.77668
0.78929
0.76808
0.77289
0.78899
0.79077
0.7849
0.7715
0.77626
0.77833
0.77581
0.77475
0.7774
0.77535
0.7866
0.78372
0.78417
0.78918
0.7907
0.76833
0.76645
0.77964
0.78624
0.77967
0.78188
0.77903
0.77514
0.78902
0.78635
0.78368
0.77419
0.78045
0.7679
0.77219
0.78132
0.78872
0.79306
0.77139
0.79832
0.76623
0.77602
0.78549
0.78539
0.78018
0.79275
0.78734
0.76897
0.78061
0.78384
0.78787
0.78839
0.7888
0.78609
0.78389
0.78664
0.78333
0.78167
0.79406
0.79207
0.78478
0.80737
0.78818
0.77966
0.78471
0.78929
0.789
0.81071
0.80216
0.8031
0.80148
0.80864
0.79667
0.81002
0.78848
0.79689
0.79695
0.78488
0.79802
0.79098
0.79123
0.80062
0.79643
0.78066
0.79517
0.78743
0.79058
0.80503
0.78761
0.80475
0.80152
0.79046
0.78755
0.79436
0.83264
0.80715
0.81997
0.89429
0.78179
0.79048
0.7865
0.79192
0.78643
0.79192
0.78657
0.80554
0.79365
0.8098
0.81933
0.78928
0.92625
0.79389
0.80635
0.79374
0.78513
0.78792
0.78715
0.79517
0.79621
0.80579
0.7861
0.78092
0.79449
0.79977
0.80577
0.78348
0.78655
0.82102
0.78951
0.79595
0.77875
0.80525
0.77652
0.77861
0.79624
0.78452
0.79997
0.78547
0.77831
0.79076
0.78254
0.77463
0.7933
0.79214
0.79051
0.78786
0.79795
0.78
0.79883
0.82637
0.80788
0.80363
0.80869
0.81271
0.81097
0.78483
0.78934
0.78721
0.79128
0.77752
0.78993
0.77695
0.8101
0.77754
0.79413
0.7874
0.78874
0.79186
0.79198
0.78471
0.78286
0.78348
0.78492
0.77825
0.77618
0.80238
0.77924
0.79213
0.78431
0.7903
0.79559
0.78963
0.78067
0.7873
0.78195
0.80648
0.78817
0.78745
0.78311
0.8001
0.78654
0.77092
0.79497
0.78125
0.77673
0.79619
0.7929
0.79123
0.80106
0.77354
0.80522
0.78228
0.79189
0.87584
0.77858
0.83019
0.79676
0.81239
0.7961
0.79015
0.78508
0.79683
0.78612
0.79692
0.83309
0.79248
0.78596
0.78737
0.80933
0.80043
0.79767
0.77643
0.80891
0.84587
0.7942
0.80518
0.77733
0.79382
0.81377
0.79537
0.78842
0.81704
0.81628
0.81601
0.80532
0.81613
0.80571
0.80729
0.79953
0.78899
0.78452
0.80125
0.7897
0.7843
0.82624
0.79168
0.82708
0.79332
0.79017
0.79646
0.80571
0.7818
0.78768
0.78883
0.80598
0.79476
0.79472
0.79592
0.83001
0.78243
0.81234
0.81947
0.81041
0.79584
0.79736
0.79465
0.84084
0.83263
0.80026
0.78632
0.80017
0.80195
0.80406
0.82062
0.80056
0.81321
0.81309
0.80108
0.81485
0.79761
0.86959
0.79687
0.81437
0.80779
0.81002
0.81758
0.86147
0.80523
0.80414
0.80911
0.80042
0.81431
0.81029
0.80099
0.81179
0.81249
0.82571
0.8152
0.79396
0.81394
0.823
0.80407
0.80924
0.80845
0.81803
0.80837
0.79687
0.81529
0.80588
0.80316
0.80793
0.80757
0.82648
0.83926
0.8517
0.8237
0.82732
0.82162
0.81469
0.88062
0.79586
0.83464
0.8154
0.79146
0.79724
0.82171
0.81602
0.79708
0.79411
0.81134
0.81394
0.83048
0.81605
0.82152
0.81006
0.809
0.8108
0.81669
0.80186
0.80522
0.81117
0.81536
0.79512
0.80979
0.8401
0.79883
0.81267
0.84913
0.82512
0.80681
0.82549
0.82799
0.80928
0.86815
0.81514
0.81318
0.81867
0.80628
0.88383
0.83064
0.82289
0.84886
0.85238
0.81559
0.83561
0.81244
0.8652
0.81512
0.83415
0.81324
0.84841
0.82863
0.8829
0.81342
0.82002
0.81665
0.8318
0.84857
0.82382
0.8053
0.81174
0.80488
0.81633
0.8256
0.82174
0.82085
0.83356
0.81227
0.86442
0.82728
0.86633
0.82922
0.88668
0.84725
0.83704
0.83799
0.85009
0.83542
0.85707
0.80581
0.83581
0.82238
0.81168
0.8108
0.799
0.81813
0.81963
0.82897
0.84482
0.83134
0.812
0.81865
0.83924
0.8301
0.81849
0.82274
0.80914
0.85823
0.86872
0.86849
0.86941
0.82293
0.80699
0.81132
0.82105
0.87689
0.82131
0.81821
0.87065
0.81011
0.82889
0.81839
0.81543
0.84872
0.81476
0.82996
0.86606
0.8259
0.82491
0.82996
0.81691
0.84503
0.84068
0.81273
0.83216
0.86358
0.84492
0.85469
0.83663
0.85135
0.81187
0.89108
0.85315
0.81146
0.82151
0.82345
0.82678
0.81118
0.83562
0.81676
0.85846
0.84618
0.81735
0.83835
0.84641
0.8302
0.85368
0.81688
0.82919
0.82418
0.8501
0.84892
0.83375
0.8583
0.89211
0.8873
0.84923
0.82794
0.85183
0.83863
0.83626
0.85834
0.86611
0.88911
0.8539
0.84373
0.82864
0.85864
0.91006
0.83447
0.85524
0.85136
0.84861
0.86057
0.84248
0.82284
0.83078
0.83658
0.84405
0.82785
0.84203
0.80694
0.84397
0.89755
0.81946
0.83083
0.86487
0.82918
0.81544
0.85524
0.81891
0.83133
0.84245
0.82827
0.8214
0.82861
0.82178
0.83074
0.817
0.84377
0.83546
0.82881
0.83503
0.83628
0.83006
0.83975
0.81764
0.8256
0.83681
0.82356
0.86237
0.84405
0.82714
0.8214
0.83327
0.82965
0.82312
0.83368
0.83209
0.82754
0.87521
0.8345
0.82596
0.8698
0.88827
0.84675
0.82013
0.84279
0.83329
0.83886
0.85523
0.86472
0.85349
0.8527
0.84787
0.83981
0.83498
0.83976
0.86912
0.85692
0.83751
0.83824
0.83693
0.85574
0.84481
0.85491
0.84957
0.83168
0.85317
0.87737
0.85692
0.85018
0.84193
0.841
0.83738
0.87494
0.90253
0.83616
0.87678
0.85435
0.86109
0.81991
0.82938
0.8259
0.84681
0.91532
0.84818
0.90798
0.83106
0.84131
0.85405
0.83867
0.84981
0.84044
0.83947
0.89248
0.86906
0.87403
0.83751
0.82375
0.82056
0.85581
0.83401
0.85496
0.82931
0.83678
0.85567
0.85003
0.8335
0.85937
0.83879
0.86913
0.83375
0.8397
0.83977
0.84383
0.84006
0.83722
0.85628
0.83649
0.859
0.84287
0.86141
0.84867
0.856
0.84254
0.85092
0.85376
0.85675
0.86653
0.89845
0.8869
0.8436
0.8357
0.87449
0.82444
0.83365
0.82999
0.89705
0.87388
0.9033
0.83613
0.8503
0.91947
0.86489
0.8867
0.92422
0.88966
0.86266
0.84369
0.83724
0.84314
0.83187
0.83392
0.84967
0.84206
0.83278
0.83957
0.83883
0.83633
0.83683
0.84135
0.8535
0.84947
0.831
0.83037
0.84316
0.86188
0.83826
0.85598
0.82939
0.8621
0.84664
0.84901
0.83696
0.86565
0.85588
0.84249
0.83977
0.8692
0.84969
0.83437
0.8311
0.83777
0.85261
0.8352
0.8442
0.82015
0.82885
0.84918
0.8364
0.8294
0.83426
0.84763
0.82843
0.88701
0.82769
0.89039
0.84797
0.83852
0.87593
0.83974
0.85206
0.84864
0.8551
0.85545
0.85736
0.87224
0.84188
0.88268
0.83295
0.84486
0.88408
0.83975
0.83943
0.84032
0.85672
0.83263
0.84513
0.85655
0.85297
0.83113
0.85806
0.83638
0.82345
0.83052
0.81273
0.85319
0.83523
0.89328
0.84731
0.84919
0.87164
0.83031
0.83627
0.83773
0.87186
0.82995
0.84483
0.83957
0.84799
0.83561
0.84102
0.84341
0.85216
0.85921
0.8647
0.83685
0.84429
0.87136
0.83395
0.85013
0.87314
0.84045
0.86307
0.87569
0.85415
0.83882
0.83737
0.8537
0.83133
0.82539
0.84801
0.82295
0.84232
0.84881
0.8224
0.82788
0.83262
0.83422
0.87751
0.85323
0.85437
0.82979
0.8391
0.83931
0.8353
0.87043
0.8445
0.82968
0.83986
0.86396
0.8762
0.84605
0.86566
0.85323
0.8762
0.85662
0.82821
0.84999
0.83982
0.8456
0.8886
0.88315
0.8517
0.87003
0.86967
0.86022
0.84173
0.86213
0.82769
0.8451
0.86965
0.86025
0.84254
0.82545
0.84259
0.85906
0.85101
0.83553
0.8581
0.83899
0.89562
0.86855
0.85384
0.88483
0.84364
0.82928
0.84825
0.85481
0.85069
0.82764
0.85831
0.83409
0.83202
0.85108
0.87191
0.84603
0.84045
0.82795
0.91079
0.83514
0.83567
0.8665
0.86652
0.8331
0.83941
0.84335
0.84194
0.9165
0.8387
0.84199
0.87977
0.8406
0.8499
0.85704
0.86746
0.85461
0.90518
0.88606
0.86959
