1
187.0000,344.0000,54.0000,122.0000
196.0000,346.0000,53.0000,127.0000
202.0000,348.0000,54.0000,126.0000
216.0000,357.0000,50.0000,121.0000
223.0000,356.0000,54.0000,116.0000
232.0000,354.0000,56.0000,120.0000
243.0000,361.0000,56.0000,119.0000
256.0000,359.0000,54.0000,125.0000
268.0000,355.0000,56.0000,138.0000
280.0000,353.0000,57.0000,137.0000
292.0000,355.0000,60.0000,129.0000
304.0000,355.0000,66.0000,127.0000
320.0000,360.0000,66.0000,123.0000
335.0000,363.0000,66.0000,119.0000
355.0000,365.0000,64.0000,119.0000
374.0000,365.0000,63.0000,126.0000
385.0000,365.0000,71.0000,137.0000
401.0000,379.0000,68.0000,142.0000
412.0000,385.0000,71.0000,133.0000
440.0000,415.0000,55.0000,111.0000
458.0000,419.0000,49.0000,115.0000
460.0000,402.0000,55.0000,124.0000
459.0000,375.0000,61.0000,129.0000
466.0000,363.0000,69.0000,125.0000
486.0000,366.0000,68.0000,126.0000
511.0000,382.0000,71.0000,143.0000
520.0000,382.0000,74.0000,144.0000
531.0000,388.0000,69.0000,150.0000
534.0000,394.0000,65.0000,141.0000
530.0000,393.0000,69.0000,135.0000
523.0000,403.0000,61.0000,130.0000
521.0000,388.0000,67.0000,122.0000
533.0000,359.0000,63.0000,127.0000
586.0000,360.0000,63.0000,127.0000
630.0000,393.0000,71.0000,123.0000
641.0000,405.0000,71.0000,126.0000
631.0000,423.0000,60.0000,144.0000
624.0000,413.0000,53.0000,148.0000
607.0000,407.0000,57.0000,132.0000
2
0
0
0
0
1
596.0000,110.0000,177.0000,267.0000
591.0000,73.0000,201.0000,235.0000
628.0000,100.0000,171.0000,253.0000
634.0000,105.0000,175.0000,239.0000
617.0000,130.0000,186.0000,226.0000
591.0000,164.0000,200.0000,210.0000
524.0000,170.0000,211.0000,203.0000
505.0000,158.0000,212.0000,204.0000
506.0000,140.0000,204.0000,216.0000
526.0000,128.0000,205.0000,244.0000
560.0000,120.0000,178.0000,251.0000
570.0000,117.0000,166.0000,241.0000
565.0000,113.0000,175.0000,223.0000
565.0000,113.0000,205.0000,224.0000
585.0000,134.0000,206.0000,213.0000
602.0000,157.0000,203.0000,204.0000
582.0000,178.0000,220.0000,200.0000
542.0000,180.0000,217.0000,197.0000
562.0000,164.0000,185.0000,224.0000
591.0000,170.0000,167.0000,241.0000
604.0000,179.0000,159.0000,239.0000
624.0000,185.0000,171.0000,235.0000
656.0000,189.0000,191.0000,240.0000
677.0000,227.0000,215.0000,214.0000
631.0000,294.0000,201.0000,235.0000
635.0000,313.0000,203.0000,237.0000
598.0000,386.0000,202.0000,235.0000
609.0000,412.0000,200.0000,232.0000
686.0000,428.0000,203.0000,236.0000
645.0000,429.0000,199.0000,232.0000
692.0000,424.0000,200.0000,234.0000
641.0000,424.0000,200.0000,233.0000
691.0000,419.0000,198.0000,231.0000
691.0000,419.0000,197.0000,230.0000
685.0000,396.0000,197.0000,230.0000
647.0000,404.0000,197.0000,230.0000
689.0000,425.0000,199.0000,233.0000
690.0000,407.0000,198.0000,231.0000
696.0000,405.0000,196.0000,229.0000
687.0000,407.0000,196.0000,229.0000
622.0000,396.0000,195.0000,228.0000
679.0000,389.0000,194.0000,227.0000
682.0000,378.0000,198.0000,232.0000
668.0000,380.0000,199.0000,233.0000
631.0000,389.0000,200.0000,234.0000
671.0000,405.0000,203.0000,238.0000
692.0000,436.0000,202.0000,237.0000
665.0000,437.0000,199.0000,233.0000
626.0000,492.0000,196.0000,229.0000
616.0000,448.0000,197.0000,231.0000
2
0
0
0
0
1
766.0000,283.0000,63.0000,347.0000
768.0000,285.0000,62.0000,346.0000
770.0000,284.0000,61.0000,343.0000
771.0000,285.0000,61.0000,345.0000
772.0000,288.0000,62.0000,343.0000
774.0000,287.0000,61.0000,341.0000
774.0000,288.0000,60.0000,341.0000
775.0000,285.0000,60.0000,347.0000
776.0000,289.0000,59.0000,341.0000
775.0000,287.0000,59.0000,342.0000
774.0000,287.0000,58.0000,344.0000
772.0000,289.0000,59.0000,338.0000
769.0000,287.0000,61.0000,340.0000
768.0000,289.0000,62.0000,334.0000
769.0000,285.0000,61.0000,340.0000
767.0000,285.0000,63.0000,342.0000
