8.8991,8.8333,8.8254,8.825,8.7715,8.868,8.7199,8.6818,8.787,8.8416,8.6398,8.6992,8.6537,8.7275,8.758
0.49809,0.44094,0.52894,0.44893,0.44883,0.43849,0.43921,0.44631,0.43715,0.40447,0.43231,0.44463,0.45426,0.45722,0.4584
0.12992,0.12818,0.12516,0.12476,0.12587,0.12615,0.12514,0.12118,0.12442,0.12424,0.1289,0.12799,0.12463,0.12568,0.12339
0.11461,0.11048,0.11141,0.11352,0.11372,0.11432,0.1141,0.11085,0.11064,0.11327,0.11103,0.1138,0.1179,0.112,0.11452
0.11719,0.11533,0.12888,0.11852,0.11812,0.11815,0.1162,0.11641,0.12009,0.1239,0.11306,0.11719,0.11674,0.11817,0.11731
0.11048,0.10885,0.10874,0.10969,0.10891,0.10675,0.10675,0.10563,0.11232,0.11836,0.10746,0.10816,0.11031,0.10783,0.10944
0.069064,0.06803,0.070198,0.068375,0.070036,0.068922,0.068544,0.065949,0.066764,0.068576,0.067146,0.069346,0.067513,0.068724,0.068228
0.069265,0.067439,0.067144,0.067838,0.06787,0.068127,0.067703,0.065346,0.069698,0.068803,0.068098,0.066781,0.066904,0.06635,0.067577
0.070945,0.06951,0.068296,0.068031,0.069337,0.067709,0.06649,0.068509,0.066082,0.0683,0.067131,0.06828,0.067109,0.067232,0.068114
0.21918,0.2167,0.21973,0.22243,0.2233,0.22116,0.2166,0.2178,0.22232,0.21708,0.21674,0.21835,0.21585,0.21925,0.21927
0.074843,0.078259,0.078478,0.082141,0.080489,0.077901,0.072201,0.072116,0.076775,0.073774,0.071689,0.080926,0.072801,0.079911,0.074995
0.068551,0.067436,0.068032,0.067455,0.067961,0.066483,0.06823,0.067661,0.065017,0.066667,0.065865,0.065338,0.066786,0.065201,0.067125
0.067065,0.067024,0.067054,0.066141,0.068449,0.066613,0.065379,0.070825,0.065658,0.066943,0.065825,0.073514,0.066235,0.065239,0.066547
0.067821,0.06979,0.066947,0.066903,0.06826,0.066572,0.065786,0.064826,0.075136,0.070671,0.065962,0.067891,0.065055,0.065614,0.065734
0.069005,0.069895,0.06961,0.067097,0.070384,0.06469,0.064765,0.065069,0.066434,0.066027,0.064463,0.066869,0.068691,0.0646,0.065966
0.094509,0.093857,0.09167,0.096008,0.090257,0.093686,0.093407,0.0916,0.093416,0.092262,0.091992,0.090455,0.093385,0.095293,0.093061
0.06737,0.06659,0.068444,0.066111,0.065555,0.066096,0.065468,0.063952,0.066214,0.068588,0.064869,0.065768,0.064831,0.065212,0.064702
0.066194,0.069757,0.066259,0.06495,0.066699,0.064704,0.065578,0.064418,0.064116,0.066108,0.064856,0.065018,0.064923,0.065817,0.068706
0.068609,0.066107,0.066462,0.066059,0.067128,0.065843,0.066507,0.067102,0.065236,0.065815,0.066174,0.065962,0.067649,0.067395,0.066745
0.18677,0.18428,0.17891,0.18128,0.17759,0.18155,0.17767,0.17737,0.18389,0.25213,0.18124,0.17936,0.17714,0.17859,0.18189
0.067767,0.065435,0.069116,0.065887,0.065015,0.066727,0.064169,0.065349,0.064479,0.065216,0.066157,0.065772,0.065167,0.065546,0.065585
0.091739,0.090106,0.09,0.093358,0.092037,0.088825,0.089689,0.089382,0.090037,0.092225,0.095393,0.087835,0.087437,0.09071,0.089346
0.07399,0.070326,0.068006,0.069524,0.072222,0.070486,0.071842,0.069994,0.066623,0.072963,0.068286,0.069336,0.069102,0.068922,0.067921
0.06711,0.067762,0.069033,0.070271,0.066948,0.066066,0.069278,0.06399,0.066322,0.066684,0.064908,0.065916,0.065787,0.065355,0.065421
0.068664,0.068031,0.067405,0.066681,0.068508,0.066927,0.066283,0.067225,0.065372,0.06993,0.065225,0.066118,0.064434,0.072312,0.065379
0.066605,0.068828,0.065094,0.065933,0.068046,0.065567,0.065442,0.067264,0.065116,0.067517,0.065223,0.069187,0.063814,0.064342,0.067135
0.067297,0.066419,0.066497,0.066586,0.068775,0.065856,0.065473,0.065201,0.06489,0.067916,0.065015,0.064457,0.066063,0.065019,0.065012
0.094188,0.094595,0.090935,0.089668,0.092399,0.090761,0.086409,0.090083,0.091157,0.093516,0.090714,0.090789,0.086951,0.090585,0.092829
0.070688,0.068507,0.06761,0.065701,0.067083,0.067097,0.065225,0.064632,0.064582,0.066648,0.064259,0.066304,0.064361,0.065039,0.06588
0.18196,0.18324,0.17933,0.18882,0.18347,0.17579,0.17777,0.17705,0.17782,0.18229,0.1801,0.18084,0.18009,0.17985,0.18093
0.073096,0.072969,0.072814,0.074114,0.074345,0.072527,0.071543,0.074144,0.072193,0.074257,0.073439,0.079914,0.072689,0.072304,0.072507
0.068266,0.067193,0.067869,0.067153,0.067007,0.06621,0.066719,0.067866,0.065841,0.067818,0.067619,0.068343,0.066173,0.06609,0.066718
0.07847,0.075846,0.078652,0.07446,0.073771,0.072993,0.07251,0.074664,0.072666,0.068798,0.072693,0.073229,0.072477,0.078224,0.072454
0.10058,0.097019,0.099147,0.098932,0.095978,0.095379,0.094777,0.092734,0.094687,0.091699,0.093124,0.093348,0.092436,0.096029,0.095552
0.07413,0.07282,0.072362,0.071415,0.074778,0.076735,0.071668,0.073189,0.072825,0.074231,0.071411,0.071991,0.073865,0.070655,0.073245
0.072599,0.066368,0.07073,0.067936,0.070015,0.070211,0.073364,0.070094,0.068661,0.069304,0.066377,0.072848,0.06527,0.068317,0.067266
0.067098,0.069676,0.066201,0.065207,0.066003,0.066449,0.064775,0.064978,0.064966,0.069318,0.070174,0.066819,0.069593,0.065395,0.075043
0.068847,0.069432,0.067115,0.072013,0.069176,0.065701,0.065705,0.068121,0.064331,0.069812,0.066431,0.065853,0.066,0.065197,0.066314
0.066832,0.06676,0.066486,0.066586,0.066121,0.065025,0.067648,0.064911,0.067285,0.067799,0.066391,0.06597,0.066545,0.065941,0.065619
0.19893,0.19712,0.19581,0.20231,0.19601,0.19606,0.19853,0.1956,0.19841,0.19628,0.20291,0.19531,0.19548,0.20289,0.19744
0.068156,0.064628,0.067903,0.066951,0.067481,0.066575,0.066397,0.07181,0.066434,0.06682,0.065293,0.066917,0.064618,0.066108,0.066296
0.066268,0.067757,0.067305,0.066663,0.069547,0.068468,0.068262,0.065709,0.065539,0.066059,0.073789,0.065756,0.072877,0.067172,0.070968
0.068422,0.067706,0.067157,0.066133,0.069582,0.065418,0.067906,0.064477,0.06517,0.06892,0.066443,0.068482,0.069339,0.065811,0.074866
0.067322,0.067888,0.068884,0.065485,0.066513,0.064975,0.063698,0.064207,0.063865,0.064843,0.065139,0.065751,0.064282,0.06931,0.065128
0.06857,0.066376,0.068263,0.065479,0.066441,0.065339,0.064887,0.065745,0.065721,0.066555,0.065335,0.065735,0.064919,0.065432,0.067849
0.089694,0.089928,0.096744,0.090911,0.08883,0.089823,0.087187,0.089573,0.092536,0.087616,0.092719,0.087972,0.08684,0.091561,0.088252
0.06815,0.06875,0.066767,0.06712,0.06618,0.066449,0.064149,0.064993,0.0649,0.064239,0.066097,0.064849,0.064139,0.066725,0.066404
0.066534,0.067862,0.066162,0.065316,0.065223,0.065916,0.065406,0.065613,0.065158,0.065638,0.06579,0.065202,0.065871,0.064726,0.065191
0.070474,0.068265,0.066036,0.066247,0.067074,0.065553,0.064693,0.064892,0.065239,0.067447,0.066383,0.066543,0.068124,0.065189,0.066733
0.17993,0.18338,0.17717,0.17763,0.17889,0.17561,0.17376,0.17574,0.17554,0.17683,0.17706,0.17891,0.17725,0.17444,0.17794
0.067048,0.066365,0.065565,0.072804,0.06549,0.064776,0.063781,0.063766,0.062971,0.067904,0.064955,0.066843,0.065234,0.065047,0.064871
0.090873,0.09275,0.090067,0.090889,0.094477,0.091491,0.092304,0.088047,0.089189,0.089808,0.089148,0.08973,0.090462,0.088173,0.088667
0.067718,0.068158,0.066365,0.069082,0.065737,0.065764,0.064736,0.064471,0.06505,0.066148,0.066413,0.065436,0.065459,0.068151,0.06557
0.066492,0.064604,0.065522,0.06532,0.065031,0.067003,0.066922,0.064895,0.065209,0.065374,0.065794,0.065363,0.065268,0.065181,0.064714
0.0677,0.067062,0.067865,0.065518,0.066536,0.066067,0.065671,0.069122,0.066706,0.065463,0.067578,0.066997,0.065264,0.064585,0.064712
0.066244,0.065421,0.066913,0.064979,0.066012,0.06686,0.064662,0.065744,0.064553,0.065482,0.064997,0.065122,0.065159,0.064925,0.065993
0.069503,0.067982,0.069119,0.066533,0.065168,0.066404,0.068305,0.064907,0.066955,0.066428,0.066283,0.066243,0.067535,0.067165,0.065605
0.092367,0.092094,0.088774,0.089883,0.090057,0.091299,0.087999,0.090111,0.090711,0.089527,0.089541,0.091,0.086833,0.088523,0.092681
0.067503,0.065643,0.067172,0.068325,0.066513,0.070153,0.06547,0.065025,0.065868,0.065374,0.066537,0.066106,0.065425,0.067197,0.066234
0.17481,0.1772,0.17663,0.17721,0.17516,0.17572,0.17586,0.1753,0.17753,0.17852,0.17485,0.17541,0.17595,0.17379,0.17761
0.069126,0.06914,0.065588,0.064579,0.065781,0.067334,0.064699,0.064975,0.06509,0.065927,0.065195,0.067353,0.064472,0.065061,0.064684
0.069154,0.065824,0.066918,0.064719,0.066657,0.064796,0.065073,0.067642,0.068368,0.067346,0.068045,0.064752,0.065324,0.06444,0.067347
0.068665,0.067442,0.066397,0.068919,0.072678,0.065574,0.065441,0.067092,0.066015,0.066552,0.065753,0.065931,0.066509,0.066188,0.066928
0.091368,0.097626,0.093402,0.099804,0.092334,0.094013,0.09135,0.091776,0.095325,0.093086,0.096963,0.094292,0.094741,0.095126,0.092471
0.066741,0.067637,0.06701,0.067278,0.066269,0.066629,0.066979,0.066545,0.066791,0.066016,0.067518,0.068535,0.06631,0.065085,0.068579
0.066851,0.067335,0.067973,0.066912,0.066995,0.067361,0.069198,0.065136,0.065226,0.066003,0.067107,0.065667,0.066265,0.065605,0.066631
0.068076,0.067396,0.067777,0.066688,0.068102,0.06552,0.071262,0.06567,0.066329,0.06796,0.067657,0.068284,0.065286,0.068867,0.067502
0.067074,0.066553,0.066038,0.065017,0.065022,0.064701,0.067365,0.065808,0.064753,0.066169,0.064522,0.066472,0.065289,0.070704,0.066542
0.067148,0.067572,0.066868,0.065761,0.066014,0.068672,0.066161,0.067054,0.066395,0.067325,0.069577,0.068017,0.067484,0.066303,0.066204
0.20092,0.20153,0.20463,0.19943,0.19784,0.2002,0.19674,0.20565,0.20181,0.20111,0.20562,0.2034,0.19658,0.20248,0.20085
0.06665,0.068371,0.066251,0.065891,0.065573,0.067095,0.065527,0.066762,0.064636,0.066228,0.065801,0.065657,0.066267,0.06599,0.065466
0.068696,0.068367,0.069454,0.067923,0.066501,0.069103,0.068699,0.065606,0.066999,0.069828,0.065938,0.066928,0.067297,0.066751,0.067275
0.06912,0.068444,0.068098,0.068559,0.068107,0.065424,0.065968,0.06695,0.066056,0.069699,0.070083,0.066964,0.069822,0.069527,0.066666
0.068101,0.068337,0.067641,0.065947,0.066801,0.066188,0.067421,0.066484,0.069451,0.071285,0.067307,0.066973,0.06613,0.068144,0.069406
0.068536,0.068563,0.069205,0.067774,0.068844,0.065389,0.068236,0.066331,0.066199,0.069093,0.066827,0.069307,0.069042,0.067643,0.068524
0.0903,0.092387,0.090474,0.092589,0.093642,0.089699,0.092063,0.088979,0.090536,0.089856,0.089774,0.090558,0.088017,0.095945,0.088925
0.067762,0.068896,0.068114,0.067977,0.067301,0.06897,0.067153,0.066183,0.067193,0.068267,0.06571,0.06844,0.067232,0.06717,0.067439
0.06748,0.068949,0.067206,0.066866,0.06739,0.068109,0.067779,0.066718,0.068363,0.067969,0.066117,0.068836,0.065872,0.069162,0.0673
0.068482,0.069314,0.068526,0.069735,0.067499,0.065886,0.068175,0.068277,0.067038,0.066254,0.067281,0.066657,0.066646,0.06664,0.068843
0.18058,0.1774,0.17762,0.17822,0.17835,0.17685,0.17566,0.17821,0.17851,0.17908,0.18464,0.17987,0.17519,0.17943,0.17783
0.069181,0.066511,0.066792,0.067489,0.066566,0.066661,0.065206,0.065604,0.067259,0.065954,0.066053,0.068247,0.068278,0.065382,0.066702
0.09648,0.091311,0.090329,0.091597,0.090611,0.085983,0.089545,0.094424,0.090661,0.090162,0.090893,0.091441,0.09182,0.091054,0.089258
0.067968,0.068595,0.069176,0.068016,0.06754,0.068643,0.066942,0.069634,0.066892,0.068739,0.065681,0.067306,0.067026,0.067305,0.067194
0.075292,0.068477,0.067267,0.067712,0.071177,0.066156,0.067183,0.066978,0.065971,0.067462,0.06659,0.06544,0.066611,0.065139,0.070324
0.07117,0.067722,0.06877,0.070854,0.067877,0.06747,0.069545,0.066626,0.06636,0.067484,0.067952,0.067278,0.068037,0.066625,0.068942
0.068244,0.0684,0.066783,0.06799,0.069091,0.067323,0.066438,0.06663,0.066324,0.067501,0.066335,0.066997,0.065754,0.06675,0.067179
0.068761,0.070703,0.068185,0.068201,0.068289,0.068015,0.067082,0.065892,0.067251,0.067681,0.068057,0.067411,0.06725,0.06731,0.068238
0.095503,0.093302,0.090612,0.090731,0.093874,0.091966,0.091959,0.091725,0.089013,0.09234,0.089514,0.096057,0.091651,0.089973,0.095917
0.068389,0.070552,0.068605,0.068332,0.067801,0.067304,0.067539,0.067039,0.066897,0.068345,0.070685,0.069194,0.069293,0.068544,0.069471
0.17978,0.1783,0.17932,0.17753,0.17773,0.18077,0.18013,0.17666,0.17692,0.18175,0.18658,0.17954,0.17686,0.17695,0.17796
0.070544,0.067443,0.068808,0.06764,0.066175,0.066594,0.068249,0.06548,0.065892,0.068496,0.067032,0.067555,0.066278,0.066182,0.066952
0.069954,0.068393,0.069552,0.0717,0.069263,0.067555,0.068564,0.067114,0.066407,0.069879,0.072142,0.070873,0.06786,0.067289,0.067681
0.070661,0.0695,0.068995,0.070616,0.068211,0.067926,0.068063,0.068106,0.066826,0.068494,0.070213,0.067835,0.072506,0.067817,0.069746
0.090842,0.089629,0.089565,0.093123,0.093982,0.091197,0.089437,0.091039,0.089634,0.092167,0.095291,0.092588,0.089145,0.091557,0.091289
0.072252,0.068339,0.069567,0.068713,0.069277,0.067529,0.067727,0.067694,0.06779,0.068953,0.070297,0.06943,0.069925,0.06816,0.068675
0.071092,0.068989,0.070082,0.068912,0.067625,0.070325,0.070366,0.067638,0.067542,0.074179,0.069311,0.068379,0.067831,0.069486,0.067607
0.069621,0.070485,0.069176,0.068258,0.068627,0.068871,0.068387,0.069399,0.068651,0.069634,0.068771,0.067536,0.067366,0.067143,0.067334
0.068976,0.070041,0.068411,0.067246,0.067367,0.067772,0.070697,0.066636,0.07086,0.068047,0.067448,0.066848,0.065508,0.066694,0.066579
0.067954,0.067341,0.069573,0.06764,0.067363,0.067578,0.066684,0.06728,0.066015,0.067146,0.067184,0.066588,0.067046,0.065947,0.068995
0.20476,0.20393,0.20339,0.20109,0.21078,0.19916,0.20245,0.2013,0.20485,0.20269,0.20325,0.20284,0.20429,0.20118,0.19628
0.066763,0.066756,0.067124,0.066195,0.067892,0.065311,0.066516,0.065969,0.067894,0.067589,0.065962,0.066078,0.066659,0.065447,0.065806
0.070126,0.068174,0.068946,0.068955,0.066094,0.06688,0.065536,0.066012,0.066922,0.067349,0.073203,0.06602,0.065489,0.066802,0.069266
0.068203,0.068709,0.10227,0.066992,0.066534,0.066608,0.065508,0.065227,0.0666,0.067668,0.066063,0.069501,0.06896,0.066084,0.066394
0.06725,0.067579,0.021104,0.070133,0.067081,0.067516,0.066927,0.066839,0.066093,0.067423,0.067491,0.067248,0.066235,0.065468,0.066609
0.068009,0.068759,0.06824,0.068797,0.069397,0.065953,0.067169,0.066754,0.069799,0.068856,0.066161,0.069068,0.074131,0.067226,0.066485
0.09138,0.09107,0.092008,0.090083,0.089609,0.093495,0.09039,0.088166,0.088219,0.093188,0.088523,0.088675,0.089469,0.093602,0.088872
0.068836,0.067741,0.067362,0.069342,0.069513,0.067617,0.065902,0.067511,0.066051,0.06668,0.065688,0.067003,0.067271,0.066305,0.070482
0.069228,0.067474,0.066851,0.066456,0.068305,0.068106,0.065882,0.069938,0.067354,0.066375,0.06723,0.065307,0.073486,0.065899,0.067659
0.067413,0.066257,0.069936,0.066238,0.066712,0.065883,0.06668,0.067625,0.065679,0.066995,0.067169,0.066307,0.066369,0.06618,0.068842
0.18218,0.17836,0.18247,0.17753,0.17781,0.1821,0.17732,0.17591,0.18067,0.18,0.1793,0.17897,0.17642,0.17863,0.17782
0.068099,0.067484,0.067036,0.0654,0.066339,0.064352,0.065044,0.063396,0.06518,0.069539,0.064403,0.065948,0.064535,0.068022,0.064704
0.094193,0.090695,0.096504,0.089714,0.091296,0.089087,0.091897,0.089084,0.08853,0.091785,0.089204,0.094252,0.08826,0.095566,0.088144
0.070128,0.066526,0.066843,0.066633,0.066017,0.070318,0.068447,0.065277,0.066108,0.067093,0.066172,0.065588,0.065737,0.067073,0.067294
0.073611,0.07024,0.069535,0.066841,0.07186,0.070764,0.067531,0.067372,0.069071,0.069401,0.069955,0.069208,0.06746,0.067615,0.069593
0.06629,0.068238,0.066121,0.067558,0.06943,0.06613,0.07376,0.066948,0.068598,0.069367,0.066838,0.070352,0.064976,0.065443,0.068966
0.066368,0.066724,0.067074,0.068632,0.067389,0.068654,0.066511,0.064646,0.065673,0.069396,0.065815,0.067691,0.066153,0.066246,0.065795
0.067964,0.068204,0.07033,0.066994,0.069834,0.065859,0.066481,0.065053,0.066574,0.072653,0.073748,0.066215,0.067833,0.066618,0.06973
0.091786,0.093322,0.092528,0.092382,0.090444,0.091189,0.089726,0.088898,0.086139,0.090414,0.092629,0.090187,0.090598,0.090213,0.090035
0.06984,0.068039,0.068224,0.066513,0.068293,0.067066,0.066811,0.064126,0.071202,0.067574,0.068959,0.066828,0.068551,0.066467,0.066689
0.18594,0.18099,0.18127,0.18336,0.18076,0.18745,0.18822,0.18065,0.17799,0.18136,0.18205,0.18334,0.17978,0.18027,0.17988
0.067454,0.067928,0.067882,0.071203,0.066016,0.06589,0.069658,0.065252,0.064877,0.068398,0.069675,0.070147,0.070017,0.065765,0.068129
0.069464,0.068602,0.070083,0.066777,0.070907,0.066325,0.069706,0.065643,0.065965,0.068912,0.066194,0.066572,0.066611,0.065625,0.067321
0.072716,0.06772,0.068035,0.065747,0.067445,0.066322,0.070143,0.065333,0.06574,0.06607,0.065957,0.065501,0.065976,0.068697,0.065867
0.094046,0.088255,0.091365,0.089307,0.089153,0.088774,0.088668,0.086828,0.090628,0.092302,0.08786,0.092639,0.089708,0.087492,0.090722
0.066119,0.067322,0.066873,0.065845,0.066763,0.065601,0.067317,0.065179,0.065811,0.066745,0.067843,0.066237,0.064687,0.065199,0.06604
0.069836,0.066239,0.066992,0.06758,0.066469,0.063953,0.064834,0.063933,0.064393,0.068692,0.065319,0.065316,0.065101,0.065559,0.065481
0.067444,0.06681,0.069011,0.066613,0.066027,0.065312,0.065183,0.064566,0.064989,0.065784,0.066311,0.066687,0.065285,0.065445,0.067004
0.066962,0.067333,0.0673,0.065529,0.072651,0.069061,0.065402,0.065385,0.065847,0.066214,0.065455,0.067103,0.064934,0.065222,0.06599
0.070462,0.067247,0.06631,0.067931,0.066533,0.064929,0.065632,0.065089,0.064734,0.066347,0.06626,0.065561,0.065291,0.065044,0.070207
0.20646,0.20189,0.206,0.2053,0.20853,0.20424,0.20343,0.2026,0.20177,0.20231,0.21035,0.20445,0.2123,0.20581,0.20541
0.065052,0.065079,0.064674,0.064998,0.067477,0.063889,0.063866,0.06392,0.063579,0.067158,0.064417,0.064006,0.063721,0.06924,0.068492
