0.01968,0.021839,0.019999,0,0,0,0,0,0,0,0,0,0,0,0
0.030417,0.030153,0.029264,0,0,0,0,0,0,0,0,0,0,0,0
0.028903,0.030666,0.030183,0,0,0,0,0,0,0,0,0,0,0,0
0.028238,0.03449,0.027658,0,0,0,0,0,0,0,0,0,0,0,0
0.028996,0.029619,0.028921,0,0,0,0,0,0,0,0,0,0,0,0
0.028238,0.036209,0.028746,0,0,0,0,0,0,0,0,0,0,0,0
0.028135,0.033597,0.028581,0,0,0,0,0,0,0,0,0,0,0,0
0.028632,0.03518,0.030521,0,0,0,0,0,0,0,0,0,0,0,0
0.036265,0.028841,0.036288,0,0,0,0,0,0,0,0,0,0,0,0
0.028295,0.029356,0.032709,0,0,0,0,0,0,0,0,0,0,0,0
0.031846,0.036568,0.028958,0,0,0,0,0,0,0,0,0,0,0,0
0.02912,0.039116,0.028859,0,0,0,0,0,0,0,0,0,0,0,0
0.028674,0.037794,0.030047,0,0,0,0,0,0,0,0,0,0,0,0
0.030624,0.032405,0.028178,0,0,0,0,0,0,0,0,0,0,0,0
0.037965,0.031208,0.028581,0,0,0,0,0,0,0,0,0,0,0,0
0.02981,0.029756,0.029669,0,0,0,0,0,0,0,0,0,0,0,0
0.028646,0.028589,0.027823,0,0,0,0,0,0,0,0,0,0,0,0
0.029189,0.02773,0.028774,0,0,0,0,0,0,0,0,0,0,0,0
0.029504,0.028014,0.028764,0,0,0,0,0,0,0,0,0,0,0,0
0.033255,0.028141,0.029534,0,0,0,0,0,0,0,0,0,0,0,0
0.030566,0.030626,0.028451,0,0,0,0,0,0,0,0,0,0,0,0
0.030269,0.029856,0.029236,0,0,0,0,0,0,0,0,0,0,0,0
0.028865,0.02949,0.028747,0,0,0,0,0,0,0,0,0,0,0,0
0.028853,0.029613,0.028018,0,0,0,0,0,0,0,0,0,0,0,0
0.032402,0.029686,0.028027,0,0,0,0,0,0,0,0,0,0,0,0
0.03312,0.030174,0.029197,0,0,0,0,0,0,0,0,0,0,0,0
0.028111,0.028829,0.028897,0,0,0,0,0,0,0,0,0,0,0,0
0.027903,0.028049,0.030484,0,0,0,0,0,0,0,0,0,0,0,0
0.028809,0.027589,0.029417,0,0,0,0,0,0,0,0,0,0,0,0
0.028981,0.028269,0.029062,0,0,0,0,0,0,0,0,0,0,0,0
0.031396,0.029585,0.030132,0,0,0,0,0,0,0,0,0,0,0,0
0.028785,0.028331,0.029317,0,0,0,0,0,0,0,0,0,0,0,0
0.028959,0.029748,0.028112,0,0,0,0,0,0,0,0,0,0,0,0
0.028932,0.029381,0.029151,0,0,0,0,0,0,0,0,0,0,0,0
0.028724,0.027839,0.02861,0,0,0,0,0,0,0,0,0,0,0,0
0.029193,0.02771,0.029503,0,0,0,0,0,0,0,0,0,0,0,0
0.02839,0.028978,0.029392,0,0,0,0,0,0,0,0,0,0,0,0
0.028039,0.028377,0.0288,0,0,0,0,0,0,0,0,0,0,0,0
0.029447,0.027979,0.02918,0,0,0,0,0,0,0,0,0,0,0,0
0.028697,0.028026,0.029585,0,0,0,0,0,0,0,0,0,0,0,0
0.027877,0.028418,0.028457,0,0,0,0,0,0,0,0,0,0,0,0
0.02822,0.028767,0.029326,0,0,0,0,0,0,0,0,0,0,0,0
0.028814,0.028242,0.028509,0,0,0,0,0,0,0,0,0,0,0,0
0.02889,0.028131,0.028687,0,0,0,0,0,0,0,0,0,0,0,0
0.032944,0.028388,0.028068,0,0,0,0,0,0,0,0,0,0,0,0
0.028798,0.028149,0.02884,0,0,0,0,0,0,0,0,0,0,0,0
0.028971,0.028223,0.027799,0,0,0,0,0,0,0,0,0,0,0,0
0.028841,0.028405,0.029073,0,0,0,0,0,0,0,0,0,0,0,0
0.029088,0.028636,0.028874,0,0,0,0,0,0,0,0,0,0,0,0
0.029747,0.028117,0.028941,0,0,0,0,0,0,0,0,0,0,0,0
0.027914,0.028049,0.028933,0,0,0,0,0,0,0,0,0,0,0,0
0.028095,0.02909,0.028363,0,0,0,0,0,0,0,0,0,0,0,0
0.027425,0.027507,0.028523,0,0,0,0,0,0,0,0,0,0,0,0
0.028387,0.028102,0.028184,0,0,0,0,0,0,0,0,0,0,0,0
0.032094,0.027757,0.028261,0,0,0,0,0,0,0,0,0,0,0,0
0.028976,0.028032,0.032116,0,0,0,0,0,0,0,0,0,0,0,0
0.032288,0.032308,0.029842,0,0,0,0,0,0,0,0,0,0,0,0
0.028124,0.029381,0.031024,0,0,0,0,0,0,0,0,0,0,0,0
0.028364,0.027613,0.031637,0,0,0,0,0,0,0,0,0,0,0,0
0.028907,0.028193,0.029595,0,0,0,0,0,0,0,0,0,0,0,0
0.028687,0.028751,0.031696,0,0,0,0,0,0,0,0,0,0,0,0
0.03004,0.028127,0.031373,0,0,0,0,0,0,0,0,0,0,0,0
0.031311,0.027835,0.030688,0,0,0,0,0,0,0,0,0,0,0,0
0.029966,0.028551,0.032191,0,0,0,0,0,0,0,0,0,0,0,0
0.027744,0.029174,0.031505,0,0,0,0,0,0,0,0,0,0,0,0
0.028275,0.029349,0.030296,0,0,0,0,0,0,0,0,0,0,0,0
0.027877,0.028738,0.030352,0,0,0,0,0,0,0,0,0,0,0,0
0.028727,0.028283,0.032057,0,0,0,0,0,0,0,0,0,0,0,0
0.02934,0.028652,0.031627,0,0,0,0,0,0,0,0,0,0,0,0
0.028238,0.02954,0.029694,0,0,0,0,0,0,0,0,0,0,0,0
0.029258,0.029168,0.028505,0,0,0,0,0,0,0,0,0,0,0,0
0.029229,0.028264,0.028602,0,0,0,0,0,0,0,0,0,0,0,0
0.028805,0.028454,0.030925,0,0,0,0,0,0,0,0,0,0,0,0
0.029233,0.028729,0.028982,0,0,0,0,0,0,0,0,0,0,0,0
0.032068,0.028503,0.028308,0,0,0,0,0,0,0,0,0,0,0,0
0.039267,0.028439,0.032801,0,0,0,0,0,0,0,0,0,0,0,0
0.034246,0.02867,0.027918,0,0,0,0,0,0,0,0,0,0,0,0
0.028873,0.029786,0.028174,0,0,0,0,0,0,0,0,0,0,0,0
0.029786,0.02952,0.028406,0,0,0,0,0,0,0,0,0,0,0,0
0.031859,0.030175,0.029156,0,0,0,0,0,0,0,0,0,0,0,0
0.028625,0.03104,0.028979,0,0,0,0,0,0,0,0,0,0,0,0
0.02862,0.028882,0.028199,0,0,0,0,0,0,0,0,0,0,0,0
0.029708,0.028702,0.030024,0,0,0,0,0,0,0,0,0,0,0,0
0.028553,0.027773,0.029785,0,0,0,0,0,0,0,0,0,0,0,0
0.028557,0.028099,0.029633,0,0,0,0,0,0,0,0,0,0,0,0
0.028813,0.028106,0.028752,0,0,0,0,0,0,0,0,0,0,0,0
0.02922,0.028264,0.028418,0,0,0,0,0,0,0,0,0,0,0,0
0.02841,0.028541,0.029523,0,0,0,0,0,0,0,0,0,0,0,0
0.028942,0.027763,0.028484,0,0,0,0,0,0,0,0,0,0,0,0
0.02886,0.028,0.029636,0,0,0,0,0,0,0,0,0,0,0,0
0.028067,0.028092,0.029208,0,0,0,0,0,0,0,0,0,0,0,0
0.028123,0.027539,0.028798,0,0,0,0,0,0,0,0,0,0,0,0
0.027789,0.027861,0.027974,0,0,0,0,0,0,0,0,0,0,0,0
0.028054,0.027983,0.028491,0,0,0,0,0,0,0,0,0,0,0,0
0.029074,0.029054,0.029998,0,0,0,0,0,0,0,0,0,0,0,0
0.028564,0.028178,0.0287,0,0,0,0,0,0,0,0,0,0,0,0
0.028529,0.028341,0.029826,0,0,0,0,0,0,0,0,0,0,0,0
0.029305,0.028427,0.030139,0,0,0,0,0,0,0,0,0,0,0,0
0.028242,0.027803,0.029666,0,0,0,0,0,0,0,0,0,0,0,0
0.029055,0.027805,0.033082,0,0,0,0,0,0,0,0,0,0,0,0
0.027942,0.029275,0.028844,0,0,0,0,0,0,0,0,0,0,0,0
0.028354,0.027775,0.028839,0,0,0,0,0,0,0,0,0,0,0,0
0.027846,0.028845,0.028186,0,0,0,0,0,0,0,0,0,0,0,0
0.031581,0.027902,0.028615,0,0,0,0,0,0,0,0,0,0,0,0
0.029844,0.027641,0.031063,0,0,0,0,0,0,0,0,0,0,0,0
0.028464,0.027937,0.030332,0,0,0,0,0,0,0,0,0,0,0,0
0.028509,0.028516,0.028293,0,0,0,0,0,0,0,0,0,0,0,0
0.027828,0.028652,0.02769,0,0,0,0,0,0,0,0,0,0,0,0
0.029445,0.027449,0.032764,0,0,0,0,0,0,0,0,0,0,0,0
0.029026,0.027927,0.02858,0,0,0,0,0,0,0,0,0,0,0,0
0.02846,0.027798,0.029295,0,0,0,0,0,0,0,0,0,0,0,0
0.028842,0.027981,0.031156,0,0,0,0,0,0,0,0,0,0,0,0
0.030722,0.028374,0.029861,0,0,0,0,0,0,0,0,0,0,0,0
0.028145,0.028079,0.02858,0,0,0,0,0,0,0,0,0,0,0,0
0.028347,0.029206,0.029054,0,0,0,0,0,0,0,0,0,0,0,0
0.028006,0.029517,0.028723,0,0,0,0,0,0,0,0,0,0,0,0
0.02799,0.027999,0.028658,0,0,0,0,0,0,0,0,0,0,0,0
0.028601,0.027685,0.030277,0,0,0,0,0,0,0,0,0,0,0,0
0.029353,0.028381,0.03111,0,0,0,0,0,0,0,0,0,0,0,0
0.028179,0.027568,0.029178,0,0,0,0,0,0,0,0,0,0,0,0
0.028559,0.027833,0.029737,0,0,0,0,0,0,0,0,0,0,0,0
0.028396,0.027389,0.031083,0,0,0,0,0,0,0,0,0,0,0,0
0.029233,0.027825,0.028481,0,0,0,0,0,0,0,0,0,0,0,0
0.028293,0.027451,0.028469,0,0,0,0,0,0,0,0,0,0,0,0
0.028825,0.029549,0.027704,0,0,0,0,0,0,0,0,0,0,0,0
0.028193,0.02807,0.027968,0,0,0,0,0,0,0,0,0,0,0,0
0.027951,0.027406,0.028537,0,0,0,0,0,0,0,0,0,0,0,0
0.028022,0.027803,0.028008,0,0,0,0,0,0,0,0,0,0,0,0
0.028298,0.031435,0.032942,0,0,0,0,0,0,0,0,0,0,0,0
0.028805,0.031335,0.02872,0,0,0,0,0,0,0,0,0,0,0,0
0.029431,0.028357,0.030285,0,0,0,0,0,0,0,0,0,0,0,0
0.029213,0.028157,0.030065,0,0,0,0,0,0,0,0,0,0,0,0
0.027919,0.027544,0.028614,0,0,0,0,0,0,0,0,0,0,0,0
0.028722,0.029463,0.029793,0,0,0,0,0,0,0,0,0,0,0,0
0.030626,0.027945,0.02882,0,0,0,0,0,0,0,0,0,0,0,0
0.032793,0.028069,0.028541,0,0,0,0,0,0,0,0,0,0,0,0
0.028978,0.029244,0.027986,0,0,0,0,0,0,0,0,0,0,0,0
0.032237,0.029267,0.028252,0,0,0,0,0,0,0,0,0,0,0,0
0.02905,0.027649,0.029077,0,0,0,0,0,0,0,0,0,0,0,0
0.029783,0.028179,0.030106,0,0,0,0,0,0,0,0,0,0,0,0
0.034311,0.028587,0.030592,0,0,0,0,0,0,0,0,0,0,0,0
0.027711,0.02976,0.027991,0,0,0,0,0,0,0,0,0,0,0,0
0.028085,0.028028,0.029981,0,0,0,0,0,0,0,0,0,0,0,0
0.031112,0.030177,0.029598,0,0,0,0,0,0,0,0,0,0,0,0
0.030385,0.029356,0.033252,0,0,0,0,0,0,0,0,0,0,0,0
0.030324,0.027795,0.030058,0,0,0,0,0,0,0,0,0,0,0,0
0.029755,0.027784,0.02779,0,0,0,0,0,0,0,0,0,0,0,0
0.028049,0.027794,0.028061,0,0,0,0,0,0,0,0,0,0,0,0
0.028711,0.027508,0.027287,0,0,0,0,0,0,0,0,0,0,0,0
0.028301,0.027836,0.028845,0,0,0,0,0,0,0,0,0,0,0,0
0.030206,0.029579,0.029574,0,0,0,0,0,0,0,0,0,0,0,0
0.029961,0.028069,0.028222,0,0,0,0,0,0,0,0,0,0,0,0
0.028527,0.02802,0.028302,0,0,0,0,0,0,0,0,0,0,0,0
0.029771,0.028688,0.032913,0,0,0,0,0,0,0,0,0,0,0,0
0.028764,0.028251,0.028521,0,0,0,0,0,0,0,0,0,0,0,0
0.028233,0.029822,0.030367,0,0,0,0,0,0,0,0,0,0,0,0
0.028993,0.02839,0.030115,0,0,0,0,0,0,0,0,0,0,0,0
0.028454,0.027994,0.028614,0,0,0,0,0,0,0,0,0,0,0,0
0.029019,0.027734,0.030912,0,0,0,0,0,0,0,0,0,0,0,0
0.028235,0.027625,0.029099,0,0,0,0,0,0,0,0,0,0,0,0
0.028325,0.027709,0.028051,0,0,0,0,0,0,0,0,0,0,0,0
0.029354,0.029076,0.027766,0,0,0,0,0,0,0,0,0,0,0,0
0.028908,0.028874,0.028808,0,0,0,0,0,0,0,0,0,0,0,0
0.028598,0.029598,0.029945,0,0,0,0,0,0,0,0,0,0,0,0
0.030201,0.02854,0.028367,0,0,0,0,0,0,0,0,0,0,0,0
0.02865,0.028137,0.027918,0,0,0,0,0,0,0,0,0,0,0,0
0.028042,0.030585,0.028585,0,0,0,0,0,0,0,0,0,0,0,0
0.032244,0.027864,0.028157,0,0,0,0,0,0,0,0,0,0,0,0
0.029425,0.027564,0.028538,0,0,0,0,0,0,0,0,0,0,0,0
0.02898,0.027932,0.035466,0,0,0,0,0,0,0,0,0,0,0,0
0.028242,0.027726,0.02813,0,0,0,0,0,0,0,0,0,0,0,0
0.02883,0.029175,0.028213,0,0,0,0,0,0,0,0,0,0,0,0
0.033554,0.028078,0.028214,0,0,0,0,0,0,0,0,0,0,0,0
0.028957,0.030055,0.028324,0,0,0,0,0,0,0,0,0,0,0,0
0.028053,0.027607,0.028001,0,0,0,0,0,0,0,0,0,0,0,0
0.03018,0.027487,0.029792,0,0,0,0,0,0,0,0,0,0,0,0
0.028689,0.028674,0.031611,0,0,0,0,0,0,0,0,0,0,0,0
0.029163,0.029013,0.028255,0,0,0,0,0,0,0,0,0,0,0,0
0.028529,0.027704,0.027848,0,0,0,0,0,0,0,0,0,0,0,0
0.028541,0.027617,0.028413,0,0,0,0,0,0,0,0,0,0,0,0
0.029553,0.02767,0.028013,0,0,0,0,0,0,0,0,0,0,0,0
0.032951,0.02759,0.028339,0,0,0,0,0,0,0,0,0,0,0,0
0.028973,0.029732,0.028606,0,0,0,0,0,0,0,0,0,0,0,0
0.028179,0.027516,0.028522,0,0,0,0,0,0,0,0,0,0,0,0
0.028201,0.027691,0.027949,0,0,0,0,0,0,0,0,0,0,0,0
0.028479,0.027483,0.029204,0,0,0,0,0,0,0,0,0,0,0,0
0.028522,0.02843,0.028625,0,0,0,0,0,0,0,0,0,0,0,0
0.027898,0.030957,0.031201,0,0,0,0,0,0,0,0,0,0,0,0
0.027735,0.028179,0.030838,0,0,0,0,0,0,0,0,0,0,0,0
0.028441,0.032477,0.027959,0,0,0,0,0,0,0,0,0,0,0,0
0.029204,0.028841,0.030246,0,0,0,0,0,0,0,0,0,0,0,0
0.028083,0.028783,0.02968,0,0,0,0,0,0,0,0,0,0,0,0
0.028689,0.029204,0.032356,0,0,0,0,0,0,0,0,0,0,0,0
0.031025,0.027992,0.028759,0,0,0,0,0,0,0,0,0,0,0,0
0.033461,0.02789,0.02827,0,0,0,0,0,0,0,0,0,0,0,0
0.032783,0.027453,0.028457,0,0,0,0,0,0,0,0,0,0,0,0
0.029181,0.028165,0.028297,0,0,0,0,0,0,0,0,0,0,0,0
0.029636,0.029607,0.028977,0,0,0,0,0,0,0,0,0,0,0,0
0.028617,0.028199,0.028685,0,0,0,0,0,0,0,0,0,0,0,0
0.03215,0.031054,0.029094,0,0,0,0,0,0,0,0,0,0,0,0
0.029388,0.027757,0.029702,0,0,0,0,0,0,0,0,0,0,0,0
0.029336,0.02808,0.029274,0,0,0,0,0,0,0,0,0,0,0,0
0.029361,0.029042,0.028354,0,0,0,0,0,0,0,0,0,0,0,0
0.030239,0.028152,0.028794,0,0,0,0,0,0,0,0,0,0,0,0
0.028596,0.028111,0.028069,0,0,0,0,0,0,0,0,0,0,0,0
0.029653,0.027976,0.028339,0,0,0,0,0,0,0,0,0,0,0,0
0.030962,0.028628,0.028181,0,0,0,0,0,0,0,0,0,0,0,0
0.031697,0.027648,0.028468,0,0,0,0,0,0,0,0,0,0,0,0
0.029997,0.027718,0.027986,0,0,0,0,0,0,0,0,0,0,0,0
0.028766,0.027855,0.028256,0,0,0,0,0,0,0,0,0,0,0,0
0.029979,0.030473,0.027889,0,0,0,0,0,0,0,0,0,0,0,0
0.032381,0.028158,0.028636,0,0,0,0,0,0,0,0,0,0,0,0
0.028379,0.029434,0.028549,0,0,0,0,0,0,0,0,0,0,0,0
0.030525,0.027913,0.029379,0,0,0,0,0,0,0,0,0,0,0,0
0.029232,0.028932,0.028068,0,0,0,0,0,0,0,0,0,0,0,0
0.028683,0.027607,0.029756,0,0,0,0,0,0,0,0,0,0,0,0
0.028345,0.027818,0.028229,0,0,0,0,0,0,0,0,0,0,0,0
0.02963,0.029861,0.03018,0,0,0,0,0,0,0,0,0,0,0,0
0.031065,0.028735,0.028017,0,0,0,0,0,0,0,0,0,0,0,0
0.029666,0.030843,0.028249,0,0,0,0,0,0,0,0,0,0,0,0
0.027659,0.029196,0.032533,0,0,0,0,0,0,0,0,0,0,0,0
0.031677,0.028439,0.029883,0,0,0,0,0,0,0,0,0,0,0,0
0.027894,0.029491,0.029145,0,0,0,0,0,0,0,0,0,0,0,0
0.028471,0.029647,0.030235,0,0,0,0,0,0,0,0,0,0,0,0
0.027988,0.029309,0.034562,0,0,0,0,0,0,0,0,0,0,0,0
0.028905,0.030039,0.028367,0,0,0,0,0,0,0,0,0,0,0,0
0.028608,0.028731,0.029005,0,0,0,0,0,0,0,0,0,0,0,0
0.028292,0.027878,0.028132,0,0,0,0,0,0,0,0,0,0,0,0
0.028269,0.029311,0.028397,0,0,0,0,0,0,0,0,0,0,0,0
0.027966,0.027869,0.028606,0,0,0,0,0,0,0,0,0,0,0,0
0.028246,0.028531,0.029184,0,0,0,0,0,0,0,0,0,0,0,0
0.030918,0.029731,0.029942,0,0,0,0,0,0,0,0,0,0,0,0
0.02816,0.028845,0.028474,0,0,0,0,0,0,0,0,0,0,0,0
0.028207,0.029243,0.028836,0,0,0,0,0,0,0,0,0,0,0,0
0.028005,0.029196,0.030882,0,0,0,0,0,0,0,0,0,0,0,0
0.028769,0.029026,0.028597,0,0,0,0,0,0,0,0,0,0,0,0
0.02955,0.029229,0.029942,0,0,0,0,0,0,0,0,0,0,0,0
0.028226,0.029952,0.028225,0,0,0,0,0,0,0,0,0,0,0,0
0.028718,0.028544,0.029661,0,0,0,0,0,0,0,0,0,0,0,0
0.028369,0.029532,0.029482,0,0,0,0,0,0,0,0,0,0,0,0
0.028666,0.028259,0.030098,0,0,0,0,0,0,0,0,0,0,0,0
0.029085,0.028254,0.029085,0,0,0,0,0,0,0,0,0,0,0,0
0.029117,0.028222,0.029089,0,0,0,0,0,0,0,0,0,0,0,0
0.028393,0.028415,0.02817,0,0,0,0,0,0,0,0,0,0,0,0
0.029462,0.027215,0.02862,0,0,0,0,0,0,0,0,0,0,0,0
0.02954,0.028464,0.02931,0,0,0,0,0,0,0,0,0,0,0,0
0.029064,0.028592,0.031745,0,0,0,0,0,0,0,0,0,0,0,0
0.031094,0.0277,0.028498,0,0,0,0,0,0,0,0,0,0,0,0
0.029058,0.029894,0.028099,0,0,0,0,0,0,0,0,0,0,0,0
0.028677,0.02845,0.028358,0,0,0,0,0,0,0,0,0,0,0,0
0.029782,0.029775,0.030992,0,0,0,0,0,0,0,0,0,0,0,0
0.028841,0.027431,0.029942,0,0,0,0,0,0,0,0,0,0,0,0
0.030515,0.027745,0.029454,0,0,0,0,0,0,0,0,0,0,0,0
0.028387,0.028234,0.030472,0,0,0,0,0,0,0,0,0,0,0,0
0.030322,0.027634,0.028921,0,0,0,0,0,0,0,0,0,0,0,0
0.027743,0.027541,0.03033,0,0,0,0,0,0,0,0,0,0,0,0
0.027459,0.027967,0.030104,0,0,0,0,0,0,0,0,0,0,0,0
0.028542,0.027742,0.030557,0,0,0,0,0,0,0,0,0,0,0,0
0.029497,0.028604,0.030163,0,0,0,0,0,0,0,0,0,0,0,0
0.02958,0.028489,0.028814,0,0,0,0,0,0,0,0,0,0,0,0
0.031678,0.028237,0.028884,0,0,0,0,0,0,0,0,0,0,0,0
0.028275,0.027441,0.030322,0,0,0,0,0,0,0,0,0,0,0,0
0.028935,0.02833,0.030137,0,0,0,0,0,0,0,0,0,0,0,0
0.029119,0.027939,0.031035,0,0,0,0,0,0,0,0,0,0,0,0
0.028677,0.028003,0.028651,0,0,0,0,0,0,0,0,0,0,0,0
0.028789,0.029202,0.030076,0,0,0,0,0,0,0,0,0,0,0,0
0.028531,0.028231,0.028215,0,0,0,0,0,0,0,0,0,0,0,0
0.030153,0.02803,0.028061,0,0,0,0,0,0,0,0,0,0,0,0
0.028738,0.027266,0.027863,0,0,0,0,0,0,0,0,0,0,0,0
0.02861,0.027887,0.029333,0,0,0,0,0,0,0,0,0,0,0,0
0.028445,0.027818,0.028197,0,0,0,0,0,0,0,0,0,0,0,0
0.028581,0.028035,0.028742,0,0,0,0,0,0,0,0,0,0,0,0
0.030011,0.027452,0.030407,0,0,0,0,0,0,0,0,0,0,0,0
0.027929,0.027636,0.028817,0,0,0,0,0,0,0,0,0,0,0,0
0.030975,0.027622,0.029539,0,0,0,0,0,0,0,0,0,0,0,0
0.031342,0.028844,0.028419,0,0,0,0,0,0,0,0,0,0,0,0
0.030386,0.027745,0.030506,0,0,0,0,0,0,0,0,0,0,0,0
0.032555,0.027962,0.028749,0,0,0,0,0,0,0,0,0,0,0,0
0.028874,0.028977,0.028926,0,0,0,0,0,0,0,0,0,0,0,0
0.028221,0.028601,0.028481,0,0,0,0,0,0,0,0,0,0,0,0
0.028713,0.027433,0.02877,0,0,0,0,0,0,0,0,0,0,0,0
0.028124,0.027438,0.029975,0,0,0,0,0,0,0,0,0,0,0,0
0.028381,0.028618,0.029419,0,0,0,0,0,0,0,0,0,0,0,0
0.029183,0.029001,0.028121,0,0,0,0,0,0,0,0,0,0,0,0
0.028184,0.030513,0.030637,0,0,0,0,0,0,0,0,0,0,0,0
0.028895,0.028607,0.028992,0,0,0,0,0,0,0,0,0,0,0,0
0.029316,0.029,0.028172,0,0,0,0,0,0,0,0,0,0,0,0
0.028371,0.02756,0.029762,0,0,0,0,0,0,0,0,0,0,0,0
0.028832,0.027629,0.03012,0,0,0,0,0,0,0,0,0,0,0,0
0.029187,0.02921,0.028674,0,0,0,0,0,0,0,0,0,0,0,0
0.028605,0.02817,0.028828,0,0,0,0,0,0,0,0,0,0,0,0
0.030546,0.027894,0.028287,0,0,0,0,0,0,0,0,0,0,0,0
0.03021,0.027911,0.028382,0,0,0,0,0,0,0,0,0,0,0,0
0.032501,0.027996,0.029395,0,0,0,0,0,0,0,0,0,0,0,0
0.02868,0.027787,0.028104,0,0,0,0,0,0,0,0,0,0,0,0
0.028272,0.028241,0.028204,0,0,0,0,0,0,0,0,0,0,0,0
0.028922,0.027942,0.030332,0,0,0,0,0,0,0,0,0,0,0,0
0.028138,0.028194,0.029505,0,0,0,0,0,0,0,0,0,0,0,0
0.028446,0.030375,0.030366,0,0,0,0,0,0,0,0,0,0,0,0
0.029068,0.028382,0.029263,0,0,0,0,0,0,0,0,0,0,0,0
0.029264,0.027841,0.028513,0,0,0,0,0,0,0,0,0,0,0,0
0.029195,0.028173,0.029932,0,0,0,0,0,0,0,0,0,0,0,0
0.028701,0.027803,0.029219,0,0,0,0,0,0,0,0,0,0,0,0
0.029983,0.02804,0.029167,0,0,0,0,0,0,0,0,0,0,0,0
0.028506,0.027535,0.028507,0,0,0,0,0,0,0,0,0,0,0,0
0.028914,0.027569,0.030342,0,0,0,0,0,0,0,0,0,0,0,0
0.029421,0.028192,0.031197,0,0,0,0,0,0,0,0,0,0,0,0
0.028569,0.027983,0.028495,0,0,0,0,0,0,0,0,0,0,0,0
0.028403,0.027535,0.029504,0,0,0,0,0,0,0,0,0,0,0,0
0.028738,0.028995,0.029868,0,0,0,0,0,0,0,0,0,0,0,0
0.028667,0.027969,0.030598,0,0,0,0,0,0,0,0,0,0,0,0
0.028155,0.028029,0.028026,0,0,0,0,0,0,0,0,0,0,0,0
0.02845,0.027615,0.030038,0,0,0,0,0,0,0,0,0,0,0,0
0.027885,0.028175,0.028095,0,0,0,0,0,0,0,0,0,0,0,0
0.028767,0.027948,0.028306,0,0,0,0,0,0,0,0,0,0,0,0
0.029206,0.027802,0.030179,0,0,0,0,0,0,0,0,0,0,0,0
0.027628,0.027805,0.029786,0,0,0,0,0,0,0,0,0,0,0,0
0.02836,0.027717,0.02818,0,0,0,0,0,0,0,0,0,0,0,0
0.028609,0.027874,0.032394,0,0,0,0,0,0,0,0,0,0,0,0
0.027853,0.027578,0.028459,0,0,0,0,0,0,0,0,0,0,0,0
0.027955,0.028397,0.03234,0,0,0,0,0,0,0,0,0,0,0,0
0.028051,0.027817,0.028071,0,0,0,0,0,0,0,0,0,0,0,0
0.028829,0.027494,0.028052,0,0,0,0,0,0,0,0,0,0,0,0
0.028552,0.028492,0.028927,0,0,0,0,0,0,0,0,0,0,0,0
0.028058,0.027547,0.029367,0,0,0,0,0,0,0,0,0,0,0,0
0.029076,0.029029,0.028065,0,0,0,0,0,0,0,0,0,0,0,0
0.02899,0.029206,0.030748,0,0,0,0,0,0,0,0,0,0,0,0
0.028036,0.02794,0.030635,0,0,0,0,0,0,0,0,0,0,0,0
0.027995,0.027781,0.028123,0,0,0,0,0,0,0,0,0,0,0,0
0.028326,0.028135,0.028718,0,0,0,0,0,0,0,0,0,0,0,0
0.02873,0.028609,0.030214,0,0,0,0,0,0,0,0,0,0,0,0
0.028334,0.027994,0.028148,0,0,0,0,0,0,0,0,0,0,0,0
0.029981,0.027632,0.029529,0,0,0,0,0,0,0,0,0,0,0,0
0.02969,0.028136,0.029759,0,0,0,0,0,0,0,0,0,0,0,0
0.028497,0.028253,0.028356,0,0,0,0,0,0,0,0,0,0,0,0
0.028562,0.028134,0.028528,0,0,0,0,0,0,0,0,0,0,0,0
0.028253,0.028268,0.028017,0,0,0,0,0,0,0,0,0,0,0,0
0.037061,0.028023,0.028664,0,0,0,0,0,0,0,0,0,0,0,0
0.030671,0.027762,0.029753,0,0,0,0,0,0,0,0,0,0,0,0
0.028405,0.028129,0.028266,0,0,0,0,0,0,0,0,0,0,0,0
0.030112,0.02785,0.028373,0,0,0,0,0,0,0,0,0,0,0,0
0.028626,0.028923,0.029652,0,0,0,0,0,0,0,0,0,0,0,0
0.033342,0.031412,0.030174,0,0,0,0,0,0,0,0,0,0,0,0
0.030205,0.028555,0.02812,0,0,0,0,0,0,0,0,0,0,0,0
0.028797,0.027823,0.028504,0,0,0,0,0,0,0,0,0,0,0,0
0.028865,0.028017,0.027823,0,0,0,0,0,0,0,0,0,0,0,0
0.029523,0.02846,0.032663,0,0,0,0,0,0,0,0,0,0,0,0
0.028231,0.030146,0.028341,0,0,0,0,0,0,0,0,0,0,0,0
0.027834,0.029614,0.027712,0,0,0,0,0,0,0,0,0,0,0,0
0.02937,0.028925,0.028543,0,0,0,0,0,0,0,0,0,0,0,0
0.029049,0.030183,0.02874,0,0,0,0,0,0,0,0,0,0,0,0
0.030171,0.029558,0.029998,0,0,0,0,0,0,0,0,0,0,0,0
0.0286,0.027444,0.029114,0,0,0,0,0,0,0,0,0,0,0,0
0.028532,0.030003,0.030004,0,0,0,0,0,0,0,0,0,0,0,0
0.028849,0.029526,0.029199,0,0,0,0,0,0,0,0,0,0,0,0
0.029376,0.028761,0.028363,0,0,0,0,0,0,0,0,0,0,0,0
0.029235,0.030095,0.02836,0,0,0,0,0,0,0,0,0,0,0,0
0.030932,0.028223,0.028802,0,0,0,0,0,0,0,0,0,0,0,0
0.031153,0.028253,0.028014,0,0,0,0,0,0,0,0,0,0,0,0
0.028937,0.028218,0.02831,0,0,0,0,0,0,0,0,0,0,0,0
0.029492,0.02807,0.029173,0,0,0,0,0,0,0,0,0,0,0,0
0.034005,0.030388,0.030214,0,0,0,0,0,0,0,0,0,0,0,0
0.028889,0.027634,0.029201,0,0,0,0,0,0,0,0,0,0,0,0
0.028111,0.030049,0.027833,0,0,0,0,0,0,0,0,0,0,0,0
0.03024,0.030111,0.028084,0,0,0,0,0,0,0,0,0,0,0,0
0.031162,0.03038,0.027671,0,0,0,0,0,0,0,0,0,0,0,0
0.02902,0.029709,0.028507,0,0,0,0,0,0,0,0,0,0,0,0
0.028494,0.030671,0.029945,0,0,0,0,0,0,0,0,0,0,0,0
0.029565,0.029777,0.029985,0,0,0,0,0,0,0,0,0,0,0,0
0.029701,0.029423,0.028376,0,0,0,0,0,0,0,0,0,0,0,0
0.028978,0.028521,0.029327,0,0,0,0,0,0,0,0,0,0,0,0
0.028236,0.027583,0.028196,0,0,0,0,0,0,0,0,0,0,0,0
0.02837,0.028273,0.029105,0,0,0,0,0,0,0,0,0,0,0,0
0.028593,0.027938,0.032191,0,0,0,0,0,0,0,0,0,0,0,0
0.030625,0.028404,0.030714,0,0,0,0,0,0,0,0,0,0,0,0
0.028783,0.027656,0.02983,0,0,0,0,0,0,0,0,0,0,0,0
0.030679,0.028376,0.028196,0,0,0,0,0,0,0,0,0,0,0,0
0.029286,0.027815,0.029005,0,0,0,0,0,0,0,0,0,0,0,0
0.033312,0.028343,0.029159,0,0,0,0,0,0,0,0,0,0,0,0
0.029236,0.028631,0.030118,0,0,0,0,0,0,0,0,0,0,0,0
0.028554,0.028925,0.028242,0,0,0,0,0,0,0,0,0,0,0,0
0.02842,0.029155,0.028047,0,0,0,0,0,0,0,0,0,0,0,0
0.0291,0.029459,0.028782,0,0,0,0,0,0,0,0,0,0,0,0
0.031024,0.029769,0.029471,0,0,0,0,0,0,0,0,0,0,0,0
0.027942,0.028699,0.030836,0,0,0,0,0,0,0,0,0,0,0,0
0.028485,0.030088,0.028844,0,0,0,0,0,0,0,0,0,0,0,0
0.029078,0.030567,0.029269,0,0,0,0,0,0,0,0,0,0,0,0
0.028416,0.031152,0.028052,0,0,0,0,0,0,0,0,0,0,0,0
0.02833,0.031142,0.030465,0,0,0,0,0,0,0,0,0,0,0,0
0.02857,0.029009,0.0282,0,0,0,0,0,0,0,0,0,0,0,0
0.028443,0.033173,0.028737,0,0,0,0,0,0,0,0,0,0,0,0
0.028146,0.027834,0.028117,0,0,0,0,0,0,0,0,0,0,0,0
0.028501,0.029876,0.027891,0,0,0,0,0,0,0,0,0,0,0,0
0.031366,0.028626,0.028196,0,0,0,0,0,0,0,0,0,0,0,0
0.028821,0.030917,0.028261,0,0,0,0,0,0,0,0,0,0,0,0
0.028461,0.029783,0.028709,0,0,0,0,0,0,0,0,0,0,0,0
0.028334,0.030038,0.028315,0,0,0,0,0,0,0,0,0,0,0,0
0.028514,0.03031,0.02788,0,0,0,0,0,0,0,0,0,0,0,0
0.029704,0.028418,0.028845,0,0,0,0,0,0,0,0,0,0,0,0
0.029156,0.029385,0.028526,0,0,0,0,0,0,0,0,0,0,0,0
0.031557,0.027407,0.028164,0,0,0,0,0,0,0,0,0,0,0,0
0.029411,0.02879,0.028309,0,0,0,0,0,0,0,0,0,0,0,0
0.030011,0.027873,0.028059,0,0,0,0,0,0,0,0,0,0,0,0
0.028178,0.02809,0.028246,0,0,0,0,0,0,0,0,0,0,0,0
0.028517,0.028511,0.0281,0,0,0,0,0,0,0,0,0,0,0,0
0.02867,0.030437,0.027692,0,0,0,0,0,0,0,0,0,0,0,0
0.028044,0.029276,0.028747,0,0,0,0,0,0,0,0,0,0,0,0
0.028171,0.02853,0.028668,0,0,0,0,0,0,0,0,0,0,0,0
0.02947,0.028049,0.027935,0,0,0,0,0,0,0,0,0,0,0,0
0.030974,0.028302,0.027822,0,0,0,0,0,0,0,0,0,0,0,0
0.0283,0.031287,0.028575,0,0,0,0,0,0,0,0,0,0,0,0
0.028846,0.027975,0.028833,0,0,0,0,0,0,0,0,0,0,0,0
0.02795,0.028101,0.028136,0,0,0,0,0,0,0,0,0,0,0,0
0.028547,0.028407,0.028628,0,0,0,0,0,0,0,0,0,0,0,0
0.027826,0.028087,0.029784,0,0,0,0,0,0,0,0,0,0,0,0
0.028517,0.027904,0.027833,0,0,0,0,0,0,0,0,0,0,0,0
0.027639,0.02853,0.028554,0,0,0,0,0,0,0,0,0,0,0,0
0.028431,0.028302,0.028966,0,0,0,0,0,0,0,0,0,0,0,0
0.028697,0.030971,0.028847,0,0,0,0,0,0,0,0,0,0,0,0
0.028154,0.030011,0.028877,0,0,0,0,0,0,0,0,0,0,0,0
0.027974,0.029664,0.027982,0,0,0,0,0,0,0,0,0,0,0,0
0.0296,0.029554,0.02838,0,0,0,0,0,0,0,0,0,0,0,0
0.028738,0.029532,0.028856,0,0,0,0,0,0,0,0,0,0,0,0
0.028066,0.02983,0.028328,0,0,0,0,0,0,0,0,0,0,0,0
0.03084,0.029733,0.033949,0,0,0,0,0,0,0,0,0,0,0,0
0.032802,0.028263,0.028599,0,0,0,0,0,0,0,0,0,0,0,0
0.029237,0.027721,0.029195,0,0,0,0,0,0,0,0,0,0,0,0
0.028732,0.028516,0.02884,0,0,0,0,0,0,0,0,0,0,0,0
0.028094,0.027899,0.029693,0,0,0,0,0,0,0,0,0,0,0,0
0.028665,0.029616,0.028794,0,0,0,0,0,0,0,0,0,0,0,0
0.028376,0.030108,0.033143,0,0,0,0,0,0,0,0,0,0,0,0
0.028292,0.028402,0.029467,0,0,0,0,0,0,0,0,0,0,0,0
0.028965,0.028274,0.030484,0,0,0,0,0,0,0,0,0,0,0,0
0.028737,0.028389,0.037876,0,0,0,0,0,0,0,0,0,0,0,0
0.029434,0.028633,0.028582,0,0,0,0,0,0,0,0,0,0,0,0
0.027941,0.028954,0.028309,0,0,0,0,0,0,0,0,0,0,0,0
0.027843,0.029917,0.029084,0,0,0,0,0,0,0,0,0,0,0,0
0.028339,0.029455,0.031725,0,0,0,0,0,0,0,0,0,0,0,0
0.032726,0.030847,0.029671,0,0,0,0,0,0,0,0,0,0,0,0
0.028175,0.031218,0.029935,0,0,0,0,0,0,0,0,0,0,0,0
0.030506,0.029282,0.029431,0,0,0,0,0,0,0,0,0,0,0,0
0.034006,0.029903,0.034978,0,0,0,0,0,0,0,0,0,0,0,0
0.028506,0.031165,0.029879,0,0,0,0,0,0,0,0,0,0,0,0
0.030243,0.029794,0.031898,0,0,0,0,0,0,0,0,0,0,0,0
0.027887,0.029836,0.029494,0,0,0,0,0,0,0,0,0,0,0,0
0.028102,0.030757,0.028125,0,0,0,0,0,0,0,0,0,0,0,0
0.02809,0.030051,0.028629,0,0,0,0,0,0,0,0,0,0,0,0
0.028252,0.030547,0.028316,0,0,0,0,0,0,0,0,0,0,0,0
0.027976,0.029579,0.027603,0,0,0,0,0,0,0,0,0,0,0,0
0.029838,0.031177,0.028626,0,0,0,0,0,0,0,0,0,0,0,0
0.02818,0.029807,0.028482,0,0,0,0,0,0,0,0,0,0,0,0
0.028247,0.030814,0.029263,0,0,0,0,0,0,0,0,0,0,0,0
0.027858,0.028689,0.030156,0,0,0,0,0,0,0,0,0,0,0,0
0.027965,0.027734,0.029762,0,0,0,0,0,0,0,0,0,0,0,0
0.027943,0.02765,0.029734,0,0,0,0,0,0,0,0,0,0,0,0
0.028007,0.030443,0.030221,0,0,0,0,0,0,0,0,0,0,0,0
0.028013,0.029406,0.028537,0,0,0,0,0,0,0,0,0,0,0,0
0.02892,0.028455,0.02783,0,0,0,0,0,0,0,0,0,0,0,0
0.034209,0.027947,0.028821,0,0,0,0,0,0,0,0,0,0,0,0
0.029484,0.028927,0.02824,0,0,0,0,0,0,0,0,0,0,0,0
0.028119,0.027334,0.027908,0,0,0,0,0,0,0,0,0,0,0,0
0.035066,0.029563,0.032756,0,0,0,0,0,0,0,0,0,0,0,0
0.029039,0.027944,0.028353,0,0,0,0,0,0,0,0,0,0,0,0
0.028784,0.027992,0.028416,0,0,0,0,0,0,0,0,0,0,0,0
0.027987,0.028048,0.028429,0,0,0,0,0,0,0,0,0,0,0,0
0.029218,0.028719,0.028475,0,0,0,0,0,0,0,0,0,0,0,0
0.028238,0.028985,0.028937,0,0,0,0,0,0,0,0,0,0,0,0
0.028985,0.027528,0.031301,0,0,0,0,0,0,0,0,0,0,0,0
0.028575,0.03068,0.030932,0,0,0,0,0,0,0,0,0,0,0,0
0.028635,0.029732,0.029525,0,0,0,0,0,0,0,0,0,0,0,0
0.028613,0.028989,0.029358,0,0,0,0,0,0,0,0,0,0,0,0
0.030445,0.028689,0.030405,0,0,0,0,0,0,0,0,0,0,0,0
0.027749,0.027995,0.028613,0,0,0,0,0,0,0,0,0,0,0,0
0.028135,0.028095,0.029679,0,0,0,0,0,0,0,0,0,0,0,0
0.028499,0.0281,0.029615,0,0,0,0,0,0,0,0,0,0,0,0
0.028118,0.027869,0.032811,0,0,0,0,0,0,0,0,0,0,0,0
0.02841,0.027733,0.031353,0,0,0,0,0,0,0,0,0,0,0,0
0.032405,0.02857,0.030353,0,0,0,0,0,0,0,0,0,0,0,0
0.028804,0.030724,0.037039,0,0,0,0,0,0,0,0,0,0,0,0
0.028202,0.030631,0.030119,0,0,0,0,0,0,0,0,0,0,0,0
0.028084,0.032274,0.032823,0,0,0,0,0,0,0,0,0,0,0,0
0.029672,0.029527,0.03025,0,0,0,0,0,0,0,0,0,0,0,0
0.029608,0.028752,0.029907,0,0,0,0,0,0,0,0,0,0,0,0
0.028312,0.027711,0.030574,0,0,0,0,0,0,0,0,0,0,0,0
0.027817,0.027466,0.033492,0,0,0,0,0,0,0,0,0,0,0,0
0.027847,0.028711,0.031613,0,0,0,0,0,0,0,0,0,0,0,0
0.0278,0.02796,0.02941,0,0,0,0,0,0,0,0,0,0,0,0
0.029509,0.028021,0.030079,0,0,0,0,0,0,0,0,0,0,0,0
0.028112,0.029191,0.030818,0,0,0,0,0,0,0,0,0,0,0,0
0.028494,0.027671,0.029484,0,0,0,0,0,0,0,0,0,0,0,0
0.028545,0.032457,0.02949,0,0,0,0,0,0,0,0,0,0,0,0
0.02877,0.030674,0.02893,0,0,0,0,0,0,0,0,0,0,0,0
0.02871,0.028436,0.030804,0,0,0,0,0,0,0,0,0,0,0,0
0.02941,0.029166,0.029673,0,0,0,0,0,0,0,0,0,0,0,0
0.028958,0.030804,0.03029,0,0,0,0,0,0,0,0,0,0,0,0
0.028196,0.031011,0.028751,0,0,0,0,0,0,0,0,0,0,0,0
0.028334,0.029485,0.032911,0,0,0,0,0,0,0,0,0,0,0,0
0.028205,0.028959,0.02933,0,0,0,0,0,0,0,0,0,0,0,0
0.027845,0.028578,0.033476,0,0,0,0,0,0,0,0,0,0,0,0
0.028681,0.027629,0.03385,0,0,0,0,0,0,0,0,0,0,0,0
0.029195,0.029385,0.02902,0,0,0,0,0,0,0,0,0,0,0,0
0.0279,0.029826,0.028766,0,0,0,0,0,0,0,0,0,0,0,0
0.02794,0.029596,0.02873,0,0,0,0,0,0,0,0,0,0,0,0
0.02943,0.030784,0.03091,0,0,0,0,0,0,0,0,0,0,0,0
0.02834,0.028957,0.029326,0,0,0,0,0,0,0,0,0,0,0,0
0.030368,0.027894,0.030036,0,0,0,0,0,0,0,0,0,0,0,0
0.028537,0.027957,0.030963,0,0,0,0,0,0,0,0,0,0,0,0
0.027795,0.027853,0.028876,0,0,0,0,0,0,0,0,0,0,0,0
0.028619,0.030406,0.028852,0,0,0,0,0,0,0,0,0,0,0,0
0.029165,0.027811,0.029756,0,0,0,0,0,0,0,0,0,0,0,0
0.028461,0.028006,0.028972,0,0,0,0,0,0,0,0,0,0,0,0
0.02797,0.029313,0.030198,0,0,0,0,0,0,0,0,0,0,0,0
0.02794,0.027791,0.029547,0,0,0,0,0,0,0,0,0,0,0,0
0.027843,0.027893,0.028949,0,0,0,0,0,0,0,0,0,0,0,0
0.027652,0.02828,0.030054,0,0,0,0,0,0,0,0,0,0,0,0
0.028444,0.028568,0.030331,0,0,0,0,0,0,0,0,0,0,0,0
0.028884,0.027945,0.029295,0,0,0,0,0,0,0,0,0,0,0,0
0.027996,0.028092,0.029359,0,0,0,0,0,0,0,0,0,0,0,0
0.028501,0.027974,0.029232,0,0,0,0,0,0,0,0,0,0,0,0
0.028363,0.029134,0.028294,0,0,0,0,0,0,0,0,0,0,0,0
0.028087,0.02874,0.027702,0,0,0,0,0,0,0,0,0,0,0,0
0.028257,0.028256,0.029199,0,0,0,0,0,0,0,0,0,0,0,0
0.028432,0.032271,0.028445,0,0,0,0,0,0,0,0,0,0,0,0
0.027992,0.029684,0.028537,0,0,0,0,0,0,0,0,0,0,0,0
0.029082,0.031214,0.028311,0,0,0,0,0,0,0,0,0,0,0,0
0.028222,0.029256,0.030377,0,0,0,0,0,0,0,0,0,0,0,0
0.028614,0.027862,0.030742,0,0,0,0,0,0,0,0,0,0,0,0
0.028051,0.028561,0.028229,0,0,0,0,0,0,0,0,0,0,0,0
0.029356,0.028347,0.028389,0,0,0,0,0,0,0,0,0,0,0,0
0.02806,0.027811,0.028238,0,0,0,0,0,0,0,0,0,0,0,0
0.02812,0.02821,0.028762,0,0,0,0,0,0,0,0,0,0,0,0
0.027798,0.028346,0.028468,0,0,0,0,0,0,0,0,0,0,0,0
0.029545,0.028279,0.027822,0,0,0,0,0,0,0,0,0,0,0,0
0.029219,0.027655,0.028413,0,0,0,0,0,0,0,0,0,0,0,0
0.027992,0.028705,0.028358,0,0,0,0,0,0,0,0,0,0,0,0
0.032533,0.027915,0.028881,0,0,0,0,0,0,0,0,0,0,0,0
0.02975,0.032545,0.0282,0,0,0,0,0,0,0,0,0,0,0,0
0.028262,0.029834,0.028065,0,0,0,0,0,0,0,0,0,0,0,0
0.028651,0.028542,0.028396,0,0,0,0,0,0,0,0,0,0,0,0
0.02795,0.02836,0.028845,0,0,0,0,0,0,0,0,0,0,0,0
0.028447,0.028186,0.029368,0,0,0,0,0,0,0,0,0,0,0,0
0.027951,0.034207,0.028011,0,0,0,0,0,0,0,0,0,0,0,0
0.031035,0.027812,0.033957,0,0,0,0,0,0,0,0,0,0,0,0
0.028564,0.029396,0.029773,0,0,0,0,0,0,0,0,0,0,0,0
0.027323,0.029054,0.029419,0,0,0,0,0,0,0,0,0,0,0,0
0.028037,0.030167,0.03065,0,0,0,0,0,0,0,0,0,0,0,0
0.028322,0.030152,0.031588,0,0,0,0,0,0,0,0,0,0,0,0
0.027786,0.031029,0.029742,0,0,0,0,0,0,0,0,0,0,0,0
0.028124,0.030206,0.032006,0,0,0,0,0,0,0,0,0,0,0,0
0.02852,0.029938,0.029826,0,0,0,0,0,0,0,0,0,0,0,0
0.03172,0.029681,0.029893,0,0,0,0,0,0,0,0,0,0,0,0
0.032898,0.032367,0.029291,0,0,0,0,0,0,0,0,0,0,0,0
0.028732,0.030913,0.031422,0,0,0,0,0,0,0,0,0,0,0,0
0.027933,0.029896,0.029459,0,0,0,0,0,0,0,0,0,0,0,0
0.031485,0.034717,0.029946,0,0,0,0,0,0,0,0,0,0,0,0
0.028863,0.030388,0.030797,0,0,0,0,0,0,0,0,0,0,0,0
0.027554,0.032304,0.029413,0,0,0,0,0,0,0,0,0,0,0,0
0.029335,0.037904,0.029562,0,0,0,0,0,0,0,0,0,0,0,0
0.028705,0.032542,0.029447,0,0,0,0,0,0,0,0,0,0,0,0
0.029311,0.032443,0.032834,0,0,0,0,0,0,0,0,0,0,0,0
0.032762,0.035622,0.029501,0,0,0,0,0,0,0,0,0,0,0,0
0.02957,0.03401,0.030073,0,0,0,0,0,0,0,0,0,0,0,0
0.028905,0.031321,0.030876,0,0,0,0,0,0,0,0,0,0,0,0
0.029405,0.029915,0.030792,0,0,0,0,0,0,0,0,0,0,0,0
0.047474,0.030489,0.03133,0,0,0,0,0,0,0,0,0,0,0,0
0.028448,0.03108,0.029365,0,0,0,0,0,0,0,0,0,0,0,0
0.027996,0.029649,0.033988,0,0,0,0,0,0,0,0,0,0,0,0
0.027927,0.02973,0.028947,0,0,0,0,0,0,0,0,0,0,0,0
0.027563,0.030934,0.034029,0,0,0,0,0,0,0,0,0,0,0,0
0.028723,0.030777,0.029311,0,0,0,0,0,0,0,0,0,0,0,0
0.027765,0.03199,0.030521,0,0,0,0,0,0,0,0,0,0,0,0
0.028549,0.032413,0.029904,0,0,0,0,0,0,0,0,0,0,0,0
0.028129,0.030278,0.032844,0,0,0,0,0,0,0,0,0,0,0,0
0.028031,0.030698,0.030941,0,0,0,0,0,0,0,0,0,0,0,0
0.028313,0.03142,0.031773,0,0,0,0,0,0,0,0,0,0,0,0
0.028526,0.030377,0.030057,0,0,0,0,0,0,0,0,0,0,0,0
0.028286,0.030953,0.030326,0,0,0,0,0,0,0,0,0,0,0,0
0.028632,0.030638,0.028434,0,0,0,0,0,0,0,0,0,0,0,0
0.028159,0.029452,0.02941,0,0,0,0,0,0,0,0,0,0,0,0
0.03213,0.0318,0.028972,0,0,0,0,0,0,0,0,0,0,0,0
0.027819,0.030638,0.028559,0,0,0,0,0,0,0,0,0,0,0,0
0.034413,0.030119,0.028465,0,0,0,0,0,0,0,0,0,0,0,0
0.028077,0.030332,0.028059,0,0,0,0,0,0,0,0,0,0,0,0
0.028217,0.030731,0.030674,0,0,0,0,0,0,0,0,0,0,0,0
0.03031,0.032348,0.028585,0,0,0,0,0,0,0,0,0,0,0,0
0.028187,0.030249,0.028666,0,0,0,0,0,0,0,0,0,0,0,0
0.028127,0.029949,0.028221,0,0,0,0,0,0,0,0,0,0,0,0
0.029361,0.031884,0.027953,0,0,0,0,0,0,0,0,0,0,0,0
0.028351,0.031528,0.028303,0,0,0,0,0,0,0,0,0,0,0,0
0.029039,0.030913,0.029327,0,0,0,0,0,0,0,0,0,0,0,0
0.028851,0.030806,0.029431,0,0,0,0,0,0,0,0,0,0,0,0
0.028826,0.03086,0.030373,0,0,0,0,0,0,0,0,0,0,0,0
0.031304,0.029976,0.03156,0,0,0,0,0,0,0,0,0,0,0,0
0.028572,0.03021,0.029107,0,0,0,0,0,0,0,0,0,0,0,0
0.028776,0.030641,0.028854,0,0,0,0,0,0,0,0,0,0,0,0
0.028034,0.030185,0.028765,0,0,0,0,0,0,0,0,0,0,0,0
0.028504,0.029617,0.033245,0,0,0,0,0,0,0,0,0,0,0,0
0.028989,0.031967,0.032767,0,0,0,0,0,0,0,0,0,0,0,0
0.027918,0.029634,0.029249,0,0,0,0,0,0,0,0,0,0,0,0
0.028592,0.032844,0.028816,0,0,0,0,0,0,0,0,0,0,0,0
0.029686,0.029844,0.029316,0,0,0,0,0,0,0,0,0,0,0,0
0.028795,0.030846,0.029177,0,0,0,0,0,0,0,0,0,0,0,0
0.030502,0.030034,0.03056,0,0,0,0,0,0,0,0,0,0,0,0
0.02818,0.029683,0.031116,0,0,0,0,0,0,0,0,0,0,0,0
0.028018,0.029953,0.02958,0,0,0,0,0,0,0,0,0,0,0,0
0.028245,0.034127,0.03119,0,0,0,0,0,0,0,0,0,0,0,0
0.027942,0.030702,0.029717,0,0,0,0,0,0,0,0,0,0,0,0
0.029043,0.030264,0.028604,0,0,0,0,0,0,0,0,0,0,0,0
0.027926,0.030352,0.029746,0,0,0,0,0,0,0,0,0,0,0,0
0.027765,0.031093,0.028652,0,0,0,0,0,0,0,0,0,0,0,0
0.027657,0.029546,0.028527,0,0,0,0,0,0,0,0,0,0,0,0
0.028531,0.030491,0.02901,0,0,0,0,0,0,0,0,0,0,0,0
0.027976,0.031689,0.028214,0,0,0,0,0,0,0,0,0,0,0,0
0.030119,0.029834,0.028382,0,0,0,0,0,0,0,0,0,0,0,0
0.028996,0.029905,0.028513,0,0,0,0,0,0,0,0,0,0,0,0
0.028198,0.030981,0.030187,0,0,0,0,0,0,0,0,0,0,0,0
0.028393,0.030007,0.028203,0,0,0,0,0,0,0,0,0,0,0,0
0.030044,0.030336,0.028756,0,0,0,0,0,0,0,0,0,0,0,0
0.028611,0.031189,0.029012,0,0,0,0,0,0,0,0,0,0,0,0
0.027824,0.032355,0.032794,0,0,0,0,0,0,0,0,0,0,0,0
0.029609,0.029682,0.028196,0,0,0,0,0,0,0,0,0,0,0,0
0.02932,0.03289,0.028902,0,0,0,0,0,0,0,0,0,0,0,0
0.028751,0.03054,0.028054,0,0,0,0,0,0,0,0,0,0,0,0
0.027983,0.031117,0.028338,0,0,0,0,0,0,0,0,0,0,0,0
0.028189,0.030149,0.028378,0,0,0,0,0,0,0,0,0,0,0,0
0.028619,0.033665,0.02943,0,0,0,0,0,0,0,0,0,0,0,0
0.027953,0.031878,0.028653,0,0,0,0,0,0,0,0,0,0,0,0
0.028564,0.032375,0.028171,0,0,0,0,0,0,0,0,0,0,0,0
0.027511,0.033241,0.027854,0,0,0,0,0,0,0,0,0,0,0,0
0.028742,0.033203,0.029196,0,0,0,0,0,0,0,0,0,0,0,0
0.028302,0.030391,0.029427,0,0,0,0,0,0,0,0,0,0,0,0
0.028724,0.031444,0.028238,0,0,0,0,0,0,0,0,0,0,0,0
0.030916,0.029751,0.027977,0,0,0,0,0,0,0,0,0,0,0,0
0.028576,0.030561,0.027945,0,0,0,0,0,0,0,0,0,0,0,0
0.029199,0.031335,0.028492,0,0,0,0,0,0,0,0,0,0,0,0
0.030636,0.034153,0.028257,0,0,0,0,0,0,0,0,0,0,0,0
0.029884,0.030106,0.02858,0,0,0,0,0,0,0,0,0,0,0,0
0.02916,0.031816,0.029639,0,0,0,0,0,0,0,0,0,0,0,0
0.028025,0.029981,0.028505,0,0,0,0,0,0,0,0,0,0,0,0
0.028914,0.029894,0.029346,0,0,0,0,0,0,0,0,0,0,0,0
0.027912,0.032164,0.027945,0,0,0,0,0,0,0,0,0,0,0,0
0.027892,0.030493,0.028201,0,0,0,0,0,0,0,0,0,0,0,0
0.028527,0.030321,0.03048,0,0,0,0,0,0,0,0,0,0,0,0
0.027754,0.030089,0.027937,0,0,0,0,0,0,0,0,0,0,0,0
0.027996,0.029989,0.027955,0,0,0,0,0,0,0,0,0,0,0,0
0.02825,0.030739,0.028046,0,0,0,0,0,0,0,0,0,0,0,0
0.028515,0.029836,0.029459,0,0,0,0,0,0,0,0,0,0,0,0
0.028457,0.030569,0.028213,0,0,0,0,0,0,0,0,0,0,0,0
0.033449,0.030689,0.027746,0,0,0,0,0,0,0,0,0,0,0,0
0.028455,0.0299,0.027682,0,0,0,0,0,0,0,0,0,0,0,0
0.027569,0.029007,0.028354,0,0,0,0,0,0,0,0,0,0,0,0
0.02885,0.030946,0.028564,0,0,0,0,0,0,0,0,0,0,0,0
0.028328,0.030369,0.028142,0,0,0,0,0,0,0,0,0,0,0,0
0.029876,0.031057,0.029926,0,0,0,0,0,0,0,0,0,0,0,0
0.030246,0.030257,0.028253,0,0,0,0,0,0,0,0,0,0,0,0
0.028046,0.029946,0.028605,0,0,0,0,0,0,0,0,0,0,0,0
0.028408,0.029894,0.028099,0,0,0,0,0,0,0,0,0,0,0,0
0.031172,0.030116,0.027932,0,0,0,0,0,0,0,0,0,0,0,0
0.028187,0.029958,0.027853,0,0,0,0,0,0,0,0,0,0,0,0
0.028533,0.030697,0.028192,0,0,0,0,0,0,0,0,0,0,0,0
0.028131,0.030159,0.028553,0,0,0,0,0,0,0,0,0,0,0,0
0.029292,0.030802,0.029255,0,0,0,0,0,0,0,0,0,0,0,0
0.027951,0.029984,0.028507,0,0,0,0,0,0,0,0,0,0,0,0
0.027906,0.030033,0.028698,0,0,0,0,0,0,0,0,0,0,0,0
0.027683,0.029593,0.02823,0,0,0,0,0,0,0,0,0,0,0,0
0.02874,0.030425,0.028774,0,0,0,0,0,0,0,0,0,0,0,0
0.028292,0.030477,0.028559,0,0,0,0,0,0,0,0,0,0,0,0
0.02983,0.030717,0.028405,0,0,0,0,0,0,0,0,0,0,0,0
0.028056,0.031338,0.028454,0,0,0,0,0,0,0,0,0,0,0,0
0.029018,0.03053,0.029948,0,0,0,0,0,0,0,0,0,0,0,0
0.027785,0.032793,0.028832,0,0,0,0,0,0,0,0,0,0,0,0
0.028758,0.030525,0.029156,0,0,0,0,0,0,0,0,0,0,0,0
0.030342,0.030131,0.029305,0,0,0,0,0,0,0,0,0,0,0,0
0.028995,0.030326,0.028763,0,0,0,0,0,0,0,0,0,0,0,0
0.029061,0.029148,0.028963,0,0,0,0,0,0,0,0,0,0,0,0
0.028295,0.030024,0.028356,0,0,0,0,0,0,0,0,0,0,0,0
0.028698,0.031068,0.028253,0,0,0,0,0,0,0,0,0,0,0,0
0.031909,0.030251,0.030551,0,0,0,0,0,0,0,0,0,0,0,0
0.028,0.029679,0.028575,0,0,0,0,0,0,0,0,0,0,0,0
0.030589,0.031611,0.028036,0,0,0,0,0,0,0,0,0,0,0,0
0.030183,0.029664,0.028449,0,0,0,0,0,0,0,0,0,0,0,0
0.03103,0.029715,0.028579,0,0,0,0,0,0,0,0,0,0,0,0
0.029089,0.030672,0.028567,0,0,0,0,0,0,0,0,0,0,0,0
0.030299,0.030424,0.027989,0,0,0,0,0,0,0,0,0,0,0,0
0.028588,0.030535,0.030181,0,0,0,0,0,0,0,0,0,0,0,0
0.02823,0.029861,0.028794,0,0,0,0,0,0,0,0,0,0,0,0
0.028141,0.030273,0.028965,0,0,0,0,0,0,0,0,0,0,0,0
0.028443,0.030119,0.028017,0,0,0,0,0,0,0,0,0,0,0,0
0.028088,0.031692,0.028466,0,0,0,0,0,0,0,0,0,0,0,0
0.029113,0.030112,0.032548,0,0,0,0,0,0,0,0,0,0,0,0
0.029259,0.029859,0.028594,0,0,0,0,0,0,0,0,0,0,0,0
0.028146,0.029559,0.02868,0,0,0,0,0,0,0,0,0,0,0,0
0.028531,0.031184,0.030364,0,0,0,0,0,0,0,0,0,0,0,0
0.028564,0.031233,0.028102,0,0,0,0,0,0,0,0,0,0,0,0
0.028663,0.030964,0.030186,0,0,0,0,0,0,0,0,0,0,0,0
0.028584,0.029876,0.032323,0,0,0,0,0,0,0,0,0,0,0,0
0.028052,0.030334,0.029983,0,0,0,0,0,0,0,0,0,0,0,0
0.029258,0.029654,0.030626,0,0,0,0,0,0,0,0,0,0,0,0
0.028445,0.030423,0.030598,0,0,0,0,0,0,0,0,0,0,0,0
0.027853,0.034019,0.029427,0,0,0,0,0,0,0,0,0,0,0,0
0.028057,0.030083,0.030084,0,0,0,0,0,0,0,0,0,0,0,0
0.028299,0.031993,0.031644,0,0,0,0,0,0,0,0,0,0,0,0
0.030033,0.030832,0.031825,0,0,0,0,0,0,0,0,0,0,0,0
0.030041,0.029896,0.029395,0,0,0,0,0,0,0,0,0,0,0,0
0.030128,0.029819,0.029559,0,0,0,0,0,0,0,0,0,0,0,0
0.028557,0.030383,0.028598,0,0,0,0,0,0,0,0,0,0,0,0
0.028321,0.029597,0.029097,0,0,0,0,0,0,0,0,0,0,0,0
0.028551,0.030331,0.028004,0,0,0,0,0,0,0,0,0,0,0,0
0.028076,0.029428,0.02848,0,0,0,0,0,0,0,0,0,0,0,0
0.027832,0.034272,0.030636,0,0,0,0,0,0,0,0,0,0,0,0
0.028204,0.032299,0.028026,0,0,0,0,0,0,0,0,0,0,0,0
0.028998,0.030161,0.027953,0,0,0,0,0,0,0,0,0,0,0,0
0.027951,0.030064,0.027652,0,0,0,0,0,0,0,0,0,0,0,0
0.027896,0.030227,0.02807,0,0,0,0,0,0,0,0,0,0,0,0
0.028152,0.030722,0.028778,0,0,0,0,0,0,0,0,0,0,0,0
0.029435,0.029612,0.027937,0,0,0,0,0,0,0,0,0,0,0,0
0.028079,0.030716,0.028869,0,0,0,0,0,0,0,0,0,0,0,0
0.028662,0.029545,0.030805,0,0,0,0,0,0,0,0,0,0,0,0
0.029007,0.032434,0.029188,0,0,0,0,0,0,0,0,0,0,0,0
0.02864,0.030431,0.030469,0,0,0,0,0,0,0,0,0,0,0,0
0.027887,0.031313,0.029,0,0,0,0,0,0,0,0,0,0,0,0
0.027979,0.03086,0.027991,0,0,0,0,0,0,0,0,0,0,0,0
0.03058,0.0295,0.027787,0,0,0,0,0,0,0,0,0,0,0,0
0.027656,0.029947,0.028567,0,0,0,0,0,0,0,0,0,0,0,0
0.028167,0.029802,0.02783,0,0,0,0,0,0,0,0,0,0,0,0
