0.009371
0.25001
0.24774
0.24719
0.24451
0.24197
0.24793
0.24241
0.24679
0.24483
0.24397
0.24193
0.24882
0.25804
0.24897
0.25098
0.24675
0.25403
0.25558
0.25372
0.25206
0.25332
0.25303
0.24725
0.24089
0.24118
0.24542
0.24513
0.24201
0.24525
0.24411
0.24596
0.24511
0.24191
0.24148
0.23043
0.24116
0.24307
0.24371
0.24444
0.24306
0.24666
0.24567
0.24006
0.24709
0.24123
0.2451
0.24438
0.24534
0.24482
0.25242
0.24477
0.24485
0.24733
0.24694
0.24294
0.23304
0.24923
0.25321
0.24464
0.2419
0.24105
0.24508
0.24422
0.24557
0.24542
0.26794
0.24816
0.24474
0.2426
0.24563
0.24388
0.24426
0.24879
0.2506
0.24548
0.24814
0.23993
0.24678
0.24275
0.25107
0.24086
0.23883
0.24093
0.24578
0.24318
0.2418
0.24247
0.24401
0.24177
0.23997
0.24267
0.24393
0.24474
0.24589
0.24192
0.24279
0.22868
0.24297
0.25336
0.24098
0.24421
0.24291
0.24554
0.24194
0.24193
0.24317
0.24775
0.24407
0.24477
0.2461
0.24532
0.24896
0.24285
0.24624
0.25162
0.25489
0.25137
0.25363
0.2477
0.24738
0.24723
0.24153
0.24444
0.24854
0.24559
0.24947
0.24827
0.24957
0.24629
0.25034
0.24867
0.24851
0.26394
0.24089
0.24879
0.2555
0.25439
0.2545
0.25667
0.25493
0.24602
0.24599
0.24309
0.24545
0.24253
0.24225
0.24318
0.24412
0.24708
0.24313
0.25053
0.24146
0.24141
0.24031
0.25079
0.24562
0.24085
0.23944
0.24571
0.24312
0.24709
0.24407
0.24923
0.24377
0.24805
0.24428
0.25123
0.24511
0.24907
0.23947
0.24458
0.24473
0.24593
0.24288
0.25303
0.24081
0.24729
0.24195
0.25716
0.24846
0.25386
0.24289
0.24464
0.24279
0.24244
0.2467
0.24889
0.24198
0.24316
0.24789
0.24334
0.24398
0.24513
0.24009
0.25102
0.24907
0.25155
0.25501
0.26044
0.28494
0.25496
0.24028
0.25434
0.24688
0.24261
0.2465
0.24769
0.24233
0.24694
0.24043
0.24405
0.24368
0.24463
0.24387
0.24486
0.24483
0.24675
0.24673
0.2428
0.24283
0.24337
0.24782
0.24238
0.24204
0.24375
0.24742
0.24554
0.24301
0.24034
0.24245
0.24607
0.24223
0.24479
0.24828
0.24446
0.25031
0.2448
0.24444
0.23877
0.24688
0.24882
0.22959
0.24183
0.24564
0.24406
0.24007
0.24081
0.2445
0.25366
0.24157
0.24394
0.2507
0.24315
0.24378
0.24575
0.24479
0.24697
0.25487
0.24521
0.25339
0.25805
0.25326
0.23175
0.2531
0.25155
0.25978
0.2401
0.24672
0.24603
0.24869
0.24179
0.24568
0.24502
0.24287
0.24914
0.24673
0.24248
0.24312
0.24575
0.24687
0.2463
0.24656
0.2417
0.24569
0.24175
0.24351
0.23944
0.24349
0.24693
0.25109
0.24398
0.24811
