0.000189
3.7902
0.070652
0.050537
0.045509
0.044189
0.044128
0.043659
0.043594
0.043704
0.043777
0.043866
0.043421
0.04484
0.043979
0.043401
0.045077
0.043807
0.044317
0.043705
0.043712
0.043375
0.044386
0.045239
0.055858
0.057992
0.051869
0.047622
0.043751
0.043739
0.043856
0.043744
0.043564
0.043996
0.043832
0.044252
0.043998
0.043977
0.043721
0.044478
0.045253
0.046343
0.056562
0.067229
NaN
0.071325
0.061248
0.057749
NaN
0.055805
0.054833
0.055032
0.056632
0.057616
0.057887
0.35787
NaN
NaN
NaN
NaN
NaN
NaN
NaN
NaN
NaN
NaN
NaN
0.000209
3.2471
0.067275
0.050348
0.044759
0.044106
0.045471
0.058035
0.053537
0.054894
0.054094
0.054313
NaN
0.055771
0.055214
0.053414
0.055724
0.05565
0.056054
0.056418
0.37249
NaN
NaN
NaN
NaN
NaN
NaN
NaN
0.094303
NaN
0.086483
0.064353
NaN
0.053454
0.047016
0.044941
0.044778
0.045295
