1
497.0000,401.0000,537.0000,401.0000,537.0000,443.0000,497.0000,443.0000
498.0000,387.0000,540.0000,387.0000,540.0000,431.0000,498.0000,431.0000
498.0000,387.0000,540.0000,387.0000,540.0000,431.0000,498.0000,431.0000
498.0000,387.0000,540.0000,387.0000,540.0000,431.0000,498.0000,431.0000
498.0000,387.0000,540.0000,387.0000,540.0000,431.0000,498.0000,431.0000
498.0000,387.0000,540.0000,387.0000,540.0000,431.0000,498.0000,431.0000
498.0000,387.0000,540.0000,387.0000,540.0000,431.0000,498.0000,431.0000
500.0000,378.0000,542.0000,378.0000,542.0000,422.0000,500.0000,422.0000
500.0000,378.0000,542.0000,378.0000,542.0000,422.0000,500.0000,422.0000
500.0000,378.0000,542.0000,378.0000,542.0000,422.0000,500.0000,422.0000
500.0000,378.0000,542.0000,378.0000,542.0000,422.0000,500.0000,422.0000
2
0
504.0000,381.0000,547.0000,381.0000,547.0000,426.0000,504.0000,426.0000
0
0
0
0
1
513.0000,304.0000,554.0000,304.0000,554.0000,347.0000,513.0000,347.0000
510.0000,300.0000,552.0000,300.0000,552.0000,344.0000,510.0000,344.0000
510.0000,300.0000,552.0000,300.0000,552.0000,344.0000,510.0000,344.0000
510.0000,300.0000,552.0000,300.0000,552.0000,344.0000,510.0000,344.0000
510.0000,300.0000,552.0000,300.0000,552.0000,344.0000,510.0000,344.0000
510.0000,300.0000,552.0000,300.0000,552.0000,344.0000,510.0000,344.0000
510.0000,300.0000,552.0000,300.0000,552.0000,344.0000,510.0000,344.0000
511.0000,300.0000,553.0000,300.0000,553.0000,344.0000,511.0000,344.0000
0
0
0
0
0
2
0
0
0
0
1
527.0000,331.0000,569.0000,331.0000,569.0000,371.0000,527.0000,371.0000
536.0000,331.0000,579.0000,331.0000,579.0000,372.0000,536.0000,372.0000
536.0000,331.0000,579.0000,331.0000,579.0000,372.0000,536.0000,372.0000
536.0000,331.0000,579.0000,331.0000,579.0000,372.0000,536.0000,372.0000
536.0000,331.0000,579.0000,331.0000,579.0000,372.0000,536.0000,372.0000
536.0000,331.0000,579.0000,331.0000,579.0000,372.0000,536.0000,372.0000
534.0000,328.0000,578.0000,328.0000,578.0000,370.0000,534.0000,370.0000
2
0
0
0
0
540.0000,336.0000,585.0000,336.0000,585.0000,379.0000,540.0000,379.0000
0
0
0
0
1
492.0000,239.0000,537.0000,239.0000,537.0000,284.0000,492.0000,284.0000
483.0000,239.0000,527.0000,239.0000,527.0000,283.0000,483.0000,283.0000
483.0000,239.0000,527.0000,239.0000,527.0000,283.0000,483.0000,283.0000
483.0000,239.0000,527.0000,239.0000,527.0000,283.0000,483.0000,283.0000
483.0000,239.0000,527.0000,239.0000,527.0000,283.0000,483.0000,283.0000
483.0000,239.0000,527.0000,239.0000,527.0000,283.0000,483.0000,283.0000
0
2
0
0
0
0
1
406.0000,353.0000,456.0000,353.0000,456.0000,395.0000,406.0000,395.0000
401.0000,346.0000,452.0000,346.0000,452.0000,388.0000,401.0000,388.0000
401.0000,346.0000,452.0000,346.0000,452.0000,388.0000,401.0000,388.0000
401.0000,346.0000,452.0000,346.0000,452.0000,388.0000,401.0000,388.0000
401.0000,346.0000,452.0000,346.0000,452.0000,388.0000,401.0000,388.0000
401.0000,346.0000,452.0000,346.0000,452.0000,388.0000,401.0000,388.0000
401.0000,346.0000,452.0000,346.0000,452.0000,388.0000,401.0000,388.0000
401.0000,346.0000,452.0000,346.0000,452.0000,388.0000,401.0000,388.0000
397.0000,344.0000,448.0000,344.0000,448.0000,386.0000,397.0000,386.0000
0
0
0
0
0
0
2
0
0
0
0
1
387.0000,369.0000,424.0000,369.0000,424.0000,409.0000,387.0000,409.0000
398.0000,379.0000,435.0000,379.0000,435.0000,419.0000,398.0000,419.0000
398.0000,379.0000,435.0000,379.0000,435.0000,419.0000,398.0000,419.0000
398.0000,379.0000,435.0000,379.0000,435.0000,419.0000,398.0000,419.0000
398.0000,379.0000,435.0000,379.0000,435.0000,419.0000,398.0000,419.0000
0
2
0
0
0
0
1
429.0000,364.0000,472.0000,364.0000,472.0000,404.0000,429.0000,404.0000
434.0000,356.0000,479.0000,356.0000,479.0000,398.0000,434.0000,398.0000
