1
482.3019,496.8536,36.1982,116.9141
484.6003,483.4480,38.6240,120.1572
488.5239,471.2569,41.2321,122.0853
487.4828,455.7038,42.4665,123.3842
484.8649,437.8127,40.6546,121.5595
485.8599,423.3464,41.2880,121.2046
486.9749,409.9711,41.9308,124.9675
486.0487,395.4647,40.5493,123.1699
485.7598,381.6312,38.2116,119.3280
488.2065,371.5284,37.6878,117.1308
489.6640,361.1677,37.5472,116.4032
490.2222,352.9967,37.5888,115.8178
493.6834,344.2418,38.6930,115.9639
493.4963,332.4993,39.2375,113.9861
488.0262,319.3112,40.5533,115.5650
485.2003,310.2702,40.3700,116.1259
486.6074,301.3083,40.9865,116.6613
497.1107,294.4907,40.6549,117.3951
510.3911,295.3341,41.2444,117.6716
520.4618,296.5359,40.1245,115.8697
526.9971,294.0197,40.7699,115.5256
529.9177,290.7355,40.7381,115.3020
517.1302,286.6779,38.8908,113.7008
486.4948,269.8384,41.0819,114.1729
473.8307,267.1670,40.5770,113.6981
473.1414,266.6965,39.5440,114.5154
481.4177,270.2232,39.2176,115.0675
490.4406,272.5228,39.0243,116.1749
502.9785,276.2914,39.1875,117.4788
518.8300,287.1979,39.5177,117.9150
536.5480,301.4271,40.2275,117.4959
549.9056,311.0461,39.7720,116.3772
555.1086,317.3730,39.3553,115.4724
546.2858,319.9397,38.7617,113.3601
542.2280,313.0179,37.1775,112.5448
539.2455,307.0207,36.9677,112.9377
540.2980,301.4260,36.5371,114.6482
544.3868,296.7937,37.0103,116.7667
546.6441,290.1695,38.2789,119.8165
546.7941,282.5241,39.6786,120.3713
547.4395,274.3732,40.7983,121.6682
547.8134,265.8078,40.5791,124.5446
547.1387,259.7424,39.7459,124.7272
545.6575,253.5179,41.8470,127.2743
545.0712,247.5618,43.6770,132.1126
544.9417,243.4321,45.3227,133.7722
542.8990,239.1340,47.6193,137.3052
539.6370,237.0219,51.5919,143.0442
535.0978,234.1252,54.6906,148.2814
531.9636,231.0898,56.0021,151.1914
528.8881,228.5055,57.8491,151.2247
524.8192,228.4971,60.0587,154.7165
519.7768,232.0221,61.3759,154.6841
513.8925,239.0441,64.8506,159.0560
507.4993,249.4994,67.3581,162.4857
500.1393,257.9932,69.2079,166.1388
495.2042,263.7593,70.3389,166.2227
491.5252,265.5257,70.4344,167.3730
488.5589,265.7644,68.7386,171.8652
485.4364,264.8860,68.3256,173.2280
484.1531,263.4853,68.0321,172.3957
485.6102,264.1540,65.1030,172.3314
485.2264,264.3315,63.0127,172.2884
484.4315,263.2941,60.1611,172.4314
485.0310,262.8368,57.7752,170.9940
486.3190,261.7477,56.0933,172.3597
487.1029,260.6907,55.3773,173.2712
487.9684,257.4610,56.6249,176.1401
488.1631,252.3178,57.8076,177.8468
488.5804,246.5968,57.4030,177.3279
484.5707,239.5065,60.1120,183.6192
483.6739,235.0053,60.5490,186.9105
484.1216,231.4985,60.2577,188.4941
482.3748,227.5717,65.6027,190.3923
482.5595,223.3535,68.2517,196.8672
481.1628,222.0721,70.0725,203.2891
479.3708,221.9452,71.3877,209.6043
477.1904,221.6519,76.3864,214.0874
472.3223,219.1871,83.2152,214.7029
467.4833,218.4193,88.1123,214.3801
464.1800,218.0176,92.6860,227.5700
461.5897,217.7980,100.5539,231.5400
461.7982,220.5806,103.9537,220.3168
463.8309,220.4102,97.0605,229.5367
465.0273,223.5036,96.1263,218.3603
466.5155,224.6418,93.4645,210.5232
468.6400,227.8461,89.1928,197.3647
471.0522,223.4987,86.8356,216.0876
475.4886,218.5071,80.6200,233.2698
479.5020,234.7432,60.7916,182.1119
480.2246,244.5650,50.9369,153.3341
478.4946,243.3000,54.0319,148.3769
480.5251,248.3032,46.2938,132.2790
481.8631,250.4954,42.0378,122.5107
480.3523,249.9450,41.5847,117.0278
477.1781,230.2143,55.8045,171.7141
475.6585,227.5503,58.7458,174.1399
475.1122,235.3449,52.2999,144.1439
475.4742,238.7095,48.5986,131.2327
477.4684,240.0815,45.2080,128.2224
477.6953,239.8676,44.4653,131.9932
475.5473,238.1531,46.8005,140.8301
471.5365,213.1751,72.9972,211.0989
469.3501,187.1230,103.0165,288.7237
468.0841,183.8397,115.4655,297.7731
475.1491,201.2746,91.8723,254.5257
481.0849,209.4455,82.5791,241.3530
474.1280,196.3746,115.8131,289.6811
468.5019,176.5260,161.5555,355.4772
469.9179,171.1142,181.3164,393.9981
467.4403,172.2238,191.7181,422.0510
466.6276,173.0569,197.2597,430.8708
468.4214,175.1293,192.8754,418.7217
472.0041,180.4502,187.2120,409.8478
473.3047,177.7612,188.0703,408.8893
473.3592,175.6420,187.3180,410.0861
476.4122,171.1792,181.7600,412.5106
478.5355,167.5337,175.0519,417.4155
484.3993,174.0397,153.7655,405.3614
484.8488,173.4796,161.6885,420.5732
484.9187,168.9006,165.1680,432.9349
484.8244,166.8178,154.8678,428.0040
468.7266,165.7944,166.4752,441.7077
448.1260,169.6227,179.7066,454.6428
427.3889,180.3890,168.8532,412.6638
385.8641,185.2401,164.0648,385.9700
314.9526,156.5932,177.4191,406.5848
245.0157,150.7219,188.0740,427.0782
186.8103,241.3051,135.7898,330.6431
117.7822,305.0566,181.8408,374.9434
