1
291.0000,157.0000,89.0000,196.0000
290.0000,157.0000,89.0000,196.0000
290.0000,157.0000,89.0000,196.0000
290.0000,157.0000,89.0000,196.0000
290.0000,157.0000,89.0000,196.0000
290.0000,157.0000,89.0000,196.0000
290.0000,157.0000,89.0000,196.0000
290.0000,157.0000,89.0000,196.0000
290.0000,157.0000,89.0000,196.0000
290.0000,157.0000,89.0000,196.0000
290.0000,157.0000,89.0000,196.0000
290.0000,157.0000,89.0000,196.0000
290.0000,157.0000,89.0000,196.0000
290.0000,157.0000,89.0000,196.0000
290.0000,157.0000,89.0000,196.0000
290.0000,157.0000,89.0000,196.0000
290.0000,157.0000,89.0000,196.0000
290.0000,157.0000,89.0000,196.0000
290.0000,157.0000,89.0000,196.0000
290.0000,157.0000,89.0000,196.0000
290.0000,157.0000,89.0000,196.0000
290.0000,157.0000,89.0000,196.0000
290.0000,157.0000,89.0000,196.0000
290.0000,157.0000,89.0000,196.0000
290.0000,157.0000,89.0000,196.0000
290.0000,157.0000,89.0000,196.0000
290.0000,157.0000,89.0000,196.0000
290.0000,157.0000,89.0000,196.0000
290.0000,157.0000,89.0000,196.0000
290.0000,157.0000,89.0000,196.0000
290.0000,157.0000,89.0000,196.0000
290.0000,157.0000,89.0000,196.0000
290.0000,157.0000,89.0000,196.0000
290.0000,157.0000,89.0000,196.0000
289.0000,156.0000,89.0000,196.0000
289.0000,156.0000,89.0000,196.0000
289.0000,156.0000,89.0000,196.0000
289.0000,156.0000,89.0000,196.0000
289.0000,156.0000,89.0000,196.0000
289.0000,156.0000,89.0000,196.0000
289.0000,156.0000,89.0000,196.0000
289.0000,156.0000,89.0000,196.0000
289.0000,156.0000,89.0000,196.0000
289.0000,156.0000,89.0000,196.0000
289.0000,156.0000,89.0000,196.0000
289.0000,156.0000,89.0000,196.0000
289.0000,156.0000,89.0000,196.0000
289.0000,156.0000,89.0000,196.0000
289.0000,156.0000,89.0000,196.0000
289.0000,156.0000,89.0000,196.0000
289.0000,156.0000,89.0000,196.0000
289.0000,156.0000,89.0000,196.0000
289.0000,156.0000,89.0000,196.0000
289.0000,156.0000,89.0000,196.0000
289.0000,156.0000,89.0000,196.0000
289.0000,156.0000,89.0000,196.0000
289.0000,156.0000,89.0000,196.0000
289.0000,156.0000,89.0000,196.0000
289.0000,156.0000,89.0000,196.0000
289.0000,156.0000,89.0000,196.0000
289.0000,156.0000,89.0000,196.0000
289.0000,156.0000,89.0000,196.0000
289.0000,156.0000,89.0000,196.0000
289.0000,156.0000,89.0000,196.0000
289.0000,156.0000,89.0000,196.0000
289.0000,156.0000,89.0000,196.0000
299.0000,121.0000,87.0000,192.0000
299.0000,121.0000,87.0000,192.0000
299.0000,121.0000,87.0000,192.0000
299.0000,121.0000,87.0000,192.0000
299.0000,121.0000,87.0000,192.0000
299.0000,121.0000,87.0000,192.0000
299.0000,121.0000,87.0000,192.0000
299.0000,121.0000,87.0000,192.0000
299.0000,121.0000,87.0000,192.0000
299.0000,121.0000,87.0000,192.0000
299.0000,121.0000,87.0000,192.0000
299.0000,121.0000,87.0000,192.0000
299.0000,121.0000,87.0000,192.0000
299.0000,121.0000,87.0000,192.0000
299.0000,121.0000,87.0000,192.0000
299.0000,121.0000,87.0000,192.0000
299.0000,121.0000,87.0000,192.0000
299.0000,121.0000,87.0000,192.0000
299.0000,121.0000,87.0000,192.0000
299.0000,121.0000,87.0000,192.0000
299.0000,121.0000,87.0000,192.0000
299.0000,121.0000,87.0000,192.0000
299.0000,121.0000,87.0000,192.0000
299.0000,121.0000,87.0000,192.0000
299.0000,121.0000,87.0000,192.0000
299.0000,121.0000,87.0000,192.0000
299.0000,121.0000,87.0000,192.0000
299.0000,121.0000,87.0000,192.0000
299.0000,121.0000,87.0000,192.0000
299.0000,121.0000,87.0000,192.0000
299.0000,121.0000,87.0000,192.0000
299.0000,121.0000,87.0000,192.0000
2
0
0
0
0
1
382.0000,130.0000,94.0000,159.0000
382.0000,130.0000,94.0000,159.0000
382.0000,130.0000,94.0000,159.0000
382.0000,130.0000,94.0000,159.0000
382.0000,130.0000,94.0000,159.0000
382.0000,130.0000,94.0000,159.0000
382.0000,130.0000,94.0000,159.0000
382.0000,130.0000,94.0000,159.0000
382.0000,130.0000,94.0000,159.0000
382.0000,130.0000,94.0000,159.0000
382.0000,130.0000,94.0000,159.0000
382.0000,130.0000,94.0000,159.0000
382.0000,130.0000,94.0000,159.0000
382.0000,130.0000,94.0000,159.0000
382.0000,130.0000,94.0000,159.0000
382.0000,130.0000,94.0000,159.0000
382.0000,130.0000,94.0000,159.0000
382.0000,130.0000,94.0000,159.0000
382.0000,130.0000,94.0000,159.0000
382.0000,130.0000,94.0000,159.0000
382.0000,130.0000,94.0000,159.0000
382.0000,130.0000,94.0000,159.0000
382.0000,130.0000,94.0000,159.0000
382.0000,130.0000,94.0000,159.0000
382.0000,130.0000,94.0000,159.0000
382.0000,130.0000,94.0000,159.0000
382.0000,130.0000,94.0000,159.0000
382.0000,130.0000,94.0000,159.0000
382.0000,130.0000,94.0000,159.0000
382.0000,130.0000,94.0000,159.0000
382.0000,130.0000,94.0000,159.0000
382.0000,130.0000,94.0000,159.0000
382.0000,130.0000,94.0000,159.0000
381.0000,130.0000,94.0000,159.0000
381.0000,130.0000,94.0000,159.0000
381.0000,130.0000,94.0000,159.0000
381.0000,130.0000,94.0000,159.0000
381.0000,130.0000,94.0000,159.0000
381.0000,130.0000,94.0000,159.0000
381.0000,130.0000,94.0000,159.0000
381.0000,130.0000,94.0000,159.0000
381.0000,130.0000,94.0000,159.0000
381.0000,130.0000,94.0000,159.0000
381.0000,130.0000,94.0000,159.0000
381.0000,130.0000,94.0000,159.0000
381.0000,130.0000,94.0000,159.0000
381.0000,130.0000,94.0000,159.0000
381.0000,130.0000,94.0000,159.0000
381.0000,130.0000,94.0000,159.0000
381.0000,130.0000,94.0000,159.0000
381.0000,130.0000,94.0000,159.0000
381.0000,130.0000,94.0000,159.0000
381.0000,130.0000,94.0000,159.0000
381.0000,130.0000,94.0000,159.0000
381.0000,130.0000,94.0000,159.0000
381.0000,130.0000,94.0000,159.0000
381.0000,130.0000,94.0000,159.0000
381.0000,130.0000,94.0000,159.0000
381.0000,130.0000,94.0000,159.0000
381.0000,130.0000,94.0000,159.0000
381.0000,130.0000,94.0000,159.0000
381.0000,130.0000,94.0000,159.0000
381.0000,130.0000,94.0000,159.0000
381.0000,130.0000,94.0000,159.0000
381.0000,130.0000,94.0000,159.0000
381.0000,130.0000,94.0000,159.0000
381.0000,130.0000,94.0000,159.0000
381.0000,130.0000,94.0000,159.0000
355.0000,136.0000,96.0000,163.0000
355.0000,136.0000,96.0000,163.0000
355.0000,136.0000,96.0000,163.0000
355.0000,136.0000,96.0000,163.0000
355.0000,136.0000,96.0000,163.0000
355.0000,136.0000,96.0000,163.0000
355.0000,136.0000,96.0000,163.0000
355.0000,136.0000,96.0000,163.0000
355.0000,136.0000,96.0000,163.0000
355.0000,136.0000,96.0000,163.0000
355.0000,136.0000,96.0000,163.0000
355.0000,136.0000,96.0000,163.0000
355.0000,136.0000,96.0000,163.0000
355.0000,136.0000,96.0000,163.0000
355.0000,136.0000,96.0000,163.0000
355.0000,136.0000,96.0000,163.0000
355.0000,136.0000,96.0000,163.0000
355.0000,136.0000,96.0000,163.0000
355.0000,136.0000,96.0000,163.0000
355.0000,136.0000,96.0000,163.0000
355.0000,136.0000,96.0000,163.0000
355.0000,136.0000,96.0000,163.0000
355.0000,136.0000,96.0000,163.0000
355.0000,136.0000,96.0000,163.0000
355.0000,136.0000,96.0000,163.0000
355.0000,136.0000,96.0000,163.0000
355.0000,136.0000,96.0000,163.0000
355.0000,136.0000,96.0000,163.0000
355.0000,136.0000,96.0000,163.0000
355.0000,136.0000,96.0000,163.0000
355.0000,136.0000,96.0000,163.0000
340.0000,142.0000,94.0000,159.0000
340.0000,142.0000,94.0000,159.0000
340.0000,142.0000,94.0000,159.0000
340.0000,142.0000,94.0000,159.0000
340.0000,142.0000,94.0000,159.0000
340.0000,142.0000,94.0000,159.0000
340.0000,142.0000,94.0000,159.0000
340.0000,142.0000,94.0000,159.0000
340.0000,142.0000,94.0000,159.0000
340.0000,142.0000,94.0000,159.0000
340.0000,142.0000,94.0000,159.0000
340.0000,142.0000,94.0000,159.0000
340.0000,142.0000,94.0000,159.0000
340.0000,142.0000,94.0000,159.0000
340.0000,142.0000,94.0000,159.0000
340.0000,142.0000,94.0000,159.0000
340.0000,142.0000,94.0000,159.0000
340.0000,142.0000,94.0000,159.0000
340.0000,142.0000,94.0000,159.0000
340.0000,142.0000,94.0000,159.0000
340.0000,142.0000,94.0000,159.0000
340.0000,142.0000,94.0000,159.0000
340.0000,142.0000,94.0000,159.0000
340.0000,142.0000,94.0000,159.0000
340.0000,142.0000,94.0000,159.0000
340.0000,142.0000,94.0000,159.0000
340.0000,142.0000,94.0000,159.0000
340.0000,142.0000,94.0000,159.0000
340.0000,142.0000,94.0000,159.0000
340.0000,142.0000,94.0000,159.0000
340.0000,142.0000,94.0000,159.0000
340.0000,142.0000,94.0000,159.0000
301.0000,138.0000,96.0000,163.0000
301.0000,138.0000,96.0000,163.0000
301.0000,138.0000,96.0000,163.0000
301.0000,138.0000,96.0000,163.0000
301.0000,138.0000,96.0000,163.0000
301.0000,138.0000,96.0000,163.0000
301.0000,138.0000,96.0000,163.0000
301.0000,138.0000,96.0000,163.0000
301.0000,138.0000,96.0000,163.0000
301.0000,138.0000,96.0000,163.0000
301.0000,138.0000,96.0000,163.0000
301.0000,138.0000,96.0000,163.0000
301.0000,138.0000,96.0000,163.0000
301.0000,138.0000,96.0000,163.0000
301.0000,138.0000,96.0000,163.0000
301.0000,138.0000,96.0000,163.0000
301.0000,138.0000,96.0000,163.0000
301.0000,138.0000,96.0000,163.0000
301.0000,138.0000,96.0000,163.0000
301.0000,138.0000,96.0000,163.0000
301.0000,138.0000,96.0000,163.0000
301.0000,138.0000,96.0000,163.0000
301.0000,138.0000,96.0000,163.0000
301.0000,138.0000,96.0000,163.0000
301.0000,138.0000,96.0000,163.0000
301.0000,138.0000,96.0000,163.0000
301.0000,138.0000,96.0000,163.0000
301.0000,138.0000,96.0000,163.0000
301.0000,138.0000,96.0000,163.0000
301.0000,138.0000,96.0000,163.0000
301.0000,138.0000,96.0000,163.0000
301.0000,138.0000,96.0000,163.0000
324.0000,146.0000,99.0000,168.0000
324.0000,146.0000,99.0000,168.0000
324.0000,146.0000,99.0000,168.0000
324.0000,146.0000,99.0000,168.0000
324.0000,146.0000,99.0000,168.0000
324.0000,146.0000,99.0000,168.0000
324.0000,146.0000,99.0000,168.0000
324.0000,146.0000,99.0000,168.0000
324.0000,146.0000,99.0000,168.0000
324.0000,146.0000,99.0000,168.0000
324.0000,146.0000,99.0000,168.0000
324.0000,146.0000,99.0000,168.0000
324.0000,146.0000,99.0000,168.0000
324.0000,146.0000,99.0000,168.0000
324.0000,146.0000,99.0000,168.0000
324.0000,146.0000,99.0000,168.0000
324.0000,146.0000,99.0000,168.0000
324.0000,146.0000,99.0000,168.0000
324.0000,146.0000,99.0000,168.0000
324.0000,146.0000,99.0000,168.0000
324.0000,146.0000,99.0000,168.0000
324.0000,146.0000,99.0000,168.0000
324.0000,146.0000,99.0000,168.0000
324.0000,146.0000,99.0000,168.0000
324.0000,146.0000,99.0000,168.0000
324.0000,146.0000,99.0000,168.0000
324.0000,146.0000,99.0000,168.0000
324.0000,146.0000,99.0000,168.0000
324.0000,146.0000,99.0000,168.0000
324.0000,146.0000,99.0000,168.0000
324.0000,146.0000,99.0000,168.0000
324.0000,146.0000,99.0000,168.0000
324.0000,146.0000,99.0000,168.0000
324.0000,146.0000,99.0000,168.0000
378.0000,149.0000,99.0000,168.0000
378.0000,149.0000,99.0000,168.0000
378.0000,149.0000,99.0000,168.0000
378.0000,149.0000,99.0000,168.0000
378.0000,149.0000,99.0000,168.0000
378.0000,149.0000,99.0000,168.0000
378.0000,149.0000,99.0000,168.0000
378.0000,149.0000,99.0000,168.0000
378.0000,149.0000,99.0000,168.0000
378.0000,149.0000,99.0000,168.0000
378.0000,149.0000,99.0000,168.0000
378.0000,149.0000,99.0000,168.0000
378.0000,149.0000,99.0000,168.0000
378.0000,149.0000,99.0000,168.0000
378.0000,149.0000,99.0000,168.0000
378.0000,149.0000,99.0000,168.0000
378.0000,149.0000,99.0000,168.0000
378.0000,149.0000,99.0000,168.0000
378.0000,149.0000,99.0000,168.0000
378.0000,149.0000,99.0000,168.0000
378.0000,149.0000,99.0000,168.0000
378.0000,149.0000,99.0000,168.0000
378.0000,149.0000,99.0000,168.0000
378.0000,149.0000,99.0000,168.0000
378.0000,149.0000,99.0000,168.0000
378.0000,149.0000,99.0000,168.0000
378.0000,149.0000,99.0000,168.0000
378.0000,149.0000,99.0000,168.0000
378.0000,149.0000,99.0000,168.0000
378.0000,149.0000,99.0000,168.0000
378.0000,149.0000,99.0000,168.0000
378.0000,149.0000,99.0000,168.0000
378.0000,149.0000,99.0000,168.0000
378.0000,149.0000,99.0000,168.0000
378.0000,149.0000,99.0000,168.0000
361.0000,154.0000,102.0000,173.0000
361.0000,154.0000,102.0000,173.0000
361.0000,154.0000,102.0000,173.0000
361.0000,154.0000,102.0000,173.0000
361.0000,154.0000,102.0000,173.0000
361.0000,154.0000,102.0000,173.0000
361.0000,154.0000,102.0000,173.0000
361.0000,154.0000,102.0000,173.0000
361.0000,154.0000,102.0000,173.0000
361.0000,154.0000,102.0000,173.0000
361.0000,154.0000,102.0000,173.0000
361.0000,154.0000,102.0000,173.0000
361.0000,154.0000,102.0000,173.0000
361.0000,154.0000,102.0000,173.0000
361.0000,154.0000,102.0000,173.0000
361.0000,154.0000,102.0000,173.0000
361.0000,154.0000,102.0000,173.0000
361.0000,154.0000,102.0000,173.0000
361.0000,154.0000,102.0000,173.0000
361.0000,154.0000,102.0000,173.0000
361.0000,154.0000,102.0000,173.0000
361.0000,154.0000,102.0000,173.0000
361.0000,154.0000,102.0000,173.0000
361.0000,154.0000,102.0000,173.0000
361.0000,154.0000,102.0000,173.0000
361.0000,154.0000,102.0000,173.0000
361.0000,154.0000,102.0000,173.0000
361.0000,154.0000,102.0000,173.0000
361.0000,154.0000,102.0000,173.0000
