1.1102
20.431
2.6225
1.3051
1.1573
1.2395
1.1359
1.141
1.2095
1.1132
1.1144
1.1248
1.1076
1.1535
1.1241
1.1803
1.155
1.1541
1.1221
1.1184
1.1432
1.1247
1.1322
1.1954
1.1385
1.1757
1.1747
1.1712
1.1422
1.1328
1.1189
1.1167
1.1627
1.1249
1.1182
1.1219
1.126
1.1091
1.1399
1.1332
1.1234
1.1354
1.1696
1.1721
1.1491
1.1011
1.098
1.0815
1.0759
1.0796
1.0915
1.0903
1.1135
1.0995
1.1188
1.0923
1.1127
1.1006
1.0914
1.1041
1.0768
1.083
1.0978
1.1859
1.1419
1.1221
1.1066
1.118
1.0947
1.1031
1.078
1.0802
1.0799
1.0831
1.0942
1.0781
1.0634
1.0323
1.0682
1.0767
1.1057
1.112
1.0946
1.0815
1.1711
1.1377
1.0283
1.0789
1.0583
1.0323
1.0503
1.0616
1.0691
1.082
1.1179
1.1636
1.1443
1.1952
1.1155
1.0969
1.1025
1.1326
1.0878
1.0983
1.1021
1.0961
1.0899
1.0757
1.0566
1.0433
1.0755
1.0616
1.0714
1.0662
1.0615
1.0499
1.07
1.0701
1.0567
1.0564
1.073
1.0512
1.0472
1.058
1.0533
1.0676
1.2923
1.1814
1.0895
1.1295
1.1228
1.1274
1.108
1.1206
1.1177
1.0813
1.0382
1.0294
