0.00054943
1.7697
0.78634
0.85066
0.75913
0.76618
0.77146
0.76802
0.79053
0.79444
0.76677
0.78656
0.76629
0.78487
0.7566
0.73932
0.77262
0.74641
0.75964
0.75414
0.74381
0.73479
0.75531
0.74563
0.7816
0.74121
0.75737
0.78283
0.74842
0.7699
0.75062
0.75245
0.75789
0.73649
0.73995
0.87778
0.75198
0.75121
0.77254
0.74012
0.74447
0.75193
0.75351
0.7719
0.80312
0.80379
0.81695
0.76521
0.74108
0.74364
0.75831
0.76092
0.7483
0.74649
0.75634
0.7883
0.76803
0.79396
0.7432
0.74089
0.75578
0.74856
0.77252
0.79591
0.73897
0.73597
0.84232
0.76791
0.76089
0.75529
0.73528
0.7329
0.75734
0.73756
0.74179
0.75139
0.76647
0.75832
0.74868
0.78117
0.85796
0.75505
0.73835
0.7654
0.75454
0.74061
0.74728
0.81065
0.74507
0.76145
0.77697
0.73619
0.76182
0.75243
0.77096
0.80907
0.75969
0.76634
0.76558
0.76315
0.74802
0.80065
0.75255
0.74959
0.76506
0.75548
0.7619
0.76862
0.77567
0.75876
0.75885
0.76222
0.74939
0.77361
0.76103
0.74553
0.77398
0.77474
0.76589
0.74663
0.7396
0.8582
0.81691
0.74323
0.7411
0.76924
0.75202
0.82916
0.74575
0.75345
0.77817
