1
761.0000,239.0000,149.0000,93.0000
758.0000,236.0000,158.0000,99.0000
758.0000,236.0000,158.0000,99.0000
758.0000,236.0000,158.0000,99.0000
758.0000,236.0000,158.0000,99.0000
758.0000,236.0000,158.0000,99.0000
758.0000,236.0000,158.0000,99.0000
758.0000,236.0000,158.0000,99.0000
758.0000,236.0000,158.0000,99.0000
758.0000,236.0000,158.0000,99.0000
758.0000,236.0000,158.0000,99.0000
758.0000,236.0000,158.0000,99.0000
758.0000,236.0000,158.0000,99.0000
758.0000,236.0000,158.0000,99.0000
758.0000,236.0000,158.0000,99.0000
758.0000,236.0000,158.0000,99.0000
758.0000,236.0000,158.0000,99.0000
758.0000,236.0000,158.0000,99.0000
758.0000,236.0000,158.0000,99.0000
758.0000,236.0000,158.0000,99.0000
758.0000,236.0000,158.0000,99.0000
758.0000,236.0000,158.0000,99.0000
758.0000,236.0000,158.0000,99.0000
758.0000,236.0000,158.0000,99.0000
758.0000,236.0000,158.0000,99.0000
758.0000,236.0000,158.0000,99.0000
758.0000,236.0000,158.0000,99.0000
758.0000,236.0000,158.0000,99.0000
758.0000,236.0000,158.0000,99.0000
758.0000,236.0000,158.0000,99.0000
758.0000,236.0000,158.0000,99.0000
758.0000,236.0000,158.0000,99.0000
758.0000,236.0000,158.0000,99.0000
758.0000,236.0000,158.0000,99.0000
758.0000,236.0000,158.0000,99.0000
763.0000,239.0000,153.0000,96.0000
763.0000,239.0000,153.0000,96.0000
763.0000,239.0000,153.0000,96.0000
763.0000,239.0000,153.0000,96.0000
763.0000,239.0000,153.0000,96.0000
763.0000,239.0000,153.0000,96.0000
763.0000,239.0000,153.0000,96.0000
763.0000,239.0000,153.0000,96.0000
763.0000,239.0000,153.0000,96.0000
763.0000,239.0000,153.0000,96.0000
763.0000,239.0000,153.0000,96.0000
763.0000,239.0000,153.0000,96.0000
763.0000,239.0000,153.0000,96.0000
763.0000,239.0000,153.0000,96.0000
763.0000,239.0000,153.0000,96.0000
763.0000,239.0000,153.0000,96.0000
763.0000,239.0000,153.0000,96.0000
763.0000,239.0000,153.0000,96.0000
763.0000,239.0000,153.0000,96.0000
763.0000,239.0000,153.0000,96.0000
763.0000,239.0000,153.0000,96.0000
763.0000,239.0000,153.0000,96.0000
763.0000,239.0000,153.0000,96.0000
763.0000,239.0000,153.0000,96.0000
763.0000,239.0000,153.0000,96.0000
772.0000,217.0000,173.0000,108.0000
772.0000,217.0000,173.0000,108.0000
772.0000,217.0000,173.0000,108.0000
772.0000,217.0000,173.0000,108.0000
772.0000,217.0000,173.0000,108.0000
772.0000,217.0000,173.0000,108.0000
772.0000,217.0000,173.0000,108.0000
772.0000,217.0000,173.0000,108.0000
772.0000,217.0000,173.0000,108.0000
772.0000,217.0000,173.0000,108.0000
772.0000,217.0000,173.0000,108.0000
772.0000,217.0000,173.0000,108.0000
772.0000,217.0000,173.0000,108.0000
772.0000,217.0000,173.0000,108.0000
772.0000,217.0000,173.0000,108.0000
772.0000,217.0000,173.0000,108.0000
772.0000,217.0000,173.0000,108.0000
772.0000,217.0000,173.0000,108.0000
772.0000,217.0000,173.0000,108.0000
772.0000,217.0000,173.0000,108.0000
772.0000,217.0000,173.0000,108.0000
772.0000,217.0000,173.0000,108.0000
749.0000,216.0000,194.0000,121.0000
749.0000,216.0000,194.0000,121.0000
749.0000,216.0000,194.0000,121.0000
749.0000,216.0000,194.0000,121.0000
749.0000,216.0000,194.0000,121.0000
749.0000,216.0000,194.0000,121.0000
749.0000,216.0000,194.0000,121.0000
749.0000,216.0000,194.0000,121.0000
749.0000,216.0000,194.0000,121.0000
749.0000,216.0000,194.0000,121.0000
749.0000,216.0000,194.0000,121.0000
749.0000,216.0000,194.0000,121.0000
749.0000,216.0000,194.0000,121.0000
749.0000,216.0000,194.0000,121.0000
749.0000,216.0000,194.0000,121.0000
749.0000,216.0000,194.0000,121.0000
749.0000,216.0000,194.0000,121.0000
749.0000,216.0000,194.0000,121.0000
749.0000,216.0000,194.0000,121.0000
749.0000,216.0000,194.0000,121.0000
749.0000,216.0000,194.0000,121.0000
749.0000,216.0000,194.0000,121.0000
749.0000,216.0000,194.0000,121.0000
749.0000,216.0000,194.0000,121.0000
749.0000,216.0000,194.0000,121.0000
749.0000,216.0000,194.0000,121.0000
749.0000,216.0000,194.0000,121.0000
749.0000,216.0000,194.0000,121.0000
749.0000,216.0000,194.0000,121.0000
749.0000,216.0000,194.0000,121.0000
749.0000,216.0000,194.0000,121.0000
749.0000,216.0000,194.0000,121.0000
749.0000,216.0000,194.0000,121.0000
749.0000,216.0000,194.0000,121.0000
749.0000,216.0000,194.0000,121.0000
749.0000,216.0000,194.0000,121.0000
749.0000,216.0000,194.0000,121.0000
749.0000,216.0000,194.0000,121.0000
749.0000,216.0000,194.0000,121.0000
749.0000,216.0000,194.0000,121.0000
749.0000,216.0000,194.0000,121.0000
749.0000,216.0000,194.0000,121.0000
749.0000,216.0000,194.0000,121.0000
749.0000,216.0000,194.0000,121.0000
749.0000,216.0000,194.0000,121.0000
749.0000,216.0000,194.0000,121.0000
749.0000,216.0000,194.0000,121.0000
749.0000,216.0000,194.0000,121.0000
749.0000,216.0000,194.0000,121.0000
749.0000,216.0000,194.0000,121.0000
749.0000,216.0000,194.0000,121.0000
749.0000,216.0000,194.0000,121.0000
749.0000,216.0000,194.0000,121.0000
749.0000,216.0000,194.0000,121.0000
749.0000,216.0000,194.0000,121.0000
749.0000,216.0000,194.0000,121.0000
732.0000,223.0000,178.0000,111.0000
732.0000,223.0000,178.0000,111.0000
732.0000,223.0000,178.0000,111.0000
732.0000,223.0000,178.0000,111.0000
732.0000,223.0000,178.0000,111.0000
732.0000,223.0000,178.0000,111.0000
732.0000,223.0000,178.0000,111.0000
732.0000,223.0000,178.0000,111.0000
732.0000,223.0000,178.0000,111.0000
732.0000,223.0000,178.0000,111.0000
732.0000,223.0000,178.0000,111.0000
732.0000,223.0000,178.0000,111.0000
732.0000,223.0000,178.0000,111.0000
732.0000,223.0000,178.0000,111.0000
732.0000,223.0000,178.0000,111.0000
732.0000,223.0000,178.0000,111.0000
732.0000,223.0000,178.0000,111.0000
743.0000,216.0000,183.0000,114.0000
743.0000,216.0000,183.0000,114.0000
743.0000,216.0000,183.0000,114.0000
743.0000,216.0000,183.0000,114.0000
743.0000,216.0000,183.0000,114.0000
743.0000,216.0000,183.0000,114.0000
743.0000,216.0000,183.0000,114.0000
743.0000,216.0000,183.0000,114.0000
743.0000,216.0000,183.0000,114.0000
743.0000,216.0000,183.0000,114.0000
743.0000,216.0000,183.0000,114.0000
743.0000,216.0000,183.0000,114.0000
743.0000,216.0000,183.0000,114.0000
743.0000,216.0000,183.0000,114.0000
743.0000,216.0000,183.0000,114.0000
743.0000,216.0000,183.0000,114.0000
743.0000,216.0000,183.0000,114.0000
743.0000,216.0000,183.0000,114.0000
742.0000,210.0000,194.0000,121.0000
742.0000,210.0000,194.0000,121.0000
742.0000,210.0000,194.0000,121.0000
742.0000,210.0000,194.0000,121.0000
742.0000,210.0000,194.0000,121.0000
742.0000,210.0000,194.0000,121.0000
742.0000,210.0000,194.0000,121.0000
742.0000,210.0000,194.0000,121.0000
742.0000,210.0000,194.0000,121.0000
742.0000,210.0000,194.0000,121.0000
742.0000,210.0000,194.0000,121.0000
742.0000,210.0000,194.0000,121.0000
742.0000,210.0000,194.0000,121.0000
742.0000,210.0000,194.0000,121.0000
742.0000,210.0000,194.0000,121.0000
742.0000,210.0000,194.0000,121.0000
742.0000,210.0000,194.0000,121.0000
742.0000,210.0000,194.0000,121.0000
742.0000,210.0000,194.0000,121.0000
742.0000,210.0000,194.0000,121.0000
742.0000,210.0000,194.0000,121.0000
742.0000,210.0000,194.0000,121.0000
742.0000,210.0000,194.0000,121.0000
742.0000,210.0000,194.0000,121.0000
742.0000,210.0000,194.0000,121.0000
742.0000,210.0000,194.0000,121.0000
742.0000,210.0000,194.0000,121.0000
742.0000,210.0000,194.0000,121.0000
732.0000,213.0000,189.0000,118.0000
732.0000,213.0000,189.0000,118.0000
732.0000,213.0000,189.0000,118.0000
732.0000,213.0000,189.0000,118.0000
732.0000,213.0000,189.0000,118.0000
732.0000,213.0000,189.0000,118.0000
732.0000,213.0000,189.0000,118.0000
732.0000,213.0000,189.0000,118.0000
732.0000,213.0000,189.0000,118.0000
732.0000,213.0000,189.0000,118.0000
732.0000,213.0000,189.0000,118.0000
732.0000,213.0000,189.0000,118.0000
732.0000,213.0000,189.0000,118.0000
732.0000,213.0000,189.0000,118.0000
732.0000,213.0000,189.0000,118.0000
732.0000,213.0000,189.0000,118.0000
732.0000,213.0000,189.0000,118.0000
732.0000,213.0000,189.0000,118.0000
732.0000,213.0000,189.0000,118.0000
732.0000,213.0000,189.0000,118.0000
732.0000,213.0000,189.0000,118.0000
748.0000,221.0000,183.0000,114.0000
748.0000,221.0000,183.0000,114.0000
748.0000,221.0000,183.0000,114.0000
748.0000,221.0000,183.0000,114.0000
748.0000,221.0000,183.0000,114.0000
748.0000,221.0000,183.0000,114.0000
748.0000,221.0000,183.0000,114.0000
748.0000,221.0000,183.0000,114.0000
748.0000,221.0000,183.0000,114.0000
748.0000,221.0000,183.0000,114.0000
748.0000,221.0000,183.0000,114.0000
748.0000,221.0000,183.0000,114.0000
748.0000,221.0000,183.0000,114.0000
748.0000,221.0000,183.0000,114.0000
748.0000,221.0000,183.0000,114.0000
748.0000,221.0000,183.0000,114.0000
748.0000,221.0000,183.0000,114.0000
748.0000,221.0000,183.0000,114.0000
750.0000,230.0000,168.0000,105.0000
750.0000,230.0000,168.0000,105.0000
750.0000,230.0000,168.0000,105.0000
750.0000,230.0000,168.0000,105.0000
750.0000,230.0000,168.0000,105.0000
750.0000,230.0000,168.0000,105.0000
0
0
0
0
0
0
0
0
0
0
0
0
0
0
0
0
0
0
0
0
0
0
0
0
0
0
0
0
0
0
0
0
0
0
0
0
0
0
0
0
0
0
0
0
0
0
0
0
0
0
2
0
0
0
0
1
396.0000,216.0000,109.0000,109.0000
396.0000,216.0000,109.0000,109.0000
396.0000,216.0000,109.0000,109.0000
396.0000,216.0000,109.0000,109.0000
396.0000,216.0000,109.0000,109.0000
396.0000,216.0000,109.0000,109.0000
396.0000,216.0000,109.0000,109.0000
396.0000,216.0000,109.0000,109.0000
396.0000,216.0000,109.0000,109.0000
396.0000,216.0000,109.0000,109.0000
396.0000,216.0000,109.0000,109.0000
396.0000,216.0000,109.0000,109.0000
396.0000,216.0000,109.0000,109.0000
396.0000,216.0000,109.0000,109.0000
396.0000,216.0000,109.0000,109.0000
396.0000,216.0000,109.0000,109.0000
396.0000,216.0000,109.0000,109.0000
396.0000,216.0000,109.0000,109.0000
396.0000,216.0000,109.0000,109.0000
396.0000,216.0000,109.0000,109.0000
396.0000,216.0000,109.0000,109.0000
396.0000,216.0000,109.0000,109.0000
396.0000,216.0000,109.0000,109.0000
396.0000,216.0000,109.0000,109.0000
396.0000,216.0000,109.0000,109.0000
396.0000,216.0000,109.0000,109.0000
396.0000,216.0000,109.0000,109.0000
396.0000,216.0000,109.0000,109.0000
396.0000,216.0000,109.0000,109.0000
396.0000,216.0000,109.0000,109.0000
396.0000,216.0000,109.0000,109.0000
396.0000,216.0000,109.0000,109.0000
396.0000,216.0000,109.0000,109.0000
396.0000,216.0000,109.0000,109.0000
396.0000,216.0000,109.0000,109.0000
396.0000,216.0000,109.0000,109.0000
396.0000,216.0000,109.0000,109.0000
396.0000,216.0000,109.0000,109.0000
396.0000,216.0000,109.0000,109.0000
396.0000,216.0000,109.0000,109.0000
396.0000,216.0000,109.0000,109.0000
396.0000,216.0000,109.0000,109.0000
396.0000,216.0000,109.0000,109.0000
396.0000,216.0000,109.0000,109.0000
396.0000,216.0000,109.0000,109.0000
396.0000,216.0000,109.0000,109.0000
396.0000,216.0000,109.0000,109.0000
396.0000,216.0000,109.0000,109.0000
396.0000,216.0000,109.0000,109.0000
396.0000,216.0000,109.0000,109.0000
396.0000,216.0000,109.0000,109.0000
396.0000,216.0000,109.0000,109.0000
400.0000,221.0000,100.0000,100.0000
400.0000,221.0000,100.0000,100.0000
400.0000,221.0000,100.0000,100.0000
400.0000,221.0000,100.0000,100.0000
400.0000,221.0000,100.0000,100.0000
400.0000,221.0000,100.0000,100.0000
400.0000,221.0000,100.0000,100.0000
400.0000,221.0000,100.0000,100.0000
400.0000,221.0000,100.0000,100.0000
400.0000,221.0000,100.0000,100.0000
400.0000,221.0000,100.0000,100.0000
400.0000,221.0000,100.0000,100.0000
400.0000,221.0000,100.0000,100.0000
400.0000,221.0000,100.0000,100.0000
400.0000,221.0000,100.0000,100.0000
400.0000,221.0000,100.0000,100.0000
400.0000,221.0000,100.0000,100.0000
400.0000,221.0000,100.0000,100.0000
400.0000,221.0000,100.0000,100.0000
400.0000,221.0000,100.0000,100.0000
400.0000,221.0000,100.0000,100.0000
400.0000,221.0000,100.0000,100.0000
400.0000,221.0000,100.0000,100.0000
400.0000,221.0000,100.0000,100.0000
391.0000,213.0000,91.0000,91.0000
391.0000,213.0000,91.0000,91.0000
391.0000,213.0000,91.0000,91.0000
391.0000,213.0000,91.0000,91.0000
391.0000,213.0000,91.0000,91.0000
391.0000,213.0000,91.0000,91.0000
391.0000,213.0000,91.0000,91.0000
391.0000,213.0000,91.0000,91.0000
391.0000,213.0000,91.0000,91.0000
391.0000,213.0000,91.0000,91.0000
391.0000,213.0000,91.0000,91.0000
391.0000,213.0000,91.0000,91.0000
391.0000,213.0000,91.0000,91.0000
391.0000,213.0000,91.0000,91.0000
391.0000,213.0000,91.0000,91.0000
391.0000,213.0000,91.0000,91.0000
391.0000,213.0000,91.0000,91.0000
391.0000,213.0000,91.0000,91.0000
391.0000,213.0000,91.0000,91.0000
2
0
0
0
0
0
0
0
0
0
0
0
0
0
0
0
0
0
0
0
0
0
0
0
0
0
0
0
0
0
0
0
0
0
0
0
312.0000,214.0000,100.0000,100.0000
0
0
0
0
1
57.0000,231.0000,274.0000,85.0000
56.0000,231.0000,274.0000,85.0000
56.0000,231.0000,274.0000,85.0000
56.0000,231.0000,274.0000,85.0000
56.0000,231.0000,274.0000,85.0000
56.0000,231.0000,274.0000,85.0000
56.0000,231.0000,274.0000,85.0000
56.0000,231.0000,274.0000,85.0000
56.0000,231.0000,274.0000,85.0000
56.0000,231.0000,274.0000,85.0000
56.0000,231.0000,274.0000,85.0000
56.0000,231.0000,274.0000,85.0000
56.0000,231.0000,274.0000,85.0000
56.0000,231.0000,274.0000,85.0000
56.0000,231.0000,274.0000,85.0000
56.0000,231.0000,274.0000,85.0000
56.0000,231.0000,274.0000,85.0000
56.0000,231.0000,274.0000,85.0000
56.0000,231.0000,274.0000,85.0000
56.0000,231.0000,274.0000,85.0000
56.0000,231.0000,274.0000,85.0000
56.0000,231.0000,274.0000,85.0000
56.0000,231.0000,274.0000,85.0000
56.0000,231.0000,274.0000,85.0000
56.0000,231.0000,274.0000,85.0000
56.0000,231.0000,274.0000,85.0000
56.0000,231.0000,274.0000,85.0000
56.0000,231.0000,274.0000,85.0000
56.0000,231.0000,274.0000,85.0000
56.0000,231.0000,274.0000,85.0000
56.0000,231.0000,274.0000,85.0000
56.0000,231.0000,274.0000,85.0000
56.0000,231.0000,274.0000,85.0000
56.0000,231.0000,274.0000,85.0000
56.0000,231.0000,274.0000,85.0000
56.0000,231.0000,274.0000,85.0000
56.0000,231.0000,274.0000,85.0000
56.0000,231.0000,274.0000,85.0000
56.0000,231.0000,274.0000,85.0000
56.0000,231.0000,274.0000,85.0000
56.0000,231.0000,274.0000,85.0000
56.0000,231.0000,274.0000,85.0000
56.0000,231.0000,274.0000,85.0000
49.0000,230.0000,282.0000,88.0000
49.0000,230.0000,282.0000,88.0000
49.0000,230.0000,282.0000,88.0000
49.0000,230.0000,282.0000,88.0000
49.0000,230.0000,282.0000,88.0000
49.0000,230.0000,282.0000,88.0000
49.0000,230.0000,282.0000,88.0000
49.0000,230.0000,282.0000,88.0000
49.0000,230.0000,282.0000,88.0000
49.0000,230.0000,282.0000,88.0000
49.0000,230.0000,282.0000,88.0000
49.0000,230.0000,282.0000,88.0000
49.0000,230.0000,282.0000,88.0000
49.0000,230.0000,282.0000,88.0000
49.0000,230.0000,282.0000,88.0000
49.0000,230.0000,282.0000,88.0000
49.0000,230.0000,282.0000,88.0000
49.0000,230.0000,282.0000,88.0000
49.0000,230.0000,282.0000,88.0000
49.0000,230.0000,282.0000,88.0000
49.0000,230.0000,282.0000,88.0000
43.0000,228.0000,291.0000,90.0000
43.0000,228.0000,291.0000,90.0000
43.0000,228.0000,291.0000,90.0000
43.0000,228.0000,291.0000,90.0000
43.0000,228.0000,291.0000,90.0000
43.0000,228.0000,291.0000,90.0000
43.0000,228.0000,291.0000,90.0000
43.0000,228.0000,291.0000,90.0000
43.0000,228.0000,291.0000,90.0000
43.0000,228.0000,291.0000,90.0000
43.0000,228.0000,291.0000,90.0000
43.0000,228.0000,291.0000,90.0000
43.0000,228.0000,291.0000,90.0000
43.0000,228.0000,291.0000,90.0000
43.0000,228.0000,291.0000,90.0000
43.0000,228.0000,291.0000,90.0000
43.0000,228.0000,291.0000,90.0000
43.0000,228.0000,291.0000,90.0000
43.0000,228.0000,291.0000,90.0000
43.0000,228.0000,291.0000,90.0000
43.0000,228.0000,291.0000,90.0000
43.0000,228.0000,291.0000,90.0000
43.0000,228.0000,291.0000,90.0000
43.0000,228.0000,291.0000,90.0000
43.0000,228.0000,291.0000,90.0000
43.0000,228.0000,291.0000,90.0000
43.0000,228.0000,291.0000,90.0000
43.0000,228.0000,291.0000,90.0000
43.0000,228.0000,291.0000,90.0000
43.0000,228.0000,291.0000,90.0000
43.0000,228.0000,291.0000,90.0000
43.0000,228.0000,291.0000,90.0000
43.0000,228.0000,291.0000,90.0000
43.0000,228.0000,291.0000,90.0000
43.0000,228.0000,291.0000,90.0000
43.0000,228.0000,291.0000,90.0000
43.0000,228.0000,291.0000,90.0000
43.0000,228.0000,291.0000,90.0000
43.0000,228.0000,291.0000,90.0000
43.0000,228.0000,291.0000,90.0000
43.0000,228.0000,291.0000,90.0000
43.0000,228.0000,291.0000,90.0000
43.0000,228.0000,291.0000,90.0000
43.0000,228.0000,291.0000,90.0000
43.0000,228.0000,291.0000,90.0000
43.0000,228.0000,291.0000,90.0000
43.0000,228.0000,291.0000,90.0000
43.0000,228.0000,291.0000,90.0000
43.0000,228.0000,291.0000,90.0000
43.0000,228.0000,291.0000,90.0000
43.0000,228.0000,291.0000,90.0000
43.0000,228.0000,291.0000,90.0000
43.0000,228.0000,291.0000,90.0000
43.0000,228.0000,291.0000,90.0000
43.0000,228.0000,291.0000,90.0000
43.0000,228.0000,291.0000,90.0000
37.0000,226.0000,299.0000,93.0000
37.0000,226.0000,299.0000,93.0000
37.0000,226.0000,299.0000,93.0000
37.0000,226.0000,299.0000,93.0000
37.0000,226.0000,299.0000,93.0000
37.0000,226.0000,299.0000,93.0000
37.0000,226.0000,299.0000,93.0000
37.0000,226.0000,299.0000,93.0000
37.0000,226.0000,299.0000,93.0000
37.0000,226.0000,299.0000,93.0000
37.0000,226.0000,299.0000,93.0000
37.0000,226.0000,299.0000,93.0000
37.0000,226.0000,299.0000,93.0000
37.0000,226.0000,299.0000,93.0000
37.0000,226.0000,299.0000,93.0000
37.0000,226.0000,299.0000,93.0000
37.0000,226.0000,299.0000,93.0000
37.0000,226.0000,299.0000,93.0000
37.0000,226.0000,299.0000,93.0000
37.0000,226.0000,299.0000,93.0000
37.0000,226.0000,299.0000,93.0000
37.0000,226.0000,299.0000,93.0000
37.0000,226.0000,299.0000,93.0000
37.0000,226.0000,299.0000,93.0000
37.0000,226.0000,299.0000,93.0000
37.0000,226.0000,299.0000,93.0000
37.0000,226.0000,299.0000,93.0000
37.0000,226.0000,299.0000,93.0000
37.0000,226.0000,299.0000,93.0000
37.0000,226.0000,299.0000,93.0000
39.0000,226.0000,299.0000,93.0000
39.0000,226.0000,299.0000,93.0000
39.0000,226.0000,299.0000,93.0000
39.0000,226.0000,299.0000,93.0000
39.0000,226.0000,299.0000,93.0000
39.0000,226.0000,299.0000,93.0000
39.0000,226.0000,299.0000,93.0000
39.0000,226.0000,299.0000,93.0000
39.0000,226.0000,299.0000,93.0000
39.0000,226.0000,299.0000,93.0000
39.0000,226.0000,299.0000,93.0000
39.0000,226.0000,299.0000,93.0000
39.0000,226.0000,299.0000,93.0000
39.0000,226.0000,299.0000,93.0000
39.0000,226.0000,299.0000,93.0000
39.0000,226.0000,299.0000,93.0000
39.0000,226.0000,299.0000,93.0000
39.0000,226.0000,299.0000,93.0000
39.0000,226.0000,299.0000,93.0000
39.0000,226.0000,299.0000,93.0000
40.0000,225.0000,299.0000,93.0000
40.0000,225.0000,299.0000,93.0000
40.0000,225.0000,299.0000,93.0000
40.0000,225.0000,299.0000,93.0000
40.0000,225.0000,299.0000,93.0000
40.0000,225.0000,299.0000,93.0000
40.0000,225.0000,299.0000,93.0000
40.0000,225.0000,299.0000,93.0000
40.0000,225.0000,299.0000,93.0000
40.0000,225.0000,299.0000,93.0000
40.0000,225.0000,299.0000,93.0000
40.0000,225.0000,299.0000,93.0000
40.0000,225.0000,299.0000,93.0000
40.0000,225.0000,299.0000,93.0000
40.0000,225.0000,299.0000,93.0000
40.0000,225.0000,299.0000,93.0000
40.0000,225.0000,299.0000,93.0000
46.0000,230.0000,291.0000,90.0000
46.0000,230.0000,291.0000,90.0000
46.0000,230.0000,291.0000,90.0000
46.0000,230.0000,291.0000,90.0000
46.0000,230.0000,291.0000,90.0000
46.0000,230.0000,291.0000,90.0000
46.0000,230.0000,291.0000,90.0000
46.0000,230.0000,291.0000,90.0000
46.0000,230.0000,291.0000,90.0000
46.0000,230.0000,291.0000,90.0000
46.0000,230.0000,291.0000,90.0000
46.0000,230.0000,291.0000,90.0000
46.0000,230.0000,291.0000,90.0000
46.0000,230.0000,291.0000,90.0000
46.0000,230.0000,291.0000,90.0000
46.0000,230.0000,291.0000,90.0000
46.0000,230.0000,291.0000,90.0000
46.0000,230.0000,291.0000,90.0000
46.0000,230.0000,291.0000,90.0000
46.0000,230.0000,291.0000,90.0000
41.0000,228.0000,299.0000,93.0000
41.0000,228.0000,299.0000,93.0000
41.0000,228.0000,299.0000,93.0000
41.0000,228.0000,299.0000,93.0000
41.0000,228.0000,299.0000,93.0000
41.0000,228.0000,299.0000,93.0000
41.0000,228.0000,299.0000,93.0000
41.0000,228.0000,299.0000,93.0000
41.0000,228.0000,299.0000,93.0000
41.0000,228.0000,299.0000,93.0000
41.0000,228.0000,299.0000,93.0000
41.0000,228.0000,299.0000,93.0000
41.0000,228.0000,299.0000,93.0000
41.0000,228.0000,299.0000,93.0000
41.0000,228.0000,299.0000,93.0000
41.0000,228.0000,299.0000,93.0000
41.0000,228.0000,299.0000,93.0000
41.0000,228.0000,299.0000,93.0000
41.0000,228.0000,299.0000,93.0000
41.0000,228.0000,299.0000,93.0000
41.0000,228.0000,299.0000,93.0000
40.0000,229.0000,299.0000,93.0000
40.0000,229.0000,299.0000,93.0000
40.0000,229.0000,299.0000,93.0000
40.0000,229.0000,299.0000,93.0000
40.0000,229.0000,299.0000,93.0000
40.0000,229.0000,299.0000,93.0000
40.0000,229.0000,299.0000,93.0000
40.0000,229.0000,299.0000,93.0000
40.0000,229.0000,299.0000,93.0000
40.0000,229.0000,299.0000,93.0000
40.0000,229.0000,299.0000,93.0000
40.0000,229.0000,299.0000,93.0000
40.0000,229.0000,299.0000,93.0000
40.0000,229.0000,299.0000,93.0000
40.0000,229.0000,299.0000,93.0000
40.0000,229.0000,299.0000,93.0000
40.0000,229.0000,299.0000,93.0000
40.0000,229.0000,299.0000,93.0000
40.0000,229.0000,299.0000,93.0000
40.0000,229.0000,299.0000,93.0000
40.0000,229.0000,299.0000,93.0000
40.0000,229.0000,299.0000,93.0000
40.0000,229.0000,299.0000,93.0000
40.0000,229.0000,299.0000,93.0000
40.0000,229.0000,299.0000,93.0000
40.0000,229.0000,299.0000,93.0000
40.0000,229.0000,299.0000,93.0000
40.0000,229.0000,299.0000,93.0000
40.0000,229.0000,299.0000,93.0000
40.0000,229.0000,299.0000,93.0000
40.0000,229.0000,299.0000,93.0000
40.0000,229.0000,299.0000,93.0000
40.0000,229.0000,299.0000,93.0000
40.0000,229.0000,299.0000,93.0000
40.0000,229.0000,299.0000,93.0000
40.0000,229.0000,299.0000,93.0000
40.0000,229.0000,299.0000,93.0000
40.0000,229.0000,299.0000,93.0000
40.0000,229.0000,299.0000,93.0000
40.0000,229.0000,299.0000,93.0000
40.0000,229.0000,299.0000,93.0000
40.0000,229.0000,299.0000,93.0000
40.0000,229.0000,299.0000,93.0000
40.0000,229.0000,299.0000,93.0000
40.0000,229.0000,299.0000,93.0000
40.0000,229.0000,299.0000,93.0000
40.0000,229.0000,299.0000,93.0000
42.0000,227.0000,299.0000,93.0000
42.0000,227.0000,299.0000,93.0000
42.0000,227.0000,299.0000,93.0000
42.0000,227.0000,299.0000,93.0000
42.0000,227.0000,299.0000,93.0000
42.0000,227.0000,299.0000,93.0000
42.0000,227.0000,299.0000,93.0000
42.0000,227.0000,299.0000,93.0000
42.0000,227.0000,299.0000,93.0000
42.0000,227.0000,299.0000,93.0000
42.0000,227.0000,299.0000,93.0000
42.0000,227.0000,299.0000,93.0000
42.0000,227.0000,299.0000,93.0000
42.0000,227.0000,299.0000,93.0000
42.0000,227.0000,299.0000,93.0000
42.0000,227.0000,299.0000,93.0000
42.0000,227.0000,299.0000,93.0000
42.0000,227.0000,299.0000,93.0000
42.0000,227.0000,299.0000,93.0000
51.0000,228.0000,299.0000,93.0000
51.0000,228.0000,299.0000,93.0000
51.0000,228.0000,299.0000,93.0000
51.0000,228.0000,299.0000,93.0000
51.0000,228.0000,299.0000,93.0000
51.0000,228.0000,299.0000,93.0000
51.0000,228.0000,299.0000,93.0000
51.0000,228.0000,299.0000,93.0000
51.0000,228.0000,299.0000,93.0000
51.0000,228.0000,299.0000,93.0000
51.0000,228.0000,299.0000,93.0000
51.0000,228.0000,299.0000,93.0000
51.0000,228.0000,299.0000,93.0000
51.0000,228.0000,299.0000,93.0000
51.0000,228.0000,299.0000,93.0000
51.0000,228.0000,299.0000,93.0000
51.0000,228.0000,299.0000,93.0000
51.0000,228.0000,299.0000,93.0000
52.0000,230.0000,299.0000,93.0000
52.0000,230.0000,299.0000,93.0000
52.0000,230.0000,299.0000,93.0000
52.0000,230.0000,299.0000,93.0000
52.0000,230.0000,299.0000,93.0000
52.0000,230.0000,299.0000,93.0000
52.0000,230.0000,299.0000,93.0000
52.0000,230.0000,299.0000,93.0000
52.0000,230.0000,299.0000,93.0000
52.0000,230.0000,299.0000,93.0000
52.0000,230.0000,299.0000,93.0000
52.0000,230.0000,299.0000,93.0000
52.0000,230.0000,299.0000,93.0000
52.0000,230.0000,299.0000,93.0000
52.0000,230.0000,299.0000,93.0000
52.0000,230.0000,299.0000,93.0000
52.0000,230.0000,299.0000,93.0000
52.0000,230.0000,299.0000,93.0000
52.0000,230.0000,299.0000,93.0000
44.0000,225.0000,308.0000,96.0000
44.0000,225.0000,308.0000,96.0000
44.0000,225.0000,308.0000,96.0000
44.0000,225.0000,308.0000,96.0000
44.0000,225.0000,308.0000,96.0000
44.0000,225.0000,308.0000,96.0000
44.0000,225.0000,308.0000,96.0000
44.0000,225.0000,308.0000,96.0000
44.0000,225.0000,308.0000,96.0000
44.0000,225.0000,308.0000,96.0000
44.0000,225.0000,308.0000,96.0000
44.0000,225.0000,308.0000,96.0000
44.0000,225.0000,308.0000,96.0000
44.0000,225.0000,308.0000,96.0000
44.0000,225.0000,308.0000,96.0000
44.0000,225.0000,308.0000,96.0000
44.0000,225.0000,308.0000,96.0000
44.0000,225.0000,308.0000,96.0000
44.0000,225.0000,308.0000,96.0000
46.0000,228.0000,299.0000,93.0000
46.0000,228.0000,299.0000,93.0000
46.0000,228.0000,299.0000,93.0000
46.0000,228.0000,299.0000,93.0000
46.0000,228.0000,299.0000,93.0000
46.0000,228.0000,299.0000,93.0000
46.0000,228.0000,299.0000,93.0000
46.0000,228.0000,299.0000,93.0000
46.0000,228.0000,299.0000,93.0000
46.0000,228.0000,299.0000,93.0000
46.0000,228.0000,299.0000,93.0000
46.0000,228.0000,299.0000,93.0000
46.0000,228.0000,299.0000,93.0000
46.0000,228.0000,299.0000,93.0000
46.0000,228.0000,299.0000,93.0000
46.0000,228.0000,299.0000,93.0000
46.0000,228.0000,299.0000,93.0000
46.0000,228.0000,299.0000,93.0000
45.0000,228.0000,299.0000,93.0000
45.0000,228.0000,299.0000,93.0000
45.0000,228.0000,299.0000,93.0000
45.0000,228.0000,299.0000,93.0000
45.0000,228.0000,299.0000,93.0000
45.0000,228.0000,299.0000,93.0000
45.0000,228.0000,299.0000,93.0000
45.0000,228.0000,299.0000,93.0000
45.0000,228.0000,299.0000,93.0000
45.0000,228.0000,299.0000,93.0000
45.0000,228.0000,299.0000,93.0000
45.0000,228.0000,299.0000,93.0000
45.0000,228.0000,299.0000,93.0000
45.0000,228.0000,299.0000,93.0000
45.0000,228.0000,299.0000,93.0000
45.0000,228.0000,299.0000,93.0000
45.0000,228.0000,299.0000,93.0000
45.0000,228.0000,299.0000,93.0000
45.0000,228.0000,299.0000,93.0000
45.0000,228.0000,299.0000,93.0000
45.0000,228.0000,299.0000,93.0000
45.0000,228.0000,299.0000,93.0000
45.0000,228.0000,299.0000,93.0000
45.0000,228.0000,299.0000,93.0000
45.0000,228.0000,299.0000,93.0000
45.0000,228.0000,299.0000,93.0000
45.0000,228.0000,299.0000,93.0000
45.0000,228.0000,299.0000,93.0000
45.0000,228.0000,299.0000,93.0000
45.0000,228.0000,299.0000,93.0000
45.0000,228.0000,299.0000,93.0000
45.0000,228.0000,299.0000,93.0000
45.0000,228.0000,299.0000,93.0000
45.0000,228.0000,299.0000,93.0000
45.0000,228.0000,299.0000,93.0000
45.0000,228.0000,299.0000,93.0000
45.0000,228.0000,299.0000,93.0000
45.0000,228.0000,299.0000,93.0000
45.0000,228.0000,299.0000,93.0000
45.0000,228.0000,299.0000,93.0000
45.0000,228.0000,299.0000,93.0000
45.0000,228.0000,299.0000,93.0000
45.0000,228.0000,299.0000,93.0000
45.0000,228.0000,299.0000,93.0000
45.0000,228.0000,299.0000,93.0000
45.0000,228.0000,299.0000,93.0000
45.0000,228.0000,299.0000,93.0000
45.0000,228.0000,299.0000,93.0000
46.0000,228.0000,299.0000,93.0000
46.0000,228.0000,299.0000,93.0000
46.0000,228.0000,299.0000,93.0000
46.0000,228.0000,299.0000,93.0000
46.0000,228.0000,299.0000,93.0000
46.0000,228.0000,299.0000,93.0000
46.0000,228.0000,299.0000,93.0000
46.0000,228.0000,299.0000,93.0000
46.0000,228.0000,299.0000,93.0000
46.0000,228.0000,299.0000,93.0000
46.0000,228.0000,299.0000,93.0000
46.0000,228.0000,299.0000,93.0000
46.0000,228.0000,299.0000,93.0000
46.0000,228.0000,299.0000,93.0000
46.0000,228.0000,299.0000,93.0000
46.0000,228.0000,299.0000,93.0000
46.0000,228.0000,299.0000,93.0000
46.0000,228.0000,299.0000,93.0000
46.0000,228.0000,299.0000,93.0000
46.0000,228.0000,299.0000,93.0000
46.0000,228.0000,299.0000,93.0000
46.0000,228.0000,299.0000,93.0000
46.0000,228.0000,299.0000,93.0000
46.0000,228.0000,299.0000,93.0000
46.0000,228.0000,299.0000,93.0000
46.0000,228.0000,299.0000,93.0000
46.0000,228.0000,299.0000,93.0000
46.0000,228.0000,299.0000,93.0000
44.0000,228.0000,299.0000,93.0000
44.0000,228.0000,299.0000,93.0000
44.0000,228.0000,299.0000,93.0000
44.0000,228.0000,299.0000,93.0000
44.0000,228.0000,299.0000,93.0000
44.0000,228.0000,299.0000,93.0000
44.0000,228.0000,299.0000,93.0000
44.0000,228.0000,299.0000,93.0000
44.0000,228.0000,299.0000,93.0000
44.0000,228.0000,299.0000,93.0000
44.0000,228.0000,299.0000,93.0000
44.0000,228.0000,299.0000,93.0000
44.0000,228.0000,299.0000,93.0000
44.0000,228.0000,299.0000,93.0000
44.0000,228.0000,299.0000,93.0000
44.0000,228.0000,299.0000,93.0000
44.0000,228.0000,299.0000,93.0000
44.0000,228.0000,299.0000,93.0000
44.0000,228.0000,299.0000,93.0000
44.0000,228.0000,299.0000,93.0000
44.0000,228.0000,299.0000,93.0000
44.0000,228.0000,299.0000,93.0000
44.0000,228.0000,299.0000,93.0000
44.0000,228.0000,299.0000,93.0000
44.0000,228.0000,299.0000,93.0000
44.0000,228.0000,299.0000,93.0000
44.0000,228.0000,299.0000,93.0000
44.0000,228.0000,299.0000,93.0000
44.0000,228.0000,299.0000,93.0000
44.0000,228.0000,299.0000,93.0000
44.0000,228.0000,299.0000,93.0000
44.0000,228.0000,299.0000,93.0000
44.0000,228.0000,299.0000,93.0000
44.0000,228.0000,299.0000,93.0000
44.0000,228.0000,299.0000,93.0000
44.0000,228.0000,299.0000,93.0000
44.0000,228.0000,299.0000,93.0000
44.0000,228.0000,299.0000,93.0000
44.0000,228.0000,299.0000,93.0000
44.0000,228.0000,299.0000,93.0000
44.0000,228.0000,299.0000,93.0000
44.0000,228.0000,299.0000,93.0000
44.0000,228.0000,299.0000,93.0000
44.0000,228.0000,299.0000,93.0000
44.0000,228.0000,299.0000,93.0000
44.0000,228.0000,299.0000,93.0000
0
2
0
0
0
0
1
367.0000,204.0000,191.0000,95.0000
368.0000,205.0000,191.0000,95.0000
368.0000,205.0000,191.0000,95.0000
368.0000,205.0000,191.0000,95.0000
368.0000,205.0000,191.0000,95.0000
368.0000,205.0000,191.0000,95.0000
368.0000,205.0000,191.0000,95.0000
368.0000,205.0000,191.0000,95.0000
368.0000,205.0000,191.0000,95.0000
368.0000,205.0000,191.0000,95.0000
368.0000,205.0000,191.0000,95.0000
368.0000,205.0000,191.0000,95.0000
368.0000,205.0000,191.0000,95.0000
368.0000,205.0000,191.0000,95.0000
368.0000,205.0000,191.0000,95.0000
368.0000,205.0000,191.0000,95.0000
368.0000,205.0000,191.0000,95.0000
368.0000,205.0000,191.0000,95.0000
368.0000,205.0000,191.0000,95.0000
368.0000,205.0000,191.0000,95.0000
368.0000,205.0000,191.0000,95.0000
368.0000,205.0000,191.0000,95.0000
368.0000,205.0000,191.0000,95.0000
368.0000,205.0000,191.0000,95.0000
368.0000,205.0000,191.0000,95.0000
368.0000,205.0000,191.0000,95.0000
0
0
0
0
0
0
0
0
0
0
2
0
0
0
0
1
734.0000,226.0000,154.0000,88.0000
737.0000,225.0000,154.0000,88.0000
737.0000,225.0000,154.0000,88.0000
737.0000,225.0000,154.0000,88.0000
737.0000,225.0000,154.0000,88.0000
737.0000,225.0000,154.0000,88.0000
737.0000,225.0000,154.0000,88.0000
737.0000,225.0000,154.0000,88.0000
737.0000,225.0000,154.0000,88.0000
737.0000,225.0000,154.0000,88.0000
737.0000,225.0000,154.0000,88.0000
737.0000,225.0000,154.0000,88.0000
737.0000,225.0000,154.0000,88.0000
737.0000,225.0000,154.0000,88.0000
737.0000,225.0000,154.0000,88.0000
737.0000,225.0000,154.0000,88.0000
737.0000,225.0000,154.0000,88.0000
737.0000,225.0000,154.0000,88.0000
737.0000,225.0000,154.0000,88.0000
737.0000,225.0000,154.0000,88.0000
