188.93
1.2586
1.0693
1.0664
0.98365
0.92945
1.1011
1.0147
1.0195
0.98331
1.0715
0.89329
1.1457
1.0279
0.89714
0.9995
1.0318
0.97952
1.011
0.88709
0.9107
1.0594
1.1206
1.1244
0.95125
1.0389
0.94355
0.90401
0.87513
0.90107
0.97901
1.0716
0.93929
1.2373
0.88811
0.997
0.87958
1.038
1.1119
0.87491
1.0302
0.89801
0.88839
1.0011
1.0151
1.1489
1.1289
1.0072
1.0207
0.90362
0.89412
1.0091
0.98796
1.0692
1.0346
1.0631
1.1361
0.96657
0.87858
0.92719
0.91073
1.1079
1.0215
0.8874
1.0413
0.89507
1.0147
1.2125
1.0556
0.99537
0.86905
0.92692
1.0528
0.9218
1.0163
0.95958
0.9192
1.0236
1.0037
1.0628
0.95453
0.89892
0.97211
1.1877
1.0904
1.0056
1.0208
0.98917
1.0291
1.0742
0.86004
1.0069
0.9041
1.0106
1.0412
1.0446
0.9816
0.94683
1.1676
1.0502
1.0601
0.98379
0.87629
0.89235
1.027
1.0184
1.1868
0.88453
0.91378
0.94366
1.0258
0.91216
0.93296
0.99745
0.92136
1.0863
1.0976
0.88444
1.027
0.89428
1.1317
1.0195
0.91213
1.0068
0.90674
0.96059
1.1229
0.87508
1.0185
1.0364
0.90013
1.0165
1.0506
1.0687
1.0236
0.99418
0.89997
0.87855
0.98477
0.88719
1.0035
0.94562
0.88287
0.96994
0.97495
0.87402
0.91907
0.89395
1.0621
0.94558
0.98163
1.1406
0.91073
1.0075
0.95147
0.96633
0.9955
0.92227
0.87908
1.0123
0.88808
0.88656
0.88789
0.93381
0.90033
0.92116
1.0027
1.0079
0.91621
0.9105
1.0875
1.0409
0.96692
0.9704
0.92987
0.94545
1.0007
1.127
1.0432
0.98229
0.91169
0.88839
1.0017
1.1257
0.9623
0.89293
0.98693
0.90143
1.016
0.99934
0.88665
1.0082
1.0092
1.0341
0.95876
0.89525
0.94078
1.0146
0.89905
1.002
0.86127
0.88649
0.92103
0.8821
0.98144
1.0506
1.0104
0.89042
0.89356
0.953
0.92235
1.0181
0.96857
1.0523
0.94514
0.91063
1.1442
0.99125
0.98546
0.89787
1.0362
0.90906
0.90377
0.87057
1.0218
0.89376
1.0122
1.046
1.0059
1.0504
0.93872
1.1493
0.97184
1.0116
0.94833
0.9562
0.94148
0.9144
1.0364
1.0291
0.94353
0.91055
1.0637
0.90789
0.88569
0.95866
0.88594
1.1967
0.98718
1.0029
0.98667
0.8785
0.90077
0.95898
0.95124
1.0146
0.92809
0.94797
0.99134
0.90321
0.99461
0.96334
1.031
0.96674
0.94638
0.93639
0.96497
0.91432
0.9407
1.0041
1.1242
0.95717
0.88991
1.1069
1.169
1.0157
0.89862
0.89612
0.90503
0.99658
0.89016
1.0181
0.89375
0.91461
0.91166
1.1012
1.1382
0.96783
0.94818
0.90248
1.1985
0.97653
0.90292
0.93173
1.0236
0.94227
1.015
0.93739
1.0418
0.94437
0.91658
1.0114
1.1246
1.1326
0.92934
0.92963
1.0237
0.88507
0.8805
0.90752
0.89415
1.036
0.89483
1.0808
0.90374
1.1651
1.0105
0.89498
1.0542
1.0258
1.0415
0.94364
1.0155
0.88576
1.1824
1.0677
1.1101
1.0405
1.1081
0.89481
0.92195
1.0116
0.95956
0.95814
1.0763
0.99006
0.89586
0.88192
1.0057
0.95247
0.94644
0.94622
0.89637
0.87071
1.0105
0.87977
0.98152
1.1686
0.96542
0.92876
1.076
0.88093
1.0196
0.91553
0.90299
0.90671
0.86764
0.87718
1.0967
1.0119
0.94265
1.0357
1.1584
1.0247
0.94637
0.95854
0.87486
0.99554
1.0171
1.0463
1.0076
0.93455
1.0032
0.97522
0.94872
1.0644
0.90002
0.92306
0.89092
1.1345
0.8823
1.0937
0.92183
0.94407
0.9813
1.0198
0.94229
0.86952
0.90233
1.0553
0.97174
0.94133
0.90459
0.96345
0.96799
0.91564
1.1063
0.96373
0.94611
1.0427
0.9658
0.89092
0.89041
1.0587
0.90167
0.91123
1.0356
0.92384
1.0511
0.92774
0.93894
1.0546
0.93257
1.0533
0.89574
0.93292
1.0482
1.0136
0.88593
0.91236
1.0338
1.2068
1.0528
1.0513
0.90726
0.99762
0.96395
1.0682
0.97118
0.94709
0.93078
0.99424
1.0186
0.9494
1.0377
0.92109
0.90115
1.0162
1.0793
0.94232
0.98255
0.89722
0.91228
1.0141
0.88196
0.89353
0.92857
0.96641
1.0594
0.96647
0.89131
0.88394
0.89281
1.0185
1.0816
0.97359
1.0115
0.9441
0.87499
1.0048
0.95577
0.90827
0.93953
0.91259
0.87361
0.87863
0.99131
1.0859
0.92004
0.89395
0.99625
1.0507
1.028
0.93333
1.036
0.95208
0.91181
1.0701
0.97737
1.0205
0.92395
0.92636
0.8927
1.0293
1.0314
1.0206
1.0053
0.88562
0.97701
0.87199
1.0546
1.1181
0.97631
0.97801
0.91327
0.93107
1.0891
0.93964
1.0457
1.1105
1.0206
1.0454
0.94205
0.87501
1.0613
0.98309
0.9021
0.87138
1.0038
0.89996
0.88851
0.91696
0.99945
1.0014
0.94481
0.94655
1.0895
0.95361
0.95878
1.0359
0.97643
1.0462
0.91619
0.89589
0.88564
0.99472
0.87054
0.99516
0.86255
1.0141
1.2326
0.8983
0.9224
1.0385
0.97331
0.92886
1.0053
0.89203
0.87945
0.88758
1.0633
0.8542
1.0235
1.0124
0.95848
1.1009
1.0647
1.0293
1.0818
0.96345
1.129
0.98919
0.95902
1.0278
1.0767
0.89524
0.97009
0.91558
1.0239
1.1004
0.93693
1.1607
1.0471
0.99543
0.9114
0.89071
1.0628
1.0619
0.91426
1.0172
0.89076
0.90709
1.133
1.0403
0.90892
0.89621
1.1376
0.94456
1.0361
0.99462
0.88944
0.92647
1.0166
0.9943
1.1741
1.0388
0.95936
1.012
1.0746
0.94502
0.99025
0.90123
0.99723
1.0748
0.9621
0.92995
0.99928
0.88738
0.94917
1.0685
0.88548
0.97529
1.0488
1.1179
1.0428
1.0683
1.0508
1.0095
1.208
0.96156
1.0122
1.0027
1.0348
1.1449
0.96833
1.027
0.93207
0.89761
0.92857
1.0266
0.89107
0.94361
0.89552
0.92573
0.88676
0.96824
1.041
0.86188
0.96014
0.89347
0.90628
0.96193
0.92897
0.9578
0.89349
0.90493
1.0185
0.95425
1.0023
0.88706
0.88214
1.067
0.93659
0.88768
0.9217
0.89602
0.89662
0.9182
1.0247
0.91912
0.91762
1.092
1.058
1.0209
0.91274
0.88502
0.9245
0.91294
0.94586
0.89776
1.0884
1.019
0.928
1.1735
1.0224
0.97976
0.89333
1.0177
0.88591
0.89998
0.92077
0.98587
0.90619
1.0607
0.94681
1.0127
0.95183
1.0675
0.99561
0.96733
1.0437
0.87816
1.1748
1.1174
0.89781
0.95246
0.89315
0.89299
1.1478
0.92268
0.99407
1.2139
0.94905
0.9261
0.99545
0.99182
0.94206
0.91589
1.0121
1.0244
0.90571
1.1063
1.1014
1.0221
0.99766
0.98232
0.98168
0.9386
0.90658
0.94383
0.8878
1.0762
0.91894
0.90729
0.96692
0.97159
0.97599
0.92088
0.92483
0.93183
0.88634
0.89121
1.0218
0.88901
0.90332
1.0562
1.0635
1.013
0.90501
0.99767
1.1084
0.97359
0.96147
1.1569
1.0016
0.93996
1.0713
1.0219
0.97166
0.87849
0.9281
0.8936
1.0077
1.121
0.98868
0.87501
0.96191
0.96579
1.1356
1.038
0.98905
1.0689
1.0333
0.95419
0.88433
0.94659
1.0258
0.98693
0.98277
0.89202
1.0124
0.88895
0.95451
0.88442
0.95207
0.89126
0.89428
1.0534
0.95578
0.9188
1.1206
0.96328
1.0931
0.94674
0.93126
0.91719
0.92297
0.89493
1.0244
0.98555
0.94979
1.1222
1.0601
1.1385
1.0042
0.9235
1.0737
1.0065
0.95152
1.0175
1.0736
1.0407
0.88536
1.0145
0.93378
0.89706
0.8945
1.051
1.1092
0.93956
0.98962
1.0413
0.9229
1.2374
1.1535
1.0323
0.96882
0.9827
0.92228
0.98377
1.0069
0.97435
1.065
0.96513
1.0617
0.9666
0.91357
0.91725
0.90464
0.92304
1.0301
0.98195
0.93778
0.92444
0.88213
1.0331
0.92507
0.9398
0.95151
1.0142
0.93337
1.0069
0.95164
0.93346
1.0742
0.96303
0.94504
0.92753
1.0108
1.0595
0.94567
0.96937
0.92566
0.98204
0.94228
0.91337
0.98547
0.90549
0.93534
1.0237
1.117
1.0488
0.97682
0.9927
0.97121
0.95952
0.97657
0.91402
1.0895
1.0822
0.95418
0.97152
1.0104
1.0848
0.9846
0.9426
0.88811
0.86564
0.94093
0.9842
0.99271
0.89868
0.88092
0.90351
1.0119
1.0875
0.8861
1.0077
0.97155
0.89416
0.94863
0.95309
0.9753
0.9133
0.87686
1.0017
1.0529
0.99689
0.87836
0.90627
1.07
0.99166
0.95262
0.88545
0.94116
0.96727
0.89507
0.92509
0.94026
0.89182
1.0153
0.88809
1.0023
1.0285
1.0088
1.0937
0.92105
1.0229
0.98554
0.99363
0.94509
0.933
0.95431
0.90221
0.87492
1.0743
1.0725
1.0666
0.99532
0.93324
0.88236
1.0131
0.90766
0.95629
0.90243
0.96862
0.88028
1.0212
1.0422
0.90253
0.93022
0.95227
0.97703
0.90102
1.0572
1.1982
0.95321
0.99355
1.0032
1.0338
0.97102
1.0339
1.0377
0.92773
0.99251
0.91708
0.92039
0.96101
0.94054
0.89374
1.0186
1.0611
0.99912
0.91936
0.97594
1.0647
0.90902
0.96032
0.98028
1.0352
0.97393
1.112
0.92688
0.90682
1.0604
1.0421
0.89406
0.93073
0.92318
0.97474
1.0406
1.0033
1.0658
0.99364
0.90248
0.89181
0.86534
1.0504
1.0998
0.97052
0.92135
1.1832
1.1038
0.98926
0.93385
0.94024
0.89194
0.87852
1.0412
1.0239
0.98457
0.88414
1.1132
0.98672
0.96757
0.90519
0.89534
0.87969
1.0098
0.88914
1.0252
1.0493
0.90366
0.88264
1.0919
1.0592
1.0996
0.89744
0.88373
1.038
0.91094
0.95772
0.90294
1.1359
1.0601
0.95252
0.89682
1.0766
1.0936
0.93551
0.99274
0.88004
0.88409
0.99908
0.90869
0.95879
1.0193
0.88699
0.88124
0.9399
1.0676
1.0237
0.96703
0.87829
0.89679
0.88166
0.87936
0.88245
1.0856
0.94373
0.96835
0.88275
1.1742
0.8975
0.93432
1.1636
0.94662
0.90334
0.99302
1.1113
0.90414
0.9089
1.0741
0.93919
0.99597
0.88977
1.1645
1.0525
1.0123
0.99565
0.93987
0.98843
0.92125
0.99954
0.91178
1.0616
1.0538
1.0476
0.92695
1.0616
0.90284
1.0178
1.028
1.1525
1.0046
1.1819
1.011
0.87964
0.89752
1.0077
0.90336
1.1417
1.0532
0.94687
1.0014
0.88413
0.93872
0.94074
0.99226
1.0947
1.0128
1.0479
1.095
0.88045
1.0348
0.91098
0.93649
0.98225
0.88969
0.92474
0.94016
0.91647
0.94109
0.92119
1.0178
1.0923
0.94998
1.0411
0.91754
0.94561
0.8914
0.97697
0.88851
0.95518
1.0067
0.98665
0.89199
1.1691
1.2265
0.8994
0.96164
0.898
1.0305
0.89425
0.89956
1.0629
0.90695
1.053
0.9196
0.91913
1.0542
0.90945
1.0319
1.2725
1.1487
1.0173
1.0721
1.1256
1.0004
1.0442
0.91827
0.98091
0.97278
0.88022
0.97549
0.97954
0.97891
1.0005
1.0736
0.93494
0.89235
1.0457
0.97367
0.87638
0.90593
1.0415
0.96236
0.88355
0.96775
0.93393
0.96653
0.96346
1.0842
1.029
1.0279
0.89289
1.0733
0.96621
0.85573
1.0664
1.0019
0.86947
0.90331
1.0298
0.90162
1.0477
0.97468
0.91292
0.88125
0.89079
1.003
1.137
0.97293
0.93959
0.91629
1.0045
0.93953
0.87658
0.98998
0.913
1.0854
0.98408
0.93141
0.99286
1.1402
1.1283
0.94566
0.941
0.9907
1.1034
1.1308
1.0149
1.017
0.91751
0.98493
0.89322
0.9103
0.86541
0.93031
1.051
1.1024
1.1986
0.95001
0.90442
1.0347
0.8716
1
0.98386
1.015
0.98733
0.99527
0.96056
1.0076
0.91129
1.0604
0.99061
1.0191
0.92539
0.96174
0.98135
1.0098
0.88188
0.89244
0.96287
1.1137
1.0048
1.0549
0.97416
1.0144
1.0869
1.0833
0.90697
1.0121
1.0002
0.97052
0.92527
1.0465
1.0363
0.99087
1.1069
1.0506
0.98095
0.96547
0.98825
0.9164
0.99744
0.89412
1.0063
1.0225
0.92513
0.91811
1.025
0.92375
1.0955
1.1007
1.0172
0.91469
0.89448
1.0715
1.0176
0.95146
0.92395
1.1474
1.0814
1.073
0.94811
1.0386
1.0154
1.1225
1.0548
1.0653
0.90483
1.0255
1.0165
0.99314
0.90858
1.0881
0.87775
0.91528
1.016
0.9761
0.90417
0.87807
0.98235
0.93432
0.99974
1.0784
0.9791
0.9078
0.96773
0.93527
0.87706
0.90172
0.99024
0.98764
0.88771
1.0889
1.0012
1.2169
1.0558
0.9556
1.0157
0.87851
0.98755
1.0529
0.92336
1.038
1.0249
1.0146
1.0527
1.0263
0.93887
1.08
1.1902
0.98167
0.96839
0.92694
1.0352
1.0335
1.0771
0.9871
1.0079
0.89153
0.89692
1.0647
1.0105
0.93446
1.1048
0.9581
0.90856
0.97566
0.91894
1.0033
0.87782
1.0311
0.91184
0.88563
1.1842
1.0471
0.9271
0.87032
1.0869
1.1313
1.0567
0.973
0.93765
1.0649
0.94615
0.96858
0.89105
0.88431
0.87623
0.87833
1.0144
0.9188
1.0635
0.95899
0.9275
0.98068
0.95354
0.97597
0.91106
0.99626
1.0485
0.94705
0.87456
0.89045
