0.00043147
0.81144
0.011925
0.15548
NaN
NaN
0.15105
NaN
NaN
0.1602
NaN
NaN
0.11465
NaN
NaN
0.11484
NaN
0.11464
NaN
0.11269
NaN
0.10945
NaN
NaN
0.11437
NaN
0.11131
NaN
0.10644
NaN
0.11097
NaN
NaN
0.11167
NaN
0.10993
NaN
0.10729
NaN
0.12141
NaN
NaN
0.10631
NaN
0.1058
NaN
0.10749
NaN
0.10453
NaN
0.10497
NaN
0.10903
NaN
0.10652
NaN
0.11283
NaN
NaN
0.11962
NaN
0.11098
NaN
0.11427
NaN
NaN
0.10662
NaN
0.10234
NaN
0.10784
NaN
0.10532
NaN
0.10803
NaN
0.10661
NaN
0.10354
NaN
0.1141
NaN
NaN
0.10495
NaN
0.1034
NaN
0.10658
NaN
0.10324
NaN
0.1039
NaN
0.10162
NaN
0.10604
NaN
0.10521
NaN
0.10381
NaN
0.10123
NaN
0.10473
NaN
NaN
0.10214
NaN
0.101
NaN
0.10506
NaN
0.10255
NaN
0.10164
NaN
0.10009
NaN
0.10445
NaN
0.10149
NaN
0.097073
NaN
0.096421
NaN
0.10161
NaN
0.094226
NaN
0.10405
NaN
0.096103
NaN
0.095833
NaN
0.095498
NaN
0.099638
NaN
0.098009
0.0061734
0.099364
NaN
0.096956
NaN
0.096824
NaN
0.098311
NaN
0.096774
NaN
0.094701
NaN
0.098188
NaN
0.099599
NaN
0.096749
NaN
0.098889
NaN
0.10093
NaN
0.098194
NaN
0.097883
NaN
0.099855
NaN
0.098986
NaN
0.099917
NaN
0.10285
NaN
0.10705
NaN
0.10149
NaN
0.10738
NaN
0.10395
NaN
0.099107
NaN
0.103
NaN
0.10313
NaN
0.099783
NaN
0.10008
NaN
0.1039
NaN
NaN
0.10234
NaN
0.10366
NaN
0.10439
NaN
0.10786
NaN
0.10527
NaN
0.098185
NaN
0.10136
NaN
0.113
NaN
0.10226
NaN
0.10199
NaN
0.10335
NaN
0.10323
NaN
NaN
0.10574
NaN
0.10104
NaN
0.10458
NaN
0.099296
NaN
0.1001
NaN
0.10051
NaN
0.10049
NaN
0.10718
NaN
0.10276
NaN
0.11387
NaN
0.10346
NaN
0.10099
NaN
0.10971
NaN
NaN
0.099528
0.10771
NaN
NaN
0.10673
NaN
0.10086
NaN
0.10116
NaN
0.11304
NaN
0.09898
NaN
0.10042
NaN
0.10013
NaN
0.10113
NaN
0.10249
NaN
0.10038
NaN
0.098465
NaN
0.10004
NaN
0.10557
NaN
0.10244
NaN
0.096087
NaN
0.097861
NaN
0.1026
NaN
0.097951
NaN
0.10191
NaN
0.10013
NaN
0.099112
NaN
0.10315
NaN
0.10111
NaN
0.10281
NaN
0.10061
NaN
0.10171
NaN
0.10559
NaN
0.097573
NaN
0.10038
NaN
0.10206
NaN
0.10063
NaN
NaN
0.10106
NaN
0.099501
NaN
0.10055
NaN
0.10023
NaN
0.099581
NaN
0.10256
NaN
0.10069
NaN
0.10705
NaN
0.096638
NaN
0.10082
NaN
0.10641
NaN
0.10136
NaN
0.094174
NaN
0.094407
NaN
0.096044
NaN
0.093702
0.09134
NaN
0.093752
NaN
0.088523
NaN
0.091276
NaN
0.098939
NaN
0.095976
NaN
0.092538
0.092935
NaN
0.096195
NaN
0.096261
NaN
0.090646
NaN
0.092249
NaN
0.095269
NaN
0.097576
NaN
0.09427
NaN
0.096388
0.091149
NaN
0.096393
NaN
0.091223
NaN
0.091575
NaN
0.091834
NaN
0.089701
NaN
0.091413
0.091017
NaN
0.090904
NaN
0.09335
NaN
0.094406
NaN
0.08968
NaN
0.099307
NaN
0.091188
0.0059499
0.089484
NaN
0.094811
NaN
0.091016
NaN
0.095625
NaN
0.089138
NaN
0.093565
0.0057894
0.093318
NaN
0.091962
NaN
0.097036
NaN
0.096199
NaN
0.091969
NaN
0.093957
NaN
0.095761
NaN
0.10086
NaN
0.094074
NaN
0.10194
NaN
0.09472
0.091667
NaN
0.094104
NaN
0.092123
NaN
0.092711
NaN
0.10049
NaN
0.09938
NaN
0.095059
NaN
0.093832
NaN
0.08957
0.0057837
0.090483
NaN
0.092274
NaN
0.092466
NaN
0.09228
NaN
0.098081
NaN
0.098737
NaN
0.097104
NaN
0.094944
NaN
0.095555
0.007022
0.092671
NaN
0.09257
NaN
0.094557
NaN
0.090762
NaN
0.095894
NaN
0.090615
NaN
0.092624
0.092296
NaN
0.091063
NaN
0.094245
NaN
0.099494
NaN
0.094531
NaN
0.09314
NaN
0.094499
NaN
0.092609
NaN
0.090976
0.091957
NaN
0.09376
NaN
0.096234
NaN
0.10045
NaN
0.092058
NaN
0.093474
NaN
0.1044
NaN
0.092588
NaN
0.091132
0.091283
NaN
0.093449
NaN
0.095384
NaN
0.095152
NaN
0.096843
NaN
0.095723
NaN
0.09844
NaN
0.098227
NaN
0.10487
NaN
0.095996
NaN
0.098443
NaN
0.096696
NaN
0.097259
NaN
0.099298
NaN
0.10242
NaN
0.10127
NaN
0.10013
NaN
0.095432
NaN
NaN
NaN
NaN
NaN
0.00028004
0.75969
0.14238
0.013258
0.13383
NaN
NaN
0.12846
NaN
0.11899
NaN
NaN
0.099994
NaN
0.10237
NaN
0.10347
NaN
0.10042
NaN
0.1014
NaN
0.1082
NaN
0.10024
NaN
0.10333
NaN
0.10296
NaN
0.10576
NaN
0.10439
NaN
NaN
NaN
NaN
NaN
0.00028064
0.56064
0.26393
0.18001
NaN
NaN
NaN
0.15746
NaN
NaN
0.17736
NaN
NaN
0.12555
NaN
NaN
0.12814
NaN
0.12772
NaN
NaN
0.12465
NaN
0.12793
NaN
NaN
0.11751
NaN
0.12526
NaN
NaN
0.12174
NaN
0.12322
NaN
NaN
0.12005
NaN
0.11693
NaN
0.11634
NaN
NaN
0.11177
NaN
0.11332
NaN
0.11141
NaN
NaN
0.11661
NaN
0.1104
NaN
0.11259
NaN
0.11065
NaN
NaN
0.11178
NaN
0.11381
NaN
0.10877
NaN
0.1095
NaN
0.10561
NaN
NaN
0.10642
NaN
0.10522
NaN
0.10446
NaN
0.10806
NaN
0.10708
NaN
0.10679
NaN
0.10244
NaN
0.10268
NaN
0.10787
NaN
NaN
0.10624
NaN
0.10851
NaN
0.10253
NaN
0.10871
NaN
0.10257
NaN
0.10358
NaN
0.10211
NaN
0.098343
NaN
0.10037
NaN
0.098936
NaN
