244.46
1.1257
1.1041
0.93044
1.0399
0.8919
0.88196
0.87118
0.86308
0.864
1.0238
1.0562
0.89428
0.92116
1.0221
0.93184
0.90778
0.92681
0.94356
0.93985
0.95901
0.85789
0.86963
0.85993
0.8639
0.88483
0.84806
0.93247
0.91133
0.85191
0.85905
0.87572
0.86112
0.83431
0.94656
0.85587
0.85585
1.0201
0.9206
0.88739
0.8697
0.89479
1.0566
1.0773
0.85137
0.913
0.85198
1.0004
0.87196
0.88838
1.0419
1.0652
0.93456
0.88989
0.95512
0.89863
0.92186
0.87124
0.86286
0.86208
0.85506
0.95732
0.89483
0.84786
0.86262
0.85111
0.87322
0.95015
0.86804
0.90361
0.86259
1.0306
0.91296
0.90153
0.87022
0.85466
0.90608
0.90565
1.0568
0.86358
0.9007
0.93154
0.99935
0.88956
0.89268
1.0358
0.90451
0.86767
0.84699
0.85293
0.8584
1.0061
0.91065
0.91211
0.90055
0.8783
0.85246
0.89282
0.85444
0.94466
0.92595
0.85452
0.87475
1.0058
0.91923
0.87118
0.95891
0.8642
0.92254
0.8479
0.92953
0.90217
0.86616
0.86579
0.85122
0.91224
0.90081
0.8833
0.84241
0.98699
0.88977
0.95732
0.87613
0.94199
0.92609
0.87759
0.85857
0.86722
0.92159
1.0376
1.0449
0.91849
0.90642
0.85888
0.92276
0.85058
0.88223
0.8943
1.0003
0.88197
0.93063
0.85825
0.85538
0.89904
0.8773
0.9526
0.84356
0.90751
0.9216
0.91207
0.925
0.85554
1.0488
0.86893
0.86342
0.9409
0.89533
0.86899
