1
375.0000,462.0000,83.0000,88.0000
378.0000,457.0000,83.0000,88.0000
389.0000,446.0000,84.0000,89.0000
391.0000,446.0000,86.0000,91.0000
381.0000,444.0000,86.0000,91.0000
370.0000,450.0000,87.0000,92.0000
370.0000,454.0000,86.0000,91.0000
370.0000,454.0000,86.0000,91.0000
370.0000,454.0000,86.0000,91.0000
370.0000,454.0000,86.0000,91.0000
370.0000,454.0000,86.0000,91.0000
370.0000,454.0000,86.0000,91.0000
370.0000,454.0000,86.0000,91.0000
2
0
0
0
0
1
917.0000,374.0000,100.0000,59.0000
980.0000,367.0000,99.0000,58.0000
1018.0000,361.0000,99.0000,58.0000
1076.0000,354.0000,99.0000,58.0000
1141.0000,341.0000,98.0000,58.0000
1188.0000,334.0000,99.0000,59.0000
1240.0000,320.0000,97.0000,58.0000
1285.0000,316.0000,96.0000,58.0000
1319.0000,306.0000,95.0000,57.0000
1390.0000,300.0000,94.0000,56.0000
1419.0000,287.0000,93.0000,56.0000
1437.0000,287.0000,93.0000,56.0000
1446.0000,279.0000,93.0000,56.0000
1436.0000,283.0000,93.0000,56.0000
1441.0000,284.0000,93.0000,56.0000
1466.0000,277.0000,94.0000,57.0000
1466.0000,277.0000,94.0000,57.0000
1460.0000,277.0000,96.0000,58.0000
1465.0000,277.0000,96.0000,58.0000
1510.0000,301.0000,97.0000,59.0000
1530.0000,310.0000,96.0000,59.0000
1533.0000,307.0000,96.0000,59.0000
1538.0000,296.0000,94.0000,58.0000
1536.0000,298.0000,93.0000,58.0000
1534.0000,300.0000,94.0000,59.0000
1535.0000,288.0000,94.0000,59.0000
1534.0000,281.0000,93.0000,58.0000
1541.0000,284.0000,93.0000,58.0000
1545.0000,272.0000,91.0000,57.0000
1544.0000,266.0000,91.0000,57.0000
1540.0000,255.0000,90.0000,57.0000
1533.0000,247.0000,90.0000,57.0000
1537.0000,234.0000,88.0000,56.0000
1547.0000,233.0000,90.0000,58.0000
1574.0000,237.0000,90.0000,58.0000
1565.0000,231.0000,89.0000,57.0000
1558.0000,225.0000,87.0000,56.0000
1548.0000,217.0000,88.0000,56.0000
1532.0000,213.0000,88.0000,56.0000
1511.0000,200.0000,89.0000,56.0000
1512.0000,200.0000,89.0000,56.0000
1502.0000,193.0000,89.0000,56.0000
1506.0000,196.0000,89.0000,56.0000
1506.0000,188.0000,89.0000,56.0000
1494.0000,192.0000,89.0000,56.0000
1494.0000,190.0000,88.0000,55.0000
1492.0000,204.0000,88.0000,55.0000
1482.0000,197.0000,87.0000,55.0000
1471.0000,196.0000,87.0000,55.0000
1436.0000,204.0000,88.0000,55.0000
1409.0000,211.0000,90.0000,56.0000
1353.0000,223.0000,90.0000,56.0000
1296.0000,233.0000,90.0000,56.0000
1246.0000,242.0000,90.0000,56.0000
1182.0000,247.0000,90.0000,56.0000
1143.0000,261.0000,93.0000,58.0000
1093.0000,269.0000,92.0000,57.0000
1059.0000,280.0000,92.0000,57.0000
1025.0000,291.0000,90.0000,56.0000
974.0000,310.0000,90.0000,56.0000
927.0000,320.0000,90.0000,56.0000
883.0000,336.0000,92.0000,57.0000
857.0000,344.0000,92.0000,57.0000
808.0000,361.0000,92.0000,57.0000
766.0000,375.0000,92.0000,57.0000
717.0000,398.0000,93.0000,57.0000
678.0000,414.0000,93.0000,57.0000
635.0000,437.0000,93.0000,57.0000
586.0000,448.0000,94.0000,58.0000
556.0000,460.0000,94.0000,58.0000
515.0000,477.0000,94.0000,58.0000
473.0000,492.0000,94.0000,58.0000
473.0000,492.0000,94.0000,58.0000
452.0000,494.0000,94.0000,58.0000
450.0000,495.0000,93.0000,57.0000
450.0000,495.0000,93.0000,57.0000
450.0000,495.0000,93.0000,57.0000
401.0000,518.0000,93.0000,57.0000
356.0000,549.0000,93.0000,57.0000
359.0000,548.0000,91.0000,56.0000
355.0000,541.0000,92.0000,57.0000
342.0000,526.0000,93.0000,58.0000
342.0000,518.0000,94.0000,58.0000
346.0000,521.0000,94.0000,58.0000
331.0000,520.0000,95.0000,59.0000
335.0000,512.0000,95.0000,59.0000
336.0000,508.0000,95.0000,59.0000
336.0000,504.0000,95.0000,59.0000
341.0000,500.0000,97.0000,60.0000
336.0000,493.0000,96.0000,59.0000
335.0000,499.0000,95.0000,58.0000
340.0000,499.0000,95.0000,58.0000
348.0000,492.0000,96.0000,59.0000
352.0000,492.0000,96.0000,59.0000
357.0000,497.0000,96.0000,59.0000
363.0000,497.0000,96.0000,59.0000
365.0000,499.0000,96.0000,59.0000
373.0000,492.0000,96.0000,59.0000
357.0000,491.0000,96.0000,59.0000
2
0
0
0
0
1
411.0000,506.0000,65.0000,72.0000
422.0000,499.0000,65.0000,72.0000
428.0000,494.0000,65.0000,72.0000
431.0000,493.0000,65.0000,72.0000
440.0000,486.0000,64.0000,71.0000
443.0000,485.0000,65.0000,72.0000
2
0
0
0
0
1
1009.0000,368.0000,98.0000,48.0000
1076.0000,355.0000,98.0000,48.0000
1076.0000,355.0000,98.0000,48.0000
2
0
0
0
0
1
1564.0000,287.0000,90.0000,46.0000
1564.0000,287.0000,90.0000,46.0000
1592.0000,281.0000,89.0000,45.0000
1588.0000,276.0000,89.0000,45.0000
1595.0000,278.0000,90.0000,46.0000
1592.0000,276.0000,90.0000,46.0000
1605.0000,272.0000,91.0000,46.0000
1595.0000,266.0000,88.0000,45.0000
1596.0000,267.0000,90.0000,46.0000
1591.0000,265.0000,91.0000,46.0000
1583.0000,270.0000,90.0000,46.0000
1586.0000,264.0000,90.0000,46.0000
1582.0000,263.0000,90.0000,46.0000
1577.0000,271.0000,91.0000,46.0000
1582.0000,271.0000,91.0000,46.0000
1589.0000,280.0000,89.0000,45.0000
1589.0000,280.0000,89.0000,45.0000
1589.0000,280.0000,89.0000,45.0000
1577.0000,261.0000,89.0000,45.0000
1571.0000,252.0000,89.0000,45.0000
1551.0000,229.0000,90.0000,46.0000
1551.0000,227.0000,91.0000,46.0000
1546.0000,231.0000,92.0000,47.0000
1535.0000,243.0000,93.0000,47.0000
1546.0000,220.0000,94.0000,47.0000
1523.0000,233.0000,95.0000,48.0000
1518.0000,234.0000,95.0000,48.0000
1516.0000,243.0000,95.0000,48.0000
1508.0000,245.0000,94.0000,48.0000
1500.0000,255.0000,93.0000,48.0000
1494.0000,263.0000,93.0000,48.0000
1477.0000,278.0000,93.0000,48.0000
2
0
0
0
0
1
1112.0000,342.0000,79.0000,57.0000
1055.0000,350.0000,79.0000,57.0000
1020.0000,363.0000,78.0000,56.0000
1020.0000,363.0000,78.0000,56.0000
2
0
0
0
0
1
709.4300,436.3500,90.6500,45.3400
709.4300,436.3500,90.6500,45.3400
2
0
0
0
0
1
378.0000,506.0000,89.0000,48.0000
350.0000,506.0000,90.0000,48.0000
321.0000,506.0000,91.0000,49.0000
302.0000,502.0000,92.0000,50.0000
310.0000,506.0000,93.0000,50.0000
300.0000,497.0000,92.0000,49.0000
288.0000,498.0000,92.0000,49.0000
281.0000,498.0000,92.0000,49.0000
276.0000,500.0000,92.0000,49.0000
272.0000,494.0000,91.0000,48.0000
266.0000,481.0000,89.0000,47.0000
272.0000,503.0000,88.0000,46.0000
280.0000,504.0000,87.0000,46.0000
289.0000,504.0000,88.0000,46.0000
291.0000,510.0000,89.0000,46.0000
293.0000,516.0000,90.0000,46.0000
288.0000,524.0000,90.0000,46.0000
302.0000,538.0000,90.0000,46.0000
307.0000,554.0000,88.0000,45.0000
307.0000,574.0000,88.0000,45.0000
320.0000,581.0000,88.0000,45.0000
337.0000,580.0000,88.0000,45.0000
350.0000,575.0000,88.0000,45.0000
372.0000,564.0000,90.0000,46.0000
378.0000,576.0000,89.0000,46.0000
2
0
0
0
0
1
912.0000,499.0000,97.0000,47.0000
912.0000,499.0000,97.0000,47.0000
2
0
0
0
0
1
1410.0000,482.0000,83.0000,37.0000
1465.0000,478.0000,82.0000,37.0000
1520.0000,478.0000,80.0000,36.0000
1554.0000,473.0000,80.0000,36.0000
1554.0000,476.0000,82.0000,37.0000
1556.0000,470.0000,82.0000,37.0000
1562.0000,466.0000,83.0000,37.0000
