0.006831
0.009922
0.009242
0.010731
0.012713
0.014214
0.011612
0.010436
0.011248
0.016384
0.015263
0.023444
0.024316
0.031628
0.022554
0.023944
0.02295
0.029306
0.038266
0.012508
0.033908
0.033254
0.032781
0.034386
0.032045
0.031166
0.031662
0.032972
0.033726
0.031955
0.033279
0.030545
0.031822
0.034642
0.03096
0.028326
0.030349
0.018922
0.009212
0.011398
0.035254
0.028951
0.034443
0.028856
0.033086
0.013243
0.034125
0.020373
0.022741
0.011679
0.035583
0.022187
0.012623
0.036061
0.010466
0.016508
0.011178
0.040469
0.029713
0.029863
0.034499
0.014596
0.010568
0.012271
0.024992
0.031733
0.039608
0.021966
0.011109
0.038044
0.032793
0.031038
0.013361
0.019549
0.012592
0.011148
0.008947
0.021102
0.025267
0.023424
0.036647
0.025855
0.020831
0.022678
0.020627
0.033851
0.022982
0.014876
0.023731
0.043121
0.024157
0.008906
0.009633
0.017763
0.007749
0.008751
0.0289
0.025785
0.007975
0.007684
0.01465
0.013944
0.007786
0.012031
0.008807
0.008946
0.015607
0.010321
0.013777
0.014596
0.009044
0.011996
0.011464
0.010888
0.01059
0.010968
0.010938
0.008574
