0.00026111,0.00030137,0.00027313,0,0,0,0,0,0,0,0,0,0,0,0
0.70475,0.74725,0.70543,0,0,0,0,0,0,0,0,0,0,0,0
0.13055,0.11687,0.11306,0,0,0,0,0,0,0,0,0,0,0,0
0.09746,0.094849,0.098456,0,0,0,0,0,0,0,0,0,0,0,0
0.1246,0.11518,0.1198,0,0,0,0,0,0,0,0,0,0,0,0
0.084018,0.082522,0.079543,0,0,0,0,0,0,0,0,0,0,0,0
0.087731,0.072915,0.077604,0,0,0,0,0,0,0,0,0,0,0,0
0.085675,0.074426,0.078721,0,0,0,0,0,0,0,0,0,0,0,0
0.080204,0.08022,0.074518,0,0,0,0,0,0,0,0,0,0,0,0
0.07944,0.075275,0.073604,0,0,0,0,0,0,0,0,0,0,0,0
0.07699,0.074536,0.076174,0,0,0,0,0,0,0,0,0,0,0,0
0.07586,0.073127,0.075545,0,0,0,0,0,0,0,0,0,0,0,0
0.079943,0.073884,0.076109,0,0,0,0,0,0,0,0,0,0,0,0
0.07738,0.074867,0.072126,0,0,0,0,0,0,0,0,0,0,0,0
0.076513,0.076119,0.074625,0,0,0,0,0,0,0,0,0,0,0,0
0.082621,0.073296,0.074576,0,0,0,0,0,0,0,0,0,0,0,0
0.07803,0.073897,0.074196,0,0,0,0,0,0,0,0,0,0,0,0
0.083432,0.073271,0.072333,0,0,0,0,0,0,0,0,0,0,0,0
0.076199,0.072984,0.07364,0,0,0,0,0,0,0,0,0,0,0,0
0.076612,0.074562,0.073269,0,0,0,0,0,0,0,0,0,0,0,0
0.078524,0.075689,0.073738,0,0,0,0,0,0,0,0,0,0,0,0
0.083677,0.07552,0.07581,0,0,0,0,0,0,0,0,0,0,0,0
0.07894,0.075264,0.072442,0,0,0,0,0,0,0,0,0,0,0,0
0.078436,0.08047,0.074414,0,0,0,0,0,0,0,0,0,0,0,0
0.081283,0.074483,0.082736,0,0,0,0,0,0,0,0,0,0,0,0
0.080393,0.074909,0.075103,0,0,0,0,0,0,0,0,0,0,0,0
0.079437,0.073187,0.073746,0,0,0,0,0,0,0,0,0,0,0,0
0.077003,0.075706,0.075438,0,0,0,0,0,0,0,0,0,0,0,0
0.079563,0.075366,0.076714,0,0,0,0,0,0,0,0,0,0,0,0
0.077809,0.078117,0.074404,0,0,0,0,0,0,0,0,0,0,0,0
0.075423,0.072863,0.076493,0,0,0,0,0,0,0,0,0,0,0,0
0.082337,0.071403,0.073205,0,0,0,0,0,0,0,0,0,0,0,0
0.078094,0.07297,0.076045,0,0,0,0,0,0,0,0,0,0,0,0
0.07805,0.076309,0.076734,0,0,0,0,0,0,0,0,0,0,0,0
0.086143,0.078584,0.081789,0,0,0,0,0,0,0,0,0,0,0,0
0.08435,0.076706,0.078505,0,0,0,0,0,0,0,0,0,0,0,0
0.088149,0.07711,0.075598,0,0,0,0,0,0,0,0,0,0,0,0
0.081395,0.078105,0.07623,0,0,0,0,0,0,0,0,0,0,0,0
0.076585,0.079256,0.073366,0,0,0,0,0,0,0,0,0,0,0,0
0.07871,0.072861,0.072881,0,0,0,0,0,0,0,0,0,0,0,0
0.084149,0.07548,0.073598,0,0,0,0,0,0,0,0,0,0,0,0
0.077783,0.077562,0.07861,0,0,0,0,0,0,0,0,0,0,0,0
0.077925,0.074986,0.078633,0,0,0,0,0,0,0,0,0,0,0,0
0.077103,0.074489,0.075215,0,0,0,0,0,0,0,0,0,0,0,0
0.077379,0.07605,0.078273,0,0,0,0,0,0,0,0,0,0,0,0
0.078134,0.076533,0.075957,0,0,0,0,0,0,0,0,0,0,0,0
0.078102,0.075401,0.076555,0,0,0,0,0,0,0,0,0,0,0,0
0.082957,0.076931,0.076266,0,0,0,0,0,0,0,0,0,0,0,0
0.080584,0.072425,0.073584,0,0,0,0,0,0,0,0,0,0,0,0
0.077494,0.076739,0.072028,0,0,0,0,0,0,0,0,0,0,0,0
0.077299,0.081994,0.081372,0,0,0,0,0,0,0,0,0,0,0,0
0.078087,0.083622,0.079833,0,0,0,0,0,0,0,0,0,0,0,0
0.082676,0.074599,0.07251,0,0,0,0,0,0,0,0,0,0,0,0
0.077798,0.07777,0.074771,0,0,0,0,0,0,0,0,0,0,0,0
0.081832,0.073363,0.084701,0,0,0,0,0,0,0,0,0,0,0,0
0.083513,0.07334,0.072641,0,0,0,0,0,0,0,0,0,0,0,0
0.079661,0.081431,0.077568,0,0,0,0,0,0,0,0,0,0,0,0
0.086628,0.080046,0.077085,0,0,0,0,0,0,0,0,0,0,0,0
0.081965,0.077163,0.081983,0,0,0,0,0,0,0,0,0,0,0,0
0.084479,0.077374,0.07594,0,0,0,0,0,0,0,0,0,0,0,0
0.077574,0.075552,0.076417,0,0,0,0,0,0,0,0,0,0,0,0
0.080047,0.077229,0.083367,0,0,0,0,0,0,0,0,0,0,0,0
0.081579,0.079428,0.077464,0,0,0,0,0,0,0,0,0,0,0,0
0.076874,0.073189,0.075644,0,0,0,0,0,0,0,0,0,0,0,0
0.082781,0.074201,0.074724,0,0,0,0,0,0,0,0,0,0,0,0
0.078017,0.072554,0.076159,0,0,0,0,0,0,0,0,0,0,0,0
0.076308,0.073726,0.076703,0,0,0,0,0,0,0,0,0,0,0,0
0.075337,0.071431,0.080493,0,0,0,0,0,0,0,0,0,0,0,0
0.075526,0.073031,0.072843,0,0,0,0,0,0,0,0,0,0,0,0
0.076865,0.074368,0.07418,0,0,0,0,0,0,0,0,0,0,0,0
0.078946,0.079478,0.073866,0,0,0,0,0,0,0,0,0,0,0,0
0.079018,0.078274,0.07433,0,0,0,0,0,0,0,0,0,0,0,0
0.081961,0.078703,0.074822,0,0,0,0,0,0,0,0,0,0,0,0
0.078377,0.076733,0.074798,0,0,0,0,0,0,0,0,0,0,0,0
0.084728,0.077959,0.074857,0,0,0,0,0,0,0,0,0,0,0,0
0.078119,0.080775,0.072357,0,0,0,0,0,0,0,0,0,0,0,0
0.092117,0.081869,0.07497,0,0,0,0,0,0,0,0,0,0,0,0
0.086477,0.076918,0.072199,0,0,0,0,0,0,0,0,0,0,0,0
0.078606,0.07858,0.072699,0,0,0,0,0,0,0,0,0,0,0,0
0.079135,0.083661,0.074298,0,0,0,0,0,0,0,0,0,0,0,0
0.077855,0.072656,0.07471,0,0,0,0,0,0,0,0,0,0,0,0
0.082142,0.077569,0.078082,0,0,0,0,0,0,0,0,0,0,0,0
0.078893,0.073045,0.078507,0,0,0,0,0,0,0,0,0,0,0,0
0.081276,0.076864,0.073256,0,0,0,0,0,0,0,0,0,0,0,0
0.085784,0.079639,0.077707,0,0,0,0,0,0,0,0,0,0,0,0
0.07863,0.074794,0.074191,0,0,0,0,0,0,0,0,0,0,0,0
0.076355,0.073775,0.07758,0,0,0,0,0,0,0,0,0,0,0,0
0.077444,0.07445,0.074368,0,0,0,0,0,0,0,0,0,0,0,0
0.076548,0.076422,0.074863,0,0,0,0,0,0,0,0,0,0,0,0
0.075867,0.073095,0.079617,0,0,0,0,0,0,0,0,0,0,0,0
0.080187,0.075314,0.073191,0,0,0,0,0,0,0,0,0,0,0,0
0.078803,0.073396,0.071606,0,0,0,0,0,0,0,0,0,0,0,0
0.079825,0.075768,0.073078,0,0,0,0,0,0,0,0,0,0,0,0
0.081793,0.083835,0.081519,0,0,0,0,0,0,0,0,0,0,0,0
0.085414,0.075263,0.087615,0,0,0,0,0,0,0,0,0,0,0,0
0.081017,0.076438,0.078675,0,0,0,0,0,0,0,0,0,0,0,0
0.080171,0.083886,0.077865,0,0,0,0,0,0,0,0,0,0,0,0
0.080964,0.080554,0.075974,0,0,0,0,0,0,0,0,0,0,0,0
0.082376,0.077712,0.07622,0,0,0,0,0,0,0,0,0,0,0,0
0.082867,0.076796,0.075761,0,0,0,0,0,0,0,0,0,0,0,0
0.079339,0.076067,0.080095,0,0,0,0,0,0,0,0,0,0,0,0
0.080415,0.078776,0.078352,0,0,0,0,0,0,0,0,0,0,0,0
0.078975,0.07997,0.081217,0,0,0,0,0,0,0,0,0,0,0,0
0.079186,0.076126,0.074803,0,0,0,0,0,0,0,0,0,0,0,0
0.08099,0.076245,0.075622,0,0,0,0,0,0,0,0,0,0,0,0
0.086005,0.07771,0.076083,0,0,0,0,0,0,0,0,0,0,0,0
0.079876,0.0765,0.080735,0,0,0,0,0,0,0,0,0,0,0,0
0.082102,0.074643,0.080183,0,0,0,0,0,0,0,0,0,0,0,0
0.086635,0.075661,0.08057,0,0,0,0,0,0,0,0,0,0,0,0
0.083997,0.075494,0.076314,0,0,0,0,0,0,0,0,0,0,0,0
0.082734,0.085699,0.075873,0,0,0,0,0,0,0,0,0,0,0,0
0.079993,0.077263,0.07961,0,0,0,0,0,0,0,0,0,0,0,0
0.080743,0.077864,0.079686,0,0,0,0,0,0,0,0,0,0,0,0
0.079788,0.075865,0.087135,0,0,0,0,0,0,0,0,0,0,0,0
0.096868,0.077558,0.079928,0,0,0,0,0,0,0,0,0,0,0,0
0.082773,0.075927,0.079722,0,0,0,0,0,0,0,0,0,0,0,0
0.083288,0.081642,0.077993,0,0,0,0,0,0,0,0,0,0,0,0
0.079227,0.077761,0.078947,0,0,0,0,0,0,0,0,0,0,0,0
0.078986,0.080272,0.082398,0,0,0,0,0,0,0,0,0,0,0,0
0.087328,0.077252,0.07889,0,0,0,0,0,0,0,0,0,0,0,0
0.08061,0.07792,0.077861,0,0,0,0,0,0,0,0,0,0,0,0
0.079483,0.083275,0.078399,0,0,0,0,0,0,0,0,0,0,0,0
0.08455,0.078828,0.077049,0,0,0,0,0,0,0,0,0,0,0,0
0.080841,0.077067,0.077404,0,0,0,0,0,0,0,0,0,0,0,0
0.080342,0.081344,0.080082,0,0,0,0,0,0,0,0,0,0,0,0
0.084444,0.078038,0.080414,0,0,0,0,0,0,0,0,0,0,0,0
0.080443,0.077156,0.079888,0,0,0,0,0,0,0,0,0,0,0,0
0.081018,0.083852,0.081066,0,0,0,0,0,0,0,0,0,0,0,0
0.082101,0.081277,0.07873,0,0,0,0,0,0,0,0,0,0,0,0
0.083323,0.076422,0.077995,0,0,0,0,0,0,0,0,0,0,0,0
0.080142,0.080034,0.078045,0,0,0,0,0,0,0,0,0,0,0,0
0.081351,0.079054,0.076996,0,0,0,0,0,0,0,0,0,0,0,0
0.091515,0.081556,0.085985,0,0,0,0,0,0,0,0,0,0,0,0
0.088841,0.079154,0.084281,0,0,0,0,0,0,0,0,0,0,0,0
0.082148,0.078358,0.077958,0,0,0,0,0,0,0,0,0,0,0,0
0.085207,0.083417,0.078947,0,0,0,0,0,0,0,0,0,0,0,0
0.081865,0.076427,0.087636,0,0,0,0,0,0,0,0,0,0,0,0
0.083542,0.080072,0.085989,0,0,0,0,0,0,0,0,0,0,0,0
0.079913,0.078666,0.08141,0,0,0,0,0,0,0,0,0,0,0,0
0.080176,0.075827,0.081137,0,0,0,0,0,0,0,0,0,0,0,0
0.081334,0.078065,0.079979,0,0,0,0,0,0,0,0,0,0,0,0
0.07972,0.077461,0.078093,0,0,0,0,0,0,0,0,0,0,0,0
0.079347,0.077067,0.078136,0,0,0,0,0,0,0,0,0,0,0,0
0.08167,0.077263,0.080775,0,0,0,0,0,0,0,0,0,0,0,0
0.081839,0.07586,0.077588,0,0,0,0,0,0,0,0,0,0,0,0
0.084453,0.078834,0.077873,0,0,0,0,0,0,0,0,0,0,0,0
0.093916,0.079781,0.079445,0,0,0,0,0,0,0,0,0,0,0,0
0.090663,0.078465,0.079772,0,0,0,0,0,0,0,0,0,0,0,0
0.083956,0.08134,0.079624,0,0,0,0,0,0,0,0,0,0,0,0
0.081822,0.084965,0.07993,0,0,0,0,0,0,0,0,0,0,0,0
0.082994,0.077646,0.077631,0,0,0,0,0,0,0,0,0,0,0,0
0.080762,0.077827,0.07761,0,0,0,0,0,0,0,0,0,0,0,0
0.079547,0.080957,0.089098,0,0,0,0,0,0,0,0,0,0,0,0
0.079821,0.076718,0.081003,0,0,0,0,0,0,0,0,0,0,0,0
0.082627,0.078876,0.07877,0,0,0,0,0,0,0,0,0,0,0,0
0.081591,0.076913,0.078444,0,0,0,0,0,0,0,0,0,0,0,0
0.08994,0.077874,0.077682,0,0,0,0,0,0,0,0,0,0,0,0
0.08163,0.0795,0.077818,0,0,0,0,0,0,0,0,0,0,0,0
0.083151,0.079132,0.080904,0,0,0,0,0,0,0,0,0,0,0,0
0.082386,0.078346,0.077846,0,0,0,0,0,0,0,0,0,0,0,0
0.088829,0.080738,0.081028,0,0,0,0,0,0,0,0,0,0,0,0
0.09095,0.076379,0.077856,0,0,0,0,0,0,0,0,0,0,0,0
0.083655,0.079028,0.079328,0,0,0,0,0,0,0,0,0,0,0,0
0.082664,0.076917,0.078388,0,0,0,0,0,0,0,0,0,0,0,0
0.08148,0.077945,0.080522,0,0,0,0,0,0,0,0,0,0,0,0
0.082474,0.080001,0.077093,0,0,0,0,0,0,0,0,0,0,0,0
0.082566,0.08057,0.077261,0,0,0,0,0,0,0,0,0,0,0,0
0.084253,0.078453,0.07848,0,0,0,0,0,0,0,0,0,0,0,0
0.081403,0.083617,0.078576,0,0,0,0,0,0,0,0,0,0,0,0
0.080062,0.08556,0.07967,0,0,0,0,0,0,0,0,0,0,0,0
0.089319,0.081231,0.082229,0,0,0,0,0,0,0,0,0,0,0,0
0.081063,0.080865,0.081326,0,0,0,0,0,0,0,0,0,0,0,0
0.084378,0.08037,0.078925,0,0,0,0,0,0,0,0,0,0,0,0
0.081351,0.079726,0.081788,0,0,0,0,0,0,0,0,0,0,0,0
0.091746,0.077564,0.084776,0,0,0,0,0,0,0,0,0,0,0,0
0.081234,0.078172,0.082789,0,0,0,0,0,0,0,0,0,0,0,0
0.082898,0.077917,0.08175,0,0,0,0,0,0,0,0,0,0,0,0
0.084585,0.079912,0.078227,0,0,0,0,0,0,0,0,0,0,0,0
0.083658,0.076558,0.07951,0,0,0,0,0,0,0,0,0,0,0,0
0.087072,0.079983,0.079553,0,0,0,0,0,0,0,0,0,0,0,0
0.088071,0.07799,0.07893,0,0,0,0,0,0,0,0,0,0,0,0
0.084204,0.085132,0.081161,0,0,0,0,0,0,0,0,0,0,0,0
0.081534,0.079445,0.080285,0,0,0,0,0,0,0,0,0,0,0,0
0.083844,0.078736,0.08524,0,0,0,0,0,0,0,0,0,0,0,0
0.085541,0.079615,0.082301,0,0,0,0,0,0,0,0,0,0,0,0
0.086263,0.086925,0.081961,0,0,0,0,0,0,0,0,0,0,0,0
0.086105,0.079394,0.081883,0,0,0,0,0,0,0,0,0,0,0,0
0.084538,0.087109,0.081531,0,0,0,0,0,0,0,0,0,0,0,0
0.085484,0.080689,0.080431,0,0,0,0,0,0,0,0,0,0,0,0
0.084358,0.080631,0.086505,0,0,0,0,0,0,0,0,0,0,0,0
0.089662,0.080144,0.07988,0,0,0,0,0,0,0,0,0,0,0,0
0.085452,0.085207,0.082386,0,0,0,0,0,0,0,0,0,0,0,0
0.09138,0.079874,0.080227,0,0,0,0,0,0,0,0,0,0,0,0
0.086413,0.082826,0.081698,0,0,0,0,0,0,0,0,0,0,0,0
0.084741,0.082371,0.081268,0,0,0,0,0,0,0,0,0,0,0,0
0.085817,0.079684,0.089178,0,0,0,0,0,0,0,0,0,0,0,0
0.087479,0.080262,0.081488,0,0,0,0,0,0,0,0,0,0,0,0
0.084212,0.082335,0.081384,0,0,0,0,0,0,0,0,0,0,0,0
0.086151,0.082036,0.083738,0,0,0,0,0,0,0,0,0,0,0,0
0.084659,0.084457,0.082134,0,0,0,0,0,0,0,0,0,0,0,0
0.085379,0.08,0.082314,0,0,0,0,0,0,0,0,0,0,0,0
0.082859,0.081777,0.085455,0,0,0,0,0,0,0,0,0,0,0,0
0.083706,0.079457,0.082197,0,0,0,0,0,0,0,0,0,0,0,0
0.084843,0.082809,0.081812,0,0,0,0,0,0,0,0,0,0,0,0
0.084051,0.084363,0.082069,0,0,0,0,0,0,0,0,0,0,0,0
0.084547,0.0799,0.080314,0,0,0,0,0,0,0,0,0,0,0,0
0.086036,0.080134,0.081951,0,0,0,0,0,0,0,0,0,0,0,0
0.084503,0.079335,0.080545,0,0,0,0,0,0,0,0,0,0,0,0
0.093535,0.083554,0.083497,0,0,0,0,0,0,0,0,0,0,0,0
0.086647,0.097747,0.082574,0,0,0,0,0,0,0,0,0,0,0,0
0.086183,0.083144,0.082124,0,0,0,0,0,0,0,0,0,0,0,0
0.089843,0.080651,0.084233,0,0,0,0,0,0,0,0,0,0,0,0
0.085828,0.079755,0.080874,0,0,0,0,0,0,0,0,0,0,0,0
0.085435,0.079534,0.081712,0,0,0,0,0,0,0,0,0,0,0,0
0.083397,0.078948,0.082312,0,0,0,0,0,0,0,0,0,0,0,0
0.0973,0.086358,0.081151,0,0,0,0,0,0,0,0,0,0,0,0
0.08213,0.082796,0.08243,0,0,0,0,0,0,0,0,0,0,0,0
0.084233,0.086355,0.082896,0,0,0,0,0,0,0,0,0,0,0,0
0.085263,0.085225,0.083957,0,0,0,0,0,0,0,0,0,0,0,0
0.088388,0.081732,0.0822,0,0,0,0,0,0,0,0,0,0,0,0
0.091711,0.078554,0.081148,0,0,0,0,0,0,0,0,0,0,0,0
0.089456,0.079388,0.087225,0,0,0,0,0,0,0,0,0,0,0,0
0.087116,0.089254,0.08953,0,0,0,0,0,0,0,0,0,0,0,0
0.084747,0.083768,0.08032,0,0,0,0,0,0,0,0,0,0,0,0
0.086955,0.081856,0.08309,0,0,0,0,0,0,0,0,0,0,0,0
0.083961,0.085553,0.082229,0,0,0,0,0,0,0,0,0,0,0,0
0.084923,0.083495,0.079487,0,0,0,0,0,0,0,0,0,0,0,0
0.086133,0.08169,0.085568,0,0,0,0,0,0,0,0,0,0,0,0
0.085809,0.08075,0.080226,0,0,0,0,0,0,0,0,0,0,0,0
0.085035,0.086769,0.087938,0,0,0,0,0,0,0,0,0,0,0,0
0.083142,0.083022,0.080415,0,0,0,0,0,0,0,0,0,0,0,0
0.084781,0.081525,0.083804,0,0,0,0,0,0,0,0,0,0,0,0
0.088329,0.081473,0.082701,0,0,0,0,0,0,0,0,0,0,0,0
0.090067,0.084307,0.080494,0,0,0,0,0,0,0,0,0,0,0,0
0.092558,0.082996,0.079342,0,0,0,0,0,0,0,0,0,0,0,0
0.085734,0.082078,0.081011,0,0,0,0,0,0,0,0,0,0,0,0
0.089555,0.082412,0.081953,0,0,0,0,0,0,0,0,0,0,0,0
0.086393,0.084098,0.085925,0,0,0,0,0,0,0,0,0,0,0,0
0.089457,0.086942,0.080491,0,0,0,0,0,0,0,0,0,0,0,0
0.086861,0.086047,0.081336,0,0,0,0,0,0,0,0,0,0,0,0
0.095359,0.079818,0.090212,0,0,0,0,0,0,0,0,0,0,0,0
0.088968,0.082209,0.0853,0,0,0,0,0,0,0,0,0,0,0,0
0.085084,0.082064,0.085294,0,0,0,0,0,0,0,0,0,0,0,0
0.087851,0.082777,0.08214,0,0,0,0,0,0,0,0,0,0,0,0
0.086366,0.083191,0.082746,0,0,0,0,0,0,0,0,0,0,0,0
0.08797,0.084022,0.0848,0,0,0,0,0,0,0,0,0,0,0,0
0.086448,0.081869,0.081974,0,0,0,0,0,0,0,0,0,0,0,0
0.089911,0.083763,0.08477,0,0,0,0,0,0,0,0,0,0,0,0
0.087987,0.083921,0.084505,0,0,0,0,0,0,0,0,0,0,0,0
0.093485,0.086334,0.086184,0,0,0,0,0,0,0,0,0,0,0,0
0.089557,0.083002,0.083277,0,0,0,0,0,0,0,0,0,0,0,0
