8.75,8.7783,8.7876,0,0,0,0,0,0,0,0,0,0,0,0
0.10657,0.10873,0.10937,0,0,0,0,0,0,0,0,0,0,0,0
0.040064,0.039356,0.040466,0,0,0,0,0,0,0,0,0,0,0,0
0.029857,0.029296,0.029199,0,0,0,0,0,0,0,0,0,0,0,0
0.03833,0.038806,0.039088,0,0,0,0,0,0,0,0,0,0,0,0
0.054116,0.057929,0.051866,0,0,0,0,0,0,0,0,0,0,0,0
0.025101,0.025399,0.024027,0,0,0,0,0,0,0,0,0,0,0,0
0.03589,0.024928,0.02427,0,0,0,0,0,0,0,0,0,0,0,0
0.03214,0.024874,0.024536,0,0,0,0,0,0,0,0,0,0,0,0
0.026633,0.024313,0.026198,0,0,0,0,0,0,0,0,0,0,0,0
0.026375,0.023875,0.026531,0,0,0,0,0,0,0,0,0,0,0,0
0.024783,0.025116,0.025758,0,0,0,0,0,0,0,0,0,0,0,0
0.025245,0.02397,0.024606,0,0,0,0,0,0,0,0,0,0,0,0
0.02435,0.023676,0.024385,0,0,0,0,0,0,0,0,0,0,0,0
0.024375,0.023995,0.02416,0,0,0,0,0,0,0,0,0,0,0,0
0.024462,0.024762,0.024257,0,0,0,0,0,0,0,0,0,0,0,0
0.023943,0.023824,0.024156,0,0,0,0,0,0,0,0,0,0,0,0
0.023776,0.02426,0.024356,0,0,0,0,0,0,0,0,0,0,0,0
0.024263,0.023802,0.024303,0,0,0,0,0,0,0,0,0,0,0,0
0.024215,0.023947,0.024315,0,0,0,0,0,0,0,0,0,0,0,0
0.02399,0.023741,0.024141,0,0,0,0,0,0,0,0,0,0,0,0
0.024467,0.024261,0.024224,0,0,0,0,0,0,0,0,0,0,0,0
0.023872,0.023899,0.024047,0,0,0,0,0,0,0,0,0,0,0,0
0.024438,0.024174,0.024075,0,0,0,0,0,0,0,0,0,0,0,0
0.024094,0.024148,0.02421,0,0,0,0,0,0,0,0,0,0,0,0
0.025891,0.024965,0.025293,0,0,0,0,0,0,0,0,0,0,0,0
0.024706,0.024104,0.024837,0,0,0,0,0,0,0,0,0,0,0,0
0.024525,0.024172,0.024321,0,0,0,0,0,0,0,0,0,0,0,0
0.024344,0.024063,0.024121,0,0,0,0,0,0,0,0,0,0,0,0
0.024608,0.024368,0.02422,0,0,0,0,0,0,0,0,0,0,0,0
0.024382,0.024086,0.024258,0,0,0,0,0,0,0,0,0,0,0,0
0.024678,0.02409,0.024106,0,0,0,0,0,0,0,0,0,0,0,0
0.036107,0.024524,0.024247,0,0,0,0,0,0,0,0,0,0,0,0
0.030413,0.024629,0.024744,0,0,0,0,0,0,0,0,0,0,0,0
0.024372,0.024484,0.024061,0,0,0,0,0,0,0,0,0,0,0,0
0.024571,0.024681,0.024456,0,0,0,0,0,0,0,0,0,0,0,0
0.023872,0.024312,0.02369,0,0,0,0,0,0,0,0,0,0,0,0
0.025574,0.025357,0.024891,0,0,0,0,0,0,0,0,0,0,0,0
0.024576,0.024405,0.024439,0,0,0,0,0,0,0,0,0,0,0,0
0.024677,0.024293,0.024003,0,0,0,0,0,0,0,0,0,0,0,0
0.024203,0.024047,0.023459,0,0,0,0,0,0,0,0,0,0,0,0
0.023908,0.024145,0.023674,0,0,0,0,0,0,0,0,0,0,0,0
0.024853,0.024401,0.024115,0,0,0,0,0,0,0,0,0,0,0,0
0.024094,0.023742,0.023572,0,0,0,0,0,0,0,0,0,0,0,0
0.024554,0.023918,0.024416,0,0,0,0,0,0,0,0,0,0,0,0
0.024522,0.023888,0.023911,0,0,0,0,0,0,0,0,0,0,0,0
0.024247,0.023588,0.023716,0,0,0,0,0,0,0,0,0,0,0,0
0.024587,0.024244,0.023774,0,0,0,0,0,0,0,0,0,0,0,0
0.024296,0.023888,0.023752,0,0,0,0,0,0,0,0,0,0,0,0
0.025612,0.024413,0.024326,0,0,0,0,0,0,0,0,0,0,0,0
0.024755,0.024116,0.025446,0,0,0,0,0,0,0,0,0,0,0,0
0.024782,0.024196,0.024551,0,0,0,0,0,0,0,0,0,0,0,0
0.024095,0.024191,0.024132,0,0,0,0,0,0,0,0,0,0,0,0
0.024094,0.023776,0.023967,0,0,0,0,0,0,0,0,0,0,0,0
0.024484,0.024853,0.024447,0,0,0,0,0,0,0,0,0,0,0,0
0.023794,0.024329,0.024677,0,0,0,0,0,0,0,0,0,0,0,0
0.024226,0.024776,0.0243,0,0,0,0,0,0,0,0,0,0,0,0
0.024016,0.024511,0.024264,0,0,0,0,0,0,0,0,0,0,0,0
0.024031,0.024188,0.024108,0,0,0,0,0,0,0,0,0,0,0,0
0.023871,0.023802,0.023882,0,0,0,0,0,0,0,0,0,0,0,0
0.024885,0.024179,0.024066,0,0,0,0,0,0,0,0,0,0,0,0
0.024381,0.023677,0.02534,0,0,0,0,0,0,0,0,0,0,0,0
0.023982,0.024158,0.025588,0,0,0,0,0,0,0,0,0,0,0,0
0.023944,0.023799,0.024007,0,0,0,0,0,0,0,0,0,0,0,0
0.023999,0.023985,0.024156,0,0,0,0,0,0,0,0,0,0,0,0
0.024047,0.023828,0.024423,0,0,0,0,0,0,0,0,0,0,0,0
0.024266,0.023966,0.025468,0,0,0,0,0,0,0,0,0,0,0,0
0.023887,0.024226,0.024186,0,0,0,0,0,0,0,0,0,0,0,0
0.024972,0.023987,0.024362,0,0,0,0,0,0,0,0,0,0,0,0
0.024377,0.024473,0.024169,0,0,0,0,0,0,0,0,0,0,0,0
0.024064,0.023983,0.024518,0,0,0,0,0,0,0,0,0,0,0,0
0.024272,0.023818,0.024414,0,0,0,0,0,0,0,0,0,0,0,0
0.024638,0.024461,0.024089,0,0,0,0,0,0,0,0,0,0,0,0
0.024595,0.024059,0.024149,0,0,0,0,0,0,0,0,0,0,0,0
0.024457,0.024488,0.024078,0,0,0,0,0,0,0,0,0,0,0,0
0.024688,0.024168,0.024428,0,0,0,0,0,0,0,0,0,0,0,0
0.024679,0.025058,0.024212,0,0,0,0,0,0,0,0,0,0,0,0
0.02441,0.024318,0.023879,0,0,0,0,0,0,0,0,0,0,0,0
0.024796,0.024289,0.023785,0,0,0,0,0,0,0,0,0,0,0,0
0.024181,0.024227,0.023812,0,0,0,0,0,0,0,0,0,0,0,0
0.02446,0.023877,0.024382,0,0,0,0,0,0,0,0,0,0,0,0
0.024284,0.023786,0.023815,0,0,0,0,0,0,0,0,0,0,0,0
0.024407,0.02426,0.024098,0,0,0,0,0,0,0,0,0,0,0,0
0.024022,0.023981,0.024096,0,0,0,0,0,0,0,0,0,0,0,0
0.024529,0.024283,0.02402,0,0,0,0,0,0,0,0,0,0,0,0
0.023874,0.024154,0.024243,0,0,0,0,0,0,0,0,0,0,0,0
0.024419,0.023564,0.023968,0,0,0,0,0,0,0,0,0,0,0,0
0.024407,0.025362,0.024045,0,0,0,0,0,0,0,0,0,0,0,0
0.02427,0.026056,0.024001,0,0,0,0,0,0,0,0,0,0,0,0
0.024149,0.025243,0.024195,0,0,0,0,0,0,0,0,0,0,0,0
0.023748,0.024357,0.025002,0,0,0,0,0,0,0,0,0,0,0,0
0.025103,0.024956,0.024463,0,0,0,0,0,0,0,0,0,0,0,0
0.024865,0.024776,0.024129,0,0,0,0,0,0,0,0,0,0,0,0
0.024694,0.024325,0.024555,0,0,0,0,0,0,0,0,0,0,0,0
0.024161,0.02396,0.023505,0,0,0,0,0,0,0,0,0,0,0,0
0.023919,0.024611,0.023966,0,0,0,0,0,0,0,0,0,0,0,0
0.023728,0.023498,0.023792,0,0,0,0,0,0,0,0,0,0,0,0
0.034898,0.023637,0.024099,0,0,0,0,0,0,0,0,0,0,0,0
0.024334,0.023739,0.023756,0,0,0,0,0,0,0,0,0,0,0,0
0.024486,0.024021,0.024246,0,0,0,0,0,0,0,0,0,0,0,0
0.02385,0.023655,0.023759,0,0,0,0,0,0,0,0,0,0,0,0
0.024284,0.023714,0.023663,0,0,0,0,0,0,0,0,0,0,0,0
0.024133,0.023561,0.02361,0,0,0,0,0,0,0,0,0,0,0,0
0.024116,0.023804,0.035733,0,0,0,0,0,0,0,0,0,0,0,0
0.023737,0.02339,0.023311,0,0,0,0,0,0,0,0,0,0,0,0
0.023729,0.023264,0.022904,0,0,0,0,0,0,0,0,0,0,0,0
0.023966,0.02355,0.023813,0,0,0,0,0,0,0,0,0,0,0,0
0.024175,0.023948,0.023868,0,0,0,0,0,0,0,0,0,0,0,0
0.024493,0.024108,0.023712,0,0,0,0,0,0,0,0,0,0,0,0
0.024207,0.023421,0.023118,0,0,0,0,0,0,0,0,0,0,0,0
0.023919,0.023353,0.02341,0,0,0,0,0,0,0,0,0,0,0,0
0.034617,0.023438,0.02363,0,0,0,0,0,0,0,0,0,0,0,0
0.023956,0.023871,0.023336,0,0,0,0,0,0,0,0,0,0,0,0
0.024313,0.02373,0.023733,0,0,0,0,0,0,0,0,0,0,0,0
0.023966,0.023689,0.023432,0,0,0,0,0,0,0,0,0,0,0,0
0.024126,0.023515,0.024093,0,0,0,0,0,0,0,0,0,0,0,0
0.023637,0.024283,0.023509,0,0,0,0,0,0,0,0,0,0,0,0
0.024161,0.024588,0.023676,0,0,0,0,0,0,0,0,0,0,0,0
0.023652,0.023788,0.02351,0,0,0,0,0,0,0,0,0,0,0,0
0.024086,0.023777,0.023531,0,0,0,0,0,0,0,0,0,0,0,0
0.024393,0.023685,0.023715,0,0,0,0,0,0,0,0,0,0,0,0
0.02406,0.023827,0.023681,0,0,0,0,0,0,0,0,0,0,0,0
0.024239,0.023858,0.023199,0,0,0,0,0,0,0,0,0,0,0,0
0.025041,0.023873,0.023218,0,0,0,0,0,0,0,0,0,0,0,0
0.025482,0.02393,0.023695,0,0,0,0,0,0,0,0,0,0,0,0
0.024209,0.024023,0.023684,0,0,0,0,0,0,0,0,0,0,0,0
0.024267,0.024024,0.02435,0,0,0,0,0,0,0,0,0,0,0,0
0.024623,0.023777,0.023821,0,0,0,0,0,0,0,0,0,0,0,0
0.024435,0.024037,0.023832,0,0,0,0,0,0,0,0,0,0,0,0
0.024616,0.024114,0.023994,0,0,0,0,0,0,0,0,0,0,0,0
0.025119,0.024296,0.023919,0,0,0,0,0,0,0,0,0,0,0,0
0.02419,0.024043,0.024591,0,0,0,0,0,0,0,0,0,0,0,0
0.024547,0.024341,0.024066,0,0,0,0,0,0,0,0,0,0,0,0
0.024564,0.024259,0.023283,0,0,0,0,0,0,0,0,0,0,0,0
0.024572,0.023963,0.023717,0,0,0,0,0,0,0,0,0,0,0,0
0.024441,0.024406,0.023603,0,0,0,0,0,0,0,0,0,0,0,0
0.024488,0.024211,0.023973,0,0,0,0,0,0,0,0,0,0,0,0
0.024175,0.024071,0.023567,0,0,0,0,0,0,0,0,0,0,0,0
0.024194,0.023846,0.023588,0,0,0,0,0,0,0,0,0,0,0,0
0.024294,0.023782,0.023746,0,0,0,0,0,0,0,0,0,0,0,0
0.02443,0.023363,0.023355,0,0,0,0,0,0,0,0,0,0,0,0
0.024133,0.024045,0.023898,0,0,0,0,0,0,0,0,0,0,0,0
0.024116,0.02378,0.023708,0,0,0,0,0,0,0,0,0,0,0,0
0.024041,0.024088,0.023723,0,0,0,0,0,0,0,0,0,0,0,0
0.024122,0.02342,0.023499,0,0,0,0,0,0,0,0,0,0,0,0
0.024558,0.023969,0.023812,0,0,0,0,0,0,0,0,0,0,0,0
0.024754,0.023738,0.024065,0,0,0,0,0,0,0,0,0,0,0,0
0.038829,0.023597,0.024159,0,0,0,0,0,0,0,0,0,0,0,0
0.024828,0.024284,0.024035,0,0,0,0,0,0,0,0,0,0,0,0
0.024287,0.023757,0.023965,0,0,0,0,0,0,0,0,0,0,0,0
0.024245,0.023846,0.024049,0,0,0,0,0,0,0,0,0,0,0,0
0.024927,0.02362,0.023832,0,0,0,0,0,0,0,0,0,0,0,0
0.024474,0.0233,0.023794,0,0,0,0,0,0,0,0,0,0,0,0
0.024492,0.023977,0.023908,0,0,0,0,0,0,0,0,0,0,0,0
0.024445,0.023931,0.024189,0,0,0,0,0,0,0,0,0,0,0,0
0.024359,0.02381,0.023935,0,0,0,0,0,0,0,0,0,0,0,0
0.024054,0.023764,0.023713,0,0,0,0,0,0,0,0,0,0,0,0
0.024109,0.023533,0.023514,0,0,0,0,0,0,0,0,0,0,0,0
0.024017,0.024406,0.023734,0,0,0,0,0,0,0,0,0,0,0,0
0.024338,0.023461,0.023782,0,0,0,0,0,0,0,0,0,0,0,0
0.024178,0.023593,0.023572,0,0,0,0,0,0,0,0,0,0,0,0
0.02413,0.02357,0.023643,0,0,0,0,0,0,0,0,0,0,0,0
0.02396,0.023737,0.023451,0,0,0,0,0,0,0,0,0,0,0,0
0.024111,0.023634,0.023766,0,0,0,0,0,0,0,0,0,0,0,0
0.024432,0.023622,0.023771,0,0,0,0,0,0,0,0,0,0,0,0
0.023728,0.023122,0.023537,0,0,0,0,0,0,0,0,0,0,0,0
0.024044,0.023051,0.023712,0,0,0,0,0,0,0,0,0,0,0,0
0.024794,0.023937,0.024087,0,0,0,0,0,0,0,0,0,0,0,0
0.024104,0.023085,0.023688,0,0,0,0,0,0,0,0,0,0,0,0
0.025528,0.025021,0.024233,0,0,0,0,0,0,0,0,0,0,0,0
0.024859,0.023478,0.023909,0,0,0,0,0,0,0,0,0,0,0,0
0.024311,0.023292,0.023404,0,0,0,0,0,0,0,0,0,0,0,0
0.024306,0.023608,0.024435,0,0,0,0,0,0,0,0,0,0,0,0
0.024094,0.022939,0.023252,0,0,0,0,0,0,0,0,0,0,0,0
0.023228,0.023005,0.023317,0,0,0,0,0,0,0,0,0,0,0,0
0.023014,0.022638,0.02285,0,0,0,0,0,0,0,0,0,0,0,0
0.023358,0.023099,0.024004,0,0,0,0,0,0,0,0,0,0,0,0
0.023778,0.023879,0.023829,0,0,0,0,0,0,0,0,0,0,0,0
0.023397,0.02339,0.023393,0,0,0,0,0,0,0,0,0,0,0,0
0.023566,0.022985,0.023468,0,0,0,0,0,0,0,0,0,0,0,0
0.024328,0.023684,0.02371,0,0,0,0,0,0,0,0,0,0,0,0
0.024168,0.023593,0.023876,0,0,0,0,0,0,0,0,0,0,0,0
0.02424,0.023583,0.023738,0,0,0,0,0,0,0,0,0,0,0,0
0.024077,0.023785,0.023469,0,0,0,0,0,0,0,0,0,0,0,0
0.02417,0.023577,0.024516,0,0,0,0,0,0,0,0,0,0,0,0
0.024175,0.023703,0.024984,0,0,0,0,0,0,0,0,0,0,0,0
0.0241,0.023877,0.023622,0,0,0,0,0,0,0,0,0,0,0,0
0.037373,0.023788,0.024623,0,0,0,0,0,0,0,0,0,0,0,0
0.024385,0.023091,0.02411,0,0,0,0,0,0,0,0,0,0,0,0
0.023981,0.023234,0.023587,0,0,0,0,0,0,0,0,0,0,0,0
0.024138,0.023738,0.02373,0,0,0,0,0,0,0,0,0,0,0,0
0.024906,0.023475,0.024246,0,0,0,0,0,0,0,0,0,0,0,0
0.023923,0.023614,0.023907,0,0,0,0,0,0,0,0,0,0,0,0
0.023831,0.023382,0.024292,0,0,0,0,0,0,0,0,0,0,0,0
0.024042,0.024805,0.023902,0,0,0,0,0,0,0,0,0,0,0,0
0.024163,0.023012,0.023432,0,0,0,0,0,0,0,0,0,0,0,0
0.025109,0.023962,0.023664,0,0,0,0,0,0,0,0,0,0,0,0
0.024229,0.023673,0.0235,0,0,0,0,0,0,0,0,0,0,0,0
0.024393,0.024314,0.023735,0,0,0,0,0,0,0,0,0,0,0,0
0.033783,0.024003,0.023517,0,0,0,0,0,0,0,0,0,0,0,0
0.025808,0.025421,0.025052,0,0,0,0,0,0,0,0,0,0,0,0
0.025197,0.024844,0.024988,0,0,0,0,0,0,0,0,0,0,0,0
0.023801,0.023565,0.023615,0,0,0,0,0,0,0,0,0,0,0,0
0.023887,0.02343,0.023778,0,0,0,0,0,0,0,0,0,0,0,0
0.02363,0.023512,0.023139,0,0,0,0,0,0,0,0,0,0,0,0
0.024396,0.023782,0.024216,0,0,0,0,0,0,0,0,0,0,0,0
0.023715,0.02312,0.023014,0,0,0,0,0,0,0,0,0,0,0,0
0.023771,0.023126,0.023107,0,0,0,0,0,0,0,0,0,0,0,0
0.023878,0.022871,0.022931,0,0,0,0,0,0,0,0,0,0,0,0
0.023293,0.022778,0.02267,0,0,0,0,0,0,0,0,0,0,0,0
0.023672,0.023588,0.022826,0,0,0,0,0,0,0,0,0,0,0,0
0.022839,0.023861,0.022858,0,0,0,0,0,0,0,0,0,0,0,0
0.022497,0.022876,0.022753,0,0,0,0,0,0,0,0,0,0,0,0
0.022733,0.02259,0.037912,0,0,0,0,0,0,0,0,0,0,0,0
0.023101,0.022734,0.022711,0,0,0,0,0,0,0,0,0,0,0,0
0.022864,0.022446,0.022529,0,0,0,0,0,0,0,0,0,0,0,0
0.022939,0.022049,0.022786,0,0,0,0,0,0,0,0,0,0,0,0
0.023161,0.02228,0.022592,0,0,0,0,0,0,0,0,0,0,0,0
0.023406,0.022619,0.02272,0,0,0,0,0,0,0,0,0,0,0,0
0.02312,0.02329,0.022639,0,0,0,0,0,0,0,0,0,0,0,0
0.023043,0.022323,0.022352,0,0,0,0,0,0,0,0,0,0,0,0
0.023032,0.022273,0.022505,0,0,0,0,0,0,0,0,0,0,0,0
0.023179,0.022204,0.022586,0,0,0,0,0,0,0,0,0,0,0,0
0.022503,0.022237,0.022109,0,0,0,0,0,0,0,0,0,0,0,0
0.037378,0.022184,0.022245,0,0,0,0,0,0,0,0,0,0,0,0
0.022692,0.022241,0.021778,0,0,0,0,0,0,0,0,0,0,0,0
0.022956,0.021724,0.022181,0,0,0,0,0,0,0,0,0,0,0,0
0.022978,0.022214,0.022019,0,0,0,0,0,0,0,0,0,0,0,0
0.023246,0.022344,0.022416,0,0,0,0,0,0,0,0,0,0,0,0
0.023371,0.022773,0.023215,0,0,0,0,0,0,0,0,0,0,0,0
0.024237,0.023612,0.02346,0,0,0,0,0,0,0,0,0,0,0,0
0.023388,0.02217,0.022508,0,0,0,0,0,0,0,0,0,0,0,0
0.023513,0.022831,0.022833,0,0,0,0,0,0,0,0,0,0,0,0
0.022342,0.021911,0.022127,0,0,0,0,0,0,0,0,0,0,0,0
0.022411,0.02179,0.022009,0,0,0,0,0,0,0,0,0,0,0,0
0.022421,0.021668,0.021835,0,0,0,0,0,0,0,0,0,0,0,0
0.034236,0.022268,0.021823,0,0,0,0,0,0,0,0,0,0,0,0
0.022437,0.02204,0.022013,0,0,0,0,0,0,0,0,0,0,0,0
0.022252,0.021874,0.022235,0,0,0,0,0,0,0,0,0,0,0,0
0.022699,0.022174,0.022059,0,0,0,0,0,0,0,0,0,0,0,0
0.022898,0.021895,0.02189,0,0,0,0,0,0,0,0,0,0,0,0
0.022334,0.021729,0.021599,0,0,0,0,0,0,0,0,0,0,0,0
0.022146,0.022012,0.021409,0,0,0,0,0,0,0,0,0,0,0,0
0.022803,0.021913,0.021783,0,0,0,0,0,0,0,0,0,0,0,0
0.023052,0.02155,0.021808,0,0,0,0,0,0,0,0,0,0,0,0
0.022283,0.021405,0.021283,0,0,0,0,0,0,0,0,0,0,0,0
0.021999,0.021441,0.021136,0,0,0,0,0,0,0,0,0,0,0,0
0.022117,0.021484,0.021034,0,0,0,0,0,0,0,0,0,0,0,0
0.02218,0.021838,0.02125,0,0,0,0,0,0,0,0,0,0,0,0
0.022155,0.021435,0.020995,0,0,0,0,0,0,0,0,0,0,0,0
0.0232,0.022497,0.022306,0,0,0,0,0,0,0,0,0,0,0,0
0.023586,0.022984,0.022713,0,0,0,0,0,0,0,0,0,0,0,0
0.024333,0.022216,0.022243,0,0,0,0,0,0,0,0,0,0,0,0
0.024611,0.022247,0.022154,0,0,0,0,0,0,0,0,0,0,0,0
0.025459,0.022234,0.022196,0,0,0,0,0,0,0,0,0,0,0,0
0.023414,0.022977,0.0224,0,0,0,0,0,0,0,0,0,0,0,0
0.022973,0.024909,0.022193,0,0,0,0,0,0,0,0,0,0,0,0
0.02271,0.025673,0.02315,0,0,0,0,0,0,0,0,0,0,0,0
0.022883,0.025798,0.022553,0,0,0,0,0,0,0,0,0,0,0,0
0.02191,0.023211,0.022237,0,0,0,0,0,0,0,0,0,0,0,0
0.021448,0.021667,0.0215,0,0,0,0,0,0,0,0,0,0,0,0
0.021423,0.021634,0.023043,0,0,0,0,0,0,0,0,0,0,0,0
0.021424,0.021385,0.022509,0,0,0,0,0,0,0,0,0,0,0,0
0.02172,0.020845,0.021715,0,0,0,0,0,0,0,0,0,0,0,0
0.02135,0.02067,0.020955,0,0,0,0,0,0,0,0,0,0,0,0
0.021264,0.021322,0.020738,0,0,0,0,0,0,0,0,0,0,0,0
0.021006,0.02085,0.020487,0,0,0,0,0,0,0,0,0,0,0,0
0.021175,0.020718,0.020856,0,0,0,0,0,0,0,0,0,0,0,0
0.021128,0.020725,0.020309,0,0,0,0,0,0,0,0,0,0,0,0
0.020916,0.020677,0.020225,0,0,0,0,0,0,0,0,0,0,0,0
0.0209,0.020684,0.020488,0,0,0,0,0,0,0,0,0,0,0,0
0.021243,0.020466,0.020632,0,0,0,0,0,0,0,0,0,0,0,0
0.021072,0.020143,0.020472,0,0,0,0,0,0,0,0,0,0,0,0
0.020879,0.020923,0.020869,0,0,0,0,0,0,0,0,0,0,0,0
0.020851,0.020365,0.020268,0,0,0,0,0,0,0,0,0,0,0,0
0.021411,0.020139,0.020141,0,0,0,0,0,0,0,0,0,0,0,0
0.020917,0.019728,0.020434,0,0,0,0,0,0,0,0,0,0,0,0
0.020598,0.019775,0.019713,0,0,0,0,0,0,0,0,0,0,0,0
0.020767,0.019979,0.019942,0,0,0,0,0,0,0,0,0,0,0,0
0.020491,0.020129,0.019736,0,0,0,0,0,0,0,0,0,0,0,0
0.020553,0.019867,0.019754,0,0,0,0,0,0,0,0,0,0,0,0
0.020564,0.02011,0.019811,0,0,0,0,0,0,0,0,0,0,0,0
0.020384,0.020052,0.019531,0,0,0,0,0,0,0,0,0,0,0,0
0.020322,0.035344,0.020248,0,0,0,0,0,0,0,0,0,0,0,0
0.020543,0.020048,0.020297,0,0,0,0,0,0,0,0,0,0,0,0
0.020226,0.019944,0.019495,0,0,0,0,0,0,0,0,0,0,0,0
0.020251,0.019937,0.019566,0,0,0,0,0,0,0,0,0,0,0,0
0.020201,0.019744,0.019463,0,0,0,0,0,0,0,0,0,0,0,0
0.020229,0.02004,0.019399,0,0,0,0,0,0,0,0,0,0,0,0
0.019876,0.019626,0.01972,0,0,0,0,0,0,0,0,0,0,0,0
0.019932,0.019653,0.019578,0,0,0,0,0,0,0,0,0,0,0,0
0.020574,0.019585,0.01946,0,0,0,0,0,0,0,0,0,0,0,0
0.020039,0.01926,0.019279,0,0,0,0,0,0,0,0,0,0,0,0
0.033276,0.019326,0.019175,0,0,0,0,0,0,0,0,0,0,0,0
0.019827,0.019569,0.019171,0,0,0,0,0,0,0,0,0,0,0,0
0.020035,0.01923,0.019786,0,0,0,0,0,0,0,0,0,0,0,0
0.019664,0.019295,0.019066,0,0,0,0,0,0,0,0,0,0,0,0
0.019587,0.019356,0.019131,0,0,0,0,0,0,0,0,0,0,0,0
0.019998,0.019042,0.019262,0,0,0,0,0,0,0,0,0,0,0,0
0.019461,0.019456,0.019239,0,0,0,0,0,0,0,0,0,0,0,0
0.019252,0.019396,0.018908,0,0,0,0,0,0,0,0,0,0,0,0
0.019599,0.01924,0.018926,0,0,0,0,0,0,0,0,0,0,0,0
0.019061,0.018792,0.018715,0,0,0,0,0,0,0,0,0,0,0,0
0.019573,0.018602,0.018684,0,0,0,0,0,0,0,0,0,0,0,0
0.019895,0.018892,0.018581,0,0,0,0,0,0,0,0,0,0,0,0
0.019101,0.018246,0.018452,0,0,0,0,0,0,0,0,0,0,0,0
0.019108,0.018182,0.018705,0,0,0,0,0,0,0,0,0,0,0,0
0.018796,0.018086,0.018093,0,0,0,0,0,0,0,0,0,0,0,0
0.019091,0.018017,0.018618,0,0,0,0,0,0,0,0,0,0,0,0
0.01882,0.018269,0.018005,0,0,0,0,0,0,0,0,0,0,0,0
0.019203,0.018994,0.019041,0,0,0,0,0,0,0,0,0,0,0,0
0.018898,0.01855,0.018009,0,0,0,0,0,0,0,0,0,0,0,0
0.018955,0.018377,0.017887,0,0,0,0,0,0,0,0,0,0,0,0
0.018841,0.018438,0.018045,0,0,0,0,0,0,0,0,0,0,0,0
0.019554,0.019122,0.018767,0,0,0,0,0,0,0,0,0,0,0,0
0.019438,0.01898,0.01903,0,0,0,0,0,0,0,0,0,0,0,0
0.019062,0.018365,0.018073,0,0,0,0,0,0,0,0,0,0,0,0
0.019243,0.018442,0.017974,0,0,0,0,0,0,0,0,0,0,0,0
0.018832,0.018141,0.0178,0,0,0,0,0,0,0,0,0,0,0,0
0.018399,0.018003,0.0177,0,0,0,0,0,0,0,0,0,0,0,0
0.018475,0.01821,0.017859,0,0,0,0,0,0,0,0,0,0,0,0
0.018527,0.01803,0.018376,0,0,0,0,0,0,0,0,0,0,0,0
0.018601,0.018009,0.018713,0,0,0,0,0,0,0,0,0,0,0,0
0.018669,0.01765,0.017812,0,0,0,0,0,0,0,0,0,0,0,0
0.018878,0.017657,0.018298,0,0,0,0,0,0,0,0,0,0,0,0
0.018077,0.017522,0.017947,0,0,0,0,0,0,0,0,0,0,0,0
0.018182,0.017713,0.017868,0,0,0,0,0,0,0,0,0,0,0,0
0.018729,0.017682,0.017749,0,0,0,0,0,0,0,0,0,0,0,0
0.01813,0.018163,0.017728,0,0,0,0,0,0,0,0,0,0,0,0
0.018162,0.017617,0.017888,0,0,0,0,0,0,0,0,0,0,0,0
0.018146,0.017566,0.017498,0,0,0,0,0,0,0,0,0,0,0,0
0.0183,0.017547,0.017732,0,0,0,0,0,0,0,0,0,0,0,0
0.018106,0.018337,0.017593,0,0,0,0,0,0,0,0,0,0,0,0
0.018717,0.018679,0.018165,0,0,0,0,0,0,0,0,0,0,0,0
0.018643,0.018068,0.017908,0,0,0,0,0,0,0,0,0,0,0,0
0.019274,0.01942,0.018542,0,0,0,0,0,0,0,0,0,0,0,0
0.019455,0.018766,0.018604,0,0,0,0,0,0,0,0,0,0,0,0
0.019592,0.019484,0.018678,0,0,0,0,0,0,0,0,0,0,0,0
0.018288,0.017935,0.017819,0,0,0,0,0,0,0,0,0,0,0,0
0.018223,0.017578,0.017444,0,0,0,0,0,0,0,0,0,0,0,0
0.018132,0.018468,0.017627,0,0,0,0,0,0,0,0,0,0,0,0
0.018116,0.0176,0.017597,0,0,0,0,0,0,0,0,0,0,0,0
0.018037,0.017866,0.017435,0,0,0,0,0,0,0,0,0,0,0,0
0.018081,0.017534,0.017312,0,0,0,0,0,0,0,0,0,0,0,0
0.01834,0.017382,0.017772,0,0,0,0,0,0,0,0,0,0,0,0
0.01817,0.017393,0.017641,0,0,0,0,0,0,0,0,0,0,0,0
0.017935,0.017381,0.017021,0,0,0,0,0,0,0,0,0,0,0,0
0.017548,0.017678,0.017339,0,0,0,0,0,0,0,0,0,0,0,0
0.017811,0.017163,0.017273,0,0,0,0,0,0,0,0,0,0,0,0
0.018255,0.017306,0.017392,0,0,0,0,0,0,0,0,0,0,0,0
0.017686,0.017308,0.017663,0,0,0,0,0,0,0,0,0,0,0,0
0.01768,0.017195,0.017183,0,0,0,0,0,0,0,0,0,0,0,0
0.017991,0.017282,0.017531,0,0,0,0,0,0,0,0,0,0,0,0
0.017714,0.017463,0.017487,0,0,0,0,0,0,0,0,0,0,0,0
0.01804,0.017531,0.017342,0,0,0,0,0,0,0,0,0,0,0,0
0.017871,0.018085,0.017357,0,0,0,0,0,0,0,0,0,0,0,0
0.018024,0.018534,0.017295,0,0,0,0,0,0,0,0,0,0,0,0
0.017763,0.017538,0.017371,0,0,0,0,0,0,0,0,0,0,0,0
0.018099,0.017638,0.017247,0,0,0,0,0,0,0,0,0,0,0,0
0.017755,0.017522,0.017514,0,0,0,0,0,0,0,0,0,0,0,0
0.017567,0.017682,0.017785,0,0,0,0,0,0,0,0,0,0,0,0
0.01783,0.017953,0.017437,0,0,0,0,0,0,0,0,0,0,0,0
0.017513,0.017405,0.017162,0,0,0,0,0,0,0,0,0,0,0,0
0.017646,0.017485,0.018336,0,0,0,0,0,0,0,0,0,0,0,0
0.018186,0.018044,0.017453,0,0,0,0,0,0,0,0,0,0,0,0
0.017856,0.017536,0.017282,0,0,0,0,0,0,0,0,0,0,0,0
0.018082,0.017403,0.017198,0,0,0,0,0,0,0,0,0,0,0,0
0.017809,0.017363,0.0173,0,0,0,0,0,0,0,0,0,0,0,0
0.017893,0.017539,0.017371,0,0,0,0,0,0,0,0,0,0,0,0
0.018145,0.017284,0.017305,0,0,0,0,0,0,0,0,0,0,0,0
0.01779,0.018001,0.017169,0,0,0,0,0,0,0,0,0,0,0,0
0.017854,0.017262,0.017138,0,0,0,0,0,0,0,0,0,0,0,0
0.01807,0.017223,0.017137,0,0,0,0,0,0,0,0,0,0,0,0
0.017678,0.017391,0.017183,0,0,0,0,0,0,0,0,0,0,0,0
0.018037,0.017237,0.017562,0,0,0,0,0,0,0,0,0,0,0,0
0.017799,0.017152,0.017437,0,0,0,0,0,0,0,0,0,0,0,0
0.017826,0.017303,0.017029,0,0,0,0,0,0,0,0,0,0,0,0
0.018559,0.017443,0.017153,0,0,0,0,0,0,0,0,0,0,0,0
0.017619,0.017131,0.017013,0,0,0,0,0,0,0,0,0,0,0,0
0.017803,0.017036,0.017234,0,0,0,0,0,0,0,0,0,0,0,0
0.01769,0.017019,0.0171,0,0,0,0,0,0,0,0,0,0,0,0
0.017518,0.017252,0.017129,0,0,0,0,0,0,0,0,0,0,0,0
0.017823,0.017182,0.016989,0,0,0,0,0,0,0,0,0,0,0,0
0.017159,0.017088,0.017245,0,0,0,0,0,0,0,0,0,0,0,0
0.017273,0.017076,0.017128,0,0,0,0,0,0,0,0,0,0,0,0
0.017685,0.016667,0.016931,0,0,0,0,0,0,0,0,0,0,0,0
0.017324,0.017086,0.016892,0,0,0,0,0,0,0,0,0,0,0,0
0.017258,0.016853,0.017022,0,0,0,0,0,0,0,0,0,0,0,0
0.017659,0.01682,0.017031,0,0,0,0,0,0,0,0,0,0,0,0
0.017113,0.016941,0.01746,0,0,0,0,0,0,0,0,0,0,0,0
0.017375,0.016917,0.016925,0,0,0,0,0,0,0,0,0,0,0,0
0.017293,0.016688,0.016895,0,0,0,0,0,0,0,0,0,0,0,0
0.017513,0.016695,0.01685,0,0,0,0,0,0,0,0,0,0,0,0
0.017565,0.016957,0.017023,0,0,0,0,0,0,0,0,0,0,0,0
0.01796,0.016591,0.016842,0,0,0,0,0,0,0,0,0,0,0,0
0.018158,0.017047,0.016865,0,0,0,0,0,0,0,0,0,0,0,0
0.017505,0.017476,0.016577,0,0,0,0,0,0,0,0,0,0,0,0
0.017613,0.016839,0.016661,0,0,0,0,0,0,0,0,0,0,0,0
0.017557,0.016516,0.01659,0,0,0,0,0,0,0,0,0,0,0,0
0.017736,0.016592,0.016577,0,0,0,0,0,0,0,0,0,0,0,0
0.017279,0.016856,0.016571,0,0,0,0,0,0,0,0,0,0,0,0
0.017595,0.016448,0.016753,0,0,0,0,0,0,0,0,0,0,0,0
0.017434,0.016533,0.016678,0,0,0,0,0,0,0,0,0,0,0,0
0.017398,0.016817,0.016677,0,0,0,0,0,0,0,0,0,0,0,0
0.017444,0.016622,0.017004,0,0,0,0,0,0,0,0,0,0,0,0
0.017544,0.016795,0.016307,0,0,0,0,0,0,0,0,0,0,0,0
0.017433,0.01662,0.01674,0,0,0,0,0,0,0,0,0,0,0,0
0.017362,0.016416,0.016898,0,0,0,0,0,0,0,0,0,0,0,0
0.017598,0.016551,0.017047,0,0,0,0,0,0,0,0,0,0,0,0
0.017263,0.017002,0.016678,0,0,0,0,0,0,0,0,0,0,0,0
0.017248,0.016778,0.016748,0,0,0,0,0,0,0,0,0,0,0,0
0.01747,0.016874,0.016819,0,0,0,0,0,0,0,0,0,0,0,0
0.017399,0.016701,0.016885,0,0,0,0,0,0,0,0,0,0,0,0
0.017008,0.016812,0.016375,0,0,0,0,0,0,0,0,0,0,0,0
0.017168,0.016508,0.016735,0,0,0,0,0,0,0,0,0,0,0,0
0.017142,0.016585,0.017171,0,0,0,0,0,0,0,0,0,0,0,0
0.01684,0.017226,0.016657,0,0,0,0,0,0,0,0,0,0,0,0
0.017103,0.016691,0.017774,0,0,0,0,0,0,0,0,0,0,0,0
0.016948,0.016643,0.016663,0,0,0,0,0,0,0,0,0,0,0,0
0.017066,0.016721,0.016833,0,0,0,0,0,0,0,0,0,0,0,0
0.017019,0.016742,0.01678,0,0,0,0,0,0,0,0,0,0,0,0
0.017186,0.017353,0.016742,0,0,0,0,0,0,0,0,0,0,0,0
0.01714,0.017325,0.016713,0,0,0,0,0,0,0,0,0,0,0,0
0.017157,0.016871,0.016758,0,0,0,0,0,0,0,0,0,0,0,0
0.017716,0.016577,0.016566,0,0,0,0,0,0,0,0,0,0,0,0
0.017371,0.016735,0.016704,0,0,0,0,0,0,0,0,0,0,0,0
0.017099,0.016508,0.016677,0,0,0,0,0,0,0,0,0,0,0,0
0.017048,0.016723,0.016629,0,0,0,0,0,0,0,0,0,0,0,0
0.017075,0.016987,0.016959,0,0,0,0,0,0,0,0,0,0,0,0
0.016778,0.017012,0.016454,0,0,0,0,0,0,0,0,0,0,0,0
0.016945,0.016829,0.016658,0,0,0,0,0,0,0,0,0,0,0,0
0.01729,0.016225,0.016775,0,0,0,0,0,0,0,0,0,0,0,0
0.01698,0.016604,0.016496,0,0,0,0,0,0,0,0,0,0,0,0
0.017402,0.016447,0.016615,0,0,0,0,0,0,0,0,0,0,0,0
0.017122,0.016411,0.016484,0,0,0,0,0,0,0,0,0,0,0,0
0.017344,0.016474,0.016505,0,0,0,0,0,0,0,0,0,0,0,0
0.017209,0.016533,0.016916,0,0,0,0,0,0,0,0,0,0,0,0
0.017439,0.016589,0.016793,0,0,0,0,0,0,0,0,0,0,0,0
0.017331,0.016882,0.016186,0,0,0,0,0,0,0,0,0,0,0,0
0.017346,0.016472,0.016465,0,0,0,0,0,0,0,0,0,0,0,0
0.016993,0.016882,0.016625,0,0,0,0,0,0,0,0,0,0,0,0
0.017446,0.016955,0.016481,0,0,0,0,0,0,0,0,0,0,0,0
0.017336,0.016887,0.016336,0,0,0,0,0,0,0,0,0,0,0,0
0.01732,0.017346,0.016514,0,0,0,0,0,0,0,0,0,0,0,0
0.017134,0.016785,0.016524,0,0,0,0,0,0,0,0,0,0,0,0
0.017306,0.016743,0.01685,0,0,0,0,0,0,0,0,0,0,0,0
0.017094,0.016976,0.016427,0,0,0,0,0,0,0,0,0,0,0,0
0.017173,0.016778,0.016285,0,0,0,0,0,0,0,0,0,0,0,0
0.017083,0.016998,0.016936,0,0,0,0,0,0,0,0,0,0,0,0
0.017156,0.016348,0.016458,0,0,0,0,0,0,0,0,0,0,0,0
0.017231,0.016729,0.016677,0,0,0,0,0,0,0,0,0,0,0,0
0.017051,0.016633,0.016748,0,0,0,0,0,0,0,0,0,0,0,0
0.017255,0.016617,0.0165,0,0,0,0,0,0,0,0,0,0,0,0
0.017196,0.016742,0.016615,0,0,0,0,0,0,0,0,0,0,0,0
0.017176,0.017487,0.016879,0,0,0,0,0,0,0,0,0,0,0,0
0.017428,0.016636,0.016883,0,0,0,0,0,0,0,0,0,0,0,0
0.017349,0.017038,0.016817,0,0,0,0,0,0,0,0,0,0,0,0
0.016945,0.016954,0.016814,0,0,0,0,0,0,0,0,0,0,0,0
0.017387,0.016853,0.016669,0,0,0,0,0,0,0,0,0,0,0,0
0.017143,0.01672,0.016955,0,0,0,0,0,0,0,0,0,0,0,0
0.017291,0.016795,0.016603,0,0,0,0,0,0,0,0,0,0,0,0
0.017375,0.016929,0.016799,0,0,0,0,0,0,0,0,0,0,0,0
0.016959,0.017014,0.016583,0,0,0,0,0,0,0,0,0,0,0,0
0.017051,0.016841,0.016387,0,0,0,0,0,0,0,0,0,0,0,0
0.017176,0.016938,0.01663,0,0,0,0,0,0,0,0,0,0,0,0
0.017225,0.01664,0.016797,0,0,0,0,0,0,0,0,0,0,0,0
0.01735,0.017202,0.016824,0,0,0,0,0,0,0,0,0,0,0,0
0.017394,0.016796,0.016344,0,0,0,0,0,0,0,0,0,0,0,0
0.0173,0.016768,0.016514,0,0,0,0,0,0,0,0,0,0,0,0
0.017422,0.017023,0.016503,0,0,0,0,0,0,0,0,0,0,0,0
0.016969,0.016701,0.016437,0,0,0,0,0,0,0,0,0,0,0,0
0.017261,0.016909,0.016901,0,0,0,0,0,0,0,0,0,0,0,0
0.017345,0.016794,0.016393,0,0,0,0,0,0,0,0,0,0,0,0
0.017323,0.016907,0.016338,0,0,0,0,0,0,0,0,0,0,0,0
0.017159,0.016557,0.016793,0,0,0,0,0,0,0,0,0,0,0,0
0.016961,0.01659,0.01802,0,0,0,0,0,0,0,0,0,0,0,0
0.017094,0.016826,0.01665,0,0,0,0,0,0,0,0,0,0,0,0
0.016958,0.016724,0.016711,0,0,0,0,0,0,0,0,0,0,0,0
0.01708,0.016888,0.01671,0,0,0,0,0,0,0,0,0,0,0,0
0.017643,0.016778,0.016985,0,0,0,0,0,0,0,0,0,0,0,0
0.017472,0.016601,0.016559,0,0,0,0,0,0,0,0,0,0,0,0
0.017313,0.016926,0.016464,0,0,0,0,0,0,0,0,0,0,0,0
0.017099,0.016461,0.017248,0,0,0,0,0,0,0,0,0,0,0,0
0.017686,0.016753,0.016758,0,0,0,0,0,0,0,0,0,0,0,0
0.017384,0.016683,0.016815,0,0,0,0,0,0,0,0,0,0,0,0
0.01737,0.016631,0.016954,0,0,0,0,0,0,0,0,0,0,0,0
0.017632,0.016683,0.017132,0,0,0,0,0,0,0,0,0,0,0,0
0.016982,0.016847,0.01718,0,0,0,0,0,0,0,0,0,0,0,0
0.017216,0.016841,0.016953,0,0,0,0,0,0,0,0,0,0,0,0
0.01783,0.016601,0.017105,0,0,0,0,0,0,0,0,0,0,0,0
0.017557,0.016522,0.016951,0,0,0,0,0,0,0,0,0,0,0,0
0.01735,0.016582,0.017663,0,0,0,0,0,0,0,0,0,0,0,0
0.017172,0.016655,0.017498,0,0,0,0,0,0,0,0,0,0,0,0
0.017576,0.017202,0.017829,0,0,0,0,0,0,0,0,0,0,0,0
0.017311,0.016571,0.017082,0,0,0,0,0,0,0,0,0,0,0,0
0.017455,0.017073,0.017618,0,0,0,0,0,0,0,0,0,0,0,0
0.018077,0.017469,0.017756,0,0,0,0,0,0,0,0,0,0,0,0
0.017296,0.016527,0.01708,0,0,0,0,0,0,0,0,0,0,0,0
0.017246,0.016571,0.017076,0,0,0,0,0,0,0,0,0,0,0,0
0.017306,0.017089,0.017722,0,0,0,0,0,0,0,0,0,0,0,0
0.017801,0.017341,0.017097,0,0,0,0,0,0,0,0,0,0,0,0
0.018588,0.018056,0.018026,0,0,0,0,0,0,0,0,0,0,0,0
0.018208,0.018244,0.018103,0,0,0,0,0,0,0,0,0,0,0,0
0.018809,0.017648,0.017804,0,0,0,0,0,0,0,0,0,0,0,0
0.018331,0.017616,0.017871,0,0,0,0,0,0,0,0,0,0,0,0
0.018651,0.018143,0.017931,0,0,0,0,0,0,0,0,0,0,0,0
0.017557,0.017577,0.017193,0,0,0,0,0,0,0,0,0,0,0,0
0.017311,0.017376,0.016977,0,0,0,0,0,0,0,0,0,0,0,0
0.017483,0.017446,0.017074,0,0,0,0,0,0,0,0,0,0,0,0
0.017304,0.017386,0.016779,0,0,0,0,0,0,0,0,0,0,0,0
0.01805,0.016879,0.016689,0,0,0,0,0,0,0,0,0,0,0,0
0.017486,0.017631,0.016912,0,0,0,0,0,0,0,0,0,0,0,0
0.017526,0.016969,0.016677,0,0,0,0,0,0,0,0,0,0,0,0
0.01731,0.016704,0.016896,0,0,0,0,0,0,0,0,0,0,0,0
0.017471,0.016847,0.017145,0,0,0,0,0,0,0,0,0,0,0,0
0.017224,0.016884,0.016603,0,0,0,0,0,0,0,0,0,0,0,0
0.01736,0.016792,0.016703,0,0,0,0,0,0,0,0,0,0,0,0
0.017257,0.016695,0.016859,0,0,0,0,0,0,0,0,0,0,0,0
0.017289,0.017155,0.016932,0,0,0,0,0,0,0,0,0,0,0,0
0.017506,0.017063,0.01709,0,0,0,0,0,0,0,0,0,0,0,0
0.017593,0.016778,0.01677,0,0,0,0,0,0,0,0,0,0,0,0
0.017256,0.016778,0.017072,0,0,0,0,0,0,0,0,0,0,0,0
0.01722,0.016738,0.016977,0,0,0,0,0,0,0,0,0,0,0,0
0.01713,0.016993,0.016902,0,0,0,0,0,0,0,0,0,0,0,0
0.017114,0.01658,0.016869,0,0,0,0,0,0,0,0,0,0,0,0
0.016991,0.01695,0.016667,0,0,0,0,0,0,0,0,0,0,0,0
0.017546,0.017399,0.017032,0,0,0,0,0,0,0,0,0,0,0,0
0.01712,0.018109,0.016746,0,0,0,0,0,0,0,0,0,0,0,0
0.017136,0.017153,0.016492,0,0,0,0,0,0,0,0,0,0,0,0
0.017012,0.016914,0.017508,0,0,0,0,0,0,0,0,0,0,0,0
0.016833,0.017216,0.016564,0,0,0,0,0,0,0,0,0,0,0,0
0.017101,0.01706,0.016531,0,0,0,0,0,0,0,0,0,0,0,0
0.017054,0.016786,0.017308,0,0,0,0,0,0,0,0,0,0,0,0
0.017359,0.016975,0.016729,0,0,0,0,0,0,0,0,0,0,0,0
0.017581,0.017114,0.017625,0,0,0,0,0,0,0,0,0,0,0,0
0.017414,0.017537,0.016575,0,0,0,0,0,0,0,0,0,0,0,0
0.018051,0.017077,0.016566,0,0,0,0,0,0,0,0,0,0,0,0
0.016991,0.016772,0.016583,0,0,0,0,0,0,0,0,0,0,0,0
0.017097,0.016803,0.016632,0,0,0,0,0,0,0,0,0,0,0,0
0.01739,0.016745,0.016882,0,0,0,0,0,0,0,0,0,0,0,0
0.017164,0.01697,0.016929,0,0,0,0,0,0,0,0,0,0,0,0
0.017049,0.01672,0.016933,0,0,0,0,0,0,0,0,0,0,0,0
0.017292,0.016657,0.01666,0,0,0,0,0,0,0,0,0,0,0,0
0.017241,0.017114,0.016502,0,0,0,0,0,0,0,0,0,0,0,0
0.017219,0.01683,0.016671,0,0,0,0,0,0,0,0,0,0,0,0
0.017755,0.016757,0.016854,0,0,0,0,0,0,0,0,0,0,0,0
0.017451,0.016695,0.016595,0,0,0,0,0,0,0,0,0,0,0,0
0.017272,0.01721,0.016646,0,0,0,0,0,0,0,0,0,0,0,0
0.017332,0.016821,0.016835,0,0,0,0,0,0,0,0,0,0,0,0
0.017212,0.017017,0.01668,0,0,0,0,0,0,0,0,0,0,0,0
0.017469,0.017187,0.017389,0,0,0,0,0,0,0,0,0,0,0,0
0.017271,0.016661,0.016483,0,0,0,0,0,0,0,0,0,0,0,0
0.017461,0.016539,0.016792,0,0,0,0,0,0,0,0,0,0,0,0
0.016848,0.01693,0.016805,0,0,0,0,0,0,0,0,0,0,0,0
0.017109,0.016584,0.016726,0,0,0,0,0,0,0,0,0,0,0,0
0.017439,0.016741,0.016679,0,0,0,0,0,0,0,0,0,0,0,0
0.016957,0.017348,0.016611,0,0,0,0,0,0,0,0,0,0,0,0
0.017334,0.017129,0.016741,0,0,0,0,0,0,0,0,0,0,0,0
0.017473,0.016459,0.016715,0,0,0,0,0,0,0,0,0,0,0,0
0.017348,0.01675,0.017403,0,0,0,0,0,0,0,0,0,0,0,0
0.017501,0.016467,0.016869,0,0,0,0,0,0,0,0,0,0,0,0
0.018355,0.016519,0.01671,0,0,0,0,0,0,0,0,0,0,0,0
0.017625,0.016639,0.016462,0,0,0,0,0,0,0,0,0,0,0,0
0.017622,0.016799,0.016623,0,0,0,0,0,0,0,0,0,0,0,0
0.017576,0.016565,0.016842,0,0,0,0,0,0,0,0,0,0,0,0
0.017667,0.016442,0.01659,0,0,0,0,0,0,0,0,0,0,0,0
0.017415,0.016371,0.017123,0,0,0,0,0,0,0,0,0,0,0,0
0.017438,0.016883,0.017079,0,0,0,0,0,0,0,0,0,0,0,0
0.017346,0.017323,0.016539,0,0,0,0,0,0,0,0,0,0,0,0
0.017391,0.016789,0.01716,0,0,0,0,0,0,0,0,0,0,0,0
0.017921,0.01685,0.016862,0,0,0,0,0,0,0,0,0,0,0,0
0.017377,0.017054,0.01699,0,0,0,0,0,0,0,0,0,0,0,0
0.017264,0.016811,0.016791,0,0,0,0,0,0,0,0,0,0,0,0
0.017407,0.016653,0.016704,0,0,0,0,0,0,0,0,0,0,0,0
0.017139,0.016885,0.017054,0,0,0,0,0,0,0,0,0,0,0,0
0.017175,0.01674,0.016717,0,0,0,0,0,0,0,0,0,0,0,0
0.017494,0.017049,0.016729,0,0,0,0,0,0,0,0,0,0,0,0
0.017403,0.016803,0.016881,0,0,0,0,0,0,0,0,0,0,0,0
0.018462,0.016788,0.016475,0,0,0,0,0,0,0,0,0,0,0,0
0.018533,0.016775,0.016786,0,0,0,0,0,0,0,0,0,0,0,0
0.018567,0.016366,0.016676,0,0,0,0,0,0,0,0,0,0,0,0
0.017741,0.016524,0.01666,0,0,0,0,0,0,0,0,0,0,0,0
0.017441,0.016599,0.016789,0,0,0,0,0,0,0,0,0,0,0,0
0.017211,0.016606,0.016503,0,0,0,0,0,0,0,0,0,0,0,0
0.017367,0.016644,0.016739,0,0,0,0,0,0,0,0,0,0,0,0
0.017376,0.016606,0.016679,0,0,0,0,0,0,0,0,0,0,0,0
0.017316,0.016562,0.016622,0,0,0,0,0,0,0,0,0,0,0,0
0.016959,0.01652,0.016748,0,0,0,0,0,0,0,0,0,0,0,0
0.016898,0.017161,0.01671,0,0,0,0,0,0,0,0,0,0,0,0
0.017322,0.016726,0.017229,0,0,0,0,0,0,0,0,0,0,0,0
0.016949,0.016853,0.017398,0,0,0,0,0,0,0,0,0,0,0,0
0.017176,0.017781,0.016517,0,0,0,0,0,0,0,0,0,0,0,0
0.01717,0.017996,0.016611,0,0,0,0,0,0,0,0,0,0,0,0
0.017056,0.017891,0.016631,0,0,0,0,0,0,0,0,0,0,0,0
0.017672,0.018398,0.016635,0,0,0,0,0,0,0,0,0,0,0,0
0.016947,0.016792,0.016863,0,0,0,0,0,0,0,0,0,0,0,0
0.016908,0.016964,0.016703,0,0,0,0,0,0,0,0,0,0,0,0
0.017194,0.016803,0.016569,0,0,0,0,0,0,0,0,0,0,0,0
0.01702,0.016774,0.017346,0,0,0,0,0,0,0,0,0,0,0,0
0.017079,0.016706,0.016937,0,0,0,0,0,0,0,0,0,0,0,0
0.017244,0.016769,0.018157,0,0,0,0,0,0,0,0,0,0,0,0
0.017808,0.017061,0.018264,0,0,0,0,0,0,0,0,0,0,0,0
0.017132,0.017099,0.018286,0,0,0,0,0,0,0,0,0,0,0,0
0.016926,0.016682,0.016951,0,0,0,0,0,0,0,0,0,0,0,0
0.017137,0.016789,0.016934,0,0,0,0,0,0,0,0,0,0,0,0
0.017195,0.016714,0.017096,0,0,0,0,0,0,0,0,0,0,0,0
0.017032,0.016756,0.017544,0,0,0,0,0,0,0,0,0,0,0,0
0.017143,0.016752,0.016821,0,0,0,0,0,0,0,0,0,0,0,0
0.016865,0.01687,0.016883,0,0,0,0,0,0,0,0,0,0,0,0
0.017323,0.016794,0.017059,0,0,0,0,0,0,0,0,0,0,0,0
0.017425,0.01711,0.017812,0,0,0,0,0,0,0,0,0,0,0,0
0.035663,0.034718,0.036382,0,0,0,0,0,0,0,0,0,0,0,0
0.020724,0.020283,0.020094,0,0,0,0,0,0,0,0,0,0,0,0
0.020335,0.020018,0.020088,0,0,0,0,0,0,0,0,0,0,0,0
0.020099,0.019627,0.020101,0,0,0,0,0,0,0,0,0,0,0,0
0.027013,0.026787,0.026721,0,0,0,0,0,0,0,0,0,0,0,0
0.020098,0.019089,0.019748,0,0,0,0,0,0,0,0,0,0,0,0
0.019683,0.018723,0.019408,0,0,0,0,0,0,0,0,0,0,0,0
0.019504,0.019106,0.019355,0,0,0,0,0,0,0,0,0,0,0,0
0.019764,0.018554,0.019405,0,0,0,0,0,0,0,0,0,0,0,0
0.019416,0.018838,0.019186,0,0,0,0,0,0,0,0,0,0,0,0
0.019506,0.019274,0.019083,0,0,0,0,0,0,0,0,0,0,0,0
0.019576,0.019771,0.018926,0,0,0,0,0,0,0,0,0,0,0,0
0.019652,0.019863,0.019072,0,0,0,0,0,0,0,0,0,0,0,0
0.019747,0.01927,0.019006,0,0,0,0,0,0,0,0,0,0,0,0
0.019438,0.01933,0.019168,0,0,0,0,0,0,0,0,0,0,0,0
0.01976,0.01921,0.019176,0,0,0,0,0,0,0,0,0,0,0,0
0.019539,0.019194,0.019081,0,0,0,0,0,0,0,0,0,0,0,0
0.019733,0.019199,0.019067,0,0,0,0,0,0,0,0,0,0,0,0
0.019651,0.019322,0.01955,0,0,0,0,0,0,0,0,0,0,0,0
0.019668,0.019537,0.019049,0,0,0,0,0,0,0,0,0,0,0,0
0.019417,0.019608,0.019154,0,0,0,0,0,0,0,0,0,0,0,0
0.019698,0.019365,0.019378,0,0,0,0,0,0,0,0,0,0,0,0
0.019674,0.019272,0.019145,0,0,0,0,0,0,0,0,0,0,0,0
NaN,NaN,NaN,0,0,0,0,0,0,0,0,0,0,0,0
NaN,NaN,NaN,0,0,0,0,0,0,0,0,0,0,0,0
NaN,NaN,NaN,0,0,0,0,0,0,0,0,0,0,0,0
NaN,NaN,NaN,0,0,0,0,0,0,0,0,0,0,0,0
8.7517,8.7104,8.7581,0,0,0,0,0,0,0,0,0,0,0,0
0.10069,0.098883,0.1008,0,0,0,0,0,0,0,0,0,0,0,0
0.034317,0.032744,0.032707,0,0,0,0,0,0,0,0,0,0,0,0
0.023185,0.021727,0.021813,0,0,0,0,0,0,0,0,0,0,0,0
0.032357,0.03135,0.031634,0,0,0,0,0,0,0,0,0,0,0,0
0.045789,0.045062,0.045277,0,0,0,0,0,0,0,0,0,0,0,0
0.018471,0.017812,0.017982,0,0,0,0,0,0,0,0,0,0,0,0
0.017798,0.017367,0.017334,0,0,0,0,0,0,0,0,0,0,0,0
0.018153,0.017084,0.016979,0,0,0,0,0,0,0,0,0,0,0,0
0.018331,0.016568,0.016583,0,0,0,0,0,0,0,0,0,0,0,0
0.017592,0.017074,0.017038,0,0,0,0,0,0,0,0,0,0,0,0
0.017266,0.016637,0.016609,0,0,0,0,0,0,0,0,0,0,0,0
0.01717,0.016561,0.016549,0,0,0,0,0,0,0,0,0,0,0,0
0.017363,0.017305,0.016598,0,0,0,0,0,0,0,0,0,0,0,0
0.018305,0.017821,0.017905,0,0,0,0,0,0,0,0,0,0,0,0
0.01706,0.016709,0.017016,0,0,0,0,0,0,0,0,0,0,0,0
0.017281,0.016863,0.016934,0,0,0,0,0,0,0,0,0,0,0,0
0.017385,0.016714,0.01642,0,0,0,0,0,0,0,0,0,0,0,0
0.017621,0.016911,0.016981,0,0,0,0,0,0,0,0,0,0,0,0
0.017681,0.017161,0.016923,0,0,0,0,0,0,0,0,0,0,0,0
0.017024,0.016853,0.016592,0,0,0,0,0,0,0,0,0,0,0,0
0.016727,0.016767,0.017262,0,0,0,0,0,0,0,0,0,0,0,0
0.017139,0.016579,0.016882,0,0,0,0,0,0,0,0,0,0,0,0
0.016762,0.016873,0.017209,0,0,0,0,0,0,0,0,0,0,0,0
0.017326,0.01658,0.01701,0,0,0,0,0,0,0,0,0,0,0,0
0.01761,0.016352,0.01787,0,0,0,0,0,0,0,0,0,0,0,0
0.017089,0.017999,0.016601,0,0,0,0,0,0,0,0,0,0,0,0
0.017154,0.016573,0.017116,0,0,0,0,0,0,0,0,0,0,0,0
0.017133,0.01657,0.016911,0,0,0,0,0,0,0,0,0,0,0,0
0.017463,0.016576,0.017608,0,0,0,0,0,0,0,0,0,0,0,0
0.01689,0.016558,0.017138,0,0,0,0,0,0,0,0,0,0,0,0
0.017025,0.016857,0.016934,0,0,0,0,0,0,0,0,0,0,0,0
0.017472,0.01685,0.017355,0,0,0,0,0,0,0,0,0,0,0,0
0.016989,0.016619,0.016932,0,0,0,0,0,0,0,0,0,0,0,0
0.017323,0.016854,0.016935,0,0,0,0,0,0,0,0,0,0,0,0
0.017177,0.016715,0.016906,0,0,0,0,0,0,0,0,0,0,0,0
0.017236,0.016604,0.017338,0,0,0,0,0,0,0,0,0,0,0,0
0.017063,0.017326,0.016987,0,0,0,0,0,0,0,0,0,0,0,0
0.017452,0.017241,0.017309,0,0,0,0,0,0,0,0,0,0,0,0
0.017191,0.017048,0.017016,0,0,0,0,0,0,0,0,0,0,0,0
0.017724,0.016802,0.017663,0,0,0,0,0,0,0,0,0,0,0,0
0.018357,0.017179,0.016904,0,0,0,0,0,0,0,0,0,0,0,0
0.018605,0.017097,0.017245,0,0,0,0,0,0,0,0,0,0,0,0
0.018428,0.016901,0.017091,0,0,0,0,0,0,0,0,0,0,0,0
0.017302,0.016796,0.017065,0,0,0,0,0,0,0,0,0,0,0,0
0.017296,0.016866,0.017168,0,0,0,0,0,0,0,0,0,0,0,0
0.018068,0.016758,0.016938,0,0,0,0,0,0,0,0,0,0,0,0
0.017082,0.017088,0.016864,0,0,0,0,0,0,0,0,0,0,0,0
0.01704,0.016805,0.016879,0,0,0,0,0,0,0,0,0,0,0,0
0.017282,0.016518,0.01669,0,0,0,0,0,0,0,0,0,0,0,0
0.018122,0.016892,0.017098,0,0,0,0,0,0,0,0,0,0,0,0
0.01731,0.016587,0.016787,0,0,0,0,0,0,0,0,0,0,0,0
0.016745,0.017873,0.016492,0,0,0,0,0,0,0,0,0,0,0,0
0.017344,0.018325,0.016755,0,0,0,0,0,0,0,0,0,0,0,0
0.017764,0.018619,0.017026,0,0,0,0,0,0,0,0,0,0,0,0
0.017136,0.017688,0.016589,0,0,0,0,0,0,0,0,0,0,0,0
0.017081,0.016887,0.016588,0,0,0,0,0,0,0,0,0,0,0,0
0.017404,0.016867,0.016808,0,0,0,0,0,0,0,0,0,0,0,0
0.016999,0.016816,0.016804,0,0,0,0,0,0,0,0,0,0,0,0
0.017022,0.016869,0.017006,0,0,0,0,0,0,0,0,0,0,0,0
0.017151,0.01692,0.016784,0,0,0,0,0,0,0,0,0,0,0,0
0.017064,0.016691,0.016656,0,0,0,0,0,0,0,0,0,0,0,0
0.017056,0.01694,0.016742,0,0,0,0,0,0,0,0,0,0,0,0
0.016663,0.01676,0.016638,0,0,0,0,0,0,0,0,0,0,0,0
0.016656,0.016425,0.016564,0,0,0,0,0,0,0,0,0,0,0,0
0.016973,0.016715,0.016617,0,0,0,0,0,0,0,0,0,0,0,0
0.017165,0.016782,0.016541,0,0,0,0,0,0,0,0,0,0,0,0
0.016761,0.016825,0.018346,0,0,0,0,0,0,0,0,0,0,0,0
0.016845,0.016938,0.018189,0,0,0,0,0,0,0,0,0,0,0,0
0.016909,0.016757,0.018018,0,0,0,0,0,0,0,0,0,0,0,0
