0.22391,0.22564,0.27271,0,0,0,0,0,0,0,0,0,0,0,0
50.335,49.28,51.361,0,0,0,0,0,0,0,0,0,0,0,0
0.9443,1.0139,0.94359,0,0,0,0,0,0,0,0,0,0,0,0
0.99839,0.90016,0.87534,0,0,0,0,0,0,0,0,0,0,0,0
0.87972,0.85717,0.88538,0,0,0,0,0,0,0,0,0,0,0,0
0.9813,0.91653,0.93121,0,0,0,0,0,0,0,0,0,0,0,0
2.4936,2.3525,2.1482,0,0,0,0,0,0,0,0,0,0,0,0
0.94353,0.96488,0.95241,0,0,0,0,0,0,0,0,0,0,0,0
0.94302,0.95025,0.79283,0,0,0,0,0,0,0,0,0,0,0,0
0.881,1.0209,0.89594,0,0,0,0,0,0,0,0,0,0,0,0
1.0436,0.90807,0.9932,0,0,0,0,0,0,0,0,0,0,0,0
0.97312,0.81781,0.82947,0,0,0,0,0,0,0,0,0,0,0,0
2.3172,2.241,2.1959,0,0,0,0,0,0,0,0,0,0,0,0
0.90011,0.97733,0.8454,0,0,0,0,0,0,0,0,0,0,0,0
0.94306,1.0259,0.76306,0,0,0,0,0,0,0,0,0,0,0,0
0.9831,0.90376,0.93747,0,0,0,0,0,0,0,0,0,0,0,0
0.99344,0.84406,0.82021,0,0,0,0,0,0,0,0,0,0,0,0
0.91215,0.86366,0.82977,0,0,0,0,0,0,0,0,0,0,0,0
2.532,2.1482,2.0496,0,0,0,0,0,0,0,0,0,0,0,0
1.1368,0.91258,0.90361,0,0,0,0,0,0,0,0,0,0,0,0
1.065,0.87171,0.80183,0,0,0,0,0,0,0,0,0,0,0,0
1.0634,0.9148,0.83816,0,0,0,0,0,0,0,0,0,0,0,0
0.9371,0.94805,1.085,0,0,0,0,0,0,0,0,0,0,0,0
0.90359,1.118,1.0723,0,0,0,0,0,0,0,0,0,0,0,0
2.4414,2.2642,2.5995,0,0,0,0,0,0,0,0,0,0,0,0
1.1034,1.0205,1.0772,0,0,0,0,0,0,0,0,0,0,0,0
1.1947,0.92244,1.0263,0,0,0,0,0,0,0,0,0,0,0,0
1.2194,0.99122,0.89943,0,0,0,0,0,0,0,0,0,0,0,0
1.1128,1.0137,0.92582,0,0,0,0,0,0,0,0,0,0,0,0
0.85786,0.91358,0.8034,0,0,0,0,0,0,0,0,0,0,0,0
2.5103,2.1832,1.9622,0,0,0,0,0,0,0,0,0,0,0,0
1.2093,0.89614,0.92947,0,0,0,0,0,0,0,0,0,0,0,0
1.1286,0.85109,1.0238,0,0,0,0,0,0,0,0,0,0,0,0
1.0294,1.0427,0.85789,0,0,0,0,0,0,0,0,0,0,0,0
1.0726,1.1224,0.82447,0,0,0,0,0,0,0,0,0,0,0,0
1.1846,0.94427,1.1237,0,0,0,0,0,0,0,0,0,0,0,0
2.4413,2.1732,2.1972,0,0,0,0,0,0,0,0,0,0,0,0
1.1773,1.0284,1.04,0,0,0,0,0,0,0,0,0,0,0,0
1.31,1.0724,0.9329,0,0,0,0,0,0,0,0,0,0,0,0
1.0703,1.0261,1.0186,0,0,0,0,0,0,0,0,0,0,0,0
1.0808,1.2427,1.0599,0,0,0,0,0,0,0,0,0,0,0,0
1.1051,1.2569,1.0347,0,0,0,0,0,0,0,0,0,0,0,0
2.7029,2.4394,2.5579,0,0,0,0,0,0,0,0,0,0,0,0
1.31,1.1771,1.1187,0,0,0,0,0,0,0,0,0,0,0,0
1.231,1.2478,1.2745,0,0,0,0,0,0,0,0,0,0,0,0
1.1723,1.2722,1.2751,0,0,0,0,0,0,0,0,0,0,0,0
0.98008,1.1318,1.2047,0,0,0,0,0,0,0,0,0,0,0,0
1.043,1.3062,0.94453,0,0,0,0,0,0,0,0,0,0,0,0
2.2648,2.5699,2.302,0,0,0,0,0,0,0,0,0,0,0,0
1.2472,1.1326,1.1634,0,0,0,0,0,0,0,0,0,0,0,0
1.1006,1.2907,1.1745,0,0,0,0,0,0,0,0,0,0,0,0
1.0949,1.1447,1.0239,0,0,0,0,0,0,0,0,0,0,0,0
1.1411,1.2053,1.0606,0,0,0,0,0,0,0,0,0,0,0,0
1.1693,1.2905,1.072,0,0,0,0,0,0,0,0,0,0,0,0
2.5769,2.6998,2.1477,0,0,0,0,0,0,0,0,0,0,0,0
1.313,1.1309,1.1393,0,0,0,0,0,0,0,0,0,0,0,0
1.0642,1.2138,1.0004,0,0,0,0,0,0,0,0,0,0,0,0
1.0369,1.1042,1.0225,0,0,0,0,0,0,0,0,0,0,0,0
1.0226,1.1779,1.0895,0,0,0,0,0,0,0,0,0,0,0,0
1.2665,1.4594,1.0257,0,0,0,0,0,0,0,0,0,0,0,0
2.5265,2.6313,2.0464,0,0,0,0,0,0,0,0,0,0,0,0
1.1356,1.2293,0.94684,0,0,0,0,0,0,0,0,0,0,0,0
1.2606,1.0322,1.2701,0,0,0,0,0,0,0,0,0,0,0,0
1.0997,1.0495,1.3914,0,0,0,0,0,0,0,0,0,0,0,0
1.3126,0.92458,1.3337,0,0,0,0,0,0,0,0,0,0,0,0
1.2859,1.2233,1.227,0,0,0,0,0,0,0,0,0,0,0,0
2.434,2.6746,2.5837,0,0,0,0,0,0,0,0,0,0,0,0
1.2115,1.1739,1.1399,0,0,0,0,0,0,0,0,0,0,0,0
1.13,1.0625,1.0282,0,0,0,0,0,0,0,0,0,0,0,0
1.12,1.0322,1.0132,0,0,0,0,0,0,0,0,0,0,0,0
1.2746,1.0987,1.0256,0,0,0,0,0,0,0,0,0,0,0,0
1.3012,1.3438,0.92285,0,0,0,0,0,0,0,0,0,0,0,0
2.616,2.2167,2.1614,0,0,0,0,0,0,0,0,0,0,0,0
1.2897,1.0266,0.99385,0,0,0,0,0,0,0,0,0,0,0,0
1.3789,0.94195,1.0815,0,0,0,0,0,0,0,0,0,0,0,0
1.125,1.005,1.1822,0,0,0,0,0,0,0,0,0,0,0,0
1.3391,0.98083,1.1257,0,0,0,0,0,0,0,0,0,0,0,0
1.0635,1.3099,1.0331,0,0,0,0,0,0,0,0,0,0,0,0
2.5824,2.7965,2.3416,0,0,0,0,0,0,0,0,0,0,0,0
1.059,1.3242,1.4189,0,0,0,0,0,0,0,0,0,0,0,0
1.115,1.1593,1.0837,0,0,0,0,0,0,0,0,0,0,0,0
1.2485,1.1013,0.98496,0,0,0,0,0,0,0,0,0,0,0,0
1.0133,1.1164,1.0033,0,0,0,0,0,0,0,0,0,0,0,0
1.0975,1.0863,0.9113,0,0,0,0,0,0,0,0,0,0,0,0
2.4285,2.4945,2.2724,0,0,0,0,0,0,0,0,0,0,0,0
1.2246,1.1285,1.047,0,0,0,0,0,0,0,0,0,0,0,0
1.0527,1.1308,1.1056,0,0,0,0,0,0,0,0,0,0,0,0
1.4426,1.0986,0.92031,0,0,0,0,0,0,0,0,0,0,0,0
0.94154,0.98121,1.2582,0,0,0,0,0,0,0,0,0,0,0,0
0.96057,0.97059,1.3057,0,0,0,0,0,0,0,0,0,0,0,0
2.2223,2.3342,2.5092,0,0,0,0,0,0,0,0,0,0,0,0
1.0826,1.3524,0.92991,0,0,0,0,0,0,0,0,0,0,0,0
1.2791,1.1395,0.89864,0,0,0,0,0,0,0,0,0,0,0,0
1.362,1.1574,0.93723,0,0,0,0,0,0,0,0,0,0,0,0
1.163,1.2662,0.93805,0,0,0,0,0,0,0,0,0,0,0,0
1.3239,1.316,0.92643,0,0,0,0,0,0,0,0,0,0,0,0
2.6317,2.6193,2.0034,0,0,0,0,0,0,0,0,0,0,0,0
1.1788,0.99435,0.93202,0,0,0,0,0,0,0,0,0,0,0,0
1.2191,1.0026,1.0633,0,0,0,0,0,0,0,0,0,0,0,0
1.0828,1.2177,1.1307,0,0,0,0,0,0,0,0,0,0,0,0
1.0653,1.3614,0.89727,0,0,0,0,0,0,0,0,0,0,0,0
1.3102,1.1012,1.004,0,0,0,0,0,0,0,0,0,0,0,0
2.6513,2.1991,2.0879,0,0,0,0,0,0,0,0,0,0,0,0
1.2751,1.1519,1.0858,0,0,0,0,0,0,0,0,0,0,0,0
1.3078,1.4629,0.98835,0,0,0,0,0,0,0,0,0,0,0,0
1.3664,0.96899,0.90128,0,0,0,0,0,0,0,0,0,0,0,0
1.1022,1.314,0.88315,0,0,0,0,0,0,0,0,0,0,0,0
1.1784,1.0517,0.8198,0,0,0,0,0,0,0,0,0,0,0,0
2.4756,2.3733,2.4155,0,0,0,0,0,0,0,0,0,0,0,0
1.3858,0.8655,1.0566,0,0,0,0,0,0,0,0,0,0,0,0
1.5396,1.2074,0.94229,0,0,0,0,0,0,0,0,0,0,0,0
1.2934,0.96584,1.1014,0,0,0,0,0,0,0,0,0,0,0,0
0.99066,0.95954,0.90344,0,0,0,0,0,0,0,0,0,0,0,0
1.2143,1.1394,0.83298,0,0,0,0,0,0,0,0,0,0,0,0
2.317,2.4081,2.1638,0,0,0,0,0,0,0,0,0,0,0,0
1.0568,1.0796,0.9013,0,0,0,0,0,0,0,0,0,0,0,0
1.065,0.93947,0.84494,0,0,0,0,0,0,0,0,0,0,0,0
1.0548,1.0622,0.90085,0,0,0,0,0,0,0,0,0,0,0,0
0.89873,1.1687,0.97135,0,0,0,0,0,0,0,0,0,0,0,0
0.94514,1.0565,0.89579,0,0,0,0,0,0,0,0,0,0,0,0
2.0804,2.305,2.1098,0,0,0,0,0,0,0,0,0,0,0,0
1.2073,1.0186,1.1149,0,0,0,0,0,0,0,0,0,0,0,0
1.2378,1.2011,1.0634,0,0,0,0,0,0,0,0,0,0,0,0
1.1292,1.0244,0.9204,0,0,0,0,0,0,0,0,0,0,0,0
0.92958,1.0799,0.87773,0,0,0,0,0,0,0,0,0,0,0,0
1.0576,1.2171,0.97093,0,0,0,0,0,0,0,0,0,0,0,0
2.2706,2.3178,1.8648,0,0,0,0,0,0,0,0,0,0,0,0
1.0688,1.0663,0.89736,0,0,0,0,0,0,0,0,0,0,0,0
1.0973,1.0662,0.96191,0,0,0,0,0,0,0,0,0,0,0,0
1.0064,1.0411,0.97877,0,0,0,0,0,0,0,0,0,0,0,0
0.96455,1.0438,0.86264,0,0,0,0,0,0,0,0,0,0,0,0
0.8085,1.0848,0.90882,0,0,0,0,0,0,0,0,0,0,0,0
2.3402,2.0737,1.8568,0,0,0,0,0,0,0,0,0,0,0,0
1.1245,1.1041,0.84804,0,0,0,0,0,0,0,0,0,0,0,0
1.0486,1.0224,1.0175,0,0,0,0,0,0,0,0,0,0,0,0
1.0578,1.1314,0.98889,0,0,0,0,0,0,0,0,0,0,0,0
1.0594,1.0833,0.91622,0,0,0,0,0,0,0,0,0,0,0,0
1.1121,0.96489,1.0039,0,0,0,0,0,0,0,0,0,0,0,0
2.2416,2.2057,1.9274,0,0,0,0,0,0,0,0,0,0,0,0
1.1763,1.2122,0.83678,0,0,0,0,0,0,0,0,0,0,0,0
1.1772,1.1198,0.98462,0,0,0,0,0,0,0,0,0,0,0,0
1.2325,0.89517,1.066,0,0,0,0,0,0,0,0,0,0,0,0
1.1418,0.85843,1.0126,0,0,0,0,0,0,0,0,0,0,0,0
1.1868,0.94222,0.91499,0,0,0,0,0,0,0,0,0,0,0,0
2.5259,1.9642,2.0024,0,0,0,0,0,0,0,0,0,0,0,0
0.94792,0.82275,0.84194,0,0,0,0,0,0,0,0,0,0,0,0
1.1907,0.96595,0.87779,0,0,0,0,0,0,0,0,0,0,0,0
1.1207,1.1881,0.96728,0,0,0,0,0,0,0,0,0,0,0,0
1.1011,0.92199,1.0105,0,0,0,0,0,0,0,0,0,0,0,0
0.98762,0.91529,0.87808,0,0,0,0,0,0,0,0,0,0,0,0
2.7126,2.0277,1.962,0,0,0,0,0,0,0,0,0,0,0,0
1.1575,0.87825,0.85132,0,0,0,0,0,0,0,0,0,0,0,0
1.3343,0.97676,0.92454,0,0,0,0,0,0,0,0,0,0,0,0
1.2052,0.89147,1.0222,0,0,0,0,0,0,0,0,0,0,0,0
0.96112,0.89006,0.7862,0,0,0,0,0,0,0,0,0,0,0,0
0.90586,0.99369,0.78543,0,0,0,0,0,0,0,0,0,0,0,0
2.4847,2.3376,1.8831,0,0,0,0,0,0,0,0,0,0,0,0
1.0532,1.01,0.77777,0,0,0,0,0,0,0,0,0,0,0,0
1.1037,0.94704,0.91199,0,0,0,0,0,0,0,0,0,0,0,0
1.1718,0.89841,0.93327,0,0,0,0,0,0,0,0,0,0,0,0
1.1954,0.90281,0.8492,0,0,0,0,0,0,0,0,0,0,0,0
0.9556,1.0251,0.803,0,0,0,0,0,0,0,0,0,0,0,0
2.1711,2.4375,1.8829,0,0,0,0,0,0,0,0,0,0,0,0
0.94377,1.1785,0.91172,0,0,0,0,0,0,0,0,0,0,0,0
0.99606,1.1569,1.0068,0,0,0,0,0,0,0,0,0,0,0,0
1.2951,0.95813,1.1735,0,0,0,0,0,0,0,0,0,0,0,0
1.2716,1.1627,0.93456,0,0,0,0,0,0,0,0,0,0,0,0
1.1551,1.0533,0.79339,0,0,0,0,0,0,0,0,0,0,0,0
2.3224,2.1827,2.2517,0,0,0,0,0,0,0,0,0,0,0,0
1.1583,1.1862,0.81413,0,0,0,0,0,0,0,0,0,0,0,0
1.2081,1.1372,0.77052,0,0,0,0,0,0,0,0,0,0,0,0
1.2105,1.2303,0.86455,0,0,0,0,0,0,0,0,0,0,0,0
1.2986,1.4986,0.81542,0,0,0,0,0,0,0,0,0,0,0,0
1.1963,1.1507,0.84553,0,0,0,0,0,0,0,0,0,0,0,0
2.2328,2.3756,1.7315,0,0,0,0,0,0,0,0,0,0,0,0
0.92545,1.1866,0.77758,0,0,0,0,0,0,0,0,0,0,0,0
0.90469,1.2971,0.8495,0,0,0,0,0,0,0,0,0,0,0,0
0.96083,1.3967,0.93662,0,0,0,0,0,0,0,0,0,0,0,0
0.93664,1.2206,0.90667,0,0,0,0,0,0,0,0,0,0,0,0
1.0308,1.0568,0.84529,0,0,0,0,0,0,0,0,0,0,0,0
2.2559,2.2863,1.9337,0,0,0,0,0,0,0,0,0,0,0,0
0.95278,1.0481,0.81909,0,0,0,0,0,0,0,0,0,0,0,0
0.9285,1.2096,0.9127,0,0,0,0,0,0,0,0,0,0,0,0
0.89896,1.2497,0.95908,0,0,0,0,0,0,0,0,0,0,0,0
1.0101,1.3459,0.95529,0,0,0,0,0,0,0,0,0,0,0,0
1.1386,1.2669,0.90711,0,0,0,0,0,0,0,0,0,0,0,0
2.6485,2.0787,1.9972,0,0,0,0,0,0,0,0,0,0,0,0
1.1832,1.0259,0.88464,0,0,0,0,0,0,0,0,0,0,0,0
1.1956,0.98994,0.95381,0,0,0,0,0,0,0,0,0,0,0,0
1.1955,1.1448,0.92814,0,0,0,0,0,0,0,0,0,0,0,0
1.3357,0.93455,0.87527,0,0,0,0,0,0,0,0,0,0,0,0
1.1184,1.0274,1.0089,0,0,0,0,0,0,0,0,0,0,0,0
2.4881,2.0473,2.1265,0,0,0,0,0,0,0,0,0,0,0,0
1.133,0.90952,0.95409,0,0,0,0,0,0,0,0,0,0,0,0
1.0605,1.2149,0.90273,0,0,0,0,0,0,0,0,0,0,0,0
0.93705,1.2723,0.90178,0,0,0,0,0,0,0,0,0,0,0,0
1.0777,1.1214,0.95684,0,0,0,0,0,0,0,0,0,0,0,0
1.0034,1.0413,0.91834,0,0,0,0,0,0,0,0,0,0,0,0
2.4696,2.1991,2.0979,0,0,0,0,0,0,0,0,0,0,0,0
1.0079,1.0041,1.09,0,0,0,0,0,0,0,0,0,0,0,0
0.84603,1.2071,0.93059,0,0,0,0,0,0,0,0,0,0,0,0
0.87472,1.0282,0.84518,0,0,0,0,0,0,0,0,0,0,0,0
1.0578,1.0283,0.86014,0,0,0,0,0,0,0,0,0,0,0,0
1.0424,1.2951,0.84437,0,0,0,0,0,0,0,0,0,0,0,0
2.0212,2.3943,2.0193,0,0,0,0,0,0,0,0,0,0,0,0
1.1409,0.93533,0.97896,0,0,0,0,0,0,0,0,0,0,0,0
0.86145,0.84076,0.81034,0,0,0,0,0,0,0,0,0,0,0,0
0.81771,1.0021,0.8114,0,0,0,0,0,0,0,0,0,0,0,0
0.84747,1.0475,0.82975,0,0,0,0,0,0,0,0,0,0,0,0
0.90097,0.98438,0.81941,0,0,0,0,0,0,0,0,0,0,0,0
2.416,2.0588,2.0423,0,0,0,0,0,0,0,0,0,0,0,0
0.96671,0.96457,0.94941,0,0,0,0,0,0,0,0,0,0,0,0
0.84146,0.95401,0.83244,0,0,0,0,0,0,0,0,0,0,0,0
0.87796,1.1094,0.84187,0,0,0,0,0,0,0,0,0,0,0,0
0.85201,0.99652,0.88571,0,0,0,0,0,0,0,0,0,0,0,0
1.0319,0.85952,0.9409,0,0,0,0,0,0,0,0,0,0,0,0
2.1909,2.3432,2.1424,0,0,0,0,0,0,0,0,0,0,0,0
0.90708,1.1564,0.9162,0,0,0,0,0,0,0,0,0,0,0,0
0.93841,1.1134,0.87156,0,0,0,0,0,0,0,0,0,0,0,0
0.82643,1.1497,0.99006,0,0,0,0,0,0,0,0,0,0,0,0
0.8524,1.255,1.0614,0,0,0,0,0,0,0,0,0,0,0,0
0.8966,0.9479,0.95194,0,0,0,0,0,0,0,0,0,0,0,0
2.3814,2.0669,2.4758,0,0,0,0,0,0,0,0,0,0,0,0
0.96693,0.90937,0.81254,0,0,0,0,0,0,0,0,0,0,0,0
0.99915,1.1044,0.84983,0,0,0,0,0,0,0,0,0,0,0,0
1.1128,1.0506,1.0408,0,0,0,0,0,0,0,0,0,0,0,0
1.0203,0.97883,0.98224,0,0,0,0,0,0,0,0,0,0,0,0
1.2739,0.98184,1.2135,0,0,0,0,0,0,0,0,0,0,0,0
2.6475,2.2415,2.262,0,0,0,0,0,0,0,0,0,0,0,0
1.0637,1.1895,0.97582,0,0,0,0,0,0,0,0,0,0,0,0
1.252,1.2065,0.87332,0,0,0,0,0,0,0,0,0,0,0,0
1.3863,1.2761,1.0271,0,0,0,0,0,0,0,0,0,0,0,0
1.0929,1.0149,0.93493,0,0,0,0,0,0,0,0,0,0,0,0
1.1604,1.0775,0.79419,0,0,0,0,0,0,0,0,0,0,0,0
2.5444,2.3319,1.9044,0,0,0,0,0,0,0,0,0,0,0,0
1.0644,1.2513,0.83184,0,0,0,0,0,0,0,0,0,0,0,0
1.1074,1.2403,0.89633,0,0,0,0,0,0,0,0,0,0,0,0
1.1524,1.1864,0.9486,0,0,0,0,0,0,0,0,0,0,0,0
1.108,1.2866,0.9778,0,0,0,0,0,0,0,0,0,0,0,0
1.1401,1.3302,0.86392,0,0,0,0,0,0,0,0,0,0,0,0
2.5285,2.5921,2.0717,0,0,0,0,0,0,0,0,0,0,0,0
1.1468,1.1245,0.90619,0,0,0,0,0,0,0,0,0,0,0,0
1.16,1.4276,0.88838,0,0,0,0,0,0,0,0,0,0,0,0
1.0866,1.2886,0.93756,0,0,0,0,0,0,0,0,0,0,0,0
1.0652,1.0834,0.85531,0,0,0,0,0,0,0,0,0,0,0,0
1.0799,1.0409,0.91629,0,0,0,0,0,0,0,0,0,0,0,0
2.444,2.0544,1.92,0,0,0,0,0,0,0,0,0,0,0,0
0.93929,1.0528,0.84157,0,0,0,0,0,0,0,0,0,0,0,0
0.9208,0.95499,0.90154,0,0,0,0,0,0,0,0,0,0,0,0
0.96809,0.94419,0.93805,0,0,0,0,0,0,0,0,0,0,0,0
0.88162,0.96894,0.88011,0,0,0,0,0,0,0,0,0,0,0,0
0.91795,1.1668,0.96181,0,0,0,0,0,0,0,0,0,0,0,0
2.1825,2.4097,1.9375,0,0,0,0,0,0,0,0,0,0,0,0
0.99763,0.93604,0.93983,0,0,0,0,0,0,0,0,0,0,0,0
0.95196,0.84062,1.0643,0,0,0,0,0,0,0,0,0,0,0,0
0.94932,0.87368,0.8688,0,0,0,0,0,0,0,0,0,0,0,0
0.98616,1.012,0.94411,0,0,0,0,0,0,0,0,0,0,0,0
0.87551,0.83727,0.82349,0,0,0,0,0,0,0,0,0,0,0,0
1.9889,1.9853,2.0586,0,0,0,0,0,0,0,0,0,0,0,0
1.0906,1.0559,0.97011,0,0,0,0,0,0,0,0,0,0,0,0
0.88616,0.99381,1.0116,0,0,0,0,0,0,0,0,0,0,0,0
0.85855,1.1529,0.86792,0,0,0,0,0,0,0,0,0,0,0,0
1.0168,1.1031,0.95175,0,0,0,0,0,0,0,0,0,0,0,0
0.92961,0.83966,0.90304,0,0,0,0,0,0,0,0,0,0,0,0
2.0607,2.2132,2.0188,0,0,0,0,0,0,0,0,0,0,0,0
1.1121,0.97579,0.92002,0,0,0,0,0,0,0,0,0,0,0,0
0.9694,0.95909,0.83737,0,0,0,0,0,0,0,0,0,0,0,0
0.8897,0.9525,0.93822,0,0,0,0,0,0,0,0,0,0,0,0
1.1698,0.87603,0.96352,0,0,0,0,0,0,0,0,0,0,0,0
0.93024,0.96874,0.94718,0,0,0,0,0,0,0,0,0,0,0,0
2.0933,1.9416,2.0835,0,0,0,0,0,0,0,0,0,0,0,0
1.0721,0.94055,1.1338,0,0,0,0,0,0,0,0,0,0,0,0
0.94573,0.86847,1.1344,0,0,0,0,0,0,0,0,0,0,0,0
1.0912,1.0251,1.0265,0,0,0,0,0,0,0,0,0,0,0,0
0.99803,0.9104,0.83353,0,0,0,0,0,0,0,0,0,0,0,0
0.92175,0.96021,0.87077,0,0,0,0,0,0,0,0,0,0,0,0
1.9127,1.8646,2.1497,0,0,0,0,0,0,0,0,0,0,0,0
1.0309,0.77949,0.8676,0,0,0,0,0,0,0,0,0,0,0,0
1.343,0.84806,0.87007,0,0,0,0,0,0,0,0,0,0,0,0
1.2513,1.0139,0.84731,0,0,0,0,0,0,0,0,0,0,0,0
1.3054,1.12,0.86433,0,0,0,0,0,0,0,0,0,0,0,0
1.2068,1.1602,0.90747,0,0,0,0,0,0,0,0,0,0,0,0
1.9377,1.9747,2.1183,0,0,0,0,0,0,0,0,0,0,0,0
0.87891,0.97979,0.90675,0,0,0,0,0,0,0,0,0,0,0,0
0.93704,0.93502,0.80839,0,0,0,0,0,0,0,0,0,0,0,0
1.1356,0.98755,0.79818,0,0,0,0,0,0,0,0,0,0,0,0
1.0271,1.0744,0.88165,0,0,0,0,0,0,0,0,0,0,0,0
0.91419,1.0192,1.0423,0,0,0,0,0,0,0,0,0,0,0,0
2.0169,2.0528,2.0253,0,0,0,0,0,0,0,0,0,0,0,0
0.89885,0.90587,0.8508,0,0,0,0,0,0,0,0,0,0,0,0
0.88436,0.92085,0.85242,0,0,0,0,0,0,0,0,0,0,0,0
1.0669,0.88347,0.88454,0,0,0,0,0,0,0,0,0,0,0,0
1.2823,1.1331,0.89271,0,0,0,0,0,0,0,0,0,0,0,0
1.2617,1.2794,0.95945,0,0,0,0,0,0,0,0,0,0,0,0
2.1172,2.2455,1.9449,0,0,0,0,0,0,0,0,0,0,0,0
1.3717,1.2862,0.91412,0,0,0,0,0,0,0,0,0,0,0,0
1.0598,1.2837,0.87242,0,0,0,0,0,0,0,0,0,0,0,0
1.2182,1.1039,0.88752,0,0,0,0,0,0,0,0,0,0,0,0
1.3316,0.98012,0.86388,0,0,0,0,0,0,0,0,0,0,0,0
1.3953,1.0033,0.85832,0,0,0,0,0,0,0,0,0,0,0,0
2.6396,2.4829,1.9751,0,0,0,0,0,0,0,0,0,0,0,0
1.1537,1.0284,0.89879,0,0,0,0,0,0,0,0,0,0,0,0
1.3831,1.1311,0.89193,0,0,0,0,0,0,0,0,0,0,0,0
1.1353,1.3068,0.84969,0,0,0,0,0,0,0,0,0,0,0,0
1.1604,1.2444,0.96146,0,0,0,0,0,0,0,0,0,0,0,0
1.2526,1.1961,0.93633,0,0,0,0,0,0,0,0,0,0,0,0
2.264,2.791,1.9345,0,0,0,0,0,0,0,0,0,0,0,0
1.3464,1.1438,0.95335,0,0,0,0,0,0,0,0,0,0,0,0
1.0688,1.0025,0.98285,0,0,0,0,0,0,0,0,0,0,0,0
1.306,1.165,0.91479,0,0,0,0,0,0,0,0,0,0,0,0
1.3673,1.0369,0.90685,0,0,0,0,0,0,0,0,0,0,0,0
1.0012,1.0809,0.89038,0,0,0,0,0,0,0,0,0,0,0,0
2.1491,2.2537,1.8862,0,0,0,0,0,0,0,0,0,0,0,0
1.1644,1.0167,0.8981,0,0,0,0,0,0,0,0,0,0,0,0
1.0905,1.2825,0.93165,0,0,0,0,0,0,0,0,0,0,0,0
1.1378,1.2752,0.89358,0,0,0,0,0,0,0,0,0,0,0,0
1.1904,1.4364,0.88992,0,0,0,0,0,0,0,0,0,0,0,0
1.3577,1.1557,0.87866,0,0,0,0,0,0,0,0,0,0,0,0
2.4588,2.3348,2.082,0,0,0,0,0,0,0,0,0,0,0,0
0.9462,0.96744,0.92282,0,0,0,0,0,0,0,0,0,0,0,0
0.9703,0.95742,1.19,0,0,0,0,0,0,0,0,0,0,0,0
0.93697,0.96755,1.0508,0,0,0,0,0,0,0,0,0,0,0,0
0.89769,1.0056,1.104,0,0,0,0,0,0,0,0,0,0,0,0
0.94256,0.94842,1.0409,0,0,0,0,0,0,0,0,0,0,0,0
2.4909,2.3883,2.1539,0,0,0,0,0,0,0,0,0,0,0,0
1.2441,1.0716,0.88982,0,0,0,0,0,0,0,0,0,0,0,0
1.2206,0.9301,1.0144,0,0,0,0,0,0,0,0,0,0,0,0
1.1894,0.93804,0.87312,0,0,0,0,0,0,0,0,0,0,0,0
1.1501,1.0433,0.94454,0,0,0,0,0,0,0,0,0,0,0,0
0.96597,0.96147,0.82588,0,0,0,0,0,0,0,0,0,0,0,0
2.3871,2.1308,2.113,0,0,0,0,0,0,0,0,0,0,0,0
1.1619,1.1131,1.0297,0,0,0,0,0,0,0,0,0,0,0,0
1.0883,0.99994,0.82654,0,0,0,0,0,0,0,0,0,0,0,0
1.0869,0.91431,0.91515,0,0,0,0,0,0,0,0,0,0,0,0
0.97328,0.96476,0.93745,0,0,0,0,0,0,0,0,0,0,0,0
1.0715,0.90713,0.92406,0,0,0,0,0,0,0,0,0,0,0,0
2.3299,2.237,2.2218,0,0,0,0,0,0,0,0,0,0,0,0
0.96928,0.91807,0.99621,0,0,0,0,0,0,0,0,0,0,0,0
1.1123,1.0516,0.84517,0,0,0,0,0,0,0,0,0,0,0,0
1.0977,1.1572,0.85349,0,0,0,0,0,0,0,0,0,0,0,0
1.2566,1.2437,0.85606,0,0,0,0,0,0,0,0,0,0,0,0
1.0491,1.1162,0.86508,0,0,0,0,0,0,0,0,0,0,0,0
2.2655,2.1027,2.0396,0,0,0,0,0,0,0,0,0,0,0,0
1.0305,0.94729,0.93441,0,0,0,0,0,0,0,0,0,0,0,0
1.3025,1.0704,0.9,0,0,0,0,0,0,0,0,0,0,0,0
1.0147,0.98807,0.85254,0,0,0,0,0,0,0,0,0,0,0,0
0.99991,1.0314,0.8622,0,0,0,0,0,0,0,0,0,0,0,0
0.93543,1.0518,0.88073,0,0,0,0,0,0,0,0,0,0,0,0
2.0471,2.2744,2.0138,0,0,0,0,0,0,0,0,0,0,0,0
1.1084,1.0476,0.893,0,0,0,0,0,0,0,0,0,0,0,0
1.0194,0.89136,0.91922,0,0,0,0,0,0,0,0,0,0,0,0
1.2428,0.96212,0.9418,0,0,0,0,0,0,0,0,0,0,0,0
1.2532,0.9835,0.85866,0,0,0,0,0,0,0,0,0,0,0,0
1.2113,1.1715,0.89478,0,0,0,0,0,0,0,0,0,0,0,0
2.4785,2.3755,2.4414,0,0,0,0,0,0,0,0,0,0,0,0
1.269,1.2609,0.89775,0,0,0,0,0,0,0,0,0,0,0,0
1.2546,1.2357,0.80273,0,0,0,0,0,0,0,0,0,0,0,0
1.2203,1.0683,0.87087,0,0,0,0,0,0,0,0,0,0,0,0
1.4217,0.94943,0.9007,0,0,0,0,0,0,0,0,0,0,0,0
1.2413,0.99112,0.84451,0,0,0,0,0,0,0,0,0,0,0,0
2.4672,1.9504,2.0225,0,0,0,0,0,0,0,0,0,0,0,0
1.2422,1.1492,1.0048,0,0,0,0,0,0,0,0,0,0,0,0
1.2158,1.1441,0.95971,0,0,0,0,0,0,0,0,0,0,0,0
1.2117,0.99325,0.96696,0,0,0,0,0,0,0,0,0,0,0,0
1.1249,1.0052,0.99597,0,0,0,0,0,0,0,0,0,0,0,0
1.0932,1.0297,0.95528,0,0,0,0,0,0,0,0,0,0,0,0
2.4466,2.3438,1.8954,0,0,0,0,0,0,0,0,0,0,0,0
1.3147,0.99503,0.83275,0,0,0,0,0,0,0,0,0,0,0,0
1.2185,1.2056,0.85747,0,0,0,0,0,0,0,0,0,0,0,0
1.1762,1.1569,0.9486,0,0,0,0,0,0,0,0,0,0,0,0
1.1887,1.0749,1.0424,0,0,0,0,0,0,0,0,0,0,0,0
1.0449,0.90311,1.087,0,0,0,0,0,0,0,0,0,0,0,0
2.3705,2.2681,1.9796,0,0,0,0,0,0,0,0,0,0,0,0
1.1641,1.1631,0.97493,0,0,0,0,0,0,0,0,0,0,0,0
1.0054,1.027,0.92061,0,0,0,0,0,0,0,0,0,0,0,0
1.0383,0.96541,0.93878,0,0,0,0,0,0,0,0,0,0,0,0
1.0686,1.0421,0.96657,0,0,0,0,0,0,0,0,0,0,0,0
0.90243,1.0961,0.93147,0,0,0,0,0,0,0,0,0,0,0,0
2.1508,2.1662,1.9147,0,0,0,0,0,0,0,0,0,0,0,0
1.1105,0.96629,0.86736,0,0,0,0,0,0,0,0,0,0,0,0
1.0051,0.94674,0.79328,0,0,0,0,0,0,0,0,0,0,0,0
0.99918,1.0953,0.8534,0,0,0,0,0,0,0,0,0,0,0,0
1.0018,0.95547,0.92767,0,0,0,0,0,0,0,0,0,0,0,0
1.1156,0.89856,0.78763,0,0,0,0,0,0,0,0,0,0,0,0
2.3746,2.3853,1.7663,0,0,0,0,0,0,0,0,0,0,0,0
0.97973,0.99913,0.7626,0,0,0,0,0,0,0,0,0,0,0,0
1.0379,1.1452,0.7849,0,0,0,0,0,0,0,0,0,0,0,0
1.0334,1.1595,0.9527,0,0,0,0,0,0,0,0,0,0,0,0
1.0899,1.1244,1.0014,0,0,0,0,0,0,0,0,0,0,0,0
0.996,1.2983,0.85721,0,0,0,0,0,0,0,0,0,0,0,0
2.6223,2.5798,1.7177,0,0,0,0,0,0,0,0,0,0,0,0
1.3402,0.97429,0.83429,0,0,0,0,0,0,0,0,0,0,0,0
1.2202,1.4124,0.81046,0,0,0,0,0,0,0,0,0,0,0,0
1.1812,1.1088,0.79781,0,0,0,0,0,0,0,0,0,0,0,0
1.1649,1.0619,0.92278,0,0,0,0,0,0,0,0,0,0,0,0
1.1518,1.1015,0.88905,0,0,0,0,0,0,0,0,0,0,0,0
2.5384,2.1199,2.2395,0,0,0,0,0,0,0,0,0,0,0,0
1.1883,0.97473,0.7913,0,0,0,0,0,0,0,0,0,0,0,0
1.1483,1.203,0.71906,0,0,0,0,0,0,0,0,0,0,0,0
1.0907,1.1935,0.83922,0,0,0,0,0,0,0,0,0,0,0,0
1.09,1.0765,0.76186,0,0,0,0,0,0,0,0,0,0,0,0
1.0947,1.0505,0.83002,0,0,0,0,0,0,0,0,0,0,0,0
2.2442,2.3674,1.995,0,0,0,0,0,0,0,0,0,0,0,0
1.3128,1.058,0.95319,0,0,0,0,0,0,0,0,0,0,0,0
1.0648,1.1184,0.86877,0,0,0,0,0,0,0,0,0,0,0,0
1.078,1.2139,0.80885,0,0,0,0,0,0,0,0,0,0,0,0
1.0636,1.2021,0.91587,0,0,0,0,0,0,0,0,0,0,0,0
1.0579,0.96896,1.0238,0,0,0,0,0,0,0,0,0,0,0,0
2.7532,2.2797,2.0121,0,0,0,0,0,0,0,0,0,0,0,0
1.066,1.0659,0.88715,0,0,0,0,0,0,0,0,0,0,0,0
1.07,0.86737,0.85569,0,0,0,0,0,0,0,0,0,0,0,0
1.2842,1.2984,0.87916,0,0,0,0,0,0,0,0,0,0,0,0
1.116,1.2671,1.1108,0,0,0,0,0,0,0,0,0,0,0,0
1.0065,1.0388,0.9399,0,0,0,0,0,0,0,0,0,0,0,0
2.2834,2.5,2.0396,0,0,0,0,0,0,0,0,0,0,0,0
1.1179,0.91716,0.88472,0,0,0,0,0,0,0,0,0,0,0,0
1.1382,1.3368,0.84147,0,0,0,0,0,0,0,0,0,0,0,0
1.1163,1.1553,1.0399,0,0,0,0,0,0,0,0,0,0,0,0
1.0381,1.14,0.96085,0,0,0,0,0,0,0,0,0,0,0,0
1.1128,1.0791,0.94118,0,0,0,0,0,0,0,0,0,0,0,0
2.3635,2.5015,1.9043,0,0,0,0,0,0,0,0,0,0,0,0
1.09,1.0555,0.88633,0,0,0,0,0,0,0,0,0,0,0,0
1.2694,1.1081,0.90061,0,0,0,0,0,0,0,0,0,0,0,0
1.2458,0.97658,0.93679,0,0,0,0,0,0,0,0,0,0,0,0
1.0109,1.2519,1.0209,0,0,0,0,0,0,0,0,0,0,0,0
1.2459,1.0828,0.92752,0,0,0,0,0,0,0,0,0,0,0,0
2.4341,2.2723,2.0041,0,0,0,0,0,0,0,0,0,0,0,0
1.1668,1.0387,1.1149,0,0,0,0,0,0,0,0,0,0,0,0
1.1233,1.0183,1.0285,0,0,0,0,0,0,0,0,0,0,0,0
1.0042,0.89684,0.88827,0,0,0,0,0,0,0,0,0,0,0,0
1.2729,0.90261,1.0059,0,0,0,0,0,0,0,0,0,0,0,0
1.2827,1.1558,1.0403,0,0,0,0,0,0,0,0,0,0,0,0
2.507,2.5923,1.8867,0,0,0,0,0,0,0,0,0,0,0,0
0.99422,1.1822,0.98943,0,0,0,0,0,0,0,0,0,0,0,0
1.1516,1.0788,0.93261,0,0,0,0,0,0,0,0,0,0,0,0
1.0458,1.0945,0.98112,0,0,0,0,0,0,0,0,0,0,0,0
1.1922,0.9285,1.0763,0,0,0,0,0,0,0,0,0,0,0,0
1.1472,0.93304,0.92382,0,0,0,0,0,0,0,0,0,0,0,0
2.2739,2.5827,1.8184,0,0,0,0,0,0,0,0,0,0,0,0
1.1246,0.98462,0.87596,0,0,0,0,0,0,0,0,0,0,0,0
1.0558,1.0273,0.87713,0,0,0,0,0,0,0,0,0,0,0,0
1.1146,1.0451,0.83059,0,0,0,0,0,0,0,0,0,0,0,0
1.1585,1.0976,0.98521,0,0,0,0,0,0,0,0,0,0,0,0
1.2205,0.93996,0.92239,0,0,0,0,0,0,0,0,0,0,0,0
2.3926,2.0854,1.8992,0,0,0,0,0,0,0,0,0,0,0,0
1.0403,0.87677,0.84385,0,0,0,0,0,0,0,0,0,0,0,0
1.0299,1.0334,0.80664,0,0,0,0,0,0,0,0,0,0,0,0
1.2126,1.176,0.94771,0,0,0,0,0,0,0,0,0,0,0,0
1.1518,0.97537,1.0292,0,0,0,0,0,0,0,0,0,0,0,0
1.097,0.96374,0.96715,0,0,0,0,0,0,0,0,0,0,0,0
2.4775,2.2218,2.011,0,0,0,0,0,0,0,0,0,0,0,0
1.11,0.96448,0.92744,0,0,0,0,0,0,0,0,0,0,0,0
1.0826,1.0583,0.87735,0,0,0,0,0,0,0,0,0,0,0,0
1.1495,1.198,0.97115,0,0,0,0,0,0,0,0,0,0,0,0
1.2164,1.3084,0.92095,0,0,0,0,0,0,0,0,0,0,0,0
0.99282,1.1945,0.78943,0,0,0,0,0,0,0,0,0,0,0,0
2.3948,2.3304,1.8987,0,0,0,0,0,0,0,0,0,0,0,0
1.1588,1.0865,0.80919,0,0,0,0,0,0,0,0,0,0,0,0
1.1238,1.0288,0.89776,0,0,0,0,0,0,0,0,0,0,0,0
0.98099,1.0394,0.90002,0,0,0,0,0,0,0,0,0,0,0,0
1.1266,0.93124,0.82773,0,0,0,0,0,0,0,0,0,0,0,0
1.0957,0.99231,0.81251,0,0,0,0,0,0,0,0,0,0,0,0
2.4346,2.2738,2.0631,0,0,0,0,0,0,0,0,0,0,0,0
0.96734,1.0197,0.90895,0,0,0,0,0,0,0,0,0,0,0,0
1.1442,0.99141,0.86394,0,0,0,0,0,0,0,0,0,0,0,0
0.97827,1.1375,0.92106,0,0,0,0,0,0,0,0,0,0,0,0
1.068,1.0126,0.85314,0,0,0,0,0,0,0,0,0,0,0,0
1.0156,1.1573,0.85744,0,0,0,0,0,0,0,0,0,0,0,0
2.4319,2.3828,2.1318,0,0,0,0,0,0,0,0,0,0,0,0
0.99298,1.0018,0.84578,0,0,0,0,0,0,0,0,0,0,0,0
0.88227,1.0463,0.9973,0,0,0,0,0,0,0,0,0,0,0,0
0.85379,0.90742,0.84886,0,0,0,0,0,0,0,0,0,0,0,0
0.79459,1.0343,0.77256,0,0,0,0,0,0,0,0,0,0,0,0
0.78965,0.96236,0.99108,0,0,0,0,0,0,0,0,0,0,0,0
1.8534,2.4142,2.4388,0,0,0,0,0,0,0,0,0,0,0,0
0.94988,1.2199,0.9701,0,0,0,0,0,0,0,0,0,0,0,0
0.919,1.0062,0.91279,0,0,0,0,0,0,0,0,0,0,0,0
1.005,0.90107,0.87446,0,0,0,0,0,0,0,0,0,0,0,0
1.5302,1.0918,0.97488,0,0,0,0,0,0,0,0,0,0,0,0
1.3688,0.94172,0.89604,0,0,0,0,0,0,0,0,0,0,0,0
2.6391,2.465,2.0277,0,0,0,0,0,0,0,0,0,0,0,0
1.023,1.0775,0.88421,0,0,0,0,0,0,0,0,0,0,0,0
1.0404,0.98582,0.78374,0,0,0,0,0,0,0,0,0,0,0,0
1.1384,1.0075,0.91018,0,0,0,0,0,0,0,0,0,0,0,0
1.2965,1.0066,1.0826,0,0,0,0,0,0,0,0,0,0,0,0
0.99629,1.1117,0.87552,0,0,0,0,0,0,0,0,0,0,0,0
2.1938,2.4899,1.7047,0,0,0,0,0,0,0,0,0,0,0,0
0.94521,1.0034,0.95015,0,0,0,0,0,0,0,0,0,0,0,0
0.99022,0.93513,1.1023,0,0,0,0,0,0,0,0,0,0,0,0
0.93115,1.2223,0.95476,0,0,0,0,0,0,0,0,0,0,0,0
1.1582,0.97222,0.989,0,0,0,0,0,0,0,0,0,0,0,0
1.1714,0.94549,0.88614,0,0,0,0,0,0,0,0,0,0,0,0
2.7421,2.7489,2.0161,0,0,0,0,0,0,0,0,0,0,0,0
1.4021,1.1793,0.87375,0,0,0,0,0,0,0,0,0,0,0,0
1.1499,1.1924,0.92445,0,0,0,0,0,0,0,0,0,0,0,0
1.0138,1.2453,0.8714,0,0,0,0,0,0,0,0,0,0,0,0
1.0484,0.93212,0.87462,0,0,0,0,0,0,0,0,0,0,0,0
1.4171,0.95703,0.81496,0,0,0,0,0,0,0,0,0,0,0,0
2.3834,2.0956,1.8204,0,0,0,0,0,0,0,0,0,0,0,0
1.2941,1.1724,0.77579,0,0,0,0,0,0,0,0,0,0,0,0
1.3575,1.1292,0.78612,0,0,0,0,0,0,0,0,0,0,0,0
1.3532,1.0883,0.88215,0,0,0,0,0,0,0,0,0,0,0,0
1.1591,0.8886,0.89671,0,0,0,0,0,0,0,0,0,0,0,0
1.2453,0.89883,0.87053,0,0,0,0,0,0,0,0,0,0,0,0
2.5476,1.884,1.8189,0,0,0,0,0,0,0,0,0,0,0,0
1.314,0.93283,0.79669,0,0,0,0,0,0,0,0,0,0,0,0
1.1768,1.0215,0.83287,0,0,0,0,0,0,0,0,0,0,0,0
1.2075,0.89759,0.75209,0,0,0,0,0,0,0,0,0,0,0,0
1.2609,0.95969,0.84493,0,0,0,0,0,0,0,0,0,0,0,0
1.3814,0.93349,0.9093,0,0,0,0,0,0,0,0,0,0,0,0
2.5266,1.8969,1.9516,0,0,0,0,0,0,0,0,0,0,0,0
1.0727,1.1415,0.81742,0,0,0,0,0,0,0,0,0,0,0,0
1.1176,0.95817,0.8517,0,0,0,0,0,0,0,0,0,0,0,0
1.0742,0.85315,0.81284,0,0,0,0,0,0,0,0,0,0,0,0
0.99578,0.7872,0.82909,0,0,0,0,0,0,0,0,0,0,0,0
1.2214,0.88928,0.8869,0,0,0,0,0,0,0,0,0,0,0,0
2.5687,1.9874,1.9619,0,0,0,0,0,0,0,0,0,0,0,0
1.0715,0.81779,0.86861,0,0,0,0,0,0,0,0,0,0,0,0
1.1347,0.92296,0.90569,0,0,0,0,0,0,0,0,0,0,0,0
