8.8494
0.11866
0.048709
0.03868
0.044797
0.061426
0.034861
0.032726
0.031996
0.032512
0.032372
0.031996
0.032674
0.030676
0.032622
0.030966
0.032093
0.031164
0.030736
0.030948
0.032048
0.031993
0.033363
0.033057
0.031919
0.032077
0.03153
0.031953
0.033237
0.031959
0.031898
0.032805
0.031013
0.030961
0.031894
0.031151
0.031193
0.032119
0.031176
0.031941
0.031899
0.032112
0.032385
0.031927
0.031278
0.031634
0.031611
0.031292
0.031206
0.032454
0.03114
0.032026
0.032407
0.032276
0.03274
0.032954
0.031297
0.031008
0.031581
0.031416
0.032641
0.032028
0.030965
0.032717
0.03203
0.031667
0.032425
0.031545
0.031209
0.031908
0.031631
0.031716
0.032842
0.031434
0.032109
0.032218
0.032145
0.032475
0.0324
0.031374
0.03189
0.031498
0.03203
0.031958
0.031702
0.0321
0.032158
0.031193
0.031579
0.03121
0.03116
0.032088
0.034811
0.032704
0.031883
0.032651
0.031157
0.031735
0.031518
0.032216
0.031425
0.03337
0.031963
0.032116
0.03268
0.032387
0.03339
0.033319
0.032449
0.032155
0.032819
0.031224
0.031101
0.032764
0.032238
0.032181
0.032058
0.032117
0.031739
0.031305
0.031004
0.032243
0.031282
0.031402
0.031207
0.031904
0.031974
0.03206
0.032042
0.032291
0.031369
0.032155
0.031301
0.032835
0.032315
0.031993
0.03128
0.032202
0.031474
0.031781
0.032298
0.03254
0.031921
0.030873
0.032134
0.033411
0.032123
0.032406
0.033358
0.032419
0.03194
0.03258
0.031335
0.031124
0.032727
0.031748
0.032029
0.031528
0.031514
0.031343
0.032359
0.032026
0.03156
0.033548
0.032505
0.031992
0.032715
0.032633
0.032128
0.032389
0.031061
0.031795
0.032037
0.031164
0.031294
0.032488
0.031586
0.031884
0.032226
0.032289
0.032276
0.033146
0.032332
0.032644
0.033383
0.032698
0.032911
0.033214
0.031796
0.033234
0.033267
0.031793
0.032736
0.033034
0.031212
0.032964
0.033248
0.031999
0.03314
0.032813
0.031309
0.03281
0.031773
0.031233
0.031775
0.031822
0.032123
0.031077
0.032008
0.03231
0.033255
0.032604
0.032345
0.03203
0.032453
0.032399
0.032415
0.03307
0.035991
0.034796
0.033245
0.034147
0.041636
0.035561
0.033623
0.041207
0.034356
0.034779
0.041377
0.034619
0.034727
0.034894
0.034722
0.033195
0.032677
0.033273
0.035789
0.035259
0.033339
0.033782
0.034358
0.033301
0.033689
0.034361
0.033046
0.033563
0.039615
0.034233
0.033614
0.033849
0.035464
0.03657
0.037212
0.034294
0.034659
0.033853
0.033677
0.03421
0.032483
0.032617
0.033603
0.031803
0.032696
0.034594
0.032258
0.032986
0.033023
0.031938
0.03261
0.033717
0.032372
0.032509
0.032646
0.032497
0.03352
0.032944
0.032135
0.032595
0.033894
0.031288
0.033023
0.032876
0.031862
0.033815
0.034248
0.034326
0.035165
0.034928
0.033893
0.034599
0.036818
0.034449
0.033144
0.033609
0.033669
0.033703
0.033815
0.033762
0.033186
0.034138
0.033579
0.034128
0.03603
0.035756
0.033265
0.034678
0.034153
0.033685
0.032883
0.033471
0.032845
0.03149
0.031281
0.032268
0.033047
0.032793
0.033584
0.032627
0.033732
0.032454
0.032521
0.032969
0.032818
0.033255
0.0349
