1
278.0000,127.0000,82.0000,66.0000
278.0000,127.5000,84.0000,67.0000
279.0000,130.0000,82.0000,66.0000
279.0000,130.5000,84.0000,67.0000
281.0000,133.0000,82.0000,66.0000
285.0000,135.0000,82.0000,66.0000
288.0000,138.0000,80.0000,64.0000
291.0000,138.0000,82.0000,66.0000
293.5000,138.5000,83.0000,67.0000
295.0000,139.5000,86.0000,69.0000
297.0000,139.5000,84.0000,67.0000
300.0000,139.5000,86.0000,69.0000
303.0000,139.5000,86.0000,69.0000
305.5000,140.0000,87.0000,70.0000
310.5000,141.0000,87.0000,70.0000
315.5000,143.0000,87.0000,70.0000
322.0000,146.5000,86.0000,69.0000
326.5000,148.5000,83.0000,67.0000
330.0000,150.0000,82.0000,66.0000
332.0000,150.0000,82.0000,66.0000
335.0000,150.5000,84.0000,67.0000
338.5000,150.0000,87.0000,70.0000
343.5000,150.0000,89.0000,72.0000
346.0000,150.0000,92.0000,74.0000
346.5000,149.0000,95.0000,76.0000
349.5000,150.0000,95.0000,76.0000
351.0000,150.5000,94.0000,75.0000
352.5000,151.5000,91.0000,73.0000
356.5000,151.0000,89.0000,72.0000
357.5000,151.0000,87.0000,70.0000
359.0000,151.5000,84.0000,67.0000
360.5000,152.5000,81.0000,65.0000
362.5000,151.0000,79.0000,64.0000
363.5000,152.0000,77.0000,62.0000
365.0000,151.0000,78.0000,62.0000
365.0000,150.0000,78.0000,62.0000
365.5000,149.0000,79.0000,64.0000
365.0000,147.0000,82.0000,66.0000
365.0000,148.5000,84.0000,67.0000
364.5000,150.0000,87.0000,70.0000
367.0000,151.5000,86.0000,69.0000
368.0000,151.5000,86.0000,69.0000
369.5000,153.0000,85.0000,68.0000
368.5000,155.0000,87.0000,70.0000
371.5000,158.0000,85.0000,68.0000
373.5000,158.5000,83.0000,67.0000
373.5000,160.0000,85.0000,68.0000
372.5000,161.0000,87.0000,70.0000
374.5000,163.0000,85.0000,68.0000
375.5000,164.0000,85.0000,68.0000
378.5000,164.5000,83.0000,67.0000
378.0000,165.5000,86.0000,69.0000
380.0000,167.5000,84.0000,67.0000
381.0000,167.5000,84.0000,67.0000
380.0000,166.5000,86.0000,69.0000
380.0000,165.5000,86.0000,69.0000
379.5000,164.0000,87.0000,70.0000
379.5000,164.0000,85.0000,68.0000
380.5000,163.5000,83.0000,67.0000
378.0000,162.5000,84.0000,67.0000
377.0000,159.5000,84.0000,67.0000
376.0000,158.0000,82.0000,66.0000
373.0000,156.5000,84.0000,67.0000
372.0000,156.0000,82.0000,66.0000
370.0000,155.0000,80.0000,64.0000
368.0000,153.0000,80.0000,64.0000
370.0000,153.0000,82.0000,66.0000
371.0000,155.0000,80.0000,64.0000
372.0000,158.0000,78.0000,62.0000
374.5000,159.0000,75.0000,60.0000
376.0000,161.5000,74.0000,59.0000
376.0000,163.5000,72.0000,57.0000
376.5000,165.0000,69.0000,56.0000
375.0000,168.0000,70.0000,56.0000
369.0000,168.5000,68.0000,55.0000
363.0000,167.5000,66.0000,53.0000
361.0000,164.5000,66.0000,53.0000
362.0000,165.5000,68.0000,55.0000
362.0000,168.0000,70.0000,56.0000
361.0000,168.5000,68.0000,55.0000
354.0000,165.0000,70.0000,56.0000
352.0000,165.5000,72.0000,57.0000
353.0000,168.0000,70.0000,56.0000
349.0000,165.0000,70.0000,56.0000
347.5000,167.0000,69.0000,56.0000
346.5000,169.0000,69.0000,56.0000
345.5000,171.0000,69.0000,56.0000
2
0
0
0
0
1
340.0000,123.0000,24.0000,44.0000
339.0000,124.0000,24.0000,44.0000
338.0000,126.0000,24.0000,44.0000
337.0000,127.0000,24.0000,44.0000
337.0000,128.0000,24.0000,44.0000
337.0000,126.0000,24.0000,44.0000
335.0000,127.0000,24.0000,44.0000
335.5000,128.5000,23.0000,43.0000
335.5000,129.0000,23.0000,42.0000
335.0000,129.5000,22.0000,41.0000
334.5000,131.0000,21.0000,40.0000
333.5000,132.0000,21.0000,40.0000
333.5000,132.0000,21.0000,40.0000
333.5000,133.0000,21.0000,40.0000
332.5000,133.5000,21.0000,39.0000
332.0000,134.0000,22.0000,40.0000
331.0000,134.0000,22.0000,40.0000
330.5000,134.5000,21.0000,39.0000
329.5000,135.5000,21.0000,39.0000
330.5000,138.5000,21.0000,39.0000
330.5000,137.5000,21.0000,39.0000
331.0000,136.0000,22.0000,40.0000
331.0000,135.5000,22.0000,41.0000
332.5000,135.0000,23.0000,42.0000
331.5000,132.5000,23.0000,43.0000
331.0000,133.0000,24.0000,44.0000
331.0000,133.0000,24.0000,44.0000
331.0000,134.5000,24.0000,45.0000
330.5000,137.0000,25.0000,46.0000
331.0000,136.5000,24.0000,45.0000
330.5000,136.0000,25.0000,46.0000
330.5000,136.5000,25.0000,47.0000
327.5000,139.0000,25.0000,46.0000
325.5000,139.5000,25.0000,47.0000
325.0000,139.5000,24.0000,45.0000
322.0000,141.0000,24.0000,44.0000
321.5000,141.5000,23.0000,43.0000
321.0000,142.5000,22.0000,41.0000
329.5000,139.5000,23.0000,43.0000
330.5000,138.5000,23.0000,43.0000
330.0000,139.0000,24.0000,44.0000
330.0000,139.5000,24.0000,45.0000
330.5000,139.0000,25.0000,46.0000
332.5000,138.0000,25.0000,46.0000
331.0000,137.0000,26.0000,48.0000
330.0000,134.5000,26.0000,49.0000
329.5000,134.0000,27.0000,50.0000
328.0000,132.5000,28.0000,51.0000
326.0000,133.0000,28.0000,52.0000
326.0000,133.0000,28.0000,52.0000
324.0000,133.0000,28.0000,52.0000
323.0000,132.0000,28.0000,52.0000
322.0000,132.0000,28.0000,52.0000
326.0000,132.0000,28.0000,52.0000
324.0000,133.0000,28.0000,52.0000
321.5000,133.0000,29.0000,54.0000
321.0000,133.5000,30.0000,55.0000
321.0000,133.5000,30.0000,55.0000
322.5000,132.5000,31.0000,57.0000
321.0000,134.5000,30.0000,55.0000
324.5000,135.0000,29.0000,54.0000
325.0000,134.5000,30.0000,55.0000
325.0000,136.5000,30.0000,55.0000
325.5000,138.0000,29.0000,54.0000
323.5000,139.0000,29.0000,54.0000
323.0000,138.5000,30.0000,55.0000
323.0000,138.5000,30.0000,55.0000
321.0000,138.5000,30.0000,55.0000
322.5000,137.5000,31.0000,57.0000
324.5000,137.0000,31.0000,58.0000
326.0000,136.0000,32.0000,58.0000
324.5000,136.0000,31.0000,56.0000
323.0000,134.0000,30.0000,56.0000
327.5000,135.0000,29.0000,54.0000
330.0000,134.5000,28.0000,53.0000
333.5000,133.5000,29.0000,53.0000
352.0000,128.5000,30.0000,55.0000
351.5000,128.5000,29.0000,53.0000
352.5000,129.0000,29.0000,54.0000
356.0000,126.5000,28.0000,53.0000
356.0000,126.5000,28.0000,53.0000
355.5000,126.5000,29.0000,53.0000
354.5000,127.0000,29.0000,54.0000
352.5000,128.5000,29.0000,53.0000
351.5000,128.5000,29.0000,53.0000
347.0000,142.0000,28.0000,52.0000
2
0
0
0
0
1
382.0000,109.0000,54.0000,34.0000
382.0000,107.5000,56.0000,35.0000
383.5000,106.0000,57.0000,36.0000
388.5000,103.5000,59.0000,37.0000
391.5000,100.5000,59.0000,37.0000
392.0000,99.5000,60.0000,37.0000
393.0000,97.5000,62.0000,39.0000
395.5000,97.0000,61.0000,38.0000
399.5000,95.5000,63.0000,39.0000
404.5000,94.0000,61.0000,38.0000
407.5000,93.0000,61.0000,38.0000
410.5000,92.5000,63.0000,39.0000
410.5000,91.5000,63.0000,39.0000
407.5000,93.0000,65.0000,40.0000
406.0000,93.5000,66.0000,41.0000
406.0000,96.0000,68.0000,42.0000
407.5000,98.0000,67.0000,42.0000
405.0000,101.5000,66.0000,41.0000
401.5000,103.0000,67.0000,42.0000
400.5000,104.5000,65.0000,41.0000
401.0000,106.0000,64.0000,40.0000
399.5000,105.0000,65.0000,40.0000
399.0000,105.5000,66.0000,41.0000
398.5000,105.0000,67.0000,42.0000
396.5000,104.5000,69.0000,43.0000
398.0000,105.0000,70.0000,44.0000
397.0000,105.5000,72.0000,45.0000
397.0000,107.0000,74.0000,46.0000
400.5000,109.5000,75.0000,47.0000
401.5000,110.5000,73.0000,45.0000
402.0000,111.5000,72.0000,45.0000
403.0000,112.5000,72.0000,45.0000
401.0000,115.0000,74.0000,46.0000
402.0000,116.0000,74.0000,46.0000
405.0000,117.0000,74.0000,46.0000
407.0000,118.5000,72.0000,45.0000
407.5000,120.0000,71.0000,44.0000
409.0000,120.5000,72.0000,45.0000
410.0000,121.5000,72.0000,45.0000
414.0000,123.5000,72.0000,45.0000
419.0000,124.0000,70.0000,44.0000
420.5000,123.5000,69.0000,43.0000
421.5000,124.5000,69.0000,43.0000
423.0000,125.0000,68.0000,42.0000
424.5000,124.5000,69.0000,43.0000
426.0000,124.0000,70.0000,44.0000
426.0000,123.0000,70.0000,44.0000
427.0000,124.0000,68.0000,42.0000
428.0000,123.5000,66.0000,41.0000
428.0000,123.5000,66.0000,41.0000
428.0000,123.5000,66.0000,41.0000
427.5000,125.0000,67.0000,42.0000
426.0000,127.0000,68.0000,42.0000
429.0000,131.0000,68.0000,42.0000
428.5000,131.5000,69.0000,43.0000
427.5000,134.0000,71.0000,44.0000
427.5000,134.0000,71.0000,44.0000
418.5000,137.0000,73.0000,46.0000
417.0000,138.5000,76.0000,47.0000
414.5000,142.0000,77.0000,48.0000
413.0000,145.0000,80.0000,50.0000
411.0000,147.5000,78.0000,49.0000
410.5000,150.0000,77.0000,48.0000
408.5000,152.0000,77.0000,48.0000
406.0000,152.5000,78.0000,49.0000
406.0000,153.0000,80.0000,50.0000
405.5000,153.5000,79.0000,49.0000
402.5000,155.5000,79.0000,49.0000
401.0000,155.0000,80.0000,50.0000
400.0000,156.0000,80.0000,50.0000
402.5000,194.5000,81.0000,51.0000
403.0000,194.0000,80.0000,50.0000
398.0000,190.0000,80.0000,50.0000
393.0000,186.0000,80.0000,50.0000
391.0000,184.5000,78.0000,49.0000
388.0000,181.5000,76.0000,47.0000
388.5000,180.0000,73.0000,46.0000
388.5000,180.0000,71.0000,44.0000
386.0000,178.0000,70.0000,44.0000
383.5000,176.5000,69.0000,43.0000
382.5000,176.0000,67.0000,42.0000
380.0000,174.5000,66.0000,41.0000
377.5000,173.0000,67.0000,42.0000
374.5000,171.0000,67.0000,42.0000
371.5000,170.0000,67.0000,42.0000
367.0000,169.0000,68.0000,42.0000
365.0000,168.0000,70.0000,44.0000
363.5000,167.0000,71.0000,44.0000
360.5000,164.5000,69.0000,43.0000
357.5000,165.5000,69.0000,43.0000
356.5000,163.5000,69.0000,43.0000
353.5000,164.0000,71.0000,44.0000
351.5000,162.0000,73.0000,46.0000
345.0000,165.0000,74.0000,46.0000
342.0000,164.5000,72.0000,45.0000
2
0
0
0
0
1
403.5000,175.5000,45.0000,61.0000
403.5000,176.5000,45.0000,61.0000
402.0000,176.0000,46.0000,62.0000
402.0000,176.5000,46.0000,63.0000
399.5000,175.0000,47.0000,64.0000
398.5000,176.0000,47.0000,64.0000
398.0000,175.0000,48.0000,66.0000
399.0000,173.0000,50.0000,68.0000
398.5000,174.0000,49.0000,66.0000
400.5000,175.0000,47.0000,64.0000
400.0000,174.5000,48.0000,65.0000
399.5000,173.5000,49.0000,67.0000
400.0000,174.5000,48.0000,65.0000
402.0000,174.5000,46.0000,63.0000
404.0000,173.5000,46.0000,63.0000
406.0000,172.5000,46.0000,63.0000
407.0000,171.5000,46.0000,63.0000
408.0000,170.0000,46.0000,62.0000
407.0000,168.5000,46.0000,63.0000
408.0000,166.5000,46.0000,63.0000
406.5000,164.0000,47.0000,64.0000
408.0000,165.0000,46.0000,62.0000
407.5000,162.0000,47.0000,64.0000
