1
20.1580,609.5800,110.8000,596.0500,117.6600,642.0500,27.0220,655.5800
48.0000,600.0000,133.0000,600.0000,133.0000,652.0000,48.0000,652.0000
48.0000,600.0000,133.0000,600.0000,133.0000,652.0000,48.0000,652.0000
48.0000,600.0000,133.0000,600.0000,133.0000,652.0000,48.0000,652.0000
48.0000,600.0000,133.0000,600.0000,133.0000,652.0000,48.0000,652.0000
0
0
0
0
0
0
0
0
0
0
0
0
0
0
0
0
0
0
0
0
0
0
0
0
2
0
0
0
0
1
772.3300,385.1400,818.3900,440.7400,768.2700,482.2700,722.2000,426.6700
716.0000,391.0000,782.0000,391.0000,782.0000,458.0000,716.0000,458.0000
716.0000,391.0000,782.0000,391.0000,782.0000,458.0000,716.0000,458.0000
716.0000,391.0000,782.0000,391.0000,782.0000,458.0000,716.0000,458.0000
716.0000,391.0000,782.0000,391.0000,782.0000,458.0000,716.0000,458.0000
716.0000,391.0000,782.0000,391.0000,782.0000,458.0000,716.0000,458.0000
716.0000,391.0000,782.0000,391.0000,782.0000,458.0000,716.0000,458.0000
716.0000,391.0000,782.0000,391.0000,782.0000,458.0000,716.0000,458.0000
716.0000,391.0000,782.0000,391.0000,782.0000,458.0000,716.0000,458.0000
716.0000,391.0000,782.0000,391.0000,782.0000,458.0000,716.0000,458.0000
716.0000,391.0000,782.0000,391.0000,782.0000,458.0000,716.0000,458.0000
716.0000,391.0000,782.0000,391.0000,782.0000,458.0000,716.0000,458.0000
716.0000,391.0000,782.0000,391.0000,782.0000,458.0000,716.0000,458.0000
716.0000,391.0000,782.0000,391.0000,782.0000,458.0000,716.0000,458.0000
716.0000,391.0000,782.0000,391.0000,782.0000,458.0000,716.0000,458.0000
716.0000,391.0000,782.0000,391.0000,782.0000,458.0000,716.0000,458.0000
716.0000,391.0000,782.0000,391.0000,782.0000,458.0000,716.0000,458.0000
716.0000,391.0000,782.0000,391.0000,782.0000,458.0000,716.0000,458.0000
716.0000,391.0000,782.0000,391.0000,782.0000,458.0000,716.0000,458.0000
716.0000,391.0000,782.0000,391.0000,782.0000,458.0000,716.0000,458.0000
716.0000,391.0000,782.0000,391.0000,782.0000,458.0000,716.0000,458.0000
716.0000,391.0000,782.0000,391.0000,782.0000,458.0000,716.0000,458.0000
716.0000,391.0000,782.0000,391.0000,782.0000,458.0000,716.0000,458.0000
716.0000,391.0000,782.0000,391.0000,782.0000,458.0000,716.0000,458.0000
716.0000,391.0000,782.0000,391.0000,782.0000,458.0000,716.0000,458.0000
716.0000,391.0000,782.0000,391.0000,782.0000,458.0000,716.0000,458.0000
716.0000,391.0000,782.0000,391.0000,782.0000,458.0000,716.0000,458.0000
716.0000,391.0000,782.0000,391.0000,782.0000,458.0000,716.0000,458.0000
716.0000,391.0000,782.0000,391.0000,782.0000,458.0000,716.0000,458.0000
716.0000,391.0000,782.0000,391.0000,782.0000,458.0000,716.0000,458.0000
716.0000,391.0000,782.0000,391.0000,782.0000,458.0000,716.0000,458.0000
701.0000,385.0000,767.0000,385.0000,767.0000,452.0000,701.0000,452.0000
701.0000,385.0000,767.0000,385.0000,767.0000,452.0000,701.0000,452.0000
701.0000,385.0000,767.0000,385.0000,767.0000,452.0000,701.0000,452.0000
701.0000,385.0000,767.0000,385.0000,767.0000,452.0000,701.0000,452.0000
701.0000,385.0000,767.0000,385.0000,767.0000,452.0000,701.0000,452.0000
701.0000,385.0000,767.0000,385.0000,767.0000,452.0000,701.0000,452.0000
701.0000,385.0000,767.0000,385.0000,767.0000,452.0000,701.0000,452.0000
701.0000,385.0000,767.0000,385.0000,767.0000,452.0000,701.0000,452.0000
701.0000,385.0000,767.0000,385.0000,767.0000,452.0000,701.0000,452.0000
701.0000,385.0000,767.0000,385.0000,767.0000,452.0000,701.0000,452.0000
2
0
0
0
0
0
0
0
0
0
0
0
0
0
0
0
0
0
728.0000,380.0000,793.0000,380.0000,793.0000,446.0000,728.0000,446.0000
0
0
0
0
1
898.9200,321.4100,922.2600,364.9800,828.5200,415.2100,805.1700,371.6500
842.0000,328.0000,925.0000,328.0000,925.0000,395.0000,842.0000,395.0000
842.0000,328.0000,925.0000,328.0000,925.0000,395.0000,842.0000,395.0000
842.0000,328.0000,925.0000,328.0000,925.0000,395.0000,842.0000,395.0000
842.0000,328.0000,925.0000,328.0000,925.0000,395.0000,842.0000,395.0000
842.0000,328.0000,925.0000,328.0000,925.0000,395.0000,842.0000,395.0000
0
0
0
0
0
0
0
0
0
0
0
0
0
0
0
0
0
0
0
0
0
0
0
0
0
0
2
0
0
0
0
1
806.5700,125.5100,878.3700,126.0200,878.2000,150.5900,806.3900,150.0800
807.0000,125.0000,878.0000,125.0000,878.0000,150.0000,807.0000,150.0000
807.0000,125.0000,878.0000,125.0000,878.0000,150.0000,807.0000,150.0000
807.0000,125.0000,878.0000,125.0000,878.0000,150.0000,807.0000,150.0000
2
0
0
0
0
0
0
0
0
0
0
0
0
0
0
0
0
