5.3863
2.7454
3.4427
4.2153
4.2098
4.9621
5.6067
6.5999
7.0532
8.1145
7.8469
9.5597
7.2565
7.2406
7.2585
5.7652
5.6387
7.2724
7.1092
8.0095
7.2477
8.0298
7.8698
8.795
8.8358
9.6276
7.9587
8.949
7.2891
8.1424
7.1372
8.9576
9.4396
8.0353
9.4806
7.2963
8.9216
8.9756
8.0154
9.1359
8.7562
8.8963
8.8844
9.6144
8.0587
9.5447
8.1175
9.1354
8.2229
9.1506
10.338
9.7959
8.7625
9.5824
8.8495
10.4
9.6514
8.8326
9.765
10.62
10.189
9.8065
8.1232
9.8622
10.49
9.7141
8.7599
9.7103
8.8875
8.9331
8.9957
10.445
10.452
8.0498
8.215
8.8295
8.7322
7.3169
8.0538
10.532
9.5507
8.8371
8.9014
9.5994
7.9428
8.9327
8.6966
7.6232
7.8925
8.6123
9.3797
9.7595
8.671
8.1749
7.8286
9.5166
9.5076
9.4909
8.6244
8.7508
8.6072
8.0775
8.5344
8.8388
7.8003
9.413
8.5721
7.8419
7.7766
9.4894
9.3907
9.6765
9.4625
9.4142
8.6507
8.805
7.8915
10.294
9.375
8.7731
8.4929
8.5704
7.8612
9.256
9.429
7.9277
8.5658
10.228
9.3382
9.474
8.5556
8.5576
7.8102
8.7304
10.032
10.141
10.039
9.5972
9.2516
9.4687
9.4795
7.8556
8.5099
7.207
7.0431
8.6983
9.3542
6.4248
8.5069
7.9874
9.2051
8.7753
8.5996
9.6332
10.1
9.7366
8.6982
9.4672
9.3223
10.264
10.133
9.6567
10.125
10.219
9.9194
9.5506
8.5674
7.8855
8.7324
9.4548
8.6064
10.245
9.3929
8.8625
9.3651
8.7854
8.0056
7.8809
7.0452
8.1091
9.3871
8.8993
9.3693
9.5179
10.096
10.267
10.275
9.6743
9.9103
9.2843
8.4788
9.3386
8.4924
9.4083
10.246
8.6402
8.8074
7.8806
10.166
9.4041
9.8936
9.9901
9.1574
10.16
9.2781
10.015
7.7028
10.09
8.4489
9.3132
9.2131
9.3512
10.009
9.2656
8.3768
9.2205
9.6989
9.09
9.1998
8.4004
9.1152
9.9449
8.3508
9.2123
8.9613
9.1729
9.1582
9.9169
7.5813
9.1676
9.0023
8.4316
9.8572
9.1362
9.7603
8.4429
9.7981
9.904
8.3636
8.378
8.3349
9.8825
8.419
9.9186
9.0574
9.9388
9.7369
9.2645
8.3317
9.3169
9.765
9.2408
9.8573
9.8618
9.0673
9.1434
9.6801
8.4171
8.3776
8.3824
9.7647
9.3346
7.5858
9.1516
9.0526
9.2891
7.7687
9.9988
9.103
9.997
9.7771
8.4625
9.0447
9.9004
9.2663
10.023
9.7606
9.8442
9.7537
9.1468
8.2514
9.3923
6.8489
7.0784
9.1917
8.6988
8.2929
9.2636
9.1383
8.6082
8.2404
9.9381
8.4307
9.1854
9.0176
9.291
8.2999
9.3251
8.5461
9.9081
9.9367
9.8394
9.7678
9.9793
9.8196
9.9278
9.8634
9.2376
8.3167
9.1642
9.723
9.1633
9.0718
8.5739
9.9035
9.8982
9.1356
9.1814
8.3211
8.6155
7.6821
9.2931
7.5878
9.2311
6.8006
9.9687
8.3916
7.7694
8.414
7.7959
9.8845
9.9401
9.9442
9.1979
8.2357
9.2303
8.4466
10.003
9.8133
9.166
9.2356
9.3322
9.9932
9.9691
9.0569
9.9438
9.7848
9.8625
8.4527
9.808
9.0785
9.5163
10.132
9.4394
10.077
10.194
10.393
10.335
10.265
10.405
9.2111
6.9775
10.251
9.7603
10.479
9.472
