0.000108,0.000118,0.000118,0,0,0,0,0,0,0,0,0,0,0,0
0.049981,0.050122,0.049203,0,0,0,0,0,0,0,0,0,0,0,0
0.030442,0.032895,0.031294,0,0,0,0,0,0,0,0,0,0,0,0
0.026985,0.028102,0.026663,0,0,0,0,0,0,0,0,0,0,0,0
0.024219,0.024963,0.023855,0,0,0,0,0,0,0,0,0,0,0,0
0.022327,0.022688,0.023301,0,0,0,0,0,0,0,0,0,0,0,0
0.02163,0.021658,0.022438,0,0,0,0,0,0,0,0,0,0,0,0
0.021418,0.021585,0.022039,0,0,0,0,0,0,0,0,0,0,0,0
0.021473,0.021164,0.021993,0,0,0,0,0,0,0,0,0,0,0,0
0.021445,0.021118,0.021819,0,0,0,0,0,0,0,0,0,0,0,0
0.021653,0.021299,0.021776,0,0,0,0,0,0,0,0,0,0,0,0
0.021654,0.021071,0.021589,0,0,0,0,0,0,0,0,0,0,0,0
0.02178,0.021594,0.021637,0,0,0,0,0,0,0,0,0,0,0,0
0.021903,0.021236,0.021875,0,0,0,0,0,0,0,0,0,0,0,0
0.021283,0.021663,0.021781,0,0,0,0,0,0,0,0,0,0,0,0
0.021303,0.021623,0.021672,0,0,0,0,0,0,0,0,0,0,0,0
0.021333,0.021469,0.021042,0,0,0,0,0,0,0,0,0,0,0,0
0.021415,0.021569,0.021658,0,0,0,0,0,0,0,0,0,0,0,0
0.021333,0.021499,0.021707,0,0,0,0,0,0,0,0,0,0,0,0
0.021783,0.021578,0.021389,0,0,0,0,0,0,0,0,0,0,0,0
0.021693,0.021611,0.021212,0,0,0,0,0,0,0,0,0,0,0,0
0.02142,0.021483,0.021512,0,0,0,0,0,0,0,0,0,0,0,0
0.021331,0.021261,0.021492,0,0,0,0,0,0,0,0,0,0,0,0
0.021604,0.020895,0.021417,0,0,0,0,0,0,0,0,0,0,0,0
0.021653,0.021358,0.021393,0,0,0,0,0,0,0,0,0,0,0,0
0.021566,0.021191,0.021526,0,0,0,0,0,0,0,0,0,0,0,0
0.021624,0.021185,0.021442,0,0,0,0,0,0,0,0,0,0,0,0
0.02162,0.021401,0.021222,0,0,0,0,0,0,0,0,0,0,0,0
0.021664,0.021358,0.021649,0,0,0,0,0,0,0,0,0,0,0,0
0.021557,0.020979,0.021616,0,0,0,0,0,0,0,0,0,0,0,0
0.021161,0.021448,0.021135,0,0,0,0,0,0,0,0,0,0,0,0
0.021698,0.021499,0.021153,0,0,0,0,0,0,0,0,0,0,0,0
0.021519,0.021108,0.021361,0,0,0,0,0,0,0,0,0,0,0,0
0.021016,0.020741,0.021325,0,0,0,0,0,0,0,0,0,0,0,0
0.021315,0.021197,0.021225,0,0,0,0,0,0,0,0,0,0,0,0
0.020912,0.021193,0.021249,0,0,0,0,0,0,0,0,0,0,0,0
0.02091,0.021143,0.021321,0,0,0,0,0,0,0,0,0,0,0,0
0.020754,0.021333,0.021397,0,0,0,0,0,0,0,0,0,0,0,0
0.021123,0.021014,0.02094,0,0,0,0,0,0,0,0,0,0,0,0
0.021462,0.021152,0.02081,0,0,0,0,0,0,0,0,0,0,0,0
0.021383,0.020581,0.021364,0,0,0,0,0,0,0,0,0,0,0,0
0.021516,0.0209,0.020839,0,0,0,0,0,0,0,0,0,0,0,0
0.021389,0.021312,0.021038,0,0,0,0,0,0,0,0,0,0,0,0
0.021414,0.021177,0.021307,0,0,0,0,0,0,0,0,0,0,0,0
0.021829,0.02208,0.022254,0,0,0,0,0,0,0,0,0,0,0,0
0.021618,0.021523,0.021247,0,0,0,0,0,0,0,0,0,0,0,0
0.021251,0.021077,0.021117,0,0,0,0,0,0,0,0,0,0,0,0
0.020863,0.021125,0.02123,0,0,0,0,0,0,0,0,0,0,0,0
0.021387,0.0214,0.02089,0,0,0,0,0,0,0,0,0,0,0,0
0.021222,0.021292,0.02126,0,0,0,0,0,0,0,0,0,0,0,0
0.021234,0.021341,0.021325,0,0,0,0,0,0,0,0,0,0,0,0
0.021208,0.021126,0.020868,0,0,0,0,0,0,0,0,0,0,0,0
0.021172,0.020815,0.021288,0,0,0,0,0,0,0,0,0,0,0,0
0.02137,0.020876,0.02097,0,0,0,0,0,0,0,0,0,0,0,0
0.021325,0.021397,0.021282,0,0,0,0,0,0,0,0,0,0,0,0
0.021396,0.02084,0.020824,0,0,0,0,0,0,0,0,0,0,0,0
0.021319,0.020936,0.021162,0,0,0,0,0,0,0,0,0,0,0,0
0.021194,0.020849,0.021445,0,0,0,0,0,0,0,0,0,0,0,0
0.021248,0.020951,0.021322,0,0,0,0,0,0,0,0,0,0,0,0
0.020848,0.021317,0.021514,0,0,0,0,0,0,0,0,0,0,0,0
0.021212,0.021191,0.020984,0,0,0,0,0,0,0,0,0,0,0,0
0.021297,0.021394,0.021337,0,0,0,0,0,0,0,0,0,0,0,0
0.021372,0.021336,0.021375,0,0,0,0,0,0,0,0,0,0,0,0
0.019982,0.021103,0.021236,0,0,0,0,0,0,0,0,0,0,0,0
0.018777,0.021136,0.021297,0,0,0,0,0,0,0,0,0,0,0,0
0.018648,0.021234,0.021091,0,0,0,0,0,0,0,0,0,0,0,0
0.017956,0.021023,0.02085,0,0,0,0,0,0,0,0,0,0,0,0
0.017894,0.021072,0.021014,0,0,0,0,0,0,0,0,0,0,0,0
0.017898,0.021049,0.020877,0,0,0,0,0,0,0,0,0,0,0,0
0.017204,0.021201,0.021165,0,0,0,0,0,0,0,0,0,0,0,0
0.017613,0.021208,0.021131,0,0,0,0,0,0,0,0,0,0,0,0
0.0175,0.020991,0.020857,0,0,0,0,0,0,0,0,0,0,0,0
0.017568,0.020598,0.021087,0,0,0,0,0,0,0,0,0,0,0,0
0.017507,0.020495,0.021028,0,0,0,0,0,0,0,0,0,0,0,0
0.017276,0.020132,0.020774,0,0,0,0,0,0,0,0,0,0,0,0
0.017102,0.019988,0.020572,0,0,0,0,0,0,0,0,0,0,0,0
0.016783,0.020133,0.020105,0,0,0,0,0,0,0,0,0,0,0,0
0.016762,0.019656,0.020098,0,0,0,0,0,0,0,0,0,0,0,0
0.016526,0.019711,0.019812,0,0,0,0,0,0,0,0,0,0,0,0
0.01614,0.019616,0.019405,0,0,0,0,0,0,0,0,0,0,0,0
0.015086,0.018231,0.01768,0,0,0,0,0,0,0,0,0,0,0,0
0.014417,0.017244,0.016566,0,0,0,0,0,0,0,0,0,0,0,0
0.014632,0.017139,0.016426,0,0,0,0,0,0,0,0,0,0,0,0
0.013048,0.015691,0.015267,0,0,0,0,0,0,0,0,0,0,0,0
0.011983,0.014347,0.013977,0,0,0,0,0,0,0,0,0,0,0,0
0.011234,0.013403,0.012403,0,0,0,0,0,0,0,0,0,0,0,0
0.009084,0.010398,0.00959,0,0,0,0,0,0,0,0,0,0,0,0
0.007861,0.008897,0.008201,0,0,0,0,0,0,0,0,0,0,0,0
0.007927,0.008857,0.007733,0,0,0,0,0,0,0,0,0,0,0,0
0.005787,0.006275,0.005453,0,0,0,0,0,0,0,0,0,0,0,0
0.005539,0.005539,0.005276,0,0,0,0,0,0,0,0,0,0,0,0
0.006494,0.007474,0.007211,0,0,0,0,0,0,0,0,0,0,0,0
0.006067,0.006692,0.00575,0,0,0,0,0,0,0,0,0,0,0,0
0.005543,0.005838,0.005284,0,0,0,0,0,0,0,0,0,0,0,0
0.005307,0.00575,0.005053,0,0,0,0,0,0,0,0,0,0,0,0
0.005131,0.005578,0.004812,0,0,0,0,0,0,0,0,0,0,0,0
0.017841,0.021265,0.019202,0,0,0,0,0,0,0,0,0,0,0,0
0.01561,0.018249,0.016246,0,0,0,0,0,0,0,0,0,0,0,0
0.01023,0.01207,0.010597,0,0,0,0,0,0,0,0,0,0,0,0
0.008514,0.010241,0.008773,0,0,0,0,0,0,0,0,0,0,0,0
0.007796,0.009042,0.008004,0,0,0,0,0,0,0,0,0,0,0,0
0.005941,0.006755,0.005985,0,0,0,0,0,0,0,0,0,0,0,0
0.00509,0.005379,0.004571,0,0,0,0,0,0,0,0,0,0,0,0
0.016408,0.019847,0.015741,0,0,0,0,0,0,0,0,0,0,0,0
0.011962,0.0141,0.011784,0,0,0,0,0,0,0,0,0,0,0,0
0.010215,0.012289,0.010206,0,0,0,0,0,0,0,0,0,0,0,0
0.009996,0.011867,0.009546,0,0,0,0,0,0,0,0,0,0,0,0
0.007837,0.009216,0.007662,0,0,0,0,0,0,0,0,0,0,0,0
0.006259,0.0073,0.006124,0,0,0,0,0,0,0,0,0,0,0,0
0.005935,0.006948,0.005749,0,0,0,0,0,0,0,0,0,0,0,0
0.005157,0.006045,0.005059,0,0,0,0,0,0,0,0,0,0,0,0
0.004701,0.00544,0.004602,0,0,0,0,0,0,0,0,0,0,0,0
0.017154,0.021271,0.016941,0,0,0,0,0,0,0,0,0,0,0,0
0.009916,0.011776,0.009721,0,0,0,0,0,0,0,0,0,0,0,0
0.007813,0.009489,0.007646,0,0,0,0,0,0,0,0,0,0,0,0
0.005737,0.006966,0.005694,0,0,0,0,0,0,0,0,0,0,0,0
0.00504,0.005634,0.005052,0,0,0,0,0,0,0,0,0,0,0,0
0.004453,0.00484,0.004371,0,0,0,0,0,0,0,0,0,0,0,0
0.017136,0.020893,0.016638,0,0,0,0,0,0,0,0,0,0,0,0
0.011523,0.01403,0.011115,0,0,0,0,0,0,0,0,0,0,0,0
0.009925,0.012153,0.009319,0,0,0,0,0,0,0,0,0,0,0,0
0.009635,0.011851,0.008954,0,0,0,0,0,0,0,0,0,0,0,0
0.007654,0.009101,0.007044,0,0,0,0,0,0,0,0,0,0,0,0
0.006799,0.008031,0.006587,0,0,0,0,0,0,0,0,0,0,0,0
0.006381,0.007584,0.005862,0,0,0,0,0,0,0,0,0,0,0,0
0.014804,0.018599,0.014655,0,0,0,0,0,0,0,0,0,0,0,0
0.003385,0.003886,0.003117,0,0,0,0,0,0,0,0,0,0,0,0
0.00556,0.006417,0.004939,0,0,0,0,0,0,0,0,0,0,0,0
0.005373,0.006109,0.004976,0,0,0,0,0,0,0,0,0,0,0,0
0.005023,0.005724,0.005323,0,0,0,0,0,0,0,0,0,0,0,0
0.004702,0.005586,0.004983,0,0,0,0,0,0,0,0,0,0,0,0
0.016775,0.020454,0.016483,0,0,0,0,0,0,0,0,0,0,0,0
0.010358,0.012461,0.01004,0,0,0,0,0,0,0,0,0,0,0,0
0.009633,0.011486,0.009293,0,0,0,0,0,0,0,0,0,0,0,0
0.008334,0.009804,0.008555,0,0,0,0,0,0,0,0,0,0,0,0
0.007309,0.008535,0.007506,0,0,0,0,0,0,0,0,0,0,0,0
0.007212,0.008223,0.007043,0,0,0,0,0,0,0,0,0,0,0,0
0.005936,0.00724,0.006195,0,0,0,0,0,0,0,0,0,0,0,0
0.005808,0.006691,0.005704,0,0,0,0,0,0,0,0,0,0,0,0
0.005118,0.00585,0.00544,0,0,0,0,0,0,0,0,0,0,0,0
0.005131,0.005801,0.004969,0,0,0,0,0,0,0,0,0,0,0,0
0.01495,0.018218,0.014629,0,0,0,0,0,0,0,0,0,0,0,0
0.007845,0.009063,0.007874,0,0,0,0,0,0,0,0,0,0,0,0
0.004822,0.005212,0.005049,0,0,0,0,0,0,0,0,0,0,0,0
0.011808,0.014152,0.011232,0,0,0,0,0,0,0,0,0,0,0,0
0.007758,0.009511,0.007959,0,0,0,0,0,0,0,0,0,0,0,0
0.004407,0.005046,0.003951,0,0,0,0,0,0,0,0,0,0,0,0
0.010834,0.01224,0.010022,0,0,0,0,0,0,0,0,0,0,0,0
0.009628,0.011337,0.008926,0,0,0,0,0,0,0,0,0,0,0,0
0.007244,0.008346,0.006741,0,0,0,0,0,0,0,0,0,0,0,0
0.005986,0.006354,0.006425,0,0,0,0,0,0,0,0,0,0,0,0
0.0061,0.006103,0.005924,0,0,0,0,0,0,0,0,0,0,0,0
0.011641,0.012624,0.011428,0,0,0,0,0,0,0,0,0,0,0,0
0.00724,0.007612,0.007152,0,0,0,0,0,0,0,0,0,0,0,0
0.005732,0.00636,0.005838,0,0,0,0,0,0,0,0,0,0,0,0
0.011632,0.012524,0.011677,0,0,0,0,0,0,0,0,0,0,0,0
0.006169,0.006847,0.006004,0,0,0,0,0,0,0,0,0,0,0,0
0.005288,0.005807,0.005245,0,0,0,0,0,0,0,0,0,0,0,0
0.01362,0.014578,0.013564,0,0,0,0,0,0,0,0,0,0,0,0
0.004232,0.004163,0.004016,0,0,0,0,0,0,0,0,0,0,0,0
0.005176,0.005248,0.005246,0,0,0,0,0,0,0,0,0,0,0,0
0.013163,0.014209,0.01322,0,0,0,0,0,0,0,0,0,0,0,0
0.008084,0.007849,0.007418,0,0,0,0,0,0,0,0,0,0,0,0
0.005867,0.006062,0.005779,0,0,0,0,0,0,0,0,0,0,0,0
0.013428,0.014422,0.013217,0,0,0,0,0,0,0,0,0,0,0,0
0.007247,0.007275,0.006469,0,0,0,0,0,0,0,0,0,0,0,0
0.005669,0.005697,0.00516,0,0,0,0,0,0,0,0,0,0,0,0
0.014546,0.01542,0.013999,0,0,0,0,0,0,0,0,0,0,0,0
0.005185,0.00546,0.00526,0,0,0,0,0,0,0,0,0,0,0,0
0.007849,0.008058,0.007703,0,0,0,0,0,0,0,0,0,0,0,0
0.013522,0.013753,0.013142,0,0,0,0,0,0,0,0,0,0,0,0
NaN,NaN,NaN,0,0,0,0,0,0,0,0,0,0,0,0
NaN,NaN,NaN,0,0,0,0,0,0,0,0,0,0,0,0
NaN,NaN,NaN,0,0,0,0,0,0,0,0,0,0,0,0
NaN,NaN,NaN,0,0,0,0,0,0,0,0,0,0,0,0
0.000142,0.000215,0.000233,0,0,0,0,0,0,0,0,0,0,0,0
0.045956,0.062817,0.063583,0,0,0,0,0,0,0,0,0,0,0,0
0.027086,0.039026,0.038337,0,0,0,0,0,0,0,0,0,0,0,0
0.021289,0.028256,0.026979,0,0,0,0,0,0,0,0,0,0,0,0
0.015747,0.020388,0.019652,0,0,0,0,0,0,0,0,0,0,0,0
0.014716,0.017663,0.016836,0,0,0,0,0,0,0,0,0,0,0,0
0.015022,0.017687,0.016978,0,0,0,0,0,0,0,0,0,0,0,0
0.015417,0.017966,0.016969,0,0,0,0,0,0,0,0,0,0,0,0
0.014507,0.016415,0.015565,0,0,0,0,0,0,0,0,0,0,0,0
0.013892,0.015086,0.013937,0,0,0,0,0,0,0,0,0,0,0,0
0.021351,0.023723,0.022305,0,0,0,0,0,0,0,0,0,0,0,0
0.012337,0.012664,0.012734,0,0,0,0,0,0,0,0,0,0,0,0
0.01181,0.013895,0.012965,0,0,0,0,0,0,0,0,0,0,0,0
0.010884,0.011837,0.011099,0,0,0,0,0,0,0,0,0,0,0,0
0.010482,0.011144,0.011008,0,0,0,0,0,0,0,0,0,0,0,0
0.010952,0.01168,0.01071,0,0,0,0,0,0,0,0,0,0,0,0
0.011148,0.011652,0.011202,0,0,0,0,0,0,0,0,0,0,0,0
0.010497,0.011407,0.010487,0,0,0,0,0,0,0,0,0,0,0,0
0.009793,0.010852,0.010294,0,0,0,0,0,0,0,0,0,0,0,0
NaN,NaN,NaN,0,0,0,0,0,0,0,0,0,0,0,0
NaN,NaN,NaN,0,0,0,0,0,0,0,0,0,0,0,0
NaN,NaN,NaN,0,0,0,0,0,0,0,0,0,0,0,0
NaN,NaN,NaN,0,0,0,0,0,0,0,0,0,0,0,0
0.000153,0.000113,0.000161,0,0,0,0,0,0,0,0,0,0,0,0
0.050615,0.069637,0.066879,0,0,0,0,0,0,0,0,0,0,0,0
0.022012,0.033266,0.032042,0,0,0,0,0,0,0,0,0,0,0,0
0.022144,0.029257,0.029132,0,0,0,0,0,0,0,0,0,0,0,0
0.021171,0.025964,0.026025,0,0,0,0,0,0,0,0,0,0,0,0
0.021855,0.023338,0.023215,0,0,0,0,0,0,0,0,0,0,0,0
0.020929,0.022405,0.022688,0,0,0,0,0,0,0,0,0,0,0,0
0.020567,0.022011,0.022455,0,0,0,0,0,0,0,0,0,0,0,0
0.020534,0.021143,0.022654,0,0,0,0,0,0,0,0,0,0,0,0
0.01995,0.021468,0.021826,0,0,0,0,0,0,0,0,0,0,0,0
0.031545,0.035835,0.034193,0,0,0,0,0,0,0,0,0,0,0,0
0.018685,0.021568,0.020843,0,0,0,0,0,0,0,0,0,0,0,0
0.018756,0.021813,0.020243,0,0,0,0,0,0,0,0,0,0,0,0
0.020226,0.022202,0.022804,0,0,0,0,0,0,0,0,0,0,0,0
0.019857,0.021626,0.021269,0,0,0,0,0,0,0,0,0,0,0,0
0.020182,0.022522,0.02216,0,0,0,0,0,0,0,0,0,0,0,0
0.020049,0.032913,0.021957,0,0,0,0,0,0,0,0,0,0,0,0
0.019694,0.030034,0.022242,0,0,0,0,0,0,0,0,0,0,0,0
0.019705,0.025529,0.022099,0,0,0,0,0,0,0,0,0,0,0,0
0.019153,0.022592,0.021269,0,0,0,0,0,0,0,0,0,0,0,0
0.03355,0.036066,0.03621,0,0,0,0,0,0,0,0,0,0,0,0
0.018647,0.020133,0.019708,0,0,0,0,0,0,0,0,0,0,0,0
0.019006,0.020073,0.019272,0,0,0,0,0,0,0,0,0,0,0,0
0.017551,0.018709,0.017846,0,0,0,0,0,0,0,0,0,0,0,0
0.017385,0.019177,0.019688,0,0,0,0,0,0,0,0,0,0,0,0
0.01734,0.017997,0.019406,0,0,0,0,0,0,0,0,0,0,0,0
0.017589,0.017746,0.018555,0,0,0,0,0,0,0,0,0,0,0,0
0.025476,0.027023,0.027432,0,0,0,0,0,0,0,0,0,0,0,0
0.02551,0.027071,0.028073,0,0,0,0,0,0,0,0,0,0,0,0
0.023655,0.027551,0.026825,0,0,0,0,0,0,0,0,0,0,0,0
0.035879,0.041633,0.040722,0,0,0,0,0,0,0,0,0,0,0,0
0.023485,0.026221,0.025092,0,0,0,0,0,0,0,0,0,0,0,0
0.022097,0.026289,0.024352,0,0,0,0,0,0,0,0,0,0,0,0
0.021986,0.025129,0.025203,0,0,0,0,0,0,0,0,0,0,0,0
0.024131,0.025143,0.025744,0,0,0,0,0,0,0,0,0,0,0,0
0.024338,0.02532,0.024674,0,0,0,0,0,0,0,0,0,0,0,0
0.022352,0.024451,0.024622,0,0,0,0,0,0,0,0,0,0,0,0
0.022779,0.025301,0.025377,0,0,0,0,0,0,0,0,0,0,0,0
0.024595,0.029109,0.027503,0,0,0,0,0,0,0,0,0,0,0,0
0.025052,0.02525,0.026615,0,0,0,0,0,0,0,0,0,0,0,0
0.03982,0.038962,0.041969,0,0,0,0,0,0,0,0,0,0,0,0
0.02356,0.026657,0.02548,0,0,0,0,0,0,0,0,0,0,0,0
0.024175,0.025343,0.025842,0,0,0,0,0,0,0,0,0,0,0,0
0.025978,0.025768,0.025814,0,0,0,0,0,0,0,0,0,0,0,0
0.023542,0.024933,0.025064,0,0,0,0,0,0,0,0,0,0,0,0
0.023412,0.025698,0.024407,0,0,0,0,0,0,0,0,0,0,0,0
0.02344,0.024338,0.024671,0,0,0,0,0,0,0,0,0,0,0,0
0.022346,0.025207,0.023386,0,0,0,0,0,0,0,0,0,0,0,0
0.023127,0.026134,0.022708,0,0,0,0,0,0,0,0,0,0,0,0
0.022642,0.025389,0.021569,0,0,0,0,0,0,0,0,0,0,0,0
0.034605,0.039665,0.034851,0,0,0,0,0,0,0,0,0,0,0,0
0.025502,0.024302,0.02274,0,0,0,0,0,0,0,0,0,0,0,0
0.023875,0.025362,0.021994,0,0,0,0,0,0,0,0,0,0,0,0
0.02416,0.025033,0.025101,0,0,0,0,0,0,0,0,0,0,0,0
0.023566,0.023752,0.024621,0,0,0,0,0,0,0,0,0,0,0,0
0.02373,0.024169,0.023434,0,0,0,0,0,0,0,0,0,0,0,0
0.023734,0.023801,0.022937,0,0,0,0,0,0,0,0,0,0,0,0
0.023736,0.023704,0.025021,0,0,0,0,0,0,0,0,0,0,0,0
0.022649,0.023381,0.023359,0,0,0,0,0,0,0,0,0,0,0,0
0.022623,0.023596,0.023221,0,0,0,0,0,0,0,0,0,0,0,0
0.032969,0.036257,0.036941,0,0,0,0,0,0,0,0,0,0,0,0
0.022471,0.023492,0.024653,0,0,0,0,0,0,0,0,0,0,0,0
0.022294,0.022903,0.024095,0,0,0,0,0,0,0,0,0,0,0,0
0.020959,0.021667,0.022622,0,0,0,0,0,0,0,0,0,0,0,0
0.021324,0.02177,0.022476,0,0,0,0,0,0,0,0,0,0,0,0
0.020948,0.021547,0.021742,0,0,0,0,0,0,0,0,0,0,0,0
0.024464,0.021991,0.022676,0,0,0,0,0,0,0,0,0,0,0,0
0.024166,0.021672,0.022244,0,0,0,0,0,0,0,0,0,0,0,0
0.022593,0.021376,0.021898,0,0,0,0,0,0,0,0,0,0,0,0
0.023553,0.021183,0.022767,0,0,0,0,0,0,0,0,0,0,0,0
0.036701,0.032967,0.03362,0,0,0,0,0,0,0,0,0,0,0,0
0.022991,0.021745,0.025471,0,0,0,0,0,0,0,0,0,0,0,0
0.022099,0.021591,0.024764,0,0,0,0,0,0,0,0,0,0,0,0
0.022919,0.021685,0.024447,0,0,0,0,0,0,0,0,0,0,0,0
0.023986,0.021428,0.024431,0,0,0,0,0,0,0,0,0,0,0,0
0.053974,0.045333,0.055351,0,0,0,0,0,0,0,0,0,0,0,0
0.02887,0.027237,0.030334,0,0,0,0,0,0,0,0,0,0,0,0
0.027187,0.027016,0.026949,0,0,0,0,0,0,0,0,0,0,0,0
0.026275,0.030257,0.026168,0,0,0,0,0,0,0,0,0,0,0,0
0.02574,0.028761,0.025222,0,0,0,0,0,0,0,0,0,0,0,0
0.037529,0.04015,0.037081,0,0,0,0,0,0,0,0,0,0,0,0
0.025083,0.027807,0.02482,0,0,0,0,0,0,0,0,0,0,0,0
0.024708,0.025175,0.024588,0,0,0,0,0,0,0,0,0,0,0,0
0.024778,0.025611,0.024282,0,0,0,0,0,0,0,0,0,0,0,0
0.024885,0.026067,0.024195,0,0,0,0,0,0,0,0,0,0,0,0
0.02569,0.026204,0.024314,0,0,0,0,0,0,0,0,0,0,0,0
0.025422,0.025409,0.025235,0,0,0,0,0,0,0,0,0,0,0,0
0.025193,0.026095,0.02431,0,0,0,0,0,0,0,0,0,0,0,0
0.025215,0.025218,0.024491,0,0,0,0,0,0,0,0,0,0,0,0
0.025077,0.025823,0.024521,0,0,0,0,0,0,0,0,0,0,0,0
0.037382,0.038173,0.035933,0,0,0,0,0,0,0,0,0,0,0,0
0.025111,0.026184,0.024874,0,0,0,0,0,0,0,0,0,0,0,0
0.0252,0.02639,0.024782,0,0,0,0,0,0,0,0,0,0,0,0
0.025697,0.025778,0.024889,0,0,0,0,0,0,0,0,0,0,0,0
0.025412,0.026097,0.025555,0,0,0,0,0,0,0,0,0,0,0,0
0.025628,0.025758,0.025411,0,0,0,0,0,0,0,0,0,0,0,0
0.025619,0.025328,0.025275,0,0,0,0,0,0,0,0,0,0,0,0
0.025368,0.02496,0.024183,0,0,0,0,0,0,0,0,0,0,0,0
0.025568,0.024999,0.02433,0,0,0,0,0,0,0,0,0,0,0,0
0.024681,0.024173,0.023814,0,0,0,0,0,0,0,0,0,0,0,0
0.035577,0.035091,0.035177,0,0,0,0,0,0,0,0,0,0,0,0
0.024536,0.02486,0.024171,0,0,0,0,0,0,0,0,0,0,0,0
0.024559,0.024657,0.024019,0,0,0,0,0,0,0,0,0,0,0,0
0.025071,0.025048,0.02456,0,0,0,0,0,0,0,0,0,0,0,0
0.025204,0.024952,0.023947,0,0,0,0,0,0,0,0,0,0,0,0
0.02477,0.024931,0.024106,0,0,0,0,0,0,0,0,0,0,0,0
0.024775,0.02534,0.024535,0,0,0,0,0,0,0,0,0,0,0,0
0.024938,0.024869,0.024128,0,0,0,0,0,0,0,0,0,0,0,0
0.02448,0.024738,0.024098,0,0,0,0,0,0,0,0,0,0,0,0
0.024538,0.025464,0.024237,0,0,0,0,0,0,0,0,0,0,0,0
0.035561,0.035607,0.034954,0,0,0,0,0,0,0,0,0,0,0,0
0.029038,0.024232,0.024329,0,0,0,0,0,0,0,0,0,0,0,0
0.028848,0.025462,0.025406,0,0,0,0,0,0,0,0,0,0,0,0
0.029597,0.02484,0.024791,0,0,0,0,0,0,0,0,0,0,0,0
0.029628,0.02944,0.025422,0,0,0,0,0,0,0,0,0,0,0,0
0.028536,0.025056,0.025,0,0,0,0,0,0,0,0,0,0,0,0
0.029662,0.024694,0.027952,0,0,0,0,0,0,0,0,0,0,0,0
0.028693,0.025255,0.024773,0,0,0,0,0,0,0,0,0,0,0,0
0.031789,0.024508,0.024666,0,0,0,0,0,0,0,0,0,0,0,0
0.030323,0.024639,0.023963,0,0,0,0,0,0,0,0,0,0,0,0
0.041072,0.035622,0.035456,0,0,0,0,0,0,0,0,0,0,0,0
0.036372,0.031222,0.031425,0,0,0,0,0,0,0,0,0,0,0,0
0.033654,0.030321,0.029695,0,0,0,0,0,0,0,0,0,0,0,0
0.033198,0.029914,0.029982,0,0,0,0,0,0,0,0,0,0,0,0
0.032643,0.03001,0.029656,0,0,0,0,0,0,0,0,0,0,0,0
0.030766,0.028527,0.028076,0,0,0,0,0,0,0,0,0,0,0,0
0.029042,0.027034,0.026811,0,0,0,0,0,0,0,0,0,0,0,0
0.028854,0.026506,0.026748,0,0,0,0,0,0,0,0,0,0,0,0
0.026281,0.024647,0.025311,0,0,0,0,0,0,0,0,0,0,0,0
0.026472,0.024608,0.024836,0,0,0,0,0,0,0,0,0,0,0,0
0.03655,0.034248,0.034302,0,0,0,0,0,0,0,0,0,0,0,0
0.024455,0.023801,0.023524,0,0,0,0,0,0,0,0,0,0,0,0
0.023487,0.023512,0.022876,0,0,0,0,0,0,0,0,0,0,0,0
0.025031,0.02435,0.024024,0,0,0,0,0,0,0,0,0,0,0,0
0.022848,0.022423,0.02212,0,0,0,0,0,0,0,0,0,0,0,0
0.022886,0.022645,0.022138,0,0,0,0,0,0,0,0,0,0,0,0
0.025513,0.025277,0.024797,0,0,0,0,0,0,0,0,0,0,0,0
0.023973,0.02319,0.023473,0,0,0,0,0,0,0,0,0,0,0,0
0.022167,0.022102,0.022027,0,0,0,0,0,0,0,0,0,0,0,0
0.022645,0.022206,0.021942,0,0,0,0,0,0,0,0,0,0,0,0
0.031928,0.031982,0.031713,0,0,0,0,0,0,0,0,0,0,0,0
0.02214,0.022371,0.025038,0,0,0,0,0,0,0,0,0,0,0,0
0.023195,0.023285,0.025861,0,0,0,0,0,0,0,0,0,0,0,0
0.029752,0.029655,0.031333,0,0,0,0,0,0,0,0,0,0,0,0
0.024555,0.024155,0.026583,0,0,0,0,0,0,0,0,0,0,0,0
0.023756,0.023432,0.025199,0,0,0,0,0,0,0,0,0,0,0,0
0.022572,0.022488,0.024242,0,0,0,0,0,0,0,0,0,0,0,0
0.02257,0.022365,0.022842,0,0,0,0,0,0,0,0,0,0,0,0
0.0227,0.022664,0.023351,0,0,0,0,0,0,0,0,0,0,0,0
0.023132,0.023037,0.023968,0,0,0,0,0,0,0,0,0,0,0,0
0.053013,0.052679,0.055051,0,0,0,0,0,0,0,0,0,0,0,0
0.025842,0.024244,0.025168,0,0,0,0,0,0,0,0,0,0,0,0
0.024209,0.024055,0.025094,0,0,0,0,0,0,0,0,0,0,0,0
0.025661,0.024842,0.025842,0,0,0,0,0,0,0,0,0,0,0,0
0.026129,0.025205,0.026102,0,0,0,0,0,0,0,0,0,0,0,0
0.025388,0.02515,0.025167,0,0,0,0,0,0,0,0,0,0,0,0
0.025172,0.024147,0.024761,0,0,0,0,0,0,0,0,0,0,0,0
0.024671,0.023813,0.024318,0,0,0,0,0,0,0,0,0,0,0,0
0.025657,0.025122,0.024787,0,0,0,0,0,0,0,0,0,0,0,0
0.025248,0.02431,0.023971,0,0,0,0,0,0,0,0,0,0,0,0
0.034993,0.034437,0.03496,0,0,0,0,0,0,0,0,0,0,0,0
0.025001,0.024724,0.024519,0,0,0,0,0,0,0,0,0,0,0,0
0.033478,0.032948,0.03269,0,0,0,0,0,0,0,0,0,0,0,0
0.031016,0.033955,0.030329,0,0,0,0,0,0,0,0,0,0,0,0
0.02888,0.032674,0.028369,0,0,0,0,0,0,0,0,0,0,0,0
0.028563,0.031778,0.027939,0,0,0,0,0,0,0,0,0,0,0,0
0.027205,0.029784,0.026865,0,0,0,0,0,0,0,0,0,0,0,0
0.026992,0.029124,0.026247,0,0,0,0,0,0,0,0,0,0,0,0
0.024447,0.025868,0.024185,0,0,0,0,0,0,0,0,0,0,0,0
0.025449,0.026637,0.024022,0,0,0,0,0,0,0,0,0,0,0,0
0.034687,0.036861,0.033394,0,0,0,0,0,0,0,0,0,0,0,0
0.024504,0.0272,0.024736,0,0,0,0,0,0,0,0,0,0,0,0
0.023638,0.025117,0.023778,0,0,0,0,0,0,0,0,0,0,0,0
0.022658,0.02361,0.022612,0,0,0,0,0,0,0,0,0,0,0,0
0.021865,0.023016,0.022348,0,0,0,0,0,0,0,0,0,0,0,0
0.022628,0.023392,0.023154,0,0,0,0,0,0,0,0,0,0,0,0
0.022834,0.023733,0.022636,0,0,0,0,0,0,0,0,0,0,0,0
0.030005,0.030459,0.029909,0,0,0,0,0,0,0,0,0,0,0,0
0.031234,0.031834,0.030723,0,0,0,0,0,0,0,0,0,0,0,0
0.030802,0.03122,0.030095,0,0,0,0,0,0,0,0,0,0,0,0
0.049908,0.04107,0.040566,0,0,0,0,0,0,0,0,0,0,0,0
0.034036,0.02964,0.02906,0,0,0,0,0,0,0,0,0,0,0,0
0.031094,0.029105,0.028797,0,0,0,0,0,0,0,0,0,0,0,0
0.033668,0.028451,0.027466,0,0,0,0,0,0,0,0,0,0,0,0
0.031628,0.027447,0.027226,0,0,0,0,0,0,0,0,0,0,0,0
0.03006,0.026409,0.026453,0,0,0,0,0,0,0,0,0,0,0,0
0.035136,0.032508,0.0325,0,0,0,0,0,0,0,0,0,0,0,0
0.031633,0.028096,0.027757,0,0,0,0,0,0,0,0,0,0,0,0
0.039822,0.035403,0.039604,0,0,0,0,0,0,0,0,0,0,0,0
0.041187,0.040197,0.040158,0,0,0,0,0,0,0,0,0,0,0,0
0.058543,0.057635,0.057682,0,0,0,0,0,0,0,0,0,0,0,0
0.043457,0.043032,0.047306,0,0,0,0,0,0,0,0,0,0,0,0
0.042135,0.041876,0.044071,0,0,0,0,0,0,0,0,0,0,0,0
0.042301,0.042048,0.044287,0,0,0,0,0,0,0,0,0,0,0,0
0.040649,0.040608,0.041287,0,0,0,0,0,0,0,0,0,0,0,0
0.040931,0.040763,0.0416,0,0,0,0,0,0,0,0,0,0,0,0
0.049614,0.049232,0.049879,0,0,0,0,0,0,0,0,0,0,0,0
0.043917,0.043478,0.044094,0,0,0,0,0,0,0,0,0,0,0,0
0.041506,0.041109,0.040679,0,0,0,0,0,0,0,0,0,0,0,0
0.048622,0.04795,0.04788,0,0,0,0,0,0,0,0,0,0,0,0
0.057086,0.056476,0.05678,0,0,0,0,0,0,0,0,0,0,0,0
0.044973,0.055203,0.044517,0,0,0,0,0,0,0,0,0,0,0,0
0.043789,0.052136,0.042764,0,0,0,0,0,0,0,0,0,0,0,0
0.042536,0.048004,0.042144,0,0,0,0,0,0,0,0,0,0,0,0
0.049837,0.052331,0.049364,0,0,0,0,0,0,0,0,0,0,0,0
0.04526,0.047419,0.044838,0,0,0,0,0,0,0,0,0,0,0,0
0.043844,0.044393,0.043154,0,0,0,0,0,0,0,0,0,0,0,0
0.042667,0.042537,0.04168,0,0,0,0,0,0,0,0,0,0,0,0
0.050454,0.050217,0.049595,0,0,0,0,0,0,0,0,0,0,0,0
0.04677,0.046603,0.045752,0,0,0,0,0,0,0,0,0,0,0,0
NaN,NaN,NaN,0,0,0,0,0,0,0,0,0,0,0,0
NaN,NaN,NaN,0,0,0,0,0,0,0,0,0,0,0,0
NaN,NaN,NaN,0,0,0,0,0,0,0,0,0,0,0,0
NaN,NaN,NaN,0,0,0,0,0,0,0,0,0,0,0,0
9.8e-05,0.000148,0.000141,0,0,0,0,0,0,0,0,0,0,0,0
0.062028,0.058294,0.075566,0,0,0,0,0,0,0,0,0,0,0,0
0.021828,0.020713,0.029512,0,0,0,0,0,0,0,0,0,0,0,0
0.019592,0.019751,0.025078,0,0,0,0,0,0,0,0,0,0,0,0
0.018844,0.018489,0.02208,0,0,0,0,0,0,0,0,0,0,0,0
0.017232,0.018342,0.018484,0,0,0,0,0,0,0,0,0,0,0,0
0.017256,0.018041,0.017611,0,0,0,0,0,0,0,0,0,0,0,0
0.018334,0.018991,0.018094,0,0,0,0,0,0,0,0,0,0,0,0
0.018363,0.018858,0.018919,0,0,0,0,0,0,0,0,0,0,0,0
0.018639,0.018224,0.018677,0,0,0,0,0,0,0,0,0,0,0,0
0.034908,0.033201,0.031265,0,0,0,0,0,0,0,0,0,0,0,0
0.016982,0.016839,0.01606,0,0,0,0,0,0,0,0,0,0,0,0
0.017063,0.016457,0.016291,0,0,0,0,0,0,0,0,0,0,0,0
0.018065,0.017317,0.016142,0,0,0,0,0,0,0,0,0,0,0,0
0.018345,0.016914,0.015574,0,0,0,0,0,0,0,0,0,0,0,0
0.023076,0.022266,0.021231,0,0,0,0,0,0,0,0,0,0,0,0
NaN,NaN,NaN,0,0,0,0,0,0,0,0,0,0,0,0
NaN,NaN,NaN,0,0,0,0,0,0,0,0,0,0,0,0
NaN,NaN,NaN,0,0,0,0,0,0,0,0,0,0,0,0
NaN,NaN,NaN,0,0,0,0,0,0,0,0,0,0,0,0
0.000157,0.000129,9.3e-05,0,0,0,0,0,0,0,0,0,0,0,0
0.061024,0.068443,0.055307,0,0,0,0,0,0,0,0,0,0,0,0
0.020702,0.025098,0.019342,0,0,0,0,0,0,0,0,0,0,0,0
0.019424,0.022371,0.018968,0,0,0,0,0,0,0,0,0,0,0,0
0.020539,0.021272,0.018872,0,0,0,0,0,0,0,0,0,0,0,0
0.019169,0.020708,0.018444,0,0,0,0,0,0,0,0,0,0,0,0
0.01936,0.019617,0.01727,0,0,0,0,0,0,0,0,0,0,0,0
0.019271,0.019424,0.017281,0,0,0,0,0,0,0,0,0,0,0,0
0.018249,0.019278,0.017069,0,0,0,0,0,0,0,0,0,0,0,0
0.018652,0.019158,0.016931,0,0,0,0,0,0,0,0,0,0,0,0
0.033606,0.034229,0.029825,0,0,0,0,0,0,0,0,0,0,0,0
0.018452,0.020828,0.018192,0,0,0,0,0,0,0,0,0,0,0,0
0.018981,0.020732,0.018176,0,0,0,0,0,0,0,0,0,0,0,0
0.018788,0.020504,0.017503,0,0,0,0,0,0,0,0,0,0,0,0
0.018871,0.020247,0.017122,0,0,0,0,0,0,0,0,0,0,0,0
0.018958,0.020324,0.01784,0,0,0,0,0,0,0,0,0,0,0,0
0.01795,0.020457,0.01913,0,0,0,0,0,0,0,0,0,0,0,0
0.018118,0.020984,0.01946,0,0,0,0,0,0,0,0,0,0,0,0
0.017746,0.019902,0.018895,0,0,0,0,0,0,0,0,0,0,0,0
0.018828,0.02051,0.019348,0,0,0,0,0,0,0,0,0,0,0,0
0.032927,0.03666,0.033687,0,0,0,0,0,0,0,0,0,0,0,0
0.019106,0.021918,0.019605,0,0,0,0,0,0,0,0,0,0,0,0
0.018778,0.021596,0.019609,0,0,0,0,0,0,0,0,0,0,0,0
0.018785,0.021274,0.018789,0,0,0,0,0,0,0,0,0,0,0,0
0.018913,0.020993,0.01887,0,0,0,0,0,0,0,0,0,0,0,0
0.018968,0.021581,0.018325,0,0,0,0,0,0,0,0,0,0,0,0
0.019069,0.021298,0.018614,0,0,0,0,0,0,0,0,0,0,0,0
0.019045,0.020684,0.018235,0,0,0,0,0,0,0,0,0,0,0,0
0.022346,0.020589,0.018198,0,0,0,0,0,0,0,0,0,0,0,0
0.021627,0.021124,0.018563,0,0,0,0,0,0,0,0,0,0,0,0
0.037088,0.036187,0.031495,0,0,0,0,0,0,0,0,0,0,0,0
0.024687,0.025532,0.021791,0,0,0,0,0,0,0,0,0,0,0,0
0.023844,0.026025,0.021826,0,0,0,0,0,0,0,0,0,0,0,0
0.023382,0.027523,0.021886,0,0,0,0,0,0,0,0,0,0,0,0
0.0238,0.028755,0.022094,0,0,0,0,0,0,0,0,0,0,0,0
0.02382,0.028416,0.022001,0,0,0,0,0,0,0,0,0,0,0,0
0.023258,0.025866,0.021414,0,0,0,0,0,0,0,0,0,0,0,0
0.023851,0.026245,0.021958,0,0,0,0,0,0,0,0,0,0,0,0
0.023822,0.025152,0.02166,0,0,0,0,0,0,0,0,0,0,0,0
0.024149,0.025608,0.022179,0,0,0,0,0,0,0,0,0,0,0,0
0.038227,0.042808,0.034331,0,0,0,0,0,0,0,0,0,0,0,0
0.023843,0.027636,0.024948,0,0,0,0,0,0,0,0,0,0,0,0
0.024362,0.027584,0.023512,0,0,0,0,0,0,0,0,0,0,0,0
0.024189,0.02666,0.023328,0,0,0,0,0,0,0,0,0,0,0,0
0.028519,0.026296,0.023372,0,0,0,0,0,0,0,0,0,0,0,0
0.029382,0.026008,0.023412,0,0,0,0,0,0,0,0,0,0,0,0
0.026726,0.024973,0.026793,0,0,0,0,0,0,0,0,0,0,0,0
0.026624,0.024526,0.023063,0,0,0,0,0,0,0,0,0,0,0,0
0.0263,0.024787,0.023086,0,0,0,0,0,0,0,0,0,0,0,0
0.026698,0.024703,0.022568,0,0,0,0,0,0,0,0,0,0,0,0
0.040738,0.039206,0.035164,0,0,0,0,0,0,0,0,0,0,0,0
0.025777,0.024387,0.021862,0,0,0,0,0,0,0,0,0,0,0,0
0.025466,0.024123,0.022756,0,0,0,0,0,0,0,0,0,0,0,0
0.026097,0.023969,0.023196,0,0,0,0,0,0,0,0,0,0,0,0
0.024592,0.02351,0.022555,0,0,0,0,0,0,0,0,0,0,0,0
0.024246,0.023552,0.022459,0,0,0,0,0,0,0,0,0,0,0,0
0.025135,0.024489,0.022665,0,0,0,0,0,0,0,0,0,0,0,0
0.024141,0.024291,0.023627,0,0,0,0,0,0,0,0,0,0,0,0
0.02465,0.02374,0.022882,0,0,0,0,0,0,0,0,0,0,0,0
0.024011,0.023857,0.022758,0,0,0,0,0,0,0,0,0,0,0,0
0.038691,0.03661,0.035701,0,0,0,0,0,0,0,0,0,0,0,0
0.024238,0.024095,0.023434,0,0,0,0,0,0,0,0,0,0,0,0
0.024957,0.025014,0.02352,0,0,0,0,0,0,0,0,0,0,0,0
0.02453,0.024301,0.024153,0,0,0,0,0,0,0,0,0,0,0,0
0.024631,0.023014,0.023644,0,0,0,0,0,0,0,0,0,0,0,0
0.025086,0.023382,0.023782,0,0,0,0,0,0,0,0,0,0,0,0
0.024888,0.023468,0.024252,0,0,0,0,0,0,0,0,0,0,0,0
0.024737,0.023902,0.023863,0,0,0,0,0,0,0,0,0,0,0,0
0.024585,0.023777,0.023904,0,0,0,0,0,0,0,0,0,0,0,0
0.02437,0.023805,0.023359,0,0,0,0,0,0,0,0,0,0,0,0
0.038642,0.037485,0.037192,0,0,0,0,0,0,0,0,0,0,0,0
0.02584,0.025271,0.02521,0,0,0,0,0,0,0,0,0,0,0,0
0.025223,0.024747,0.024194,0,0,0,0,0,0,0,0,0,0,0,0
0.024598,0.024288,0.023778,0,0,0,0,0,0,0,0,0,0,0,0
0.024466,0.024369,0.02388,0,0,0,0,0,0,0,0,0,0,0,0
0.051912,0.051643,0.050079,0,0,0,0,0,0,0,0,0,0,0,0
NaN,NaN,NaN,0,0,0,0,0,0,0,0,0,0,0,0
NaN,NaN,NaN,0,0,0,0,0,0,0,0,0,0,0,0
NaN,NaN,NaN,0,0,0,0,0,0,0,0,0,0,0,0
NaN,NaN,NaN,0,0,0,0,0,0,0,0,0,0,0,0
0.000106,8.9e-05,0.000122,0,0,0,0,0,0,0,0,0,0,0,0
0.07156,0.060969,0.077431,0,0,0,0,0,0,0,0,0,0,0,0
0.020887,0.022808,0.027746,0,0,0,0,0,0,0,0,0,0,0,0
0.020367,0.023125,0.024423,0,0,0,0,0,0,0,0,0,0,0,0
0.020463,0.022942,0.024215,0,0,0,0,0,0,0,0,0,0,0,0
0.02126,0.022669,0.021329,0,0,0,0,0,0,0,0,0,0,0,0
0.021567,0.022586,0.02044,0,0,0,0,0,0,0,0,0,0,0,0
0.021435,0.021851,0.020984,0,0,0,0,0,0,0,0,0,0,0,0
0.021303,0.022384,0.020102,0,0,0,0,0,0,0,0,0,0,0,0
0.018949,0.021015,0.020186,0,0,0,0,0,0,0,0,0,0,0,0
0.032614,0.036049,0.036262,0,0,0,0,0,0,0,0,0,0,0,0
0.018914,0.021525,0.019211,0,0,0,0,0,0,0,0,0,0,0,0
0.018276,0.019825,0.017401,0,0,0,0,0,0,0,0,0,0,0,0
0.017918,0.020177,0.01676,0,0,0,0,0,0,0,0,0,0,0,0
0.018084,0.019305,0.017903,0,0,0,0,0,0,0,0,0,0,0,0
0.01772,0.019564,0.017869,0,0,0,0,0,0,0,0,0,0,0,0
0.018495,0.019694,0.018152,0,0,0,0,0,0,0,0,0,0,0,0
0.01847,0.019191,0.017813,0,0,0,0,0,0,0,0,0,0,0,0
0.019128,0.01841,0.017569,0,0,0,0,0,0,0,0,0,0,0,0
0.018534,0.018526,0.019005,0,0,0,0,0,0,0,0,0,0,0,0
0.038384,0.033917,0.035053,0,0,0,0,0,0,0,0,0,0,0,0
0.020912,0.018036,0.019321,0,0,0,0,0,0,0,0,0,0,0,0
0.021063,0.018299,0.01927,0,0,0,0,0,0,0,0,0,0,0,0
0.021173,0.017921,0.018521,0,0,0,0,0,0,0,0,0,0,0,0
0.020696,0.017833,0.018549,0,0,0,0,0,0,0,0,0,0,0,0
0.019383,0.017075,0.018285,0,0,0,0,0,0,0,0,0,0,0,0
0.018659,0.018946,0.019634,0,0,0,0,0,0,0,0,0,0,0,0
0.018733,0.019233,0.020368,0,0,0,0,0,0,0,0,0,0,0,0
0.01857,0.018597,0.019773,0,0,0,0,0,0,0,0,0,0,0,0
0.018681,0.018858,0.020007,0,0,0,0,0,0,0,0,0,0,0,0
0.034177,0.03209,0.037119,0,0,0,0,0,0,0,0,0,0,0,0
0.02168,0.023405,0.022101,0,0,0,0,0,0,0,0,0,0,0,0
0.019653,0.021532,0.021389,0,0,0,0,0,0,0,0,0,0,0,0
0.019705,0.020632,0.020627,0,0,0,0,0,0,0,0,0,0,0,0
0.019817,0.020987,0.020185,0,0,0,0,0,0,0,0,0,0,0,0
0.02222,0.020436,0.020493,0,0,0,0,0,0,0,0,0,0,0,0
0.020328,0.019863,0.019496,0,0,0,0,0,0,0,0,0,0,0,0
0.020796,0.020376,0.0201,0,0,0,0,0,0,0,0,0,0,0,0
0.021401,0.020793,0.020205,0,0,0,0,0,0,0,0,0,0,0,0
0.021286,0.021226,0.020644,0,0,0,0,0,0,0,0,0,0,0,0
0.036676,0.036492,0.034973,0,0,0,0,0,0,0,0,0,0,0,0
0.022144,0.021208,0.019984,0,0,0,0,0,0,0,0,0,0,0,0
0.023145,0.021601,0.023818,0,0,0,0,0,0,0,0,0,0,0,0
0.023568,0.021211,0.026832,0,0,0,0,0,0,0,0,0,0,0,0
0.022908,0.024162,0.023532,0,0,0,0,0,0,0,0,0,0,0,0
0.02207,0.02116,0.023235,0,0,0,0,0,0,0,0,0,0,0,0
0.021786,0.021136,0.022253,0,0,0,0,0,0,0,0,0,0,0,0
0.021857,0.021252,0.023257,0,0,0,0,0,0,0,0,0,0,0,0
0.02175,0.021346,0.023018,0,0,0,0,0,0,0,0,0,0,0,0
0.021573,0.021543,0.022182,0,0,0,0,0,0,0,0,0,0,0,0
0.035141,0.035441,0.037433,0,0,0,0,0,0,0,0,0,0,0,0
0.022137,0.024242,0.022685,0,0,0,0,0,0,0,0,0,0,0,0
0.021883,0.022655,0.022755,0,0,0,0,0,0,0,0,0,0,0,0
0.02082,0.022969,0.022184,0,0,0,0,0,0,0,0,0,0,0,0
0.021808,0.023316,0.022804,0,0,0,0,0,0,0,0,0,0,0,0
