8.8252
0.48834
0.12591
0.11373
0.21978
0.13378
0.084492
0.070274
0.06873
0.20608
0.071459
0.069433
0.069769
0.070722
0.07537
0.099069
0.070646
0.070142
0.071797
0.19482
0.068268
0.094822
0.15744
0.06772
0.069458
0.073434
0.06913
0.093981
0.069015
0.18449
0.14605
0.074906
0.14433
0.18095
0.0682
0.078405
0.072864
0.072199
0.069448
0.21062
0.1533
0.14374
0.14779
0.14712
0.15545
0.19695
0.14467
0.1495
0.15116
0.14518
0.15161
0.17109
0.15624
0.14898
0.14819
0.1442
0.14657
0.16839
0.1493
0.14578
0.1463
0.14688
0.14979
0.17074
0.14658
0.14573
0.14435
0.14629
0.14411
0.19804
0.14667
0.14775
0.069958
0.070984
0.074731
0.09792
0.071813
0.069585
0.072344
0.17724
0.069297
0.093588
0.070609
0.069884
0.072278
0.070155
0.073233
0.096217
0.070255
0.1835
0.069935
0.078444
0.069562
0.092357
0.072949
0.070118
0.071584
0.070127
0.070633
0.20357
0.069
0.071576
0.071538
0.071345
0.072646
0.095591
0.072387
0.07108
0.071577
0.18201
0.06973
0.09569
0.078945
0.074279
0.071211
0.071924
0.070573
0.094415
