1
37.0000,61.0000,67.0000,82.0000
41.0000,67.0000,65.0000,80.0000
41.0000,67.0000,65.0000,80.0000
41.0000,67.0000,65.0000,80.0000
41.0000,67.0000,65.0000,80.0000
41.0000,67.0000,65.0000,80.0000
41.0000,67.0000,65.0000,80.0000
41.0000,67.0000,65.0000,80.0000
41.0000,67.0000,65.0000,80.0000
0
0
0
0
0
0
0
0
0
0
0
0
0
0
0
0
0
0
0
0
0
0
0
0
0
0
2
0
0
0
0
1
144.0000,94.0000,67.0000,79.0000
137.0000,98.0000,65.0000,77.0000
137.0000,98.0000,65.0000,77.0000
137.0000,98.0000,65.0000,77.0000
137.0000,98.0000,65.0000,77.0000
137.0000,98.0000,65.0000,77.0000
137.0000,98.0000,65.0000,77.0000
137.0000,98.0000,65.0000,77.0000
137.0000,98.0000,65.0000,77.0000
137.0000,98.0000,65.0000,77.0000
137.0000,98.0000,65.0000,77.0000
137.0000,98.0000,65.0000,77.0000
137.0000,98.0000,65.0000,77.0000
137.0000,98.0000,65.0000,77.0000
137.0000,98.0000,65.0000,77.0000
2
0
0
0
0
0
0
0
0
0
0
0
0
0
0
0
0
0
0
133.0000,100.0000,63.0000,74.0000
0
0
0
0
1
3.0000,82.0000,84.0000,79.0000
-18.0000,87.0000,87.0000,82.0000
-18.0000,87.0000,87.0000,82.0000
-18.0000,87.0000,87.0000,82.0000
-18.0000,87.0000,87.0000,82.0000
-18.0000,87.0000,87.0000,82.0000
-18.0000,87.0000,87.0000,82.0000
-18.0000,87.0000,87.0000,82.0000
-18.0000,87.0000,87.0000,82.0000
-18.0000,87.0000,87.0000,82.0000
-18.0000,87.0000,87.0000,82.0000
-18.0000,87.0000,87.0000,82.0000
-18.0000,87.0000,87.0000,82.0000
-18.0000,87.0000,87.0000,82.0000
-18.0000,87.0000,87.0000,82.0000
-18.0000,87.0000,87.0000,82.0000
-18.0000,87.0000,87.0000,82.0000
0
0
0
0
0
0
0
0
0
0
0
0
0
0
0
0
0
0
0
0
0
2
0
0
0
0
1
257.0000,96.0000,79.0000,83.0000
256.0000,97.0000,77.0000,81.0000
256.0000,97.0000,77.0000,81.0000
256.0000,97.0000,77.0000,81.0000
256.0000,97.0000,77.0000,81.0000
256.0000,97.0000,77.0000,81.0000
256.0000,97.0000,77.0000,81.0000
2
0
0
0
0
0
0
0
0
0
0
0
0
0
0
0
0
0
0
0
0
0
0
0
0
0
0
0
253.0000,97.0000,74.0000,78.0000
0
0
0
0
1
265.0000,101.0000,69.0000,81.0000
247.0000,91.0000,71.0000,83.0000
247.0000,91.0000,71.0000,83.0000
247.0000,91.0000,71.0000,83.0000
247.0000,91.0000,71.0000,83.0000
247.0000,91.0000,71.0000,83.0000
247.0000,91.0000,71.0000,83.0000
247.0000,91.0000,71.0000,83.0000
247.0000,91.0000,71.0000,83.0000
247.0000,91.0000,71.0000,83.0000
247.0000,91.0000,71.0000,83.0000
2
0
0
0
0
0
0
0
0
0
0
0
0
0
0
0
0
0
0
0
0
0
230.0000,81.0000,71.0000,83.0000
0
0
0
0
1
245.0000,76.0000,84.0000,92.0000
227.0000,79.0000,86.0000,94.0000
227.0000,79.0000,86.0000,94.0000
227.0000,79.0000,86.0000,94.0000
227.0000,79.0000,86.0000,94.0000
227.0000,79.0000,86.0000,94.0000
227.0000,79.0000,86.0000,94.0000
227.0000,79.0000,86.0000,94.0000
227.0000,79.0000,86.0000,94.0000
227.0000,79.0000,86.0000,94.0000
227.0000,79.0000,86.0000,94.0000
227.0000,79.0000,86.0000,94.0000
227.0000,79.0000,86.0000,94.0000
227.0000,79.0000,86.0000,94.0000
227.0000,79.0000,86.0000,94.0000
227.0000,79.0000,86.0000,94.0000
227.0000,79.0000,86.0000,94.0000
227.0000,79.0000,86.0000,94.0000
227.0000,79.0000,86.0000,94.0000
227.0000,79.0000,86.0000,94.0000
227.0000,79.0000,86.0000,94.0000
227.0000,79.0000,86.0000,94.0000
227.0000,79.0000,86.0000,94.0000
227.0000,79.0000,86.0000,94.0000
227.0000,79.0000,86.0000,94.0000
227.0000,79.0000,86.0000,94.0000
227.0000,79.0000,86.0000,94.0000
227.0000,79.0000,86.0000,94.0000
227.0000,79.0000,86.0000,94.0000
227.0000,79.0000,86.0000,94.0000
227.0000,79.0000,86.0000,94.0000
227.0000,79.0000,86.0000,94.0000
227.0000,79.0000,86.0000,94.0000
227.0000,79.0000,86.0000,94.0000
227.0000,79.0000,86.0000,94.0000
227.0000,79.0000,86.0000,94.0000
227.0000,79.0000,86.0000,94.0000
222.0000,86.0000,89.0000,97.0000
222.0000,86.0000,89.0000,97.0000
222.0000,86.0000,89.0000,97.0000
222.0000,86.0000,89.0000,97.0000
222.0000,86.0000,89.0000,97.0000
222.0000,86.0000,89.0000,97.0000
222.0000,86.0000,89.0000,97.0000
222.0000,86.0000,89.0000,97.0000
222.0000,86.0000,89.0000,97.0000
222.0000,86.0000,89.0000,97.0000
222.0000,86.0000,89.0000,97.0000
222.0000,86.0000,89.0000,97.0000
222.0000,86.0000,89.0000,97.0000
222.0000,86.0000,89.0000,97.0000
222.0000,86.0000,89.0000,97.0000
222.0000,86.0000,89.0000,97.0000
222.0000,86.0000,89.0000,97.0000
222.0000,86.0000,89.0000,97.0000
222.0000,86.0000,89.0000,97.0000
222.0000,86.0000,89.0000,97.0000
222.0000,86.0000,89.0000,97.0000
222.0000,86.0000,89.0000,97.0000
222.0000,86.0000,89.0000,97.0000
222.0000,86.0000,89.0000,97.0000
222.0000,86.0000,89.0000,97.0000
222.0000,86.0000,89.0000,97.0000
222.0000,86.0000,89.0000,97.0000
222.0000,86.0000,89.0000,97.0000
222.0000,86.0000,89.0000,97.0000
222.0000,86.0000,89.0000,97.0000
222.0000,86.0000,89.0000,97.0000
222.0000,86.0000,89.0000,97.0000
222.0000,86.0000,89.0000,97.0000
222.0000,86.0000,89.0000,97.0000
230.0000,90.0000,86.0000,94.0000
230.0000,90.0000,86.0000,94.0000
230.0000,90.0000,86.0000,94.0000
230.0000,90.0000,86.0000,94.0000
230.0000,90.0000,86.0000,94.0000
230.0000,90.0000,86.0000,94.0000
230.0000,90.0000,86.0000,94.0000
230.0000,90.0000,86.0000,94.0000
230.0000,90.0000,86.0000,94.0000
230.0000,90.0000,86.0000,94.0000
230.0000,90.0000,86.0000,94.0000
230.0000,90.0000,86.0000,94.0000
230.0000,90.0000,86.0000,94.0000
230.0000,90.0000,86.0000,94.0000
230.0000,90.0000,86.0000,94.0000
230.0000,90.0000,86.0000,94.0000
230.0000,90.0000,86.0000,94.0000
230.0000,90.0000,86.0000,94.0000
230.0000,90.0000,86.0000,94.0000
230.0000,90.0000,86.0000,94.0000
230.0000,90.0000,86.0000,94.0000
230.0000,90.0000,86.0000,94.0000
230.0000,90.0000,86.0000,94.0000
230.0000,90.0000,86.0000,94.0000
230.0000,90.0000,86.0000,94.0000
230.0000,90.0000,86.0000,94.0000
230.0000,90.0000,86.0000,94.0000
230.0000,90.0000,86.0000,94.0000
230.0000,90.0000,86.0000,94.0000
230.0000,90.0000,86.0000,94.0000
230.0000,90.0000,86.0000,94.0000
230.0000,90.0000,86.0000,94.0000
230.0000,90.0000,86.0000,94.0000
230.0000,90.0000,86.0000,94.0000
220.0000,129.0000,84.0000,92.0000
220.0000,129.0000,84.0000,92.0000
220.0000,129.0000,84.0000,92.0000
220.0000,129.0000,84.0000,92.0000
220.0000,129.0000,84.0000,92.0000
220.0000,129.0000,84.0000,92.0000
220.0000,129.0000,84.0000,92.0000
220.0000,129.0000,84.0000,92.0000
220.0000,129.0000,84.0000,92.0000
220.0000,129.0000,84.0000,92.0000
2
0
0
0
0
0
0
0
0
0
0
0
0
0
0
0
0
0
0
0
0
0
0
0
243.0000,93.0000,81.0000,89.0000
0
0
0
0
1
134.0000,104.0000,70.0000,77.0000
146.0000,116.0000,70.0000,76.0000
146.0000,116.0000,70.0000,76.0000
2
0
0
0
0
0
0
0
0
0
0
