0.00026952
0.7687
0.13405
0.12037
0.14654
0.10266
0.091569
0.097268
0.097369
0.094969
0.094898
0.093673
0.093048
0.093618
0.090562
0.094238
0.096227
0.094386
0.095608
0.10083
0.091939
0.10292
0.092978
0.091301
0.093498
0.093398
0.090885
0.095604
0.092312
0.090884
0.097096
0.10134
0.095032
0.093336
0.092743
0.095374
0.097204
0.094586
0.09055
0.093713
0.093395
0.089271
0.090747
0.093175
0.089413
0.091961
0.091522
0.095903
0.091816
0.092141
0.098442
0.091488
0.093451
0.097664
0.090087
0.098201
0.09442
0.089973
0.092571
0.10367
0.095201
0.089352
0.091692
0.089694
0.08983
0.095723
0.091516
0.089717
0.09244
0.10401
0.093565
0.086753
0.090121
0.089668
0.094075
0.088047
0.094196
0.089146
0.091929
0.098297
0.099065
0.088082
0.088564
0.090244
0.087782
0.089704
0.091447
0.092233
0.094977
0.094709
0.093901
0.087444
0.088556
0.088544
0.094208
0.093524
0.090368
0.091093
0.099135
0.10211
0.10439
0.096692
0.087881
0.089192
0.097891
0.090186
0.092104
0.091167
0.08995
0.094351
0.091515
0.094704
0.092232
0.091072
0.099843
0.10057
0.091777
0.096848
0.091813
0.091379
