2.1125
0.3476
0.082832
0.051421
0.05906
0.045632
0.041431
0.04115
0.036816
0.036797
0.036511
0.034426
0.036694
0.036281
0.034231
0.034615
0.035085
0.035144
0.036288
0.035974
0.034276
0.035066
0.033024
0.032936
0.033139
0.032895
0.034161
0.035402
0.034099
0.036035
0.036385
0.035916
0.036038
0.03457
0.03412
0.034267
0.035677
0.036142
0.035022
0.036241
0.034026
0.035056
0.034615
0.035076
0.03409
0.034315
0.035187
0.060278
0.059948
0.047582
0.045916
0.04419
0.043767
0.043629
0.044061
0.043593
0.044913
0.045211
0.045777
0.045871
0.046143
0.045764
0.046801
0.040225
0.038344
0.035974
0.036251
0.036627
0.035841
0.036142
0.036593
0.035009
0.037048
0.035658
0.034745
0.035393
0.036497
0.035792
0.036989
0.034095
0.03505
0.034802
0.034332
0.034393
0.035681
0.035169
0.035467
0.035604
0.034524
0.035351
0.035599
0.034385
0.035548
0.036045
0.033789
0.034454
0.034858
0.0343
0.03445
0.034865
0.033485
0.033258
0.035024
0.036954
0.036044
0.036172
0.035505
0.036574
0.036007
0.036454
0.036683
0.036987
0.036503
0.035524
0.036013
0.035639
0.035535
0.035817
0.035481
0.03471
0.036043
0.035659
0.035886
0.035997
0.034493
0.034726
0.036108
0.034788
0.040625
0.037985
0.035754
0.037362
0.036152
0.034717
0.034652
0.034947
0.035615
0.035727
0.03511
0.034733
0.034629
0.035571
0.034483
0.034779
0.035095
0.034565
0.034562
0.0362
0.035707
0.037613
0.036931
0.035452
0.035609
0.036748
0.035456
0.035667
0.034793
0.034335
0.046751
0.056502
0.046306
0.042266
0.042968
0.042445
0.042477
0.042846
0.042534
0.041344
0.061837
0.064013
0.04662
0.052577
0.049869
0.043781
0.046156
0.050969
0.0446
0.046954
0.045026
0.045474
0.045551
0.043827
0.044805
0.037779
0.037428
0.037361
0.036777
0.034553
0.036079
0.037369
0.038207
0.037315
0.036657
0.037044
0.037667
0.036881
0.038129
0.042666
0.042912
0.043018
0.039231
0.042194
0.040931
0.039913
0.040316
0.041006
0.039433
0.03944
0.038719
0.03677
0.033588
0.036885
0.036294
0.037669
0.047978
0.061047
0.049453
0.059317
0.050772
0.051866
0.038791
0.036293
0.037281
0.034589
0.038112
0.03656
0.042239
0.037614
0.03838
0.034632
0.034754
0.039536
0.037987
0.039696
0.040483
0.038377
0.037402
0.055084
0.058254
0.048658
0.040395
0.03858
0.037046
0.036517
0.037067
0.035748
0.034726
0.038014
0.034339
0.034762
0.037292
0.036629
0.036191
0.03468
0.038255
0.038368
0.035403
0.036167
0.048257
0.0663
0.053885
0.047462
0.039619
0.035363
0.037468
0.039463
0.03297
0.035991
0.032741
0.032844
0.033166
0.032875
0.032752
0.036078
0.033035
0.036237
0.0354
0.032773
0.037929
0.033706
0.032896
0.032886
0.033076
0.032663
0.03616
0.033745
0.036544
0.033387
0.033223
0.032725
0.032794
0.03314
0.032881
0.03816
0.033796
0.035632
0.033491
0.036099
0.034429
0.033576
0.033454
0.032752
0.032815
0.035142
0.032793
0.033014
0.033136
0.032628
0.032764
0.032493
0.031197
0.031317
0.034454
0.031474
0.031092
0.031611
0.031161
0.031211
0.031575
0.035005
0.034709
0.035133
0.031825
0.031577
0.031587
0.030954
0.031258
0.03167
0.031142
0.031229
0.032946
0.032681
0.032559
0.033139
0.032778
0.037294
0.033162
0.032775
0.031542
0.032881
0.031574
0.031681
0.031766
0.031215
0.031419
0.031729
0.031378
0.033836
0.031653
0.031638
0.031685
0.031602
0.031333
0.031394
0.031597
0.031241
0.031692
0.032006
0.032096
0.031793
0.031681
0.031106
0.031216
0.031568
0.031152
0.031616
0.032342
0.031538
0.031355
0.032201
0.031276
0.031379
0.031523
0.031426
0.031789
0.033937
0.032001
0.031807
0.031636
0.03108
0.03195
0.031593
0.031147
0.03151
0.032023
0.031076
0.031409
0.031592
0.031206
0.033156
0.031512
0.03301
0.031679
0.03169
0.031919
0.031301
0.031583
0.032915
0.030947
0.032181
0.031517
0.030835
0.031401
0.030833
0.030833
0.0312
0.03124
0.031162
0.032066
0.03117
0.031117
0.031455
0.030867
0.030999
0.031552
0.034859
0.03189
0.031788
0.030951
0.031355
0.03387
0.031849
0.031578
0.031933
0.031405
0.032636
0.03182
0.03113
0.03211
0.031469
0.030876
0.035917
0.032396
0.031259
0.031577
0.031943
0.031493
0.031235
0.030071
0.029788
0.029689
0.030632
0.029609
0.02963
0.030336
0.029856
0.029876
0.030333
0.031072
0.029968
0.030292
0.029761
0.030054
0.030753
0.02974
0.02986
0.030359
0.029984
0.030087
0.030442
0.030513
0.02989
0.030336
0.029877
0.029782
0.03034
0.029896
0.029998
0.030276
0.029743
0.029809
0.030476
0.03007
0.029912
0.030248
0.029813
0.029895
0.030379
0.029866
0.030076
0.030361
0.029757
0.029906
0.03038
0.030019
0.030108
0.0305
0.029896
0.030049
0.030295
0.029889
0.030271
0.030673
0.030254
0.030072
0.030475
0.030003
0.030063
0.030687
0.029889
0.030178
0.030371
0.029865
0.030117
0.030344
0.029879
0.030058
0.030397
0.029771
0.030058
0.030426
0.030052
0.02995
0.030342
0.029831
0.02993
0.030465
0.029825
0.030027
0.030396
0.029851
0.029902
0.030376
0.029938
0.034115
0.032274
0.029903
0.029997
0.030486
0.029874
0.0301
0.030625
0.029996
0.029977
0.030355
0.029946
0.03001
0.030611
0.029844
0.030041
0.030518
0.029895
0.030018
0.030393
0.029958
0.030065
0.03036
0.029745
0.030051
0.030492
0.030052
0.030026
0.030308
0.029816
0.029961
0.030384
0.02982
0.030079
0.030637
0.029843
0.029976
0.030433
0.030042
0.030219
0.030442
0.029926
0.030008
0.030424
0.02997
0.029944
0.030512
0.029815
0.030144
0.030361
0.029902
0.03018
0.030781
0.030678
0.030137
0.030383
0.029921
0.030245
0.030437
0.0301
0.030075
0.03048
0.030044
0.030036
0.03066
0.030325
0.030131
0.032148
0.029938
0.030019
0.03044
0.029954
0.03018
0.030649
0.029941
0.030137
0.030411
0.030079
0.030192
0.030505
0.029961
0.030077
0.030501
0.030125
0.029876
0.030726
0.030106
0.030112
0.030627
0.030248
0.030259
0.030681
0.030026
0.030081
0.030546
0.029986
0.030126
0.030622
0.030143
0.030315
0.030417
0.03002
0.030101
0.030496
0.030077
0.030263
0.030534
0.02986
0.030096
0.030494
0.029934
0.030132
0.030489
0.029896
0.032036
0.030516
0.030076
0.030252
0.030682
0.030007
0.030174
0.03058
0.030178
0.030237
0.030645
0.030128
0.030115
0.030504
0.030027
0.030167
0.030758
0.031759
0.030113
0.030461
0.029963
0.030109
0.030419
0.030153
0.030077
0.030416
0.029981
0.030163
0.030638
0.030229
0.03005
0.030476
0.030099
0.030107
0.030608
0.030163
0.030284
0.030428
0.029975
0.030212
0.030636
0.03013
0.030309
0.030482
0.029917
0.030021
0.030452
0.030018
0.030124
0.030736
0.03012
0.030061
0.030544
0.029926
0.03019
0.030721
0.03009
0.030052
0.030485
0.029875
0.030088
0.030433
0.030013
0.030045
0.030477
0.030037
0.03006
0.030578
0.030094
0.030105
