51.243
1.5953
1.4628
1.342
1.3147
1.342
1.3104
1.3942
1.341
1.3529
1.3447
1.3579
1.3572
1.2876
1.3294
1.3281
1.3545
1.3587
1.305
1.3485
1.3062
1.3075
1.3571
1.3329
1.3228
1.3391
1.3035
1.3653
1.4385
1.3782
1.3393
1.3068
1.3268
1.323
1.382
1.318
1.3176
1.3061
1.4387
1.36
1.3623
1.3536
1.3212
1.3235
1.2954
1.3604
1.3477
1.3006
1.3274
1.3282
1.3851
1.3313
1.3076
1.3212
1.3269
1.315
1.3645
1.313
1.2918
1.3278
1.2956
1.2787
1.2829
1.3349
1.3434
1.3242
1.3389
1.3307
1.3038
1.3256
1.3042
1.8193
1.3572
1.3168
1.3268
1.3442
1.3937
1.3533
1.3137
1.3207
1.3377
1.3184
1.3232
1.2927
1.3137
1.3399
1.3202
1.333
1.315
1.3086
1.3642
1.2959
1.3034
1.3466
1.3064
1.2956
1.3024
1.3166
1.3282
1.3753
1.4457
1.3077
1.3786
1.3257
1.2926
1.3091
1.3214
1.3253
1.3004
1.3406
1.3165
1.3366
1.3289
1.3021
1.3237
1.3159
1.3422
1.499
1.2768
1.3665
1.3715
1.3385
1.3457
1.3344
1.3969
1.311
1.4364
1.3414
1.3161
1.3089
1.3435
1.3043
1.345
1.3536
1.3259
1.3188
1.3077
1.2931
1.2988
1.321
1.3779
1.3671
1.3393
1.3504
1.3051
1.3666
1.3346
1.3514
1.3477
1.3289
1.3007
1.3222
1.3375
1.3514
1.3017
1.3362
1.3012
1.3203
1.3224
1.3364
1.3434
1.3509
1.3324
1.3555
1.328
1.3484
1.3577
1.4098
1.3285
1.3541
1.3599
1.3694
1.3875
1.3579
1.3342
1.3865
1.3287
1.3449
1.3635
1.3166
1.3227
1.3304
1.3372
1.3212
1.3352
1.2883
1.3176
1.3073
1.3396
1.3276
1.3132
1.3487
1.3231
1.3219
1.3476
1.3301
1.3009
1.3575
1.3156
1.3586
1.9904
1.6
1.3095
1.3438
1.3496
1.2874
1.3236
1.293
1.325
1.3345
1.3588
1.3249
1.3358
1.3669
1.3602
1.3386
1.3391
1.3361
1.4354
1.4674
1.3457
1.2861
1.3441
1.3727
1.3468
1.3355
1.2919
1.3493
1.2983
1.3118
1.3124
1.3525
1.3409
1.3349
1.312
1.3547
1.3415
1.3162
1.3077
1.3844
1.3483
1.312
1.3313
1.3297
1.3293
1.374
1.3313
1.3528
1.3452
1.3402
1.4613
1.4896
1.3072
1.36
1.3333
1.3493
1.3354
1.3082
1.3106
1.3092
1.3145
1.3132
1.3652
1.3634
1.3382
1.3385
1.4452
1.4137
1.4761
1.2993
1.303
1.3407
1.3589
1.3685
1.3173
1.3407
1.3569
1.351
1.3209
1.2966
1.286
1.3139
1.3093
1.3296
1.3591
1.2973
1.3023
1.3491
1.3458
1.3624
1.3403
1.3298
1.3231
1.3143
1.3337
1.2991
1.3445
1.3426
1.3138
1.344
1.2981
1.3807
1.3539
1.3456
1.3437
1.3389
1.3483
1.3559
1.357
1.3153
1.3308
1.3602
1.3403
1.3563
1.4213
1.3548
1.3026
1.3547
1.3569
1.3046
1.3628
1.3634
1.3131
1.3348
1.309
1.3173
1.3171
1.3533
1.3467
1.3078
1.3591
1.3285
1.3268
1.3824
1.4165
1.3612
1.3979
1.3299
1.2953
1.3064
1.3733
1.3235
1.301
1.3078
1.3286
1.3571
1.2941
1.3308
1.3159
1.3255
1.3236
1.3608
1.347
1.3393
1.3166
1.3229
1.322
1.3243
1.3238
1.3486
1.3643
1.3524
1.4188
1.3216
1.2894
