0.000224
1.5168
0.046217
0.04768
0.04567
0.046219
0.045873
0.046153
0.04697
0.045879
0.046823
0.045957
0.045486
0.046097
0.045568
0.046662
0.046402
0.047696
0.045956
0.046335
0.045631
0.046256
0.046539
0.046348
0.04544
0.045862
0.046521
0.047041
0.045849
0.046352
0.047031
0.046013
0.047029
0.046167
0.045719
0.045822
0.044466
0.045786
0.046437
0.04587
0.046203
0.046466
0.047049
0.046528
0.045552
0.045839
0.046495
0.048172
0.044463
0.045597
0.045535
0.04658
0.047021
0.046191
0.046952
0.046235
0.047362
0.04645
0.045641
0.046678
0.044331
0.046454
0.045942
0.046427
0.045566
0.045647
0.04726
0.046333
0.046904
0.045944
0.046767
0.046176
0.044969
0.047093
0.046146
0.047512
0.046373
0.04639
0.045579
0.045614
0.045849
0.046913
0.046715
0.046149
0.04521
0.046075
0.046184
0.046064
0.046045
0.046321
0.046325
0.046653
0.045748
0.04542
0.045943
0.045994
0.045292
0.045734
0.04634
0.045682
0.045963
0.046655
0.045448
0.046473
0.04563
0.0469
0.046442
0.046256
0.04473
0.045312
0.047272
0.046072
0.046479
0.045709
0.046157
0.046516
0.04715
0.04604
0.045453
0.046066
0.045025
0.046306
0.046092
0.045606
0.046832
0.046409
0.046867
0.046131
0.046317
0.045905
0.046199
0.046198
0.044333
0.046972
0.045784
0.047808
0.045793
0.046078
0.046508
0.045511
0.047705
0.045873
0.046626
0.045764
0.044865
0.045774
0.045609
0.046647
0.045643
0.046777
0.0465
0.045736
0.046156
0.046395
0.046651
0.046471
0.045202
0.046152
0.045563
0.047054
0.045971
0.046216
0.045449
0.04687
0.046528
0.047016
0.045836
0.046092
0.044704
0.045381
0.047073
0.045439
0.046361
0.045845
0.046918
0.046313
0.045463
0.046569
0.045456
0.046939
0.04466
0.045908
0.045638
0.04573
0.046764
0.04569
0.046831
0.045837
0.047409
0.046578
0.045614
0.045907
0.044323
0.046814
0.046129
0.046664
0.045865
0.045601
0.046359
0.046121
0.046437
0.045334
0.04831
0.046032
0.045845
0.045708
0.045866
0.045848
0.046246
0.047463
0.045699
0.046053
0.045733
0.04671
0.046442
0.045363
0.045085
0.045679
0.047087
0.046329
0.046048
0.045625
0.045573
0.046893
0.046463
0.047136
0.045792
0.046686
0.044638
0.045346
0.045889
0.045436
0.046875
0.046311
0.047134
0.045758
0.046041
0.045861
0.046288
0.046634
0.045676
0.046498
0.045709
0.047388
0.045949
0.046669
0.046121
0.045614
0.047779
0.046139
0.046059
0.045692
0.044545
0.046095
0.045492
0.046219
0.045724
0.046515
0.046423
0.045834
0.045728
0.045623
0.046809
0.046511
0.045565
0.045799
0.046797
0.04647
0.046746
0.046036
0.045534
0.046749
0.046199
0.047145
0.045919
0.045515
0.044799
0.045582
0.04671
0.045602
0.046312
0.045547
0.046924
0.04638
0.046198
0.046202
0.045571
0.046712
0.044826
0.046193
0.045715
0.046037
0.047152
0.04707
0.047025
0.045471
0.046044
0.046599
0.045955
0.046157
0.044387
0.046165
0.046306
0.046859
0.045708
0.047035
0.046187
0.04631
0.046673
0.045538
0.047122
0.046348
0.045071
0.045804
0.04607
0.046193
0.045894
0.047341
0.045951
0.046349
0.046019
0.046432
0.046945
0.045677
0.045501
0.045915
0.047289
0.046877
0.046174
0.04616
0.045696
0.048096
0.046228
0.046684
0.045658
0.046953
0.044688
0.045809
0.04573
0.045895
0.046371
0.04654
0.047353
0.045499
0.046219
0.045878
0.046277
0.04665
0.044317
0.046646
0.045681
0.046853
0.046185
0.046091
0.046475
0.045493
0.047138
0.045733
0.047226
0.045805
0.045085
0.045835
0.045777
0.046026
0.045413
0.047114
0.046423
0.046548
0.045876
0.045496
0.046732
0.046342
0.045848
0.045465
0.046215
0.046195
0.046158
0.045824
0.045902
0.04633
0.046157
0.047572
0.046274
0.045716
0.044731
0.045459
0.046974
0.045553
0.046697
0.045654
0.04725
0.046482
0.045514
0.045865
0.045442
0.047399
0.04477
0.0469
0.046015
0.045521
