1
746.4300,228.0000,181.0000,113.0000
746.4300,228.0000,181.0000,113.0000
746.4300,228.0000,181.0000,113.0000
751.8600,228.0000,181.0000,113.0000
749.1450,226.3050,186.4300,116.3900
751.9415,224.5591,192.0229,119.8817
757.7021,224.5591,192.0229,119.8817
754.8218,222.7609,197.7836,123.4781
754.8218,222.7609,197.7836,123.4781
756.2829,220.9088,203.7171,127.1825
756.2829,220.9088,203.7171,127.1825
756.2829,220.9088,203.7171,127.1825
756.2829,220.9088,203.7171,127.1825
756.2829,220.9088,203.7171,127.1825
756.2829,220.9088,203.7171,127.1825
756.2829,220.9088,203.7171,127.1825
756.2829,220.9088,203.7171,127.1825
756.2829,220.9088,203.7171,127.1825
756.2829,220.9088,203.7171,127.1825
768.2000,205.0000,206.6000,128.8000
753.4000,212.7280,206.6000,128.8000
753.4000,212.7280,206.6000,128.8000
753.4000,212.7280,206.6000,128.8000
753.4000,212.7280,206.6000,128.8000
786.4000,211.6000,201.6000,125.8000
758.4000,211.6000,201.6000,125.8000
758.4000,211.6000,201.6000,125.8000
758.4000,211.6000,201.6000,125.8000
758.4000,211.6000,201.6000,125.8000
752.3520,209.7130,207.6480,129.5740
779.2000,216.0000,204.6000,127.8000
755.4000,208.3320,204.6000,127.8000
755.4000,208.3320,204.6000,127.8000
755.4000,208.3320,204.6000,127.8000
784.8000,204.2000,218.8000,136.8000
747.7640,206.2520,212.2360,132.6960
747.7640,206.2520,212.2360,132.6960
747.7640,206.2520,212.2360,132.6960
747.7640,206.2520,212.2360,132.6960
747.7640,206.2520,212.2360,132.6960
747.7640,206.2520,212.2360,132.6960
747.7640,206.2520,212.2360,132.6960
747.7640,206.2520,212.2360,132.6960
747.7640,206.2520,212.2360,132.6960
747.7640,206.2520,212.2360,132.6960
794.2000,188.6000,204.2000,127.4000
755.8000,196.2440,204.2000,127.4000
763.8000,208.0000,209.4000,130.8000
750.6000,208.0000,209.4000,130.8000
750.6000,208.0000,209.4000,130.8000
744.3180,206.0380,215.6820,134.7240
744.3180,206.0380,215.6820,134.7240
744.3180,206.0380,215.6820,134.7240
737.8475,204.0171,222.1525,138.7657
737.8475,204.0171,222.1525,138.7657
737.8475,204.0171,222.1525,138.7657
737.8475,204.0171,222.1525,138.7657
737.8475,204.0171,222.1525,138.7657
737.8475,204.0171,222.1525,138.7657
737.8475,204.0171,222.1525,138.7657
737.8475,204.0171,222.1525,138.7657
737.8475,204.0171,222.1525,138.7657
737.8475,204.0171,222.1525,138.7657
737.8475,204.0171,222.1525,138.7657
737.8475,204.0171,222.1525,138.7657
737.8475,204.0171,222.1525,138.7657
737.8475,204.0171,222.1525,138.7657
737.8475,204.0171,222.1525,138.7657
737.8475,204.0171,222.1525,138.7657
737.8475,204.0171,222.1525,138.7657
737.8475,204.0171,222.1525,138.7657
737.8475,204.0171,222.1525,138.7657
737.8475,204.0171,222.1525,138.7657
737.8475,204.0171,222.1525,138.7657
737.8475,204.0171,222.1525,138.7657
737.8475,204.0171,222.1525,138.7657
737.8475,204.0171,222.1525,138.7657
737.8475,204.0171,222.1525,138.7657
737.8475,204.0171,222.1525,138.7657
737.8475,204.0171,222.1525,138.7657
737.8475,204.0171,222.1525,138.7657
737.8475,204.0171,222.1525,138.7657
737.8475,204.0171,222.1525,138.7657
737.8475,204.0171,222.1525,138.7657
737.8475,204.0171,222.1525,138.7657
737.8475,204.0171,222.1525,138.7657
737.8475,204.0171,222.1525,138.7657
737.8475,204.0171,222.1525,138.7657
737.8475,204.0171,222.1525,138.7657
750.5888,215.6613,196.6700,122.8483
750.5888,211.9758,196.6700,122.8483
750.7657,212.0864,196.3161,122.6273
744.8816,208.4109,208.0843,129.9782
741.7603,206.4612,214.3269,133.8775
744.9752,208.4694,207.8970,129.8612
741.9531,206.5817,213.9412,133.6367
733.0297,202.5124,226.9703,141.7751
733.1319,202.7038,226.7660,141.6475
733.1319,202.7038,226.7660,141.6475
733.1319,202.7038,226.7660,141.6475
733.1319,202.7038,226.7660,141.6475
736.5334,209.0780,219.9630,137.3981
736.5334,209.0780,219.9630,137.3981
752.5386,215.0772,200.7543,125.3995
752.5386,215.0772,200.7543,125.3995
752.5386,215.0772,200.7543,125.3995
752.5386,215.0772,200.7543,125.3995
752.5386,215.0772,200.7543,125.3995
752.5386,215.0772,200.7543,125.3995
752.5386,215.0772,200.7543,125.3995
752.5386,215.0772,200.7543,125.3995
749.6204,213.2544,206.5908,129.0453
747.2114,211.3187,212.7886,132.9166
747.4030,213.3124,206.4049,128.9291
747.4030,211.3785,212.5970,132.7970
747.4030,211.3785,212.5970,132.7970
750.6847,213.4284,206.0335,128.6972
741.4190,205.4136,218.5810,136.5348
751.3448,209.5060,205.4778,128.3500
751.3448,209.5060,205.4778,128.3500
751.3448,209.5060,205.4778,128.3500
754.5223,209.5060,205.4778,128.3500
742.0087,205.5977,217.9913,136.1665
742.0087,205.5977,217.9913,136.1665
735.4689,203.5552,224.5311,140.2515
735.4689,203.5552,224.5311,140.2515
728.7330,201.4514,231.2670,144.4591
721.7950,199.2846,238.2050,148.7928
721.7950,199.2846,238.2050,148.7928
721.7950,199.2846,238.2050,148.7928
728.9411,201.5164,231.0589,144.3291
728.9411,201.5164,231.0589,144.3291
725.4752,203.6814,224.1271,139.9992
725.4752,203.6814,224.1271,139.9992
732.0982,207.8184,210.8812,131.7252
732.0982,207.8184,210.8812,131.7252
732.0033,207.8776,210.6914,131.6067
732.0033,207.8776,210.6914,131.6067
735.1637,209.8517,204.3707,127.6585
735.1637,209.8517,204.3707,127.6585
735.0717,209.9092,204.1867,127.5436
744.0764,215.6486,198.0611,123.7173
741.1054,213.7929,204.0030,127.4288
731.7417,207.9439,210.1230,131.2516
731.7417,207.9439,210.1230,131.2516
731.7417,207.9439,210.1230,131.2516
738.0453,207.9439,210.1230,131.2516
734.9909,206.0360,216.2320,135.0675
734.9909,206.0360,216.2320,135.0675
741.3806,210.0272,203.4527,127.0850
747.6617,214.0685,203.0866,126.8564
744.7095,212.2244,208.9909,130.5445
744.7095,212.2244,208.9909,130.5445
738.4398,208.3081,208.9909,130.5445
735.4018,206.4104,215.0669,134.3398
735.4986,206.4709,214.8734,134.2189
732.4745,204.5820,220.9214,137.9967
742.3022,214.4991,201.2662,125.7193
745.4090,216.4397,195.0525,121.8380
742.6639,214.7250,200.5426,125.2673
745.6721,216.6040,194.5264,121.5093
742.7542,214.7814,200.3621,125.1546
742.7542,214.7814,200.3621,125.1546
742.7542,214.7814,200.3621,125.1546
739.8416,209.2075,206.1873,128.7932
739.9344,209.2654,206.0017,128.6773
740.0271,209.3233,205.8163,128.5615
740.3047,209.4967,205.2611,128.2147
743.4732,211.4759,198.9241,124.2563
740.5815,205.7150,217.3697,135.7782
742.6303,201.6416,217.3697,135.7782
742.6303,201.6416,217.3697,135.7782
742.6303,201.6416,217.3697,135.7782
742.6303,201.6416,217.3697,135.7782
742.6303,201.6416,217.3697,135.7782
742.6303,201.6416,217.3697,135.7782
742.6303,201.6416,217.3697,135.7782
742.6303,201.6416,217.3697,135.7782
736.1092,199.6049,223.8908,139.8516
736.1092,199.6049,223.8908,139.8516
736.1092,199.6049,223.8908,139.8516
736.1092,199.6049,223.8908,139.8516
736.1092,199.6049,223.8908,139.8516
736.1092,199.6049,223.8908,139.8516
736.1092,199.6049,223.8908,139.8516
736.1092,199.6049,223.8908,139.8516
736.1092,199.6049,223.8908,139.8516
736.1092,199.6049,223.8908,139.8516
736.1092,199.6049,223.8908,139.8516
736.1092,199.6049,223.8908,139.8516
736.1092,199.6049,223.8908,139.8516
736.1092,199.6049,223.8908,139.8516
736.1092,203.8005,223.8908,139.8516
736.1092,203.8005,223.8908,139.8516
736.1092,203.8005,223.8908,139.8516
736.1092,203.8005,223.8908,139.8516
736.1092,207.9960,223.8908,139.8516
736.1092,207.9960,223.8908,139.8516
736.1092,207.9960,223.8908,139.8516
736.1092,207.9960,223.8908,139.8516
729.3925,205.8983,230.6075,144.0471
729.3925,205.8983,230.6075,144.0471
729.3925,210.2197,230.6075,144.0471
729.3925,210.2197,230.6075,144.0471
729.3925,210.2197,230.6075,144.0471
722.4742,208.0590,237.5257,148.3685
722.4742,208.0590,237.5257,148.3685
722.4742,208.0590,237.5257,148.3685
722.4742,208.0590,237.5257,148.3685
722.4742,208.0590,237.5257,148.3685
722.4742,208.0590,237.5257,148.3685
722.4742,208.0590,237.5257,148.3685
722.4742,208.0590,237.5257,148.3685
722.4742,208.0590,237.5257,148.3685
722.4742,208.0590,237.5257,148.3685
722.4742,208.0590,237.5257,148.3685
722.4742,208.0590,237.5257,148.3685
722.4742,208.0590,237.5257,148.3685
722.4742,208.0590,237.5257,148.3685
722.4742,208.0590,237.5257,148.3685
722.4742,208.0590,237.5257,148.3685
722.4742,208.0590,237.5257,148.3685
722.4742,208.0590,237.5257,148.3685
722.4742,208.0590,237.5257,148.3685
722.4742,208.0590,237.5257,148.3685
722.4742,203.6079,237.5257,148.3685
715.3485,196.9313,244.6515,152.8196
715.3485,196.9313,244.6515,152.8196
715.3485,196.9313,244.6515,152.8196
730.6000,212.4000,231.6000,144.8000
699.3322,194.6252,260.6678,162.9737
699.3322,194.6252,260.6678,162.9737
699.3322,194.6252,260.6678,162.9737
666.6160,174.6194,293.3840,183.4283
679.4262,192.6731,267.7636,167.4101
683.6763,195.3304,259.2634,162.0956
683.7930,195.4033,259.0301,161.9497
668.4594,185.2402,291.5406,182.2758
679.0000,163.2000,278.4000,174.4000
721.0000,201.4000,271.0000,169.8000
680.3826,191.5172,270.0257,169.1895
681.8735,194.0551,278.1265,174.2652
681.8735,194.0551,278.1265,174.2652
681.8735,194.0551,278.1265,174.2652
681.8735,194.0551,278.1265,174.2652
714.3201,206.6329,237.9780,149.1095
699.9550,199.7197,260.0450,162.9360
726.8000,240.4000,249.8000,156.8000
710.2000,202.7680,249.8000,156.8000
710.2000,198.0640,249.8000,156.8000
710.2000,198.0640,249.8000,156.8000
710.2000,198.0640,249.8000,156.8000
710.2000,198.0640,249.8000,156.8000
710.2000,198.0640,249.8000,156.8000
710.2000,198.0640,249.8000,156.8000
702.7060,195.7120,257.2940,161.5040
702.7060,195.7120,257.2940,161.5040
702.7060,190.8669,257.2940,161.5040
702.7060,190.8669,257.2940,161.5040
702.7060,190.8669,257.2940,161.5040
702.7060,190.8669,257.2940,161.5040
702.7060,190.8669,257.2940,161.5040
702.7060,190.8669,257.2940,161.5040
702.7060,190.8669,257.2940,161.5040
702.7060,190.8669,257.2940,161.5040
702.7060,190.8669,257.2940,161.5040
702.7060,190.8669,257.2940,161.5040
702.7060,190.8669,257.2940,161.5040
702.7060,190.8669,257.2940,161.5040
702.7060,190.8669,257.2940,161.5040
702.7060,190.8669,257.2940,161.5040
702.7060,190.8669,257.2940,161.5040
702.7060,190.8669,257.2940,161.5040
702.7060,190.8669,257.2940,161.5040
702.7060,190.8669,257.2940,161.5040
702.7060,190.8669,257.2940,161.5040
702.7060,190.8669,257.2940,161.5040
702.7060,190.8669,257.2940,161.5040
702.7060,190.8669,257.2940,161.5040
702.7060,190.8669,257.2940,161.5040
702.7060,190.8669,257.2940,161.5040
702.7060,190.8669,257.2940,161.5040
702.7060,190.8669,257.2940,161.5040
702.7060,190.8669,257.2940,161.5040
702.7060,190.8669,257.2940,161.5040
702.7060,190.8669,257.2940,161.5040
702.7060,190.8669,257.2940,161.5040
702.7060,190.8669,257.2940,161.5040
702.7060,190.8669,257.2940,161.5040
702.7060,190.8669,257.2940,161.5040
702.7060,190.8669,257.2940,161.5040
702.7060,190.8669,257.2940,161.5040
702.7060,190.8669,257.2940,161.5040
702.7060,190.8669,257.2940,161.5040
702.7060,190.8669,257.2940,161.5040
702.7060,190.8669,257.2940,161.5040
702.7060,190.8669,257.2940,161.5040
702.7060,190.8669,257.2940,161.5040
694.9872,190.8669,257.2940,161.5040
716.9935,195.7077,241.8700,151.8224
709.7374,195.7077,241.8700,151.8224
706.1093,193.4304,249.1261,156.3770
706.1093,193.4304,249.1261,156.3770
709.8462,200.4673,241.6524,151.6857
709.8462,195.9167,241.6524,151.6857
706.2214,202.7426,234.4028,147.1351
699.0839,198.2623,248.6779,156.0957
699.0839,198.2623,248.6779,156.0957
702.8140,195.9209,241.2176,151.4128
699.3076,193.7199,248.2305,155.8148
699.2026,193.7900,248.0071,155.6746
704.5527,193.7900,248.0071,155.6746
708.2728,196.1251,240.5669,151.0043
708.2728,196.1251,240.5669,151.0043
708.2728,196.1251,240.5669,151.0043
701.0558,196.1251,240.5669,151.0043
708.2728,196.1251,240.5669,151.0043
701.0558,196.1251,240.5669,151.0043
701.0558,196.1251,240.5669,151.0043
701.0558,196.1251,240.5669,151.0043
701.0558,196.1251,240.5669,151.0043
701.0558,196.1251,240.5669,151.0043
701.0558,196.1251,240.5669,151.0043
704.6643,193.8601,247.7839,155.5345
704.6643,193.8601,247.7839,155.5345
704.6643,193.8601,247.7839,155.5345
704.6643,193.8601,247.7839,155.5345
704.6643,193.8601,247.7839,155.5345
697.2308,193.8601,247.7839,155.5345
697.2308,189.1940,247.7839,155.5345
697.2308,189.1940,247.7839,155.5345
697.2308,189.1940,247.7839,155.5345
697.2308,189.1940,247.7839,155.5345
697.2308,189.1940,247.7839,155.5345
697.2308,189.1940,247.7839,155.5345
697.2308,189.1940,247.7839,155.5345
697.2308,189.1940,247.7839,155.5345
697.2308,189.1940,247.7839,155.5345
697.2308,189.1940,247.7839,155.5345
697.2308,189.1940,247.7839,155.5345
697.2308,189.1940,247.7839,155.5345
697.2308,189.1940,247.7839,155.5345
700.9475,191.5271,255.2174,160.2005
693.2910,191.5271,255.2174,160.2005
693.2910,191.5271,255.2174,160.2005
693.2910,186.7210,255.2174,160.2005
693.2910,186.7210,255.2174,160.2005
693.2910,186.7210,255.2174,160.2005
693.2910,186.7210,255.2174,160.2005
693.2910,186.7210,255.2174,160.2005
693.2910,186.7210,255.2174,160.2005
693.2910,191.5271,255.2174,160.2005
700.9475,191.5271,255.2174,160.2005
700.9475,191.5271,255.2174,160.2005
700.9475,191.5271,255.2174,160.2005
700.9475,191.5271,255.2174,160.2005
700.9475,191.5271,255.2174,160.2005
700.9475,191.5271,255.2174,160.2005
700.9475,191.5271,255.2174,160.2005
700.9475,191.5271,255.2174,160.2005
704.7758,193.9301,247.5609,155.3945
704.7758,193.9301,247.5609,155.3945
704.7758,193.9301,247.5609,155.3945
704.7758,193.9301,247.5609,155.3945
704.7758,193.9301,247.5609,155.3945
704.7758,193.9301,247.5609,155.3945
704.7758,193.9301,247.5609,155.3945
704.7758,193.9301,247.5609,155.3945
704.7758,193.9301,247.5609,155.3945
701.0624,191.5991,254.9877,160.0563
701.0624,191.5991,254.9877,160.0563
701.0624,191.5991,254.9877,160.0563
701.0624,191.5991,254.9877,160.0563
701.0624,191.5991,254.9877,160.0563
701.0624,191.5991,254.9877,160.0563
701.0624,191.5991,254.9877,160.0563
701.0624,191.5991,254.9877,160.0563
701.0624,191.5991,254.9877,160.0563
701.0624,191.5991,254.9877,160.0563
701.0624,191.5991,254.9877,160.0563
701.0624,191.5991,254.9877,160.0563
701.0624,191.5991,254.9877,160.0563
701.0624,186.7975,254.9877,160.0563
705.0123,181.9958,254.9877,160.0563
705.0123,181.9958,254.9877,160.0563
705.0123,191.5991,254.9877,160.0563
708.8371,194.0000,247.3381,155.2547
705.1270,186.8738,254.7582,159.9123
705.1270,186.8738,254.7582,159.9123
705.1270,186.8738,254.7582,159.9123
697.5990,179.6777,262.4010,164.7097
697.5990,179.6777,262.4010,164.7097
697.5990,184.6190,262.4010,164.7097
697.5990,184.6190,262.4010,164.7097
697.5990,184.6190,262.4010,164.7097
697.5990,179.6777,262.4010,164.7097
689.7270,177.2071,270.2730,169.6509
689.7270,177.2071,270.2730,169.6509
689.7270,177.2071,270.2730,169.6509
689.7270,177.2071,270.2730,169.6509
689.7270,177.2071,270.2730,169.6509
689.7270,177.2071,270.2730,169.6509
689.7270,177.2071,270.2730,169.6509
689.7270,177.2071,270.2730,169.6509
689.7270,177.2071,270.2730,169.6509
689.7270,177.2071,270.2730,169.6509
689.7270,177.2071,270.2730,169.6509
689.7270,177.2071,270.2730,169.6509
689.7270,177.2071,270.2730,169.6509
689.7270,177.2071,270.2730,169.6509
689.7270,177.2071,270.2730,169.6509
689.7270,177.2071,270.2730,169.6509
689.7270,177.2071,270.2730,169.6509
689.7270,177.2071,270.2730,169.6509
689.7270,177.2071,270.2730,169.6509
689.7270,177.2071,270.2730,169.6509
689.7270,177.2071,270.2730,169.6509
689.7270,177.2071,270.2730,169.6509
689.7270,177.2071,270.2730,169.6509
689.7270,177.2071,270.2730,169.6509
689.7270,177.2071,270.2730,169.6509
693.7811,179.7519,262.1648,164.5614
693.7811,179.7519,262.1648,164.5614
664.9312,164.1874,295.0688,185.2153
664.9312,164.1874,295.0688,185.2153
664.9312,164.1874,295.0688,185.2153
664.9312,164.1874,295.0688,185.2153
664.9312,164.1874,295.0688,185.2153
664.9312,164.1874,295.0688,185.2153
664.9312,164.1874,295.0688,185.2153
664.9312,164.1874,295.0688,185.2153
664.9312,164.1874,295.0688,185.2153
664.9312,164.1874,295.0688,185.2153
664.9312,164.1874,295.0688,185.2153
664.9312,164.1874,295.0688,185.2153
664.9312,164.1874,295.0688,185.2153
664.9312,164.1874,295.0688,185.2153
664.9312,164.1874,295.0688,185.2153
664.9312,164.1874,295.0688,185.2153
664.9312,164.1874,295.0688,185.2153
664.9312,164.1874,295.0688,185.2153
664.9312,164.1874,295.0688,185.2153
664.9312,164.1874,295.0688,185.2153
664.9312,164.1874,295.0688,185.2153
664.9312,164.1874,295.0688,185.2153
664.9312,164.1874,295.0688,185.2153
664.9312,164.1874,295.0688,185.2153
664.9312,164.1874,295.0688,185.2153
664.9312,164.1874,295.0688,185.2153
681.9794,174.8886,277.6302,174.2691
681.9794,174.8886,277.6302,174.2691
681.9794,174.8886,277.6302,174.2691
686.1439,177.5026,269.3013,169.0410
686.1439,177.5026,269.3013,169.0410
686.1439,177.5026,269.3013,169.0410
686.1439,177.5026,269.3013,169.0410
686.1439,177.5026,269.3013,169.0410
686.1439,177.5026,269.3013,169.0410
686.1439,177.5026,269.3013,169.0410
690.1833,180.0383,261.2223,163.9698
690.1833,180.0383,261.2223,163.9698
690.1833,180.0383,261.2223,163.9698
690.1833,180.0383,261.2223,163.9698
690.1833,180.0383,261.2223,163.9698
690.1833,184.9573,261.2223,163.9698
690.1833,184.9573,261.2223,163.9698
690.1833,184.9573,261.2223,163.9698
690.1833,184.9573,261.2223,163.9698
690.1833,184.9573,261.2223,163.9698
690.1833,184.9573,261.2223,163.9698
690.1833,184.9573,261.2223,163.9698
686.2650,182.4978,269.0590,168.8889
686.2650,182.4978,269.0590,168.8889
682.2291,179.9645,277.1307,173.9556
682.2291,179.9645,277.1307,173.9556
682.2291,179.9645,277.1307,173.9556
682.2291,174.7458,277.1307,173.9556
682.2291,174.7458,277.1307,173.9556
686.3861,177.3551,268.8168,168.7369
686.3861,177.3551,268.8168,168.7369
686.3861,177.3551,268.8168,168.7369
686.3861,177.3551,268.8168,168.7369
686.3861,177.3551,268.8168,168.7369
686.3861,177.3551,268.8168,168.7369
686.3861,177.3551,268.8168,168.7369
686.3861,177.3551,268.8168,168.7369
682.3538,174.8241,276.8813,173.7990
682.3538,174.8241,276.8813,173.7990
682.3538,174.8241,276.8813,173.7990
682.3538,174.8241,276.8813,173.7990
682.3538,174.8241,276.8813,173.7990
682.3538,174.8241,276.8813,173.7990
686.5071,177.4311,268.5749,168.5850
686.5071,177.4311,268.5749,168.5850
686.5071,177.4311,268.5749,168.5850
686.5071,177.4311,268.5749,168.5850
686.5071,177.4311,268.5749,168.5850
686.5071,182.4886,268.5749,168.5850
690.5357,185.0174,260.5176,163.5275
690.5357,185.0174,260.5176,163.5275
690.5357,185.0174,260.5176,163.5275
690.5357,180.1116,260.5176,163.5275
690.5357,180.1116,260.5176,163.5275
690.5357,180.1116,260.5176,163.5275
690.5357,180.1116,260.5176,163.5275
690.5357,180.1116,260.5176,163.5275
694.4435,182.5645,252.7021,158.6217
694.4435,182.5645,252.7021,158.6217
694.4435,182.5645,252.7021,158.6217
686.7487,177.7345,268.0916,168.2817
686.7487,177.7345,268.0916,168.2817
686.7487,177.7345,268.0916,168.2817
686.7487,177.7345,268.0916,168.2817
686.7487,177.7345,268.0916,168.2817
686.7487,177.7345,268.0916,168.2817
686.7487,177.7345,268.0916,168.2817
686.7487,177.7345,268.0916,168.2817
686.7487,177.7345,268.0916,168.2817
686.7487,177.7345,268.0916,168.2817
686.7487,177.7345,268.0916,168.2817
686.7487,177.7345,268.0916,168.2817
686.7487,177.7345,268.0916,168.2817
686.7487,177.7345,268.0916,168.2817
686.7487,177.7345,268.0916,168.2817
686.7487,177.7345,268.0916,168.2817
686.7487,177.7345,268.0916,168.2817
686.7487,177.7345,268.0916,168.2817
694.7843,182.7784,252.0204,158.1938
691.0040,180.4055,259.5810,162.9396
687.1103,177.9614,267.3685,167.8278
687.1103,177.9614,267.3685,167.8278
687.1103,177.9614,267.3685,167.8278
687.1103,177.9614,267.3685,167.8278
687.1103,177.9614,267.3685,167.8278
687.1103,177.9614,267.3685,167.8278
687.1103,177.9614,267.3685,167.8278
687.1103,177.9614,267.3685,167.8278
687.1103,177.9614,267.3685,167.8278
687.1103,177.9614,267.3685,167.8278
687.1103,177.9614,267.3685,167.8278
687.1103,177.9614,267.3685,167.8278
687.1103,177.9614,267.3685,167.8278
687.1103,177.9614,267.3685,167.8278
687.1103,177.9614,267.3685,167.8278
687.1103,177.9614,267.3685,167.8278
687.1103,177.9614,267.3685,167.8278
687.1103,177.9614,267.3685,167.8278
687.1103,177.9614,267.3685,167.8278
687.1103,177.9614,267.3685,167.8278
687.1103,177.9614,267.3685,167.8278
687.1103,177.9614,267.3685,167.8278
687.1103,177.9614,267.3685,167.8278
687.1103,177.9614,267.3685,167.8278
687.1103,177.9614,267.3685,167.8278
687.1103,177.9614,267.3685,167.8278
687.1103,177.9614,267.3685,167.8278
687.1103,177.9614,267.3685,167.8278
687.1103,177.9614,267.3685,167.8278
687.1103,177.9614,267.3685,167.8278
687.1103,177.9614,267.3685,167.8278
687.1103,177.9614,267.3685,167.8278
687.1103,177.9614,267.3685,167.8278
687.1103,177.9614,267.3685,167.8278
687.1103,177.9614,267.3685,167.8278
687.1103,177.9614,267.3685,167.8278
687.1103,177.9614,267.3685,167.8278
687.1103,177.9614,267.3685,167.8278
687.1103,177.9614,267.3685,167.8278
687.1103,177.9614,267.3685,167.8278
687.1103,177.9614,267.3685,167.8278
687.1103,177.9614,267.3685,167.8278
691.1208,180.4788,259.3474,162.7929
691.1208,180.4788,259.3474,162.7929
691.1208,180.4788,259.3474,162.7929
691.1208,180.4788,259.3474,162.7929
691.1208,180.4788,259.3474,162.7929
691.1208,180.4788,259.3474,162.7929
691.1208,180.4788,259.3474,162.7929
691.1208,180.4788,259.3474,162.7929
691.1208,180.4788,259.3474,162.7929
691.1208,180.4788,259.3474,162.7929
691.1208,180.4788,259.3474,162.7929
691.1208,180.4788,259.3474,162.7929
691.1208,180.4788,259.3474,162.7929
691.1208,180.4788,259.3474,162.7929
691.1208,180.4788,259.3474,162.7929
691.1208,180.4788,259.3474,162.7929
691.1208,180.4788,259.3474,162.7929
691.1208,180.4788,259.3474,162.7929
691.1208,180.4788,259.3474,162.7929
691.1208,180.4788,259.3474,162.7929
691.1208,180.4788,259.3474,162.7929
691.1208,180.4788,259.3474,162.7929
691.1208,180.4788,259.3474,162.7929
691.1208,180.4788,259.3474,162.7929
691.1208,180.4788,259.3474,162.7929
691.1208,180.4788,259.3474,162.7929
691.1208,180.4788,259.3474,162.7929
691.1208,180.4788,259.3474,162.7929
691.1208,180.4788,259.3474,162.7929
691.1208,180.4788,259.3474,162.7929
691.1208,180.4788,259.3474,162.7929
691.1208,180.4788,259.3474,162.7929
691.1208,185.3626,259.3474,162.7929
691.1208,185.3626,259.3474,162.7929
691.1208,185.3626,259.3474,162.7929
691.1208,185.3626,259.3474,162.7929
691.1208,185.3626,259.3474,162.7929
691.1208,180.4788,259.3474,162.7929
691.1208,185.3626,259.3474,162.7929
687.2306,177.8904,267.1278,167.6767
687.2306,177.8904,267.1278,167.6767
687.2306,177.8904,267.1278,167.6767
687.2306,177.8904,267.1278,167.6767
687.2306,177.8904,267.1278,167.6767
687.2306,177.8904,267.1278,167.6767
687.2306,177.8904,267.1278,167.6767
687.2306,177.8904,267.1278,167.6767
687.2306,177.8904,267.1278,167.6767
687.2306,177.8904,267.1278,167.6767
687.2306,177.8904,267.1278,167.6767
687.2306,177.8904,267.1278,167.6767
687.2306,177.8904,267.1278,167.6767
687.2306,177.8904,267.1278,167.6767
687.2306,177.8904,267.1278,167.6767
687.2306,177.8904,267.1278,167.6767
687.2306,177.8904,267.1278,167.6767
687.2306,177.8904,267.1278,167.6767
687.2306,177.8904,267.1278,167.6767
691.2375,180.4056,259.1140,162.6464
691.2375,180.4056,259.1140,162.6464
691.2375,180.4056,259.1140,162.6464
691.2375,180.4056,259.1140,162.6464
691.2375,180.4056,259.1140,162.6464
691.2375,180.4056,259.1140,162.6464
691.2375,180.4056,259.1140,162.6464
691.2375,180.4056,259.1140,162.6464
691.2375,180.4056,259.1140,162.6464
691.2375,180.4056,259.1140,162.6464
691.2375,180.4056,259.1140,162.6464
691.2375,180.4056,259.1140,162.6464
691.2375,180.4056,259.1140,162.6464
691.2375,180.4056,259.1140,162.6464
691.2375,180.4056,259.1140,162.6464
691.2375,180.4056,259.1140,162.6464
691.2375,180.4056,259.1140,162.6464
702.6644,182.8453,251.3406,157.7670
702.6644,182.8453,251.3406,157.7670
702.6644,182.8453,251.3406,157.7670
702.6644,182.8453,251.3406,157.7670
702.6644,182.8453,251.3406,157.7670
702.6644,182.8453,251.3406,157.7670
702.6644,182.8453,251.3406,157.7670
702.6644,182.8453,251.3406,157.7670
702.6644,182.8453,251.3406,157.7670
702.6644,182.8453,251.3406,157.7670
698.8943,180.4788,258.8808,162.5000
698.8943,180.4788,258.8808,162.5000
695.0111,182.9163,251.1144,157.6250
699.0038,180.4100,258.6478,162.3538
699.0038,180.4100,258.6478,162.3538
699.0038,180.4100,258.6478,162.3538
699.0038,180.4100,258.6478,162.3538
699.0038,180.4100,258.6478,162.3538
691.2444,180.4100,258.6478,162.3538
691.2444,180.4100,258.6478,162.3538
691.2444,180.4100,258.6478,162.3538
691.2444,180.4100,258.6478,162.3538
691.2444,180.4100,258.6478,162.3538
702.8835,182.8453,250.8884,157.4832
702.8835,182.8453,250.8884,157.4832
702.8835,182.8453,250.8884,157.4832
699.1202,180.4831,258.4150,162.2077
699.1202,180.4831,258.4150,162.2077
699.1202,180.4831,258.4150,162.2077
699.1202,180.4831,258.4150,162.2077
687.4916,178.0500,266.1674,167.0739
683.4990,170.5316,274.1525,172.0861
691.6002,180.7794,257.9501,161.9158
691.6002,180.7794,257.9501,161.9158
691.6002,180.7794,257.9501,161.9158
691.6002,180.7794,257.9501,161.9158
691.6002,180.7794,257.9501,161.9158
691.6002,180.7794,257.9501,161.9158
691.6002,180.7794,257.9501,161.9158
691.6002,180.7794,257.9501,161.9158
691.6002,180.7794,257.9501,161.9158
691.6002,180.7794,257.9501,161.9158
691.6002,180.7794,257.9501,161.9158
691.6002,180.7794,257.9501,161.9158
691.6002,180.7794,257.9501,161.9158
691.6002,180.7794,257.9501,161.9158
691.6002,180.7794,257.9501,161.9158
691.6002,180.7794,257.9501,161.9158
691.6002,180.7794,257.9501,161.9158
691.6002,180.7794,257.9501,161.9158
691.6002,180.7794,257.9501,161.9158
691.6002,180.7794,257.9501,161.9158
695.4695,183.2081,250.2116,157.0583
695.4695,183.2081,250.2116,157.0583
695.4695,183.2081,250.2116,157.0583
695.4695,183.2081,250.2116,157.0583
702.9758,187.9199,250.2116,157.0583
702.9758,187.9199,250.2116,157.0583
706.7290,190.2757,242.7052,152.3466
706.7290,190.2757,242.7052,152.3466
706.7290,190.2757,242.7052,152.3466
706.7290,190.2757,242.7052,152.3466
703.0884,187.9905,249.9864,156.9170
703.0884,183.2830,249.9864,156.9170
703.0884,183.2830,249.9864,156.9170
703.0884,183.2830,249.9864,156.9170
703.0884,183.2830,249.9864,156.9170
703.0884,183.2830,249.9864,156.9170
703.0884,183.2830,249.9864,156.9170
699.3386,180.9293,257.4860,161.6245
699.3386,180.9293,257.4860,161.6245
699.3386,180.9293,257.4860,161.6245
699.3386,180.9293,257.4860,161.6245
699.3386,180.9293,257.4860,161.6245
699.3386,180.9293,257.4860,161.6245
699.3386,180.9293,257.4860,161.6245
699.3386,180.9293,257.4860,161.6245
699.3386,180.9293,257.4860,161.6245
699.3386,180.9293,257.4860,161.6245
699.3386,180.9293,257.4860,161.6245
699.3386,180.9293,257.4860,161.6245
699.3386,180.9293,257.4860,161.6245
699.3386,180.9293,257.4860,161.6245
699.3386,180.9293,257.4860,161.6245
699.3386,180.9293,257.4860,161.6245
699.3386,180.9293,257.4860,161.6245
699.3386,180.9293,257.4860,161.6245
699.3386,180.9293,257.4860,161.6245
699.3386,180.9293,257.4860,161.6245
699.3386,180.9293,257.4860,161.6245
699.3386,180.9293,257.4860,161.6245
699.3386,180.9293,257.4860,161.6245
699.3386,180.9293,257.4860,161.6245
699.3386,180.9293,257.4860,161.6245
699.3386,180.9293,257.4860,161.6245
699.3386,180.9293,257.4860,161.6245
699.3386,180.9293,257.4860,161.6245
699.3386,180.9293,257.4860,161.6245
699.3386,180.9293,257.4860,161.6245
699.3386,180.9293,257.4860,161.6245
699.3386,180.9293,257.4860,161.6245
694.7894,178.5049,265.2105,166.4732
694.7894,178.5049,265.2105,166.4732
698.7676,181.0020,257.2542,161.4790
698.7676,181.0020,257.2542,161.4790
698.7676,181.0020,257.2542,161.4790
698.7676,181.0020,257.2542,161.4790
698.7676,181.0020,257.2542,161.4790
698.7676,181.0020,257.2542,161.4790
698.7676,181.0020,257.2542,161.4790
698.7676,181.0020,257.2542,161.4790
698.7676,181.0020,257.2542,161.4790
698.7676,181.0020,257.2542,161.4790
698.7676,181.0020,257.2542,161.4790
698.7676,181.0020,257.2542,161.4790
698.7676,181.0020,257.2542,161.4790
698.7676,181.0020,257.2542,161.4790
698.7676,181.0020,257.2542,161.4790
698.7676,181.0020,257.2542,161.4790
698.7676,181.0020,257.2542,161.4790
698.7676,181.0020,257.2542,161.4790
698.7676,181.0020,257.2542,161.4790
698.7676,181.0020,257.2542,161.4790
698.7676,181.0020,257.2542,161.4790
698.7676,181.0020,257.2542,161.4790
698.7676,181.0020,257.2542,161.4790
698.7676,181.0020,257.2542,161.4790
698.7676,181.0020,257.2542,161.4790
698.7676,181.0020,257.2542,161.4790
698.7676,181.0020,257.2542,161.4790
698.7676,181.0020,257.2542,161.4790
698.7676,181.0020,257.2542,161.4790
698.7676,181.0020,257.2542,161.4790
702.6264,183.4242,249.5366,156.6347
702.6264,183.4242,249.5366,156.6347
702.6264,183.4242,249.5366,156.6347
702.6264,183.4242,249.5366,156.6347
702.6264,183.4242,249.5366,156.6347
702.6264,183.4242,249.5366,156.6347
702.6264,183.4242,249.5366,156.6347
702.6264,183.4242,249.5366,156.6347
702.6264,183.4242,249.5366,156.6347
702.6264,183.4242,249.5366,156.6347
702.6264,183.4242,249.5366,156.6347
702.6264,183.4242,249.5366,156.6347
702.6264,183.4242,249.5366,156.6347
702.6264,183.4242,249.5366,156.6347
702.6264,183.4242,249.5366,156.6347
702.6264,183.4242,249.5366,156.6347
702.6264,183.4242,249.5366,156.6347
702.6264,183.4242,249.5366,156.6347
702.6264,183.4242,249.5366,156.6347
702.6264,183.4242,249.5366,156.6347
702.6264,183.4242,249.5366,156.6347
702.6264,183.4242,249.5366,156.6347
702.6264,183.4242,249.5366,156.6347
702.6264,183.4242,249.5366,156.6347
702.6264,183.4242,249.5366,156.6347
702.6264,183.4242,249.5366,156.6347
702.6264,183.4242,249.5366,156.6347
702.6264,183.4242,249.5366,156.6347
702.6264,183.4242,249.5366,156.6347
702.6264,183.4242,249.5366,156.6347
698.8834,181.0747,257.0227,161.3337
698.8834,181.0747,257.0227,161.3337
698.8834,181.0747,257.0227,161.3337
698.8834,181.0747,257.0227,161.3337
698.8834,181.0747,257.0227,161.3337
698.8834,181.0747,257.0227,161.3337
698.8834,181.0747,257.0227,161.3337
698.8834,181.0747,257.0227,161.3337
698.8834,181.0747,257.0227,161.3337
698.8834,181.0747,257.0227,161.3337
698.8834,181.0747,257.0227,161.3337
698.8834,181.0747,257.0227,161.3337
698.8834,181.0747,257.0227,161.3337
698.8834,181.0747,257.0227,161.3337
698.8834,181.0747,257.0227,161.3337
698.8834,181.0747,257.0227,161.3337
698.8834,181.0747,257.0227,161.3337
698.8834,181.0747,257.0227,161.3337
698.8834,181.0747,257.0227,161.3337
695.0280,178.6547,264.7334,166.1737
698.9990,181.1473,256.7914,161.1885
698.9990,181.1473,256.7914,161.1885
698.9990,181.1473,256.7914,161.1885
698.9990,181.1473,256.7914,161.1885
698.9990,181.1473,256.7914,161.1885
698.9990,181.1473,256.7914,161.1885
698.9990,181.1473,256.7914,161.1885
698.9990,181.1473,256.7914,161.1885
698.9990,181.1473,256.7914,161.1885
698.9990,181.1473,256.7914,161.1885
698.9990,181.1473,256.7914,161.1885
698.9990,181.1473,256.7914,161.1885
698.9990,181.1473,256.7914,161.1885
698.9990,181.1473,256.7914,161.1885
698.9990,181.1473,256.7914,161.1885
698.9990,181.1473,256.7914,161.1885
698.9990,181.1473,256.7914,161.1885
698.9990,181.1473,256.7914,161.1885
698.9990,181.1473,256.7914,161.1885
698.9990,181.1473,256.7914,161.1885
698.9990,181.1473,256.7914,161.1885
698.9990,181.1473,256.7914,161.1885
698.9990,181.1473,256.7914,161.1885
698.9990,181.1473,256.7914,161.1885
698.9990,181.1473,256.7914,161.1885
698.9990,181.1473,256.7914,161.1885
698.9990,181.1473,256.7914,161.1885
698.9990,181.1473,256.7914,161.1885
698.9990,181.1473,256.7914,161.1885
698.9990,181.1473,256.7914,161.1885
698.9990,181.1473,256.7914,161.1885
698.9990,181.1473,256.7914,161.1885
698.9990,181.1473,256.7914,161.1885
698.9990,181.1473,256.7914,161.1885
698.9990,181.1473,256.7914,161.1885
698.9990,181.1473,256.7914,161.1885
698.9990,181.1473,256.7914,161.1885
698.9990,181.1473,256.7914,161.1885
698.9990,181.1473,256.7914,161.1885
698.9990,181.1473,256.7914,161.1885
698.9990,181.1473,256.7914,161.1885
698.9990,181.1473,256.7914,161.1885
698.9990,181.1473,256.7914,161.1885
703.2086,181.1473,256.7914,161.1885
703.2086,181.1473,256.7914,161.1885
703.2086,181.1473,256.7914,161.1885
703.2086,181.1473,256.7914,161.1885
703.2086,181.1473,256.7914,161.1885
703.2086,181.1473,256.7914,161.1885
703.2086,181.1473,256.7914,161.1885
703.2086,181.1473,256.7914,161.1885
703.2086,181.1473,256.7914,161.1885
703.2086,181.1473,256.7914,161.1885
703.2086,181.1473,256.7914,161.1885
703.2086,181.1473,256.7914,161.1885
703.2086,181.1473,256.7914,161.1885
703.2086,181.1473,256.7914,161.1885
703.2086,181.1473,256.7914,161.1885
703.2086,181.1473,256.7914,161.1885
703.2086,181.1473,256.7914,161.1885
703.2086,181.1473,256.7914,161.1885
703.2086,181.1473,256.7914,161.1885
703.2086,181.1473,256.7914,161.1885
703.2086,181.1473,256.7914,161.1885
703.2086,181.1473,256.7914,161.1885
703.2086,181.1473,256.7914,161.1885
703.2086,181.1473,256.7914,161.1885
703.2086,181.1473,256.7914,161.1885
703.2086,181.1473,256.7914,161.1885
703.2086,181.1473,256.7914,161.1885
703.2086,181.1473,256.7914,161.1885
703.2086,181.1473,256.7914,161.1885
703.2086,181.1473,256.7914,161.1885
703.2086,181.1473,256.7914,161.1885
703.2086,181.1473,256.7914,161.1885
703.2086,181.1473,256.7914,161.1885
703.2086,181.1473,256.7914,161.1885
703.2086,181.1473,256.7914,161.1885
703.2086,181.1473,256.7914,161.1885
703.2086,181.1473,256.7914,161.1885
703.2086,181.1473,256.7914,161.1885
703.2086,181.1473,256.7914,161.1885
703.2086,181.1473,256.7914,161.1885
707.0605,183.5651,249.0876,156.3529
707.0605,183.5651,249.0876,156.3529
707.0605,183.5651,249.0876,156.3529
707.0605,183.5651,249.0876,156.3529
707.0605,183.5651,249.0876,156.3529
707.0605,183.5651,249.0876,156.3529
707.0605,183.5651,249.0876,156.3529
707.0605,183.5651,249.0876,156.3529
707.0605,183.5651,249.0876,156.3529
707.0605,183.5651,249.0876,156.3529
707.0605,183.5651,249.0876,156.3529
707.0605,183.5651,249.0876,156.3529
707.0605,183.5651,249.0876,156.3529
707.0605,183.5651,249.0876,156.3529
707.0605,183.5651,249.0876,156.3529
707.0605,183.5651,249.0876,156.3529
707.0605,183.5651,249.0876,156.3529
707.0605,183.5651,249.0876,156.3529
703.3242,181.2198,256.5603,161.0434
703.3242,181.2198,256.5603,161.0434
703.3242,181.2198,256.5603,161.0434
703.3242,181.2198,256.5603,161.0434
703.3242,181.2198,256.5603,161.0434
703.3242,181.2198,256.5603,161.0434
703.3242,181.2198,256.5603,161.0434
703.3242,181.2198,256.5603,161.0434
703.3242,181.2198,256.5603,161.0434
703.3242,181.2198,256.5603,161.0434
703.3242,181.2198,256.5603,161.0434
703.3242,181.2198,256.5603,161.0434
695.7429,178.8042,264.2571,165.8747
695.7429,178.8042,264.2571,165.8747
695.7429,178.8042,264.2571,165.8747
695.7429,178.8042,264.2571,165.8747
695.7429,178.8042,264.2571,165.8747
695.7429,178.8042,264.2571,165.8747
695.7429,178.8042,264.2571,165.8747
695.7429,178.8042,264.2571,165.8747
695.7429,178.8042,264.2571,165.8747
695.7429,178.8042,264.2571,165.8747
695.7429,178.8042,264.2571,165.8747
695.7429,178.8042,264.2571,165.8747
695.7429,178.8042,264.2571,165.8747
695.7429,178.8042,264.2571,165.8747
707.5156,183.7058,248.6395,156.0715
718.8197,186.0468,241.1803,151.3894
722.4374,188.3177,233.9449,146.8477
729.3505,192.6570,220.1188,138.1690
742.4586,196.7399,207.1097,130.0032
742.4586,200.6400,207.1097,130.0032
742.4586,200.6400,207.1097,130.0032
729.5604,196.6814,219.7227,137.9204
713.0000,196.0000,220.4000,138.2000
706.2888,191.7918,233.8224,146.6164
706.2888,196.1903,233.8224,146.6164
702.7815,193.9911,240.8370,151.0149
699.1689,191.7258,248.0621,155.5453
695.4480,189.3927,255.5040,160.2117
695.4480,189.3927,255.5040,160.2117
683.7204,186.9895,263.1691,165.0180
684.6000,199.2000,257.8000,161.8000
692.3340,189.4920,257.8000,161.8000
684.6000,194.3460,257.8000,161.8000
684.6000,194.3460,257.8000,161.8000
685.8000,199.0000,267.6000,167.6000
692.4000,199.0000,267.6000,167.6000
700.4280,201.5140,259.5720,162.5720
696.5344,199.0754,251.7849,157.6948
696.5344,199.0754,251.7849,157.6948
715.1917,201.4408,244.2313,152.9640
715.7687,201.4408,244.2313,152.9640
715.7687,201.4408,244.2313,152.9640
715.7687,210.6187,244.2313,152.9640
715.7687,206.0298,244.2313,152.9640
715.7687,206.0298,244.2313,152.9640
715.7687,206.0298,244.2313,152.9640
715.7687,201.4408,244.2313,152.9640
715.7687,201.4408,244.2313,152.9640
715.7687,201.4408,244.2313,152.9640
715.7687,201.4408,244.2313,152.9640
715.7687,201.4408,244.2313,152.9640
715.7687,201.4408,244.2313,152.9640
715.7687,201.4408,244.2313,152.9640
715.7687,201.4408,244.2313,152.9640
715.7687,201.4408,244.2313,152.9640
715.7687,201.4408,244.2313,152.9640
