0.000221
1.4855
0.018327
0.018121
0.018067
0.018351
0.019431
0.018843
0.018371
0.018336
0.018283
0.018305
0.018852
0.018829
0.018359
0.018375
0.018357
0.01846
0.019666
0.018461
0.018327
0.018324
0.018312
0.019106
0.019431
0.018433
0.018266
0.018245
0.018349
0.018836
0.01875
0.018225
0.018333
0.018253
0.018272
0.019685
0.018582
0.018318
0.018668
0.018238
0.018975
0.019603
0.018389
0.018311
0.018343
0.018364
0.018656
0.018502
0.01839
0.018274
0.018216
0.018538
0.019406
0.01953
0.018412
0.018321
0.018326
0.019411
0.019486
0.018463
0.018348
0.018379
0.018376
0.01925
0.018963
0.018392
0.01852
0.018351
0.018398
0.019573
0.018703
0.018318
0.018378
0.018311
0.019338
0.019354
0.018403
0.018327
0.018549
0.018461
0.018829
0.018507
0.019316
0.018361
0.018271
0.01828
0.019274
0.018623
0.018295
0.018279
0.018322
0.018887
0.019673
0.018625
0.018373
0.018324
0.018376
0.019006
0.019266
0.018431
0.01821
0.01832
0.018306
0.01855
0.018606
0.018349
0.0189
0.01833
0.018383
0.019828
0.018407
0.018331
0.018268
0.018337
0.01886
0.019263
0.018339
0.018321
0.018365
0.018259
0.018914
0.018788
0.018378
0.018377
0.018318
0.018545
0.019185
0.018326
0.018286
0.018368
0.018423
0.018781
0.018952
0.018209
0.018269
0.0189
0.018388
0.019179
0.018843
0.018342
0.01834
0.018312
0.018797
0.019503
0.018642
0.018428
0.018347
0.018341
0.019004
0.018965
0.018282
0.018293
0.018362
0.018359
0.018582
0.018496
0.018355
0.018372
0.018289
0.018811
0.019636
0.019357
0.018392
0.018326
0.018296
0.01902
0.01918
0.018437
0.018295
0.018301
0.018263
0.019229
0.018807
0.018406
0.018333
0.018272
0.018282
0.019072
0.018763
0.018295
0.018262
0.018325
0.018667
0.019406
0.018151
0.018235
0.018295
0.018273
0.018972
0.01877
0.018361
0.01826
0.018202
0.018219
0.019089
0.01877
0.018321
0.018227
0.01801
0.018213
0.01894
0.018726
0.018322
0.018314
0.018322
0.018951
0.019296
0.018313
0.018237
0.018299
0.018258
0.019223
0.018489
0.01825
0.019175
0.018298
0.018233
0.01868
0.018588
0.018281
0.018225
0.018225
0.018271
0.019446
0.018437
0.018225
0.018073
0.018251
0.019083
0.019234
0.018364
0.018272
0.018195
0.01821
0.01882
0.018488
0.018307
0.018175
0.018175
0.018227
0.018741
0.018598
0.018182
0.018183
0.018259
0.017978
0.019207
0.018635
0.018206
0.018219
0.018156
0.019055
0.018995
0.018024
0.018152
0.018234
0.018204
0.018935
0.018714
0.018323
0.018188
0.01825
0.018173
0.018813
0.018914
0.018485
0.018185
0.01957
0.018696
0.019377
0.018328
0.018231
0.018285
0.018306
0.018582
0.018575
0.018252
0.01836
0.018266
0.018159
0.018726
0.018213
0.018222
0.018383
0.018342
0.019262
0.019372
0.018557
0.018279
0.018254
0.018248
0.019155
0.018906
