1
336.0000,115.0000,409.0000,115.0000,409.0000,129.0000,336.0000,129.0000
326.0000,117.0000,401.0000,117.0000,401.0000,131.0000,326.0000,131.0000
326.0000,117.0000,401.0000,117.0000,401.0000,131.0000,326.0000,131.0000
326.0000,117.0000,401.0000,117.0000,401.0000,131.0000,326.0000,131.0000
326.0000,117.0000,401.0000,117.0000,401.0000,131.0000,326.0000,131.0000
326.0000,117.0000,401.0000,117.0000,401.0000,131.0000,326.0000,131.0000
315.0000,117.0000,393.0000,117.0000,393.0000,132.0000,315.0000,132.0000
315.0000,117.0000,393.0000,117.0000,393.0000,132.0000,315.0000,132.0000
2
0
0
0
0
1
279.0000,55.0000,301.0000,55.0000,301.0000,113.0000,279.0000,113.0000
279.0000,51.0000,301.0000,51.0000,301.0000,110.0000,279.0000,110.0000
279.0000,51.0000,301.0000,51.0000,301.0000,110.0000,279.0000,110.0000
279.0000,51.0000,301.0000,51.0000,301.0000,110.0000,279.0000,110.0000
279.0000,51.0000,301.0000,51.0000,301.0000,110.0000,279.0000,110.0000
279.0000,51.0000,301.0000,51.0000,301.0000,110.0000,279.0000,110.0000
281.0000,42.0000,304.0000,42.0000,304.0000,102.0000,281.0000,102.0000
281.0000,42.0000,304.0000,42.0000,304.0000,102.0000,281.0000,102.0000
285.0000,31.0000,308.0000,31.0000,308.0000,92.0000,285.0000,92.0000
285.0000,31.0000,308.0000,31.0000,308.0000,92.0000,285.0000,92.0000
280.0000,27.0000,302.0000,27.0000,302.0000,89.0000,280.0000,89.0000
280.0000,27.0000,302.0000,27.0000,302.0000,89.0000,280.0000,89.0000
273.0000,31.0000,296.0000,31.0000,296.0000,92.0000,273.0000,92.0000
273.0000,31.0000,296.0000,31.0000,296.0000,92.0000,273.0000,92.0000
273.0000,31.0000,296.0000,31.0000,296.0000,92.0000,273.0000,92.0000
273.0000,31.0000,296.0000,31.0000,296.0000,92.0000,273.0000,92.0000
273.0000,31.0000,296.0000,31.0000,296.0000,92.0000,273.0000,92.0000
294.0000,24.0000,316.0000,24.0000,316.0000,86.0000,294.0000,86.0000
294.0000,24.0000,316.0000,24.0000,316.0000,86.0000,294.0000,86.0000
288.0000,29.0000,312.0000,29.0000,312.0000,93.0000,288.0000,93.0000
288.0000,29.0000,312.0000,29.0000,312.0000,93.0000,288.0000,93.0000
279.0000,29.0000,303.0000,29.0000,303.0000,93.0000,279.0000,93.0000
279.0000,29.0000,303.0000,29.0000,303.0000,93.0000,279.0000,93.0000
279.0000,29.0000,303.0000,29.0000,303.0000,93.0000,279.0000,93.0000
300.0000,21.0000,323.0000,21.0000,323.0000,84.0000,300.0000,84.0000
300.0000,21.0000,323.0000,21.0000,323.0000,84.0000,300.0000,84.0000
300.0000,21.0000,323.0000,21.0000,323.0000,84.0000,300.0000,84.0000
300.0000,21.0000,323.0000,21.0000,323.0000,84.0000,300.0000,84.0000
2
0
0
0
0
1
250.0000,86.0000,279.0000,86.0000,279.0000,131.0000,250.0000,131.0000
246.0000,90.0000,277.0000,90.0000,277.0000,137.0000,246.0000,137.0000
246.0000,90.0000,277.0000,90.0000,277.0000,137.0000,246.0000,137.0000
246.0000,90.0000,277.0000,90.0000,277.0000,137.0000,246.0000,137.0000
246.0000,90.0000,277.0000,90.0000,277.0000,137.0000,246.0000,137.0000
244.0000,95.0000,274.0000,95.0000,274.0000,141.0000,244.0000,141.0000
244.0000,95.0000,274.0000,95.0000,274.0000,141.0000,244.0000,141.0000
244.0000,95.0000,274.0000,95.0000,274.0000,141.0000,244.0000,141.0000
259.0000,102.0000,289.0000,102.0000,289.0000,148.0000,259.0000,148.0000
259.0000,102.0000,289.0000,102.0000,289.0000,148.0000,259.0000,148.0000
233.0000,118.0000,263.0000,118.0000,263.0000,164.0000,233.0000,164.0000
233.0000,118.0000,263.0000,118.0000,263.0000,164.0000,233.0000,164.0000
223.0000,131.0000,253.0000,131.0000,253.0000,177.0000,223.0000,177.0000
223.0000,131.0000,253.0000,131.0000,253.0000,177.0000,223.0000,177.0000
223.0000,131.0000,253.0000,131.0000,253.0000,177.0000,223.0000,177.0000
223.0000,131.0000,253.0000,131.0000,253.0000,177.0000,223.0000,177.0000
223.0000,131.0000,253.0000,131.0000,253.0000,177.0000,223.0000,177.0000
222.0000,143.0000,252.0000,143.0000,252.0000,190.0000,222.0000,190.0000
222.0000,143.0000,252.0000,143.0000,252.0000,190.0000,222.0000,190.0000
222.0000,152.0000,253.0000,152.0000,253.0000,199.0000,222.0000,199.0000
222.0000,152.0000,253.0000,152.0000,253.0000,199.0000,222.0000,199.0000
225.0000,178.0000,255.0000,178.0000,255.0000,224.0000,225.0000,224.0000
225.0000,178.0000,255.0000,178.0000,255.0000,224.0000,225.0000,224.0000
217.0000,191.0000,247.0000,191.0000,247.0000,237.0000,217.0000,237.0000
217.0000,191.0000,247.0000,191.0000,247.0000,237.0000,217.0000,237.0000
217.0000,191.0000,247.0000,191.0000,247.0000,237.0000,217.0000,237.0000
217.0000,191.0000,247.0000,191.0000,247.0000,237.0000,217.0000,237.0000
217.0000,191.0000,247.0000,191.0000,247.0000,237.0000,217.0000,237.0000
233.0000,206.0000,264.0000,206.0000,264.0000,253.0000,233.0000,253.0000
233.0000,206.0000,264.0000,206.0000,264.0000,253.0000,233.0000,253.0000
233.0000,202.0000,264.0000,202.0000,264.0000,250.0000,233.0000,250.0000
233.0000,202.0000,264.0000,202.0000,264.0000,250.0000,233.0000,250.0000
221.0000,225.0000,251.0000,225.0000,251.0000,271.0000,221.0000,271.0000
221.0000,225.0000,251.0000,225.0000,251.0000,271.0000,221.0000,271.0000
236.0000,253.0000,265.0000,253.0000,265.0000,298.0000,236.0000,298.0000
236.0000,253.0000,265.0000,253.0000,265.0000,298.0000,236.0000,298.0000
236.0000,253.0000,265.0000,253.0000,265.0000,298.0000,236.0000,298.0000
236.0000,253.0000,265.0000,253.0000,265.0000,298.0000,236.0000,298.0000
236.0000,253.0000,265.0000,253.0000,265.0000,298.0000,236.0000,298.0000
251.0000,271.0000,281.0000,271.0000,281.0000,318.0000,251.0000,318.0000
251.0000,271.0000,281.0000,271.0000,281.0000,318.0000,251.0000,318.0000
265.0000,292.0000,296.0000,292.0000,296.0000,338.0000,265.0000,338.0000
265.0000,292.0000,296.0000,292.0000,296.0000,338.0000,265.0000,338.0000
269.0000,304.0000,299.0000,304.0000,299.0000,351.0000,269.0000,351.0000
269.0000,304.0000,299.0000,304.0000,299.0000,351.0000,269.0000,351.0000
273.0000,315.0000,304.0000,315.0000,304.0000,362.0000,273.0000,362.0000
273.0000,315.0000,304.0000,315.0000,304.0000,362.0000,273.0000,362.0000
273.0000,315.0000,304.0000,315.0000,304.0000,362.0000,273.0000,362.0000
273.0000,315.0000,304.0000,315.0000,304.0000,362.0000,273.0000,362.0000
273.0000,315.0000,304.0000,315.0000,304.0000,362.0000,273.0000,362.0000
268.0000,331.0000,300.0000,331.0000,300.0000,380.0000,268.0000,380.0000
268.0000,331.0000,300.0000,331.0000,300.0000,380.0000,268.0000,380.0000
259.0000,367.0000,291.0000,367.0000,291.0000,417.0000,259.0000,417.0000
259.0000,367.0000,291.0000,367.0000,291.0000,417.0000,259.0000,417.0000
251.0000,384.0000,283.0000,384.0000,283.0000,433.0000,251.0000,433.0000
251.0000,384.0000,283.0000,384.0000,283.0000,433.0000,251.0000,433.0000
247.0000,400.0000,278.0000,400.0000,278.0000,447.0000,247.0000,447.0000
247.0000,400.0000,278.0000,400.0000,278.0000,447.0000,247.0000,447.0000
247.0000,400.0000,278.0000,400.0000,278.0000,447.0000,247.0000,447.0000
247.0000,400.0000,278.0000,400.0000,278.0000,447.0000,247.0000,447.0000
247.0000,400.0000,278.0000,400.0000,278.0000,447.0000,247.0000,447.0000
245.0000,408.0000,275.0000,408.0000,275.0000,454.0000,245.0000,454.0000
245.0000,408.0000,275.0000,408.0000,275.0000,454.0000,245.0000,454.0000
242.0000,420.0000,272.0000,420.0000,272.0000,466.0000,242.0000,466.0000
242.0000,420.0000,272.0000,420.0000,272.0000,466.0000,242.0000,466.0000
241.0000,425.0000,271.0000,425.0000,271.0000,471.0000,241.0000,471.0000
241.0000,425.0000,271.0000,425.0000,271.0000,471.0000,241.0000,471.0000
239.0000,430.0000,269.0000,430.0000,269.0000,476.0000,239.0000,476.0000
239.0000,430.0000,269.0000,430.0000,269.0000,476.0000,239.0000,476.0000
239.0000,430.0000,269.0000,430.0000,269.0000,476.0000,239.0000,476.0000
239.0000,430.0000,269.0000,430.0000,269.0000,476.0000,239.0000,476.0000
239.0000,430.0000,269.0000,430.0000,269.0000,476.0000,239.0000,476.0000
231.0000,436.0000,262.0000,436.0000,262.0000,484.0000,231.0000,484.0000
231.0000,436.0000,262.0000,436.0000,262.0000,484.0000,231.0000,484.0000
232.0000,453.0000,263.0000,453.0000,263.0000,500.0000,232.0000,500.0000
232.0000,453.0000,263.0000,453.0000,263.0000,500.0000,232.0000,500.0000
246.0000,481.0000,277.0000,481.0000,277.0000,529.0000,246.0000,529.0000
246.0000,481.0000,277.0000,481.0000,277.0000,529.0000,246.0000,529.0000
246.0000,481.0000,277.0000,481.0000,277.0000,529.0000,246.0000,529.0000
260.0000,501.0000,291.0000,501.0000,291.0000,549.0000,260.0000,549.0000
260.0000,501.0000,291.0000,501.0000,291.0000,549.0000,260.0000,549.0000
260.0000,501.0000,291.0000,501.0000,291.0000,549.0000,260.0000,549.0000
260.0000,501.0000,291.0000,501.0000,291.0000,549.0000,260.0000,549.0000
262.0000,521.0000,292.0000,521.0000,292.0000,567.0000,262.0000,567.0000
262.0000,521.0000,292.0000,521.0000,292.0000,567.0000,262.0000,567.0000
259.0000,537.0000,289.0000,537.0000,289.0000,583.0000,259.0000,583.0000
259.0000,537.0000,289.0000,537.0000,289.0000,583.0000,259.0000,583.0000
259.0000,537.0000,289.0000,537.0000,289.0000,583.0000,259.0000,583.0000
256.0000,546.0000,287.0000,546.0000,287.0000,593.0000,256.0000,593.0000
256.0000,546.0000,287.0000,546.0000,287.0000,593.0000,256.0000,593.0000
251.0000,559.0000,280.0000,559.0000,280.0000,604.0000,251.0000,604.0000
251.0000,559.0000,280.0000,559.0000,280.0000,604.0000,251.0000,604.0000
251.0000,559.0000,280.0000,559.0000,280.0000,604.0000,251.0000,604.0000
2
259.0000,571.0000,289.0000,571.0000,289.0000,617.0000,259.0000,617.0000
0
0
0
0
1
371.0000,535.0000,411.0000,535.0000,411.0000,563.0000,371.0000,563.0000
383.0000,528.0000,424.0000,528.0000,424.0000,556.0000,383.0000,556.0000
383.0000,528.0000,424.0000,528.0000,424.0000,556.0000,383.0000,556.0000
383.0000,528.0000,424.0000,528.0000,424.0000,556.0000,383.0000,556.0000
383.0000,528.0000,424.0000,528.0000,424.0000,556.0000,383.0000,556.0000
0
2
0
0
0
0
1
492.0000,505.0000,507.0000,505.0000,507.0000,577.0000,492.0000,577.0000
493.0000,510.0000,508.0000,510.0000,508.0000,582.0000,493.0000,582.0000
493.0000,510.0000,508.0000,510.0000,508.0000,582.0000,493.0000,582.0000
493.0000,510.0000,508.0000,510.0000,508.0000,582.0000,493.0000,582.0000
493.0000,510.0000,508.0000,510.0000,508.0000,582.0000,493.0000,582.0000
493.0000,510.0000,508.0000,510.0000,508.0000,582.0000,493.0000,582.0000
494.0000,511.0000,510.0000,511.0000,510.0000,585.0000,494.0000,585.0000
494.0000,511.0000,510.0000,511.0000,510.0000,585.0000,494.0000,585.0000
499.0000,512.0000,515.0000,512.0000,515.0000,586.0000,499.0000,586.0000
0
2
0
0
0
0
1
488.0000,624.0000,519.0000,624.0000,519.0000,663.0000,488.0000,663.0000
492.0000,634.0000,523.0000,634.0000,523.0000,674.0000,492.0000,674.0000
0
0
0
0
2
0
0
0
0
1
623.0000,527.0000,661.0000,527.0000,661.0000,561.0000,623.0000,561.0000
638.0000,539.0000,676.0000,539.0000,676.0000,573.0000,638.0000,573.0000
638.0000,539.0000,676.0000,539.0000,676.0000,573.0000,638.0000,573.0000
638.0000,539.0000,676.0000,539.0000,676.0000,573.0000,638.0000,573.0000
638.0000,539.0000,676.0000,539.0000,676.0000,573.0000,638.0000,573.0000
638.0000,539.0000,676.0000,539.0000,676.0000,573.0000,638.0000,573.0000
651.0000,549.0000,691.0000,549.0000,691.0000,584.0000,651.0000,584.0000
0
2
0
0
0
0
1
743.0000,643.0000,801.0000,643.0000,801.0000,669.0000,743.0000,669.0000
739.0000,647.0000,795.0000,647.0000,795.0000,672.0000,739.0000,672.0000
739.0000,647.0000,795.0000,647.0000,795.0000,672.0000,739.0000,672.0000
739.0000,647.0000,795.0000,647.0000,795.0000,672.0000,739.0000,672.0000
739.0000,647.0000,795.0000,647.0000,795.0000,672.0000,739.0000,672.0000
740.0000,650.0000,795.0000,650.0000,795.0000,675.0000,740.0000,675.0000
740.0000,650.0000,795.0000,650.0000,795.0000,675.0000,740.0000,675.0000
740.0000,650.0000,795.0000,650.0000,795.0000,675.0000,740.0000,675.0000
736.0000,656.0000,789.0000,656.0000,789.0000,680.0000,736.0000,680.0000
0
2
0
0
0
0
1
854.0000,622.0000,933.0000,622.0000,933.0000,638.0000,854.0000,638.0000
864.0000,616.0000,942.0000,616.0000,942.0000,632.0000,864.0000,632.0000
864.0000,616.0000,942.0000,616.0000,942.0000,632.0000,864.0000,632.0000
864.0000,616.0000,942.0000,616.0000,942.0000,632.0000,864.0000,632.0000
864.0000,616.0000,942.0000,616.0000,942.0000,632.0000,864.0000,632.0000
864.0000,616.0000,942.0000,616.0000,942.0000,632.0000,864.0000,632.0000
869.0000,615.0000,948.0000,615.0000,948.0000,631.0000,869.0000,631.0000
869.0000,615.0000,948.0000,615.0000,948.0000,631.0000,869.0000,631.0000
2
0
0
0
0
1
972.0000,599.0000,1024.0000,599.0000,1024.0000,622.0000,972.0000,622.0000
975.0000,597.0000,1026.0000,597.0000,1026.0000,618.0000,975.0000,618.0000
975.0000,597.0000,1026.0000,597.0000,1026.0000,618.0000,975.0000,618.0000
975.0000,597.0000,1026.0000,597.0000,1026.0000,618.0000,975.0000,618.0000
975.0000,597.0000,1026.0000,597.0000,1026.0000,618.0000,975.0000,618.0000
975.0000,597.0000,1026.0000,597.0000,1026.0000,618.0000,975.0000,618.0000
971.0000,594.0000,1023.0000,594.0000,1023.0000,617.0000,971.0000,617.0000
971.0000,594.0000,1023.0000,594.0000,1023.0000,617.0000,971.0000,617.0000
992.0000,595.0000,1043.0000,595.0000,1043.0000,617.0000,992.0000,617.0000
992.0000,595.0000,1043.0000,595.0000,1043.0000,617.0000,992.0000,617.0000
1011.0000,601.0000,1061.0000,601.0000,1061.0000,623.0000,1011.0000,623.0000
2
1039.0000,619.0000,1090.0000,619.0000,1090.0000,641.0000,1039.0000,641.0000
0
0
0
0
1
1115.0000,604.0000,1165.0000,604.0000,1165.0000,630.0000,1115.0000,630.0000
1107.0000,606.0000,1158.0000,606.0000,1158.0000,633.0000,1107.0000,633.0000
1107.0000,606.0000,1158.0000,606.0000,1158.0000,633.0000,1107.0000,633.0000
1107.0000,606.0000,1158.0000,606.0000,1158.0000,633.0000,1107.0000,633.0000
0
0
2
0
0
0
0
1
1213.0000,707.0000,1236.0000,707.0000,1236.0000,755.0000,1213.0000,755.0000
2
0
0
0
0
1
1398.0000,674.0000,1424.0000,674.0000,1424.0000,708.0000,1398.0000,708.0000
2
0
0
0
0
1
2
0
0
0
0
1
1490.0000,402.0000,1520.0000,402.0000,1520.0000,440.0000,1490.0000,440.0000
1487.0000,402.0000,1517.0000,402.0000,1517.0000,439.0000,1487.0000,439.0000
1487.0000,402.0000,1517.0000,402.0000,1517.0000,439.0000,1487.0000,439.0000
1487.0000,402.0000,1517.0000,402.0000,1517.0000,439.0000,1487.0000,439.0000
0
0
2
0
0
0
0
1
1192.0000,356.0000,1274.0000,356.0000,1274.0000,367.0000,1192.0000,367.0000
1162.0000,355.0000,1247.0000,355.0000,1247.0000,366.0000,1162.0000,366.0000
1162.0000,355.0000,1247.0000,355.0000,1247.0000,366.0000,1162.0000,366.0000
1162.0000,355.0000,1247.0000,355.0000,1247.0000,366.0000,1162.0000,366.0000
1162.0000,355.0000,1247.0000,355.0000,1247.0000,366.0000,1162.0000,366.0000
2
1136.0000,354.0000,1223.0000,354.0000,1223.0000,366.0000,1136.0000,366.0000
0
0
0
0
1
977.0000,357.0000,1064.0000,357.0000,1064.0000,368.0000,977.0000,368.0000
995.0000,353.0000,1079.0000,353.0000,1079.0000,364.0000,995.0000,364.0000
995.0000,353.0000,1079.0000,353.0000,1079.0000,364.0000,995.0000,364.0000
995.0000,353.0000,1079.0000,353.0000,1079.0000,364.0000,995.0000,364.0000
0
0
2
0
0
0
0
1
1026.0000,395.0000,1052.0000,395.0000,1052.0000,432.0000,1026.0000,432.0000
1038.0000,400.0000,1063.0000,400.0000,1063.0000,436.0000,1038.0000,436.0000
1038.0000,400.0000,1063.0000,400.0000,1063.0000,436.0000,1038.0000,436.0000
1038.0000,400.0000,1063.0000,400.0000,1063.0000,436.0000,1038.0000,436.0000
0
0
2
0
0
0
0
1
807.0000,343.0000,868.0000,343.0000,868.0000,365.0000,807.0000,365.0000
808.0000,346.0000,867.0000,346.0000,867.0000,368.0000,808.0000,368.0000
808.0000,346.0000,867.0000,346.0000,867.0000,368.0000,808.0000,368.0000
0
0
0
2
0
0
0
0
1
623.0000,300.0000,668.0000,300.0000,668.0000,323.0000,623.0000,323.0000
628.0000,300.0000,672.0000,300.0000,672.0000,321.0000,628.0000,321.0000
628.0000,300.0000,672.0000,300.0000,672.0000,321.0000,628.0000,321.0000
628.0000,300.0000,672.0000,300.0000,672.0000,321.0000,628.0000,321.0000
628.0000,300.0000,672.0000,300.0000,672.0000,321.0000,628.0000,321.0000
0
2
0
0
0
0
1
442.0000,289.0000,500.0000,289.0000,500.0000,311.0000,442.0000,311.0000
415.0000,295.0000,475.0000,295.0000,475.0000,317.0000,415.0000,317.0000
415.0000,295.0000,475.0000,295.0000,475.0000,317.0000,415.0000,317.0000
415.0000,295.0000,475.0000,295.0000,475.0000,317.0000,415.0000,317.0000
415.0000,295.0000,475.0000,295.0000,475.0000,317.0000,415.0000,317.0000
2
0
0
0
0
1
286.0000,230.0000,311.0000,230.0000,311.0000,278.0000,286.0000,278.0000
280.0000,217.0000,306.0000,217.0000,306.0000,266.0000,280.0000,266.0000
280.0000,217.0000,306.0000,217.0000,306.0000,266.0000,280.0000,266.0000
280.0000,217.0000,306.0000,217.0000,306.0000,266.0000,280.0000,266.0000
280.0000,217.0000,306.0000,217.0000,306.0000,266.0000,280.0000,266.0000
280.0000,217.0000,306.0000,217.0000,306.0000,266.0000,280.0000,266.0000
276.0000,207.0000,301.0000,207.0000,301.0000,255.0000,276.0000,255.0000
276.0000,207.0000,301.0000,207.0000,301.0000,255.0000,276.0000,255.0000
2
0
0
0
0
1
297.0000,126.0000,349.0000,126.0000,349.0000,147.0000,297.0000,147.0000
306.0000,122.0000,360.0000,122.0000,360.0000,144.0000,306.0000,144.0000
306.0000,122.0000,360.0000,122.0000,360.0000,144.0000,306.0000,144.0000
306.0000,122.0000,360.0000,122.0000,360.0000,144.0000,306.0000,144.0000
306.0000,122.0000,360.0000,122.0000,360.0000,144.0000,306.0000,144.0000
306.0000,122.0000,360.0000,122.0000,360.0000,144.0000,306.0000,144.0000
316.0000,118.0000,369.0000,118.0000,369.0000,140.0000,316.0000,140.0000
316.0000,118.0000,369.0000,118.0000,369.0000,140.0000,316.0000,140.0000
350.0000,105.0000,404.0000,105.0000,404.0000,128.0000,350.0000,128.0000
350.0000,105.0000,404.0000,105.0000,404.0000,128.0000,350.0000,128.0000
353.0000,97.0000,407.0000,97.0000,407.0000,119.0000,353.0000,119.0000
353.0000,97.0000,407.0000,97.0000,407.0000,119.0000,353.0000,119.0000
337.0000,96.0000,391.0000,96.0000,391.0000,118.0000,337.0000,118.0000
337.0000,96.0000,391.0000,96.0000,391.0000,118.0000,337.0000,118.0000
0
0
0
2
0
0
