0.000178,0.000153,0.000158,0,0,0,0,0,0,0,0,0,0,0,0
0.98506,0.96976,0.96816,0,0,0,0,0,0,0,0,0,0,0,0
0.021893,0.021223,0.021788,0,0,0,0,0,0,0,0,0,0,0,0
0.021169,0.021437,0.022686,0,0,0,0,0,0,0,0,0,0,0,0
0.022196,0.023338,0.021109,0,0,0,0,0,0,0,0,0,0,0,0
0.021974,0.021316,0.021256,0,0,0,0,0,0,0,0,0,0,0,0
0.021521,0.021388,0.022544,0,0,0,0,0,0,0,0,0,0,0,0
0.021343,0.021994,0.021161,0,0,0,0,0,0,0,0,0,0,0,0
0.021802,0.021134,0.021113,0,0,0,0,0,0,0,0,0,0,0,0
0.021595,0.021226,0.022611,0,0,0,0,0,0,0,0,0,0,0,0
0.022769,0.022101,0.020932,0,0,0,0,0,0,0,0,0,0,0,0
0.023798,0.024088,0.021816,0,0,0,0,0,0,0,0,0,0,0,0
0.021803,0.02215,0.022023,0,0,0,0,0,0,0,0,0,0,0,0
0.021344,0.022877,0.021239,0,0,0,0,0,0,0,0,0,0,0,0
0.021728,0.021596,0.021467,0,0,0,0,0,0,0,0,0,0,0,0
0.021168,0.021627,0.021784,0,0,0,0,0,0,0,0,0,0,0,0
0.02274,0.021439,0.021092,0,0,0,0,0,0,0,0,0,0,0,0
0.02195,0.021845,0.021089,0,0,0,0,0,0,0,0,0,0,0,0
0.022402,0.021628,0.021553,0,0,0,0,0,0,0,0,0,0,0,0
0.022808,0.021266,0.021066,0,0,0,0,0,0,0,0,0,0,0,0
0.022575,0.021779,0.021534,0,0,0,0,0,0,0,0,0,0,0,0
0.022484,0.02182,0.022196,0,0,0,0,0,0,0,0,0,0,0,0
0.021936,0.021915,0.023228,0,0,0,0,0,0,0,0,0,0,0,0
0.02174,0.021103,0.021924,0,0,0,0,0,0,0,0,0,0,0,0
0.022417,0.021402,0.022921,0,0,0,0,0,0,0,0,0,0,0,0
0.022463,0.021756,0.023717,0,0,0,0,0,0,0,0,0,0,0,0
0.02179,0.021042,0.02125,0,0,0,0,0,0,0,0,0,0,0,0
0.02264,0.021263,0.021873,0,0,0,0,0,0,0,0,0,0,0,0
0.02149,0.021157,0.021454,0,0,0,0,0,0,0,0,0,0,0,0
0.023225,0.022208,0.021248,0,0,0,0,0,0,0,0,0,0,0,0
0.023364,0.022374,0.022116,0,0,0,0,0,0,0,0,0,0,0,0
0.022133,0.022129,0.021475,0,0,0,0,0,0,0,0,0,0,0,0
0.023049,0.021178,0.021214,0,0,0,0,0,0,0,0,0,0,0,0
0.02179,0.022131,0.021797,0,0,0,0,0,0,0,0,0,0,0,0
0.021685,0.02232,0.021438,0,0,0,0,0,0,0,0,0,0,0,0
NaN,NaN,NaN,0,0,0,0,0,0,0,0,0,0,0,0
NaN,NaN,NaN,0,0,0,0,0,0,0,0,0,0,0,0
NaN,NaN,NaN,0,0,0,0,0,0,0,0,0,0,0,0
NaN,NaN,NaN,0,0,0,0,0,0,0,0,0,0,0,0
0.000139,0.000152,0.00013,0,0,0,0,0,0,0,0,0,0,0,0
0.97593,0.97952,0.96076,0,0,0,0,0,0,0,0,0,0,0,0
0.021674,0.022424,0.0214,0,0,0,0,0,0,0,0,0,0,0,0
0.021593,0.021634,0.021752,0,0,0,0,0,0,0,0,0,0,0,0
0.02231,0.021611,0.021001,0,0,0,0,0,0,0,0,0,0,0,0
0.021659,0.022169,0.021392,0,0,0,0,0,0,0,0,0,0,0,0
0.021693,0.02164,0.022452,0,0,0,0,0,0,0,0,0,0,0,0
0.021577,0.021367,0.021367,0,0,0,0,0,0,0,0,0,0,0,0
0.021866,0.022255,0.02139,0,0,0,0,0,0,0,0,0,0,0,0
0.02159,0.021444,0.022402,0,0,0,0,0,0,0,0,0,0,0,0
0.021612,0.021514,0.021176,0,0,0,0,0,0,0,0,0,0,0,0
0.022958,0.022313,0.022751,0,0,0,0,0,0,0,0,0,0,0,0
0.021366,0.021597,0.02139,0,0,0,0,0,0,0,0,0,0,0,0
0.021821,0.021379,0.021499,0,0,0,0,0,0,0,0,0,0,0,0
0.022422,0.021225,0.022077,0,0,0,0,0,0,0,0,0,0,0,0
0.022897,0.02226,0.021327,0,0,0,0,0,0,0,0,0,0,0,0
0.023291,0.021738,0.021598,0,0,0,0,0,0,0,0,0,0,0,0
0.030279,0.021668,0.022104,0,0,0,0,0,0,0,0,0,0,0,0
NaN,NaN,NaN,0,0,0,0,0,0,0,0,0,0,0,0
NaN,NaN,NaN,0,0,0,0,0,0,0,0,0,0,0,0
NaN,NaN,NaN,0,0,0,0,0,0,0,0,0,0,0,0
NaN,NaN,NaN,0,0,0,0,0,0,0,0,0,0,0,0
0.000151,0.000149,0.000149,0,0,0,0,0,0,0,0,0,0,0,0
0.97536,0.95768,0.97516,0,0,0,0,0,0,0,0,0,0,0,0
0.022558,0.021549,0.02144,0,0,0,0,0,0,0,0,0,0,0,0
0.022857,0.022099,0.022154,0,0,0,0,0,0,0,0,0,0,0,0
0.022229,0.021155,0.021723,0,0,0,0,0,0,0,0,0,0,0,0
0.021839,0.021996,0.021641,0,0,0,0,0,0,0,0,0,0,0,0
0.022103,0.021819,0.02374,0,0,0,0,0,0,0,0,0,0,0,0
0.0229,0.021611,0.021907,0,0,0,0,0,0,0,0,0,0,0,0
0.02133,0.022054,0.022475,0,0,0,0,0,0,0,0,0,0,0,0
0.02123,0.021467,0.021414,0,0,0,0,0,0,0,0,0,0,0,0
0.021418,0.021302,0.021588,0,0,0,0,0,0,0,0,0,0,0,0
0.02289,0.022273,0.022211,0,0,0,0,0,0,0,0,0,0,0,0
0.02181,0.021896,0.022507,0,0,0,0,0,0,0,0,0,0,0,0
0.022371,0.021347,0.021595,0,0,0,0,0,0,0,0,0,0,0,0
0.021903,0.021519,0.022348,0,0,0,0,0,0,0,0,0,0,0,0
0.022095,0.021527,0.021482,0,0,0,0,0,0,0,0,0,0,0,0
0.024001,0.021812,0.022338,0,0,0,0,0,0,0,0,0,0,0,0
0.024756,0.021734,0.022128,0,0,0,0,0,0,0,0,0,0,0,0
0.023121,0.021416,0.021442,0,0,0,0,0,0,0,0,0,0,0,0
0.021836,0.021134,0.022463,0,0,0,0,0,0,0,0,0,0,0,0
0.022049,0.0214,0.022388,0,0,0,0,0,0,0,0,0,0,0,0
0.022273,0.022565,0.021993,0,0,0,0,0,0,0,0,0,0,0,0
0.021796,0.021146,0.021716,0,0,0,0,0,0,0,0,0,0,0,0
0.022539,0.021899,0.023695,0,0,0,0,0,0,0,0,0,0,0,0
0.021854,0.022712,0.021216,0,0,0,0,0,0,0,0,0,0,0,0
0.021705,0.021259,0.022445,0,0,0,0,0,0,0,0,0,0,0,0
0.022888,0.021245,0.02228,0,0,0,0,0,0,0,0,0,0,0,0
0.021847,0.023109,0.022577,0,0,0,0,0,0,0,0,0,0,0,0
0.022555,0.021387,0.022236,0,0,0,0,0,0,0,0,0,0,0,0
0.022778,0.021745,0.024713,0,0,0,0,0,0,0,0,0,0,0,0
0.022024,0.022645,0.023354,0,0,0,0,0,0,0,0,0,0,0,0
0.02198,0.021729,0.021883,0,0,0,0,0,0,0,0,0,0,0,0
0.02204,0.022361,0.021423,0,0,0,0,0,0,0,0,0,0,0,0
0.021747,0.023081,0.022245,0,0,0,0,0,0,0,0,0,0,0,0
0.022175,0.021839,0.021656,0,0,0,0,0,0,0,0,0,0,0,0
0.021651,0.023011,0.021503,0,0,0,0,0,0,0,0,0,0,0,0
0.021672,0.021395,0.021739,0,0,0,0,0,0,0,0,0,0,0,0
0.022617,0.021272,0.021748,0,0,0,0,0,0,0,0,0,0,0,0
0.022033,0.022842,0.021546,0,0,0,0,0,0,0,0,0,0,0,0
0.021445,0.021625,0.022791,0,0,0,0,0,0,0,0,0,0,0,0
0.021931,0.021663,0.021286,0,0,0,0,0,0,0,0,0,0,0,0
0.022197,0.021986,0.021623,0,0,0,0,0,0,0,0,0,0,0,0
0.021923,0.021425,0.022605,0,0,0,0,0,0,0,0,0,0,0,0
0.022284,0.022363,0.021178,0,0,0,0,0,0,0,0,0,0,0,0
0.022138,0.022984,0.021897,0,0,0,0,0,0,0,0,0,0,0,0
0.022405,0.022963,0.022807,0,0,0,0,0,0,0,0,0,0,0,0
0.024021,0.022665,0.02144,0,0,0,0,0,0,0,0,0,0,0,0
0.02172,0.023535,0.022875,0,0,0,0,0,0,0,0,0,0,0,0
0.02174,0.02161,0.022628,0,0,0,0,0,0,0,0,0,0,0,0
0.024218,0.022669,0.021664,0,0,0,0,0,0,0,0,0,0,0,0
0.021782,0.021962,0.021722,0,0,0,0,0,0,0,0,0,0,0,0
0.023564,0.021672,0.022073,0,0,0,0,0,0,0,0,0,0,0,0
0.023309,0.023069,0.021638,0,0,0,0,0,0,0,0,0,0,0,0
0.02258,0.021395,0.022035,0,0,0,0,0,0,0,0,0,0,0,0
0.02176,0.021744,0.022273,0,0,0,0,0,0,0,0,0,0,0,0
0.021571,0.021663,0.022386,0,0,0,0,0,0,0,0,0,0,0,0
0.021927,0.021377,0.022237,0,0,0,0,0,0,0,0,0,0,0,0
0.02193,0.022187,0.022235,0,0,0,0,0,0,0,0,0,0,0,0
0.021639,0.02199,0.022923,0,0,0,0,0,0,0,0,0,0,0,0
0.025089,0.021407,0.022456,0,0,0,0,0,0,0,0,0,0,0,0
0.023188,0.021929,0.021516,0,0,0,0,0,0,0,0,0,0,0,0
0.023693,0.021228,0.021147,0,0,0,0,0,0,0,0,0,0,0,0
0.021698,0.022071,0.022483,0,0,0,0,0,0,0,0,0,0,0,0
0.021716,0.022261,0.021536,0,0,0,0,0,0,0,0,0,0,0,0
0.022416,0.021886,0.02315,0,0,0,0,0,0,0,0,0,0,0,0
0.023425,0.021578,0.021778,0,0,0,0,0,0,0,0,0,0,0,0
0.022424,0.022584,0.021934,0,0,0,0,0,0,0,0,0,0,0,0
0.021575,0.021298,0.022275,0,0,0,0,0,0,0,0,0,0,0,0
0.021623,0.021693,0.022117,0,0,0,0,0,0,0,0,0,0,0,0
0.022895,0.022263,0.021866,0,0,0,0,0,0,0,0,0,0,0,0
0.02263,0.021042,0.02343,0,0,0,0,0,0,0,0,0,0,0,0
0.021645,0.021207,0.021448,0,0,0,0,0,0,0,0,0,0,0,0
0.022093,0.02228,0.021996,0,0,0,0,0,0,0,0,0,0,0,0
0.02147,0.021881,0.023589,0,0,0,0,0,0,0,0,0,0,0,0
0.021696,0.021231,0.022928,0,0,0,0,0,0,0,0,0,0,0,0
0.022019,0.021416,0.021968,0,0,0,0,0,0,0,0,0,0,0,0
0.022026,0.022103,0.02206,0,0,0,0,0,0,0,0,0,0,0,0
0.022151,0.021169,0.021432,0,0,0,0,0,0,0,0,0,0,0,0
0.021925,0.021327,0.02247,0,0,0,0,0,0,0,0,0,0,0,0
0.0213,0.023288,0.021373,0,0,0,0,0,0,0,0,0,0,0,0
0.021778,0.021215,0.02177,0,0,0,0,0,0,0,0,0,0,0,0
0.021383,0.022283,0.022601,0,0,0,0,0,0,0,0,0,0,0,0
0.021511,0.021463,0.021313,0,0,0,0,0,0,0,0,0,0,0,0
0.021511,0.021296,0.021439,0,0,0,0,0,0,0,0,0,0,0,0
NaN,NaN,NaN,0,0,0,0,0,0,0,0,0,0,0,0
NaN,NaN,NaN,0,0,0,0,0,0,0,0,0,0,0,0
NaN,NaN,NaN,0,0,0,0,0,0,0,0,0,0,0,0
NaN,NaN,NaN,0,0,0,0,0,0,0,0,0,0,0,0
0.00015,0.000145,0.000149,0,0,0,0,0,0,0,0,0,0,0,0
0.96812,0.96782,0.97015,0,0,0,0,0,0,0,0,0,0,0,0
0.022208,0.022279,0.022408,0,0,0,0,0,0,0,0,0,0,0,0
0.022832,0.023171,0.026204,0,0,0,0,0,0,0,0,0,0,0,0
0.022694,0.022556,0.022097,0,0,0,0,0,0,0,0,0,0,0,0
0.022485,0.022612,0.022783,0,0,0,0,0,0,0,0,0,0,0,0
0.023997,0.022352,0.022558,0,0,0,0,0,0,0,0,0,0,0,0
0.022316,0.022771,0.022698,0,0,0,0,0,0,0,0,0,0,0,0
0.022418,0.022973,0.024315,0,0,0,0,0,0,0,0,0,0,0,0
