8.5618
0.54139
0.1446
0.1122
NaN
0.11687
NaN
NaN
0.11992
NaN
0.077486
NaN
0.072218
0.071693
0.19919
NaN
NaN
NaN
0.072347
NaN
0.071101
0.069957
NaN
0.071138
0.071097
NaN
0.090933
0.069649
NaN
0.069898
0.070857
NaN
0.17913
NaN
NaN
0.071022
NaN
0.08648
0.070902
NaN
0.070185
0.070638
0.070095
NaN
0.071383
0.085453
NaN
0.070138
0.1903
NaN
NaN
NaN
0.071162
NaN
0.083406
0.072039
NaN
0.088512
NaN
0.070435
0.075971
0.071178
NaN
0.069402
0.069419
NaN
0.20524
NaN
NaN
NaN
NaN
NaN
NaN
NaN
8.6107
0.54399
0.23186
0.11426
NaN
0.11325
NaN
NaN
0.11002
NaN
0.15927
NaN
NaN
0.082833
NaN
0.19468
NaN
NaN
0.199
NaN
NaN
NaN
0.069792
NaN
0.069436
0.15133
NaN
NaN
0.072923
NaN
0.071175
0.087242
NaN
0.069321
0.15177
NaN
NaN
0.15132
NaN
NaN
0.14672
NaN
NaN
0.068493
NaN
0.083887
0.15104
NaN
NaN
0.14661
NaN
NaN
0.15326
NaN
NaN
0.068035
NaN
0.15086
NaN
NaN
0.17046
NaN
NaN
0.06775
0.1522
NaN
NaN
NaN
0.14538
NaN
0.14584
NaN
NaN
0.067596
NaN
0.084573
0.15247
NaN
NaN
0.068016
NaN
0.068729
0.14721
NaN
NaN
NaN
NaN
NaN
NaN
8.4893
0.45125
0.12053
0.11181
NaN
0.11918
NaN
NaN
0.11164
NaN
0.071844
0.18519
NaN
NaN
NaN
0.18401
NaN
NaN
NaN
0.22153
NaN
NaN
NaN
0.1551
NaN
NaN
0.15073
NaN
NaN
0.1504
NaN
NaN
0.14966
NaN
NaN
0.07201
NaN
0.088929
0.070612
NaN
0.073362
0.070437
NaN
0.24088
NaN
NaN
NaN
NaN
0.067751
0.084038
NaN
0.069015
0.069137
0.070092
NaN
0.069522
0.071324
NaN
0.082502
0.069349
NaN
0.1768
NaN
NaN
0.071597
NaN
0.066864
0.068751
0.090533
NaN
0.068936
0.06885
NaN
0.079379
0.069325
NaN
0.072571
0.19295
NaN
NaN
NaN
0.074438
NaN
0.069553
0.070156
0.069208
NaN
0.069191
0.083463
NaN
0.069162
0.069463
NaN
0.068936
0.17983
NaN
NaN
NaN
0.15011
NaN
NaN
0.088093
0.067675
NaN
0.069519
0.068492
0.071703
NaN
0.06927
0.082829
NaN
0.069169
0.17463
NaN
NaN
NaN
0.066937
0.068312
NaN
0.071205
0.082296
NaN
0.068913
0.069402
0.0696
NaN
0.069896
0.069125
NaN
0.19685
NaN
NaN
0.069454
NaN
0.070215
0.068272
NaN
0.068094
0.069131
0.082553
NaN
0.070016
0.069319
NaN
0.068912
0.17626
NaN
NaN
NaN
0.067659
0.082786
NaN
0.070578
0.067966
NaN
0.14906
NaN
0.068382
NaN
0.069787
0.08174
NaN
0.14936
NaN
NaN
NaN
NaN
NaN
NaN
8.7944
0.59076
0.26056
0.19941
NaN
NaN
NaN
