10.9
0.42533
0.30062
0.24269
0.11931
0.11719
0.11752
0.22531
0.1175
0.11705
0.11682
0.22906
0.11633
0.11615
0.11685
0.22569
0.11528
0.11631
0.11668
0.22596
0.11603
0.11628
0.11583
0.22424
0.11496
0.11539
0.11503
0.22405
0.11544
0.11599
0.11614
0.22448
0.11505
0.11553
0.11593
0.22342
0.11526
0.11514
0.11599
0.22397
0.11518
0.11646
0.11501
0.22311
0.1148
0.11566
0.11526
0.22386
0.11534
0.11503
0.17052
0.22836
0.11817
0.11659
0.11634
0.23323
0.11664
0.11724
0.11691
0.22524
0.11666
0.11661
0.11578
0.22441
0.11646
0.11664
0.11623
0.22416
0.11683
0.11546
0.11772
0.22371
0.11597
0.11616
0.11596
0.22358
0.1152
0.11512
0.11507
0.22451
0.11555
0.11525
0.11655
0.22311
0.11681
0.11612
0.11571
0.22484
0.11596
0.11587
0.11522
0.22472
0.11557
0.11524
0.11465
0.22402
0.11784
0.11528
0.11513
0.22437
0.11572
0.11565
0.11538
0.22377
0.11502
0.11503
0.11534
0.22175
0.11551
0.11502
0.11553
0.22289
0.115
0.11548
0.11519
0.22317
0.11604
0.11527
0.11571
0.22325
0.11515
0.11526
0.11536
0.22309
0.11588
0.115
0.11525
0.22362
0.11574
0.11468
0.11547
0.22242
0.11568
0.11546
0.11523
0.223
0.1154
0.11412
0.11586
0.2235
0.11571
0.11515
0.11478
0.22216
0.11547
0.11432
0.11448
0.22184
0.11537
0.11532
0.11511
0.2236
0.11533
0.11485
0.11468
0.22303
0.11529
0.1155
0.11561
0.22375
0.11559
0.11538
0.11648
0.2239
0.11598
0.1162
0.11705
0.22393
0.11622
0.11516
0.11667
0.22378
0.11544
0.11566
0.11607
0.22348
0.11605
0.11561
0.11683
0.22301
0.1163
0.11494
0.11569
0.22349
0.1155
0.11448
0.11515
0.22338
0.11552
0.11442
0.11513
