1
173.9000,18.0000,199.1000,18.0000,199.1000,78.0000,173.9000,78.0000
174.9000,16.8000,200.1000,16.8000,200.1000,79.2000,174.9000,79.2000
176.9000,14.0000,202.1000,14.0000,202.1000,74.0000,176.9000,74.0000
178.9000,9.9000,204.1000,9.9000,204.1000,71.1000,178.9000,71.1000
175.9000,9.8000,201.1000,9.8000,201.1000,72.2000,175.9000,72.2000
175.0000,9.7000,199.0000,9.7000,199.0000,73.3000,175.0000,73.3000
169.7000,11.8000,197.3000,11.8000,197.3000,74.2000,169.7000,74.2000
166.8000,13.0000,193.2000,13.0000,193.2000,73.0000,166.8000,73.0000
163.7000,13.3000,191.3000,13.3000,191.3000,69.7000,163.7000,69.7000
160.6000,13.2000,189.4000,13.2000,189.4000,70.8000,160.6000,70.8000
157.6000,11.2000,186.4000,11.2000,186.4000,68.8000,157.6000,68.8000
155.7000,11.4000,183.3000,11.4000,183.3000,66.6000,155.7000,66.6000
153.7000,11.2000,181.3000,11.2000,181.3000,68.8000,153.7000,68.8000
152.7000,14.2000,180.3000,14.2000,180.3000,71.8000,152.7000,71.8000
152.6000,14.0000,181.4000,14.0000,181.4000,74.0000,152.6000,74.0000
155.4000,16.7000,186.6000,16.7000,186.6000,80.3000,155.4000,80.3000
156.4000,16.6000,187.6000,16.6000,187.6000,81.4000,156.4000,81.4000
157.4000,17.4000,188.6000,17.4000,188.6000,84.6000,157.4000,84.6000
156.2000,23.7000,189.8000,23.7000,189.8000,87.3000,156.2000,87.3000
155.1000,25.9000,189.9000,25.9000,189.9000,87.1000,155.1000,87.1000
152.1000,30.8000,186.9000,30.8000,186.9000,93.2000,152.1000,93.2000
147.8000,32.6000,186.2000,32.6000,186.2000,97.4000,147.8000,97.4000
142.0000,38.8000,178.0000,38.8000,178.0000,101.2000,142.0000,101.2000
136.0000,38.4000,172.0000,38.4000,172.0000,105.6000,136.0000,105.6000
130.0000,40.2000,166.0000,40.2000,166.0000,109.8000,130.0000,109.8000
128.9000,37.9000,166.1000,37.9000,166.1000,111.1000,128.9000,111.1000
130.8000,38.8000,169.2000,38.8000,169.2000,113.2000,130.8000,113.2000
137.0000,43.7000,173.0000,43.7000,173.0000,119.3000,137.0000,119.3000
140.2000,46.6000,173.8000,46.6000,173.8000,123.4000,140.2000,123.4000
146.2000,53.3000,179.8000,53.3000,179.8000,133.7000,146.2000,133.7000
151.2000,60.4000,184.8000,60.4000,184.8000,139.6000,151.2000,139.6000
155.4000,64.6000,186.6000,64.6000,186.6000,141.4000,155.4000,141.4000
158.6000,68.9000,187.4000,68.9000,187.4000,142.1000,158.6000,142.1000
157.4000,79.4000,188.6000,79.4000,188.6000,146.6000,157.4000,146.6000
157.3000,85.9000,189.7000,85.9000,189.7000,147.1000,157.3000,147.1000
157.3000,90.3000,189.7000,90.3000,189.7000,146.7000,157.3000,146.7000
156.2000,94.6000,189.8000,94.6000,189.8000,147.4000,156.2000,147.4000
156.2000,101.8000,189.8000,101.8000,189.8000,152.2000,156.2000,152.2000
155.1000,105.0000,189.9000,105.0000,189.9000,153.0000,155.1000,153.0000
156.2000,109.7000,189.8000,109.7000,189.8000,161.3000,156.2000,161.3000
156.3000,112.8000,188.7000,112.8000,188.7000,163.2000,156.3000,163.2000
158.6000,127.8000,187.4000,127.8000,187.4000,178.2000,158.6000,178.2000
156.5000,129.8000,186.5000,129.8000,186.5000,180.2000,156.5000,180.2000
156.4000,130.9000,187.6000,130.9000,187.6000,180.1000,156.4000,180.1000
152.9000,128.7000,190.1000,128.7000,190.1000,180.3000,152.9000,180.3000
152.7000,129.7000,192.3000,129.7000,192.3000,181.3000,152.7000,181.3000
153.6000,129.5000,194.4000,129.5000,194.4000,183.5000,153.6000,183.5000
153.4000,130.3000,196.6000,130.3000,196.6000,186.7000,153.4000,186.7000
155.5000,127.1000,197.5000,127.1000,197.5000,185.9000,155.5000,185.9000
157.6000,126.1000,198.4000,126.1000,198.4000,184.9000,157.6000,184.9000
155.7000,118.3000,195.3000,118.3000,195.3000,174.7000,155.7000,174.7000
160.8000,113.0000,199.2000,113.0000,199.2000,173.0000,160.8000,173.0000
159.9000,101.9000,197.1000,101.9000,197.1000,163.1000,159.9000,163.1000
162.8000,96.9000,201.2000,96.9000,201.2000,158.1000,162.8000,158.1000
161.6000,89.7000,202.4000,89.7000,202.4000,153.3000,161.6000,153.3000
162.5000,81.8000,204.5000,81.8000,204.5000,144.2000,162.5000,144.2000
163.7000,75.1000,203.3000,75.1000,203.3000,133.9000,163.7000,133.9000
163.9000,71.3000,201.1000,71.3000,201.1000,127.7000,163.9000,127.7000
166.1000,70.9000,200.9000,70.9000,200.9000,120.1000,166.1000,120.1000
164.2000,65.6000,197.8000,65.6000,197.8000,118.4000,164.2000,118.4000
153.9000,89.4000,191.1000,89.4000,191.1000,144.6000,153.9000,144.6000
149.4000,83.1000,192.6000,83.1000,192.6000,141.9000,149.4000,141.9000
146.5000,76.6000,188.5000,76.6000,188.5000,141.4000,146.5000,141.4000
148.8000,75.9000,187.2000,75.9000,187.2000,137.1000,148.8000,137.1000
146.0000,69.6000,182.0000,69.6000,182.0000,134.4000,146.0000,134.4000
147.2000,65.3000,180.8000,65.3000,180.8000,133.7000,147.2000,133.7000
145.2000,61.0000,178.8000,61.0000,178.8000,133.0000,145.2000,133.0000
147.0000,59.7000,183.0000,59.7000,183.0000,135.3000,147.0000,135.3000
144.5000,55.8000,186.5000,55.8000,186.5000,130.2000,144.5000,130.2000
145.6000,53.8000,186.4000,53.8000,186.4000,128.2000,145.6000,128.2000
145.7000,56.2000,185.3000,56.2000,185.3000,125.8000,145.7000,125.8000
143.3000,60.4000,187.7000,60.4000,187.7000,127.6000,143.3000,127.6000
142.3000,64.8000,186.7000,64.8000,186.7000,127.2000,142.3000,127.2000
140.3000,66.9000,184.7000,66.9000,184.7000,128.1000,140.3000,128.1000
138.1000,70.1000,184.9000,70.1000,184.9000,128.9000,138.1000,128.9000
131.6000,80.8000,184.4000,80.8000,184.4000,131.2000,131.6000,131.2000
119.6000,93.6000,184.4000,93.6000,184.4000,134.4000,119.6000,134.4000
115.3000,103.8000,183.7000,103.8000,183.7000,142.2000,115.3000,142.2000
114.0000,112.5000,186.0000,112.5000,186.0000,154.5000,114.0000,154.5000
115.2000,106.8000,184.8000,106.8000,184.8000,157.2000,115.2000,157.2000
117.1000,108.7000,187.9000,108.7000,187.9000,148.3000,117.1000,148.3000
117.8000,84.6000,192.2000,84.6000,192.2000,125.4000,117.8000,125.4000
124.9000,82.8000,198.1000,82.8000,198.1000,121.2000,124.9000,121.2000
130.0000,78.5000,202.0000,78.5000,202.0000,120.5000,130.0000,120.5000
135.6000,71.9000,200.4000,71.9000,200.4000,121.1000,135.6000,121.1000
135.7000,67.3000,199.3000,67.3000,199.3000,123.7000,135.7000,123.7000
136.8000,66.0000,199.2000,66.0000,199.2000,126.0000,136.8000,126.0000
134.8000,68.1000,197.2000,68.1000,197.2000,126.9000,134.8000,126.9000
134.8000,68.1000,197.2000,68.1000,197.2000,126.9000,134.8000,126.9000
133.7000,65.9000,197.3000,65.9000,197.3000,127.1000,133.7000,127.1000
133.7000,64.8000,197.3000,64.8000,197.3000,127.2000,133.7000,127.2000
132.6000,65.8000,197.4000,65.8000,197.4000,128.2000,132.6000,128.2000
133.8000,69.0000,196.2000,69.0000,196.2000,129.0000,133.8000,129.0000
135.7000,71.3000,199.3000,71.3000,199.3000,127.7000,135.7000,127.7000
136.7000,71.4000,200.3000,71.4000,200.3000,126.6000,136.7000,126.6000
136.7000,74.7000,200.3000,74.7000,200.3000,126.3000,136.7000,126.3000
136.7000,72.4000,200.3000,72.4000,200.3000,127.6000,136.7000,127.6000
136.7000,68.1000,200.3000,68.1000,200.3000,126.9000,136.7000,126.9000
135.8000,70.3000,198.2000,70.3000,198.2000,126.7000,135.8000,126.7000
135.9000,72.5000,197.1000,72.5000,197.1000,126.5000,135.9000,126.5000
134.7000,69.4000,198.3000,69.4000,198.3000,124.6000,134.7000,124.6000
133.6000,69.3000,198.4000,69.3000,198.4000,125.7000,133.6000,125.7000
131.8000,69.3000,194.2000,69.3000,194.2000,125.7000,131.8000,125.7000
132.6000,72.6000,197.4000,72.6000,197.4000,125.4000,132.6000,125.4000
132.6000,72.6000,197.4000,72.6000,197.4000,125.4000,132.6000,125.4000
134.0000,73.7000,194.0000,73.7000,194.0000,125.3000,134.0000,125.3000
132.9000,75.8000,194.1000,75.8000,194.1000,126.2000,132.9000,126.2000
134.0000,77.0000,194.0000,77.0000,194.0000,125.0000,134.0000,125.0000
134.0000,78.1000,194.0000,78.1000,194.0000,124.9000,134.0000,124.9000
134.0000,81.2000,194.0000,81.2000,194.0000,126.8000,134.0000,126.8000
134.0000,81.2000,194.0000,81.2000,194.0000,126.8000,134.0000,126.8000
134.0000,83.4000,194.0000,83.4000,194.0000,126.6000,134.0000,126.6000
135.0000,83.4000,195.0000,83.4000,195.0000,126.6000,135.0000,126.6000
136.1000,82.4000,194.9000,82.4000,194.9000,125.6000,136.1000,125.6000
137.1000,81.3000,195.9000,81.3000,195.9000,125.7000,137.1000,125.7000
136.8000,79.1000,199.2000,79.1000,199.2000,125.9000,136.8000,125.9000
134.9000,79.1000,196.1000,79.1000,196.1000,125.9000,134.9000,125.9000
134.8000,77.9000,197.2000,77.9000,197.2000,127.1000,134.8000,127.1000
133.8000,80.1000,196.2000,80.1000,196.2000,126.9000,133.8000,126.9000
136.1000,82.1000,194.9000,82.1000,194.9000,128.9000,136.1000,128.9000
134.6000,85.3000,199.4000,85.3000,199.4000,129.7000,134.6000,129.7000
132.5000,87.4000,198.5000,87.4000,198.5000,130.6000,132.5000,130.6000
132.5000,82.0000,198.5000,82.0000,198.5000,130.0000,132.5000,130.0000
132.4000,83.5000,199.6000,83.5000,199.6000,125.5000,132.4000,125.5000
130.5000,81.5000,196.5000,81.5000,196.5000,123.5000,130.5000,123.5000
131.6000,78.3000,196.4000,78.3000,196.4000,122.7000,131.6000,122.7000
129.6000,76.2000,194.4000,76.2000,194.4000,121.8000,129.6000,121.8000
129.9000,73.1000,191.1000,73.1000,191.1000,119.9000,129.9000,119.9000
135.1000,69.1000,193.9000,69.1000,193.9000,115.9000,135.1000,115.9000
131.5000,96.3000,185.5000,96.3000,185.5000,140.7000,131.5000,140.7000
134.2000,114.2000,191.8000,114.2000,191.8000,147.8000,134.2000,147.8000
138.6000,72.5000,191.4000,72.5000,191.4000,114.5000,138.6000,114.5000
143.1000,72.3000,189.9000,72.3000,189.9000,116.7000,143.1000,116.7000
141.3000,72.2000,185.7000,72.2000,185.7000,117.8000,141.3000,117.8000
138.2000,75.4000,183.8000,75.4000,183.8000,118.6000,138.2000,118.6000
137.2000,75.3000,182.8000,75.3000,182.8000,119.7000,137.2000,119.7000
138.1000,82.5000,184.9000,82.5000,184.9000,124.5000,138.1000,124.5000
140.3000,81.1000,184.7000,81.1000,184.7000,127.9000,140.3000,127.9000
141.3000,75.5000,185.7000,75.5000,185.7000,129.5000,141.3000,129.5000
142.4000,75.5000,185.6000,75.5000,185.6000,129.5000,142.4000,129.5000
142.2000,75.5000,187.8000,75.5000,187.8000,129.5000,142.2000,129.5000
143.3000,75.5000,187.7000,75.5000,187.7000,129.5000,143.3000,129.5000
142.1000,75.4000,188.9000,75.4000,188.9000,130.6000,142.1000,130.6000
143.2000,76.5000,188.8000,76.5000,188.8000,130.5000,143.2000,130.5000
143.2000,75.4000,188.8000,75.4000,188.8000,130.6000,143.2000,130.6000
144.3000,75.4000,188.7000,75.4000,188.7000,130.6000,144.3000,130.6000
144.4000,75.3000,187.6000,75.3000,187.6000,131.7000,144.4000,131.7000
144.5000,75.9000,186.5000,75.9000,186.5000,137.1000,144.5000,137.1000
144.5000,76.8000,186.5000,76.8000,186.5000,139.2000,144.5000,139.2000
143.6000,76.7000,184.4000,76.7000,184.4000,140.3000,143.6000,140.3000
140.6000,78.6000,181.4000,78.6000,181.4000,143.4000,140.6000,143.4000
136.6000,80.4000,177.4000,80.4000,177.4000,147.6000,136.6000,147.6000
130.2000,84.6000,175.8000,84.6000,175.8000,149.4000,130.2000,149.4000
128.1000,81.5000,174.9000,81.5000,174.9000,147.5000,128.1000,147.5000
124.8000,80.2000,175.2000,80.2000,175.2000,149.8000,124.8000,149.8000
124.9000,82.4000,174.1000,82.4000,174.1000,149.6000,124.9000,149.6000
124.8000,82.2000,175.2000,82.2000,175.2000,151.8000,124.8000,151.8000
124.8000,79.7000,175.2000,79.7000,175.2000,155.3000,124.8000,155.3000
124.7000,81.1000,176.3000,81.1000,176.3000,151.9000,124.7000,151.9000
123.6000,82.5000,176.4000,82.5000,176.4000,148.5000,123.6000,148.5000
123.5000,82.3000,177.5000,82.3000,177.5000,150.7000,123.5000,150.7000
122.3000,81.4000,178.7000,81.4000,178.7000,148.6000,122.3000,148.6000
122.2000,81.5000,179.8000,81.5000,179.8000,147.5000,122.2000,147.5000
121.0000,79.4000,181.0000,79.4000,181.0000,146.6000,121.0000,146.6000
120.2000,77.3000,177.8000,77.3000,177.8000,145.7000,120.2000,145.7000
119.1000,77.0000,177.9000,77.0000,177.9000,149.0000,119.1000,149.0000
120.1000,77.0000,178.9000,77.0000,178.9000,149.0000,120.1000,149.0000
121.0000,78.3000,181.0000,78.3000,181.0000,146.7000,121.0000,146.7000
120.9000,78.5000,182.1000,78.5000,182.1000,144.5000,120.9000,144.5000
121.0000,78.8000,181.0000,78.8000,181.0000,141.2000,121.0000,141.2000
121.1000,77.8000,179.9000,77.8000,179.9000,140.2000,121.1000,140.2000
120.4000,77.9000,175.6000,77.9000,175.6000,139.1000,120.4000,139.1000
120.4000,76.9000,175.6000,76.9000,175.6000,138.1000,120.4000,138.1000
120.6000,75.9000,173.4000,75.9000,173.4000,137.1000,120.6000,137.1000
121.8000,74.9000,172.2000,74.9000,172.2000,136.1000,121.8000,136.1000
122.7000,75.0000,174.3000,75.0000,174.3000,135.0000,122.7000,135.0000
123.5000,71.9000,177.5000,71.9000,177.5000,133.1000,123.5000,133.1000
123.4000,69.0000,178.6000,69.0000,178.6000,129.0000,123.4000,129.0000
122.5000,64.9000,176.5000,64.9000,176.5000,126.1000,122.5000,126.1000
119.2000,60.8000,176.8000,60.8000,176.8000,123.2000,119.2000,123.2000
119.0000,60.9000,179.0000,60.9000,179.0000,122.1000,119.0000,122.1000
118.8000,61.9000,181.2000,61.9000,181.2000,123.1000,118.8000,123.1000
117.8000,62.7000,180.2000,62.7000,180.2000,126.3000,117.8000,126.3000
118.7000,61.7000,182.3000,61.7000,182.3000,125.3000,118.7000,125.3000
119.6000,61.8000,184.4000,61.8000,184.4000,124.2000,119.6000,124.2000
119.6000,61.8000,184.4000,61.8000,184.4000,124.2000,119.6000,124.2000
117.3000,59.8000,185.7000,59.8000,185.7000,122.2000,117.3000,122.2000
113.1000,56.6000,183.9000,56.6000,183.9000,121.4000,113.1000,121.4000
107.1000,56.3000,177.9000,56.3000,177.9000,124.7000,107.1000,124.7000
106.0000,59.6000,178.0000,59.6000,178.0000,124.4000,106.0000,124.4000
101.7000,61.8000,177.3000,61.8000,177.3000,124.2000,101.7000,124.2000
97.3000,60.8000,177.7000,60.8000,177.7000,123.2000,97.3000,123.2000
97.2000,60.0000,178.8000,60.0000,178.8000,120.0000,97.2000,120.0000
93.9000,60.9000,179.1000,60.9000,179.1000,122.1000,93.9000,122.1000
92.8000,59.7000,179.2000,59.7000,179.2000,123.3000,92.8000,123.3000
92.9000,61.7000,178.1000,61.7000,178.1000,125.3000,92.9000,125.3000
93.1000,61.5000,175.9000,61.5000,175.9000,127.5000,93.1000,127.5000
93.3000,62.7000,173.7000,62.7000,173.7000,126.3000,93.3000,126.3000
90.3000,64.7000,170.7000,64.7000,170.7000,128.3000,90.3000,128.3000
86.2000,66.7000,167.8000,66.7000,167.8000,130.3000,86.2000,130.3000
86.4000,70.5000,165.6000,70.5000,165.6000,136.5000,86.4000,136.5000
86.4000,69.7000,165.6000,69.7000,165.6000,133.3000,86.4000,133.3000
87.8000,69.7000,162.2000,69.7000,162.2000,133.3000,87.8000,133.3000
91.8000,70.8000,166.2000,70.8000,166.2000,133.2000,91.8000,133.2000
97.3000,71.7000,165.7000,71.7000,165.7000,135.3000,97.3000,135.3000
103.7000,70.6000,167.3000,70.6000,167.3000,135.4000,103.7000,135.4000
104.8000,69.8000,167.2000,69.8000,167.2000,132.2000,104.8000,132.2000
106.0000,69.8000,166.0000,69.8000,166.0000,132.2000,106.0000,132.2000
105.0000,68.9000,165.0000,68.9000,165.0000,130.1000,105.0000,130.1000
105.0000,68.9000,165.0000,68.9000,165.0000,130.1000,105.0000,130.1000
105.0000,68.1000,165.0000,68.1000,165.0000,126.9000,105.0000,126.9000
104.0000,66.1000,164.0000,66.1000,164.0000,124.9000,104.0000,124.9000
104.0000,64.9000,164.0000,64.9000,164.0000,126.1000,104.0000,126.1000
103.9000,64.9000,165.1000,64.9000,165.1000,126.1000,103.9000,126.1000
105.0000,66.0000,165.0000,66.0000,165.0000,126.0000,105.0000,126.0000
105.1000,66.1000,163.9000,66.1000,163.9000,124.9000,105.1000,124.9000
105.1000,66.1000,163.9000,66.1000,163.9000,124.9000,105.1000,124.9000
105.1000,64.1000,163.9000,64.1000,163.9000,122.9000,105.1000,122.9000
105.1000,64.1000,163.9000,64.1000,163.9000,122.9000,105.1000,122.9000
106.0000,64.2000,166.0000,64.2000,166.0000,121.8000,106.0000,121.8000
107.2000,62.2000,164.8000,62.2000,164.8000,119.8000,107.2000,119.8000
106.9000,62.2000,168.1000,62.2000,168.1000,119.8000,106.9000,119.8000
106.9000,61.1000,168.1000,61.1000,168.1000,119.9000,106.9000,119.9000
109.1000,61.2000,167.9000,61.2000,167.9000,118.8000,109.1000,118.8000
