1
183.6500,208.0000,45.0000,110.0000
182.9750,209.6500,43.6500,106.7000
182.9750,209.6500,43.6500,106.7000
182.9750,209.6500,43.6500,106.7000
182.9750,209.6500,43.6500,106.7000
182.9750,209.6500,43.6500,106.7000
182.9750,209.6500,43.6500,106.7000
182.9750,209.6500,43.6500,106.7000
182.9750,209.6500,43.6500,106.7000
182.9750,209.6500,43.6500,106.7000
182.9750,209.6500,43.6500,106.7000
182.3012,211.2971,42.3024,103.4059
182.3012,211.2971,42.3024,103.4059
182.3012,211.2971,42.3024,103.4059
182.3012,211.2971,42.3024,103.4059
182.3012,211.2971,42.3024,103.4059
182.3012,211.2971,42.3024,103.4059
182.3012,211.2971,42.3024,103.4059
182.3012,211.2971,42.3024,103.4059
182.3012,211.2971,42.3024,103.4059
182.3012,211.2971,42.3024,103.4059
182.3012,211.2971,42.3024,103.4059
182.3012,211.2971,42.3024,103.4059
182.3012,211.2971,42.3024,103.4059
182.3012,211.2971,42.3024,103.4059
182.3012,211.2971,42.3024,103.4059
0
0
0
0
0
0
0
0
0
0
0
0
0
0
0
0
0
0
0
0
0
0
0
0
0
0
0
0
0
0
0
0
0
0
0
0
0
0
0
0
0
0
0
0
0
0
0
0
0
0
0
0
0
0
0
0
0
0
0
0
0
0
0
0
0
0
0
0
0
0
2
0
0
0
0
1
107.0000,202.0000,55.0000,122.0000
109.4750,200.1700,56.6500,125.6600
109.4750,200.1700,56.6500,125.6600
109.4750,200.1700,56.6500,125.6600
109.4750,200.1700,56.6500,125.6600
109.4750,200.1700,56.6500,125.6600
109.4750,200.1700,56.6500,125.6600
109.4750,200.1700,56.6500,125.6600
109.4750,200.1700,56.6500,125.6600
109.4750,200.1700,56.6500,125.6600
109.4750,200.1700,56.6500,125.6600
109.4750,200.1700,56.6500,125.6600
109.4750,200.1700,56.6500,125.6600
109.4750,200.1700,56.6500,125.6600
109.4750,200.1700,56.6500,125.6600
109.4750,200.1700,56.6500,125.6600
0
0
0
0
0
0
0
0
0
0
0
0
0
0
0
0
0
0
0
0
0
0
0
0
0
0
0
0
0
0
0
0
0
0
0
0
0
0
0
0
0
0
0
0
0
0
0
0
0
0
0
0
0
0
0
0
0
0
0
0
0
0
0
0
0
0
0
0
0
0
0
0
0
0
0
0
0
0
0
0
2
0
0
0
0
1
276.0000,152.0000,46.0000,108.0000
276.6900,153.6200,47.3800,111.2400
276.6900,153.6200,47.3800,111.2400
276.6900,153.6200,47.3800,111.2400
276.6900,153.6200,47.3800,111.2400
276.6900,153.6200,47.3800,111.2400
276.6900,153.6200,47.3800,111.2400
276.6900,153.6200,47.3800,111.2400
276.6900,153.6200,47.3800,111.2400
276.6900,153.6200,47.3800,111.2400
275.9793,155.2886,48.8014,114.5772
275.9793,155.2886,48.8014,114.5772
275.9793,155.2886,48.8014,114.5772
275.9793,155.2886,48.8014,114.5772
275.9793,155.2886,48.8014,114.5772
275.9793,155.2886,48.8014,114.5772
275.9793,155.2886,48.8014,114.5772
275.9793,155.2886,48.8014,114.5772
275.9793,155.2886,48.8014,114.5772
275.9793,155.2886,48.8014,114.5772
275.9793,155.2886,48.8014,114.5772
275.9793,155.2886,48.8014,114.5772
275.9793,155.2886,48.8014,114.5772
275.9793,155.2886,48.8014,114.5772
275.9793,155.2886,48.8014,114.5772
275.9793,155.2886,48.8014,114.5772
275.9793,155.2886,48.8014,114.5772
275.9793,155.2886,48.8014,114.5772
275.9793,155.2886,48.8014,114.5772
275.9793,155.2886,48.8014,114.5772
275.9793,155.2886,48.8014,114.5772
275.9793,155.2886,48.8014,114.5772
275.9793,155.2886,48.8014,114.5772
275.9793,155.2886,48.8014,114.5772
275.9793,155.2886,48.8014,114.5772
275.9793,155.2886,48.8014,114.5772
275.9793,155.2886,48.8014,114.5772
275.9793,155.2886,48.8014,114.5772
275.9793,155.2886,48.8014,114.5772
0
0
0
0
0
0
0
0
0
0
0
0
0
0
0
0
0
0
0
0
0
0
0
0
0
0
0
0
0
0
0
0
0
0
0
0
0
0
0
0
0
0
0
0
0
0
0
0
0
0
0
0
0
0
0
0
0
0
0
0
0
0
0
0
2
0
0
0
0
1
143.4300,197.0550,36.8600,132.8900
140.7158,199.1099,37.9316,136.7535
140.7158,199.1099,37.9316,136.7535
140.7158,199.1099,37.9316,136.7535
140.7158,199.1099,37.9316,136.7535
140.7158,199.1099,37.9316,136.7535
140.7158,199.1099,37.9316,136.7535
140.7158,199.1099,37.9316,136.7535
140.7158,199.1099,37.9316,136.7535
140.7158,199.1099,37.9316,136.7535
139.0254,201.2209,36.7606,132.5315
139.0254,201.2209,36.7606,132.5315
139.0254,201.2209,36.7606,132.5315
139.0254,201.2209,36.7606,132.5315
139.0254,201.2209,36.7606,132.5315
139.0254,201.2209,36.7606,132.5315
139.0254,201.2209,36.7606,132.5315
139.0254,201.2209,36.7606,132.5315
139.0254,201.2209,36.7606,132.5315
139.0254,201.2209,36.7606,132.5315
139.0254,201.2209,36.7606,132.5315
139.0254,201.2209,36.7606,132.5315
139.0254,201.2209,36.7606,132.5315
139.0254,201.2209,36.7606,132.5315
139.0254,201.2209,36.7606,132.5315
139.0254,201.2209,36.7606,132.5315
139.0254,201.2209,36.7606,132.5315
139.0254,201.2209,36.7606,132.5315
139.0254,201.2209,36.7606,132.5315
139.0254,201.2209,36.7606,132.5315
139.0254,201.2209,36.7606,132.5315
139.0254,201.2209,36.7606,132.5315
139.0254,201.2209,36.7606,132.5315
139.0254,201.2209,36.7606,132.5315
139.0254,201.2209,36.7606,132.5315
139.0254,201.2209,36.7606,132.5315
139.0254,201.2209,36.7606,132.5315
139.0254,201.2209,36.7606,132.5315
139.0254,201.2209,36.7606,132.5315
139.0254,201.2209,36.7606,132.5315
139.0254,201.2209,36.7606,132.5315
139.0254,201.2209,36.7606,132.5315
139.0254,201.2209,36.7606,132.5315
139.0254,201.2209,36.7606,132.5315
139.0254,201.2209,36.7606,132.5315
139.0254,201.2209,36.7606,132.5315
139.0254,201.2209,36.7606,132.5315
139.0254,201.2209,36.7606,132.5315
139.0254,201.2209,36.7606,132.5315
139.0254,201.2209,36.7606,132.5315
139.0254,201.2209,36.7606,132.5315
139.0254,201.2209,36.7606,132.5315
139.0254,201.2209,36.7606,132.5315
139.0254,201.2209,36.7606,132.5315
139.0254,201.2209,36.7606,132.5315
139.0254,201.2209,36.7606,132.5315
139.0254,201.2209,36.7606,132.5315
139.0254,201.2209,36.7606,132.5315
139.0254,201.2209,36.7606,132.5315
139.0254,201.2209,36.7606,132.5315
139.0254,201.2209,36.7606,132.5315
139.0254,201.2209,36.7606,132.5315
139.0254,201.2209,36.7606,132.5315
139.0254,201.2209,36.7606,132.5315
139.0254,201.2209,36.7606,132.5315
139.0254,201.2209,36.7606,132.5315
139.0254,201.2209,36.7606,132.5315
139.0254,201.2209,36.7606,132.5315
139.0254,201.2209,36.7606,132.5315
139.0254,201.2209,36.7606,132.5315
139.0254,201.2209,36.7606,132.5315
139.0254,201.2209,36.7606,132.5315
139.0254,201.2209,36.7606,132.5315
139.0254,201.2209,36.7606,132.5315
139.0254,201.2209,36.7606,132.5315
139.0254,201.2209,36.7606,132.5315
139.0254,201.2209,36.7606,132.5315
139.0254,201.2209,36.7606,132.5315
139.0254,201.2209,36.7606,132.5315
139.0254,201.2209,36.7606,132.5315
139.0254,201.2209,36.7606,132.5315
139.0254,201.2209,36.7606,132.5315
139.0254,201.2209,36.7606,132.5315
139.0254,201.2209,36.7606,132.5315
139.0254,201.2209,36.7606,132.5315
139.0254,201.2209,36.7606,132.5315
139.0254,201.2209,36.7606,132.5315
139.0254,201.2209,36.7606,132.5315
139.0254,201.2209,36.7606,132.5315
139.0254,201.2209,36.7606,132.5315
139.0254,201.2209,36.7606,132.5315
139.0254,201.2209,36.7606,132.5315
139.0254,201.2209,36.7606,132.5315
139.0254,201.2209,36.7606,132.5315
139.0254,201.2209,36.7606,132.5315
139.0254,201.2209,36.7606,132.5315
139.0254,201.2209,36.7606,132.5315
124.8000,195.4000,39.0000,139.8000
124.8000,195.4000,39.0000,139.8000
124.8000,195.4000,39.0000,139.8000
124.8000,195.4000,39.0000,139.8000
124.8000,195.4000,39.0000,139.8000
124.8000,195.4000,39.0000,139.8000
124.8000,195.4000,39.0000,139.8000
124.8000,195.4000,39.0000,139.8000
124.8000,195.4000,39.0000,139.8000
124.8000,195.4000,39.0000,139.8000
124.8000,195.4000,39.0000,139.8000
124.8000,195.4000,39.0000,139.8000
124.8000,195.4000,39.0000,139.8000
124.8000,195.4000,39.0000,139.8000
124.8000,195.4000,39.0000,139.8000
124.8000,195.4000,39.0000,139.8000
124.8000,195.4000,39.0000,139.8000
124.8000,195.4000,39.0000,139.8000
124.8000,195.4000,39.0000,139.8000
0
0
0
0
0
0
0
0
0
0
0
0
0
0
0
0
0
0
0
0
0
0
0
0
0
0
0
0
0
0
0
0
0
0
0
0
0
0
0
0
0
0
0
0
0
0
0
0
0
0
0
0
0
0
0
0
0
0
0
0
0
0
0
0
0
0
2
0
0
0
0
1
384.8200,194.0000,53.0000,117.0000
380.0500,186.9800,53.0000,117.0000
380.0500,186.9800,53.0000,117.0000
380.0500,186.9800,53.0000,117.0000
380.0500,186.9800,53.0000,117.0000
380.0500,186.9800,53.0000,117.0000
380.0500,186.9800,53.0000,117.0000
380.0500,186.9800,53.0000,117.0000
380.0500,186.9800,53.0000,117.0000
380.0500,186.9800,53.0000,117.0000
374.4850,185.2250,54.5900,120.5100
374.4850,185.2250,54.5900,120.5100
374.4850,185.2250,54.5900,120.5100
374.4850,185.2250,54.5900,120.5100
374.4850,185.2250,54.5900,120.5100
374.4850,185.2250,54.5900,120.5100
374.4850,185.2250,54.5900,120.5100
374.4850,185.2250,54.5900,120.5100
374.4850,185.2250,54.5900,120.5100
374.4850,185.2250,54.5900,120.5100
374.4850,185.2250,54.5900,120.5100
374.4850,185.2250,54.5900,120.5100
374.4850,185.2250,54.5900,120.5100
374.4850,185.2250,54.5900,120.5100
374.4850,185.2250,54.5900,120.5100
374.4850,185.2250,54.5900,120.5100
374.4850,185.2250,54.5900,120.5100
374.4850,185.2250,54.5900,120.5100
374.4850,185.2250,54.5900,120.5100
374.4850,185.2250,54.5900,120.5100
374.4850,185.2250,54.5900,120.5100
374.4850,185.2250,54.5900,120.5100
374.4850,185.2250,54.5900,120.5100
374.4850,185.2250,54.5900,120.5100
374.4850,185.2250,54.5900,120.5100
374.4850,185.2250,54.5900,120.5100
374.4850,185.2250,54.5900,120.5100
374.4850,185.2250,54.5900,120.5100
374.4850,185.2250,54.5900,120.5100
374.4850,185.2250,54.5900,120.5100
0
0
0
0
0
0
0
0
0
0
0
0
0
0
0
0
0
0
0
0
0
0
0
0
0
0
0
0
0
0
0
0
0
0
0
0
0
0
0
0
0
0
0
0
0
0
0
0
0
0
0
0
0
0
0
0
0
2
0
0
0
0
1
306.3400,160.0000,39.0000,101.0000
308.6800,156.9700,39.0000,101.0000
308.6800,156.9700,39.0000,101.0000
308.6800,156.9700,39.0000,101.0000
308.6800,156.9700,39.0000,101.0000
308.6800,156.9700,39.0000,101.0000
308.6800,156.9700,39.0000,101.0000
308.6800,156.9700,39.0000,101.0000
308.6800,156.9700,39.0000,101.0000
308.6800,156.9700,39.0000,101.0000
310.4350,161.5150,37.8300,97.9700
310.4350,161.5150,37.8300,97.9700
310.4350,161.5150,37.8300,97.9700
310.4350,161.5150,37.8300,97.9700
310.4350,161.5150,37.8300,97.9700
310.4350,161.5150,37.8300,97.9700
310.4350,161.5150,37.8300,97.9700
310.4350,161.5150,37.8300,97.9700
310.4350,161.5150,37.8300,97.9700
310.4350,161.5150,37.8300,97.9700
310.4350,161.5150,37.8300,97.9700
310.4350,161.5150,37.8300,97.9700
310.4350,161.5150,37.8300,97.9700
310.4350,161.5150,37.8300,97.9700
310.4350,161.5150,37.8300,97.9700
310.4350,161.5150,37.8300,97.9700
310.4350,161.5150,37.8300,97.9700
310.4350,161.5150,37.8300,97.9700
310.4350,161.5150,37.8300,97.9700
310.4350,161.5150,37.8300,97.9700
310.4350,161.5150,37.8300,97.9700
310.4350,161.5150,37.8300,97.9700
310.4350,161.5150,37.8300,97.9700
310.4350,161.5150,37.8300,97.9700
310.4350,161.5150,37.8300,97.9700
310.4350,161.5150,37.8300,97.9700
310.4350,161.5150,37.8300,97.9700
310.4350,161.5150,37.8300,97.9700
310.4350,161.5150,37.8300,97.9700
310.4350,161.5150,37.8300,97.9700
310.4350,161.5150,37.8300,97.9700
310.4350,161.5150,37.8300,97.9700
310.4350,161.5150,37.8300,97.9700
310.4350,161.5150,37.8300,97.9700
310.4350,161.5150,37.8300,97.9700
310.4350,161.5150,37.8300,97.9700
310.4350,161.5150,37.8300,97.9700
310.4350,161.5150,37.8300,97.9700
310.4350,161.5150,37.8300,97.9700
310.4350,161.5150,37.8300,97.9700
310.4350,161.5150,37.8300,97.9700
310.4350,161.5150,37.8300,97.9700
310.4350,161.5150,37.8300,97.9700
310.4350,161.5150,37.8300,97.9700
310.4350,161.5150,37.8300,97.9700
310.4350,161.5150,37.8300,97.9700
310.4350,161.5150,37.8300,97.9700
310.4350,161.5150,37.8300,97.9700
310.4350,161.5150,37.8300,97.9700
310.4350,161.5150,37.8300,97.9700
310.4350,161.5150,37.8300,97.9700
310.4350,161.5150,37.8300,97.9700
310.4350,161.5150,37.8300,97.9700
310.4350,161.5150,37.8300,97.9700
310.4350,161.5150,37.8300,97.9700
310.4350,161.5150,37.8300,97.9700
310.4350,161.5150,37.8300,97.9700
310.4350,161.5150,37.8300,97.9700
310.4350,161.5150,37.8300,97.9700
310.4350,161.5150,37.8300,97.9700
310.4350,161.5150,37.8300,97.9700
2
0
0
0
0
0
0
0
0
0
0
0
0
0
0
0
0
0
0
0
0
0
0
0
0
0
0
0
0
332.8000,162.4000,38.6000,99.8000
0
0
0
0
1
337.5050,206.6050,33.9900,110.2100
336.4853,206.6050,33.9900,110.2100
336.4853,206.6050,33.9900,110.2100
336.4853,206.6050,33.9900,110.2100
336.4853,206.6050,33.9900,110.2100
336.4853,206.6050,33.9900,110.2100
336.4853,206.6050,33.9900,110.2100
336.4853,206.6050,33.9900,110.2100
336.4853,206.6050,33.9900,110.2100
336.4853,206.6050,33.9900,110.2100
336.4853,206.6050,33.9900,110.2100
336.4853,206.6050,33.9900,110.2100
336.4853,206.6050,33.9900,110.2100
336.4853,206.6050,33.9900,110.2100
