1
388.6000,481.4000,441.4000,481.4000,441.4000,536.6000,388.6000,536.6000
394.3000,476.6000,450.7000,476.6000,450.7000,529.4000,394.3000,529.4000
403.5000,466.3000,457.5000,466.3000,457.5000,522.7000,403.5000,522.7000
406.4000,464.7000,461.6000,464.7000,461.6000,516.3000,406.4000,516.3000
401.5000,465.6000,455.5000,465.6000,455.5000,518.4000,401.5000,518.4000
392.1000,468.5000,450.9000,468.5000,450.9000,522.5000,392.1000,522.5000
385.4000,473.3000,440.6000,473.3000,440.6000,529.7000,385.4000,529.7000
375.4000,482.5000,430.6000,482.5000,430.6000,536.5000,375.4000,536.5000
391.3000,459.0000,447.7000,459.0000,447.7000,507.0000,391.3000,507.0000
397.2000,468.0000,454.8000,468.0000,454.8000,516.0000,397.2000,516.0000
399.3000,473.4000,455.7000,473.4000,455.7000,516.6000,399.3000,516.6000
393.0000,471.3000,453.0000,471.3000,453.0000,515.7000,393.0000,515.7000
417.1000,475.4000,475.9000,475.4000,475.9000,518.6000,417.1000,518.6000
2
0
0
0
0
1
919.8000,378.1000,994.2000,378.1000,994.2000,424.9000,919.8000,424.9000
949.1000,378.9000,1019.9000,378.9000,1019.9000,416.1000,949.1000,416.1000
994.2000,379.6000,1063.8000,379.6000,1063.8000,420.4000,994.2000,420.4000
2
0
0
0
0
1
1396.2000,306.8000,1465.8000,306.8000,1465.8000,345.2000,1396.2000,345.2000
1431.3000,297.7000,1499.7000,297.7000,1499.7000,337.3000,1431.3000,337.3000
1467.2000,290.9000,1536.8000,290.9000,1536.8000,328.1000,1467.2000,328.1000
1495.1000,280.6000,1565.9000,280.6000,1565.9000,321.4000,1495.1000,321.4000
1485.9000,291.2000,1559.1000,291.2000,1559.1000,324.8000,1485.9000,324.8000
1492.3000,289.0000,1560.7000,289.0000,1560.7000,325.0000,1492.3000,325.0000
1511.0000,287.5000,1571.0000,287.5000,1571.0000,329.5000,1511.0000,329.5000
2
0
0
0
0
1
1604.2000,325.1000,1661.8000,325.1000,1661.8000,371.9000,1604.2000,371.9000
1609.6000,313.0000,1662.4000,313.0000,1662.4000,361.0000,1609.6000,361.0000
1609.0000,309.2000,1657.0000,309.2000,1657.0000,354.8000,1609.0000,354.8000
1604.3000,299.0000,1648.7000,299.0000,1648.7000,347.0000,1604.3000,347.0000
1602.4000,295.5000,1645.6000,295.5000,1645.6000,337.5000,1602.4000,337.5000
1565.0000,317.2000,1613.0000,317.2000,1613.0000,362.8000,1565.0000,362.8000
1561.5000,314.9000,1615.5000,314.9000,1615.5000,364.1000,1561.5000,364.1000
2
0
0
0
0
1
1596.6000,231.7000,1649.4000,231.7000,1649.4000,271.3000,1596.6000,271.3000
1589.6000,226.6000,1642.4000,226.6000,1642.4000,267.4000,1589.6000,267.4000
1585.6000,223.7000,1638.4000,223.7000,1638.4000,263.3000,1585.6000,263.3000
1582.9000,218.4000,1632.1000,218.4000,1632.1000,261.6000,1582.9000,261.6000
1578.1000,216.3000,1624.9000,216.3000,1624.9000,260.7000,1578.1000,260.7000
1558.6000,207.2000,1611.4000,207.2000,1611.4000,252.8000,1558.6000,252.8000
1555.0000,198.6000,1603.0000,198.6000,1603.0000,251.4000,1555.0000,251.4000
1548.8000,196.7000,1599.2000,196.7000,1599.2000,248.3000,1548.8000,248.3000
1546.8000,193.8000,1597.2000,193.8000,1597.2000,244.2000,1546.8000,244.2000
1544.2000,192.8000,1589.8000,192.8000,1589.8000,243.2000,1544.2000,243.2000
1543.1000,190.9000,1589.9000,190.9000,1589.9000,240.1000,1543.1000,240.1000
1538.2000,193.9000,1583.8000,193.9000,1583.8000,243.1000,1538.2000,243.1000
1532.5000,194.0000,1586.5000,194.0000,1586.5000,242.0000,1532.5000,242.0000
1508.8000,184.5000,1559.2000,184.5000,1559.2000,226.5000,1508.8000,226.5000
1483.9000,188.0000,1533.1000,188.0000,1533.1000,236.0000,1483.9000,236.0000
1511.4000,217.1000,1554.6000,217.1000,1554.6000,263.9000,1511.4000,263.9000
2
0
0
0
0
1
1087.7000,279.6000,1151.3000,279.6000,1151.3000,332.4000,1087.7000,332.4000
1040.4000,286.7000,1107.6000,286.7000,1107.6000,338.3000,1040.4000,338.3000
992.5000,305.9000,1058.5000,305.9000,1058.5000,355.1000,992.5000,355.1000
954.9000,327.9000,1016.1000,327.9000,1016.1000,377.1000,954.9000,377.1000
902.7000,334.0000,966.3000,334.0000,966.3000,382.0000,902.7000,382.0000
859.6000,344.7000,924.4000,344.7000,924.4000,396.3000,859.6000,396.3000
806.2000,359.1000,875.8000,359.1000,875.8000,417.9000,806.2000,417.9000
761.6000,378.4000,826.4000,378.4000,826.4000,433.6000,761.6000,433.6000
714.4000,401.0000,781.6000,401.0000,781.6000,461.0000,714.4000,461.0000
674.7000,416.5000,738.3000,416.5000,738.3000,482.5000,674.7000,482.5000
622.3000,432.4000,690.7000,432.4000,690.7000,499.6000,622.3000,499.6000
581.5000,448.8000,647.5000,448.8000,647.5000,511.2000,581.5000,511.2000
539.7000,472.6000,603.3000,472.6000,603.3000,537.4000,539.7000,537.4000
492.8000,495.5000,555.2000,495.5000,555.2000,561.5000,492.8000,561.5000
455.9000,517.1000,517.1000,517.1000,517.1000,587.9000,455.9000,587.9000
448.4000,508.0000,515.6000,508.0000,515.6000,580.0000,448.4000,580.0000
427.8000,516.9000,502.2000,516.9000,502.2000,590.1000,427.8000,590.1000
419.9000,519.8000,493.1000,519.8000,493.1000,594.2000,419.9000,594.2000
421.1000,527.6000,491.9000,527.6000,491.9000,604.4000,421.1000,604.4000
418.0000,549.0000,490.0000,549.0000,490.0000,621.0000,418.0000,621.0000
418.7000,562.3000,482.3000,562.3000,482.3000,630.7000,418.7000,630.7000
412.9000,562.0000,474.1000,562.0000,474.1000,634.0000,412.9000,634.0000
377.1000,591.3000,447.9000,591.3000,447.9000,671.7000,377.1000,671.7000
378.0000,591.2000,450.0000,591.2000,450.0000,672.8000,378.0000,672.8000
374.1000,591.4000,444.9000,591.4000,444.9000,670.6000,374.1000,670.6000
371.2000,591.5000,440.8000,591.5000,440.8000,669.5000,371.2000,669.5000
368.3000,586.7000,424.7000,586.7000,424.7000,662.3000,368.3000,662.3000
363.8000,584.7000,426.2000,584.7000,426.2000,660.3000,363.8000,660.3000
366.9000,578.9000,428.1000,578.9000,428.1000,652.1000,366.9000,652.1000
378.1000,569.8000,436.9000,569.8000,436.9000,644.2000,378.1000,644.2000
2
0
0
0
0
1
421.7000,538.4000,485.3000,538.4000,485.3000,593.6000,421.7000,593.6000
417.8000,536.2000,480.2000,536.2000,480.2000,593.8000,417.8000,593.8000
417.9000,538.6000,479.1000,538.6000,479.1000,591.4000,417.9000,591.4000
418.2000,542.2000,475.8000,542.2000,475.8000,587.8000,418.2000,587.8000
422.6000,543.2000,475.4000,543.2000,475.4000,588.8000,422.6000,588.8000
424.9000,541.1000,474.1000,541.1000,474.1000,587.9000,424.9000,587.9000
427.0000,540.5000,475.0000,540.5000,475.0000,582.5000,427.0000,582.5000
431.0000,542.2000,479.0000,542.2000,479.0000,587.8000,431.0000,587.8000
436.2000,542.9000,481.8000,542.9000,481.8000,592.1000,436.2000,592.1000
467.8000,532.7000,518.2000,532.7000,518.2000,584.3000,467.8000,584.3000
468.2000,532.4000,513.8000,532.4000,513.8000,587.6000,468.2000,587.6000
467.1000,531.2000,513.9000,531.2000,513.9000,588.8000,467.1000,588.8000
2
0
0
0
0
1
557.9000,441.1000,619.1000,441.1000,619.1000,487.9000,557.9000,487.9000
596.4000,432.8000,663.6000,432.8000,663.6000,483.2000,596.4000,483.2000
2
0
0
0
0
1
1107.3000,348.8000,1175.7000,348.8000,1175.7000,387.2000,1107.3000,387.2000
2
0
0
0
0
1
1565.8000,292.0000,1640.2000,292.0000,1640.2000,328.0000,1565.8000,328.0000
1591.3000,289.2000,1659.7000,289.2000,1659.7000,334.8000,1591.3000,334.8000
1602.2000,281.2000,1671.8000,281.2000,1671.8000,326.8000,1602.2000,326.8000
1613.4000,274.7000,1668.6000,274.7000,1668.6000,326.3000,1613.4000,326.3000
1613.4000,279.8000,1656.6000,279.8000,1656.6000,342.2000,1613.4000,342.2000
1614.9000,269.0000,1664.1000,269.0000,1664.1000,329.0000,1614.9000,329.0000
1614.8000,262.2000,1665.2000,262.2000,1665.2000,319.8000,1614.8000,319.8000
1616.1000,263.0000,1662.9000,263.0000,1662.9000,323.0000,1616.1000,323.0000
1612.4000,269.9000,1655.6000,269.9000,1655.6000,331.1000,1612.4000,331.1000
1609.3000,271.1000,1653.7000,271.1000,1653.7000,329.9000,1609.3000,329.9000
1606.4000,273.8000,1649.6000,273.8000,1649.6000,336.2000,1606.4000,336.2000
1600.4000,267.8000,1643.6000,267.8000,1643.6000,330.2000,1600.4000,330.2000
2
0
0
0
0
1
1545.3000,259.8000,1589.7000,259.8000,1589.7000,286.2000,1545.3000,286.2000
1533.1000,261.7000,1579.9000,261.7000,1579.9000,289.3000,1533.1000,289.3000
1531.2000,255.5000,1576.8000,255.5000,1576.8000,285.5000,1531.2000,285.5000
1523.0000,252.3000,1571.0000,252.3000,1571.0000,284.7000,1523.0000,284.7000
1539.1000,261.3000,1585.9000,261.3000,1585.9000,293.7000,1539.1000,293.7000
1533.1000,257.0000,1579.9000,257.0000,1579.9000,293.0000,1533.1000,293.0000
1526.4000,255.1000,1569.6000,255.1000,1569.6000,289.9000,1526.4000,289.9000
1524.7000,256.8000,1564.3000,256.8000,1564.3000,295.2000,1524.7000,295.2000
1524.6000,267.3000,1565.4000,267.3000,1565.4000,311.7000,1524.6000,311.7000
1516.2000,267.9000,1561.8000,267.9000,1561.8000,317.1000,1516.2000,317.1000
1510.4000,270.0000,1553.6000,270.0000,1553.6000,318.0000,1510.4000,318.0000
1509.5000,283.1000,1551.5000,283.1000,1551.5000,329.9000,1509.5000,329.9000
1531.5000,287.4000,1573.5000,287.4000,1573.5000,330.6000,1531.5000,330.6000
1528.7000,298.6000,1568.3000,298.6000,1568.3000,339.4000,1528.7000,339.4000
2
0
0
0
0
1
1120.1000,341.7000,1190.9000,341.7000,1190.9000,393.3000,1120.1000,393.3000
1071.9000,355.0000,1145.1000,355.0000,1145.1000,403.0000,1071.9000,403.0000
1030.0000,368.0000,1102.0000,368.0000,1102.0000,416.0000,1030.0000,416.0000
971.9000,379.1000,1045.1000,379.1000,1045.1000,425.9000,971.9000,425.9000
934.1000,387.1000,1004.9000,387.1000,1004.9000,433.9000,934.1000,433.9000
886.9000,394.0000,960.1000,394.0000,960.1000,442.0000,886.9000,442.0000
846.4000,400.7000,913.6000,400.7000,913.6000,452.3000,846.4000,452.3000
809.4000,413.8000,876.6000,413.8000,876.6000,464.2000,809.4000,464.2000
759.5000,417.8000,825.5000,417.8000,825.5000,468.2000,759.5000,468.2000
720.4000,427.6000,787.6000,427.6000,787.6000,480.4000,720.4000,480.4000
686.4000,442.7000,753.6000,442.7000,753.6000,494.3000,686.4000,494.3000
642.5000,450.9000,708.5000,450.9000,708.5000,500.1000,642.5000,500.1000
603.3000,457.7000,671.7000,457.7000,671.7000,509.3000,603.3000,509.3000
567.6000,461.7000,632.4000,461.7000,632.4000,513.3000,567.6000,513.3000
530.1000,475.7000,600.9000,475.7000,600.9000,527.3000,530.1000,527.3000
487.8000,481.8000,562.2000,481.8000,562.2000,532.2000,487.8000,532.2000
452.5000,488.6000,530.5000,488.6000,530.5000,541.4000,452.5000,541.4000
418.0000,494.8000,502.0000,494.8000,502.0000,545.2000,418.0000,545.2000
382.7000,499.9000,470.3000,499.9000,470.3000,549.1000,382.7000,549.1000
349.7000,499.6000,437.3000,499.6000,437.3000,552.4000,349.7000,552.4000
317.6000,502.8000,406.4000,502.8000,406.4000,553.2000,317.6000,553.2000
312.4000,496.6000,391.6000,496.6000,391.6000,549.4000,312.4000,549.4000
307.7000,495.5000,383.3000,495.5000,383.3000,549.5000,307.7000,549.5000
300.9000,491.3000,374.1000,491.3000,374.1000,547.7000,300.9000,547.7000
296.9000,491.4000,370.1000,491.4000,370.1000,546.6000,296.9000,546.6000
285.5000,493.6000,363.5000,493.6000,363.5000,546.4000,285.5000,546.4000
283.7000,491.3000,359.3000,491.3000,359.3000,547.7000,283.7000,547.7000
283.1000,495.0000,353.9000,495.0000,353.9000,555.0000,283.1000,555.0000
287.6000,501.8000,352.4000,501.8000,352.4000,564.2000,287.6000,564.2000
295.6000,507.5000,348.4000,507.5000,348.4000,573.5000,295.6000,573.5000
319.7000,454.0000,371.3000,454.0000,371.3000,526.0000,319.7000,526.0000
2
0
0
0
0
1
298.1000,575.4000,356.9000,575.4000,356.9000,618.6000,298.1000,618.6000
304.8000,550.2000,367.2000,550.2000,367.2000,595.8000,304.8000,595.8000
309.9000,549.3000,371.1000,549.3000,371.1000,593.7000,309.9000,593.7000
309.9000,545.4000,371.1000,545.4000,371.1000,588.6000,309.9000,588.6000
327.1000,542.4000,385.9000,542.4000,385.9000,585.6000,327.1000,585.6000
356.2000,545.2000,413.8000,545.2000,413.8000,590.8000,356.2000,590.8000
2
0
0
0
0
1
887.9000,506.5000,961.1000,506.5000,961.1000,548.5000,887.9000,548.5000
938.7000,494.8000,1014.3000,494.8000,1014.3000,545.2000,938.7000,545.2000
2
0
0
0
0
1
1377.6000,481.7000,1442.4000,481.7000,1442.4000,521.3000,1377.6000,521.3000
1417.6000,481.6000,1482.4000,481.6000,1482.4000,522.4000,1417.6000,522.4000
1460.4000,482.5000,1527.6000,482.5000,1527.6000,524.5000,1460.4000,524.5000
1500.1000,471.3000,1570.9000,471.3000,1570.9000,515.7000,1500.1000,515.7000
1518.8000,486.6000,1593.2000,486.6000,1593.2000,527.4000,1518.8000,527.4000
1538.5000,487.8000,1604.5000,487.8000,1604.5000,538.2000,1538.5000,538.2000
1566.8000,447.4000,1617.2000,447.4000,1617.2000,502.6000,1566.8000,502.6000
