1
524.0000,57.0000,26.0000,25.0000
524.0000,64.0000,23.0000,25.0000
524.0000,64.0000,23.0000,25.0000
0
0
0
2
0
0
0
0
1
551.0000,187.0000,20.0000,20.0000
558.0000,190.0000,19.0000,20.0000
558.0000,190.0000,19.0000,20.0000
570.0000,201.0000,18.0000,20.0000
570.0000,201.0000,18.0000,20.0000
0
0
2
0
0
0
0
1
625.0000,266.0000,15.0000,14.0000
628.0000,267.0000,14.0000,16.0000
628.0000,267.0000,14.0000,16.0000
632.0000,272.0000,16.0000,15.0000
632.0000,272.0000,16.0000,15.0000
636.0000,272.0000,17.0000,15.0000
636.0000,272.0000,17.0000,15.0000
637.0000,267.0000,17.0000,15.0000
637.0000,267.0000,17.0000,15.0000
639.0000,267.0000,17.0000,17.0000
639.0000,267.0000,17.0000,17.0000
639.0000,267.0000,17.0000,17.0000
643.0000,275.0000,17.0000,17.0000
643.0000,275.0000,17.0000,17.0000
647.0000,276.0000,17.0000,18.0000
