1
553.0000,273.0000,280.0000,288.0000
559.0000,241.0000,277.0000,301.0000
561.0000,246.0000,310.0000,312.0000
571.0000,249.0000,309.0000,330.0000
582.0000,279.0000,308.0000,329.0000
575.0000,289.0000,317.0000,340.0000
564.0000,275.0000,330.0000,351.0000
574.0000,295.0000,320.0000,336.0000
575.0000,224.0000,316.0000,336.0000
559.0000,267.0000,329.0000,341.0000
564.0000,281.0000,326.0000,341.0000
555.0000,263.0000,327.0000,334.0000
551.0000,233.0000,342.0000,324.0000
544.0000,255.0000,356.0000,328.0000
538.0000,248.0000,372.0000,315.0000
534.0000,245.0000,381.0000,313.0000
537.0000,246.0000,385.0000,311.0000
556.0000,239.0000,383.0000,312.0000
548.0000,229.0000,389.0000,317.0000
540.0000,226.0000,392.0000,319.0000
547.0000,219.0000,403.0000,317.0000
548.0000,222.0000,395.0000,314.0000
530.0000,128.0000,396.0000,338.0000
541.0000,129.0000,405.0000,335.0000
542.0000,123.0000,404.0000,324.0000
558.0000,119.0000,396.0000,318.0000
558.0000,116.0000,384.0000,308.0000
563.0000,108.0000,393.0000,310.0000
573.0000,103.0000,397.0000,315.0000
565.0000,99.0000,389.0000,306.0000
565.0000,95.0000,386.0000,295.0000
557.0000,109.0000,391.0000,292.0000
569.0000,134.0000,387.0000,287.0000
552.0000,145.0000,383.0000,279.0000
546.0000,149.0000,376.0000,274.0000
545.0000,153.0000,378.0000,280.0000
522.0000,156.0000,388.0000,282.0000
466.0000,264.0000,401.0000,259.0000
459.0000,233.0000,393.0000,258.0000
434.0000,254.0000,387.0000,238.0000
423.0000,248.0000,382.0000,242.0000
402.0000,230.0000,381.0000,248.0000
407.0000,213.0000,388.0000,250.0000
424.0000,218.0000,379.0000,261.0000
426.0000,208.0000,380.0000,260.0000
458.0000,230.0000,366.0000,253.0000
476.0000,231.0000,361.0000,259.0000
505.0000,274.0000,388.0000,281.0000
497.0000,288.0000,384.0000,288.0000
517.0000,308.0000,374.0000,288.0000
531.0000,334.0000,369.0000,296.0000
507.0000,350.0000,371.0000,315.0000
503.0000,365.0000,376.0000,320.0000
505.0000,376.0000,380.0000,323.0000
501.0000,394.0000,379.0000,324.0000
519.0000,415.0000,378.0000,315.0000
509.0000,427.0000,379.0000,309.0000
509.0000,475.0000,355.0000,286.0000
527.0000,516.0000,364.0000,252.0000
520.0000,518.0000,370.0000,242.0000
