0.000142
0.014987
0.017148
0.015418
0.014135
0.012998
0.012439
0.011626
0.010973
0.010568
0.009905
0.009951
0.01003
0.009537
0.009255
0.009097
0.008885
0.009298
0.009014
0.008995
0.009
0.009067
0.009041
0.00911
0.008532
0.00845
0.008587
0.007553
0.007289
0.007198
0.00694
0.006876
0.006838
0.006909
0.00682
0.00655
0.006558
0.00661
0.005585
0.00565
0.005578
0.005372
0.005133
0.005147
0.005167
0.005357
0.007556
0.006734
0.006686
0.006277
0.006223
0.006233
0.005803
0.005546
0.00542
0.005481
0.005491
0.005537
0.005407
0.005354
0.005364
0.007452
0.005834
0.004892
0.004746
0.004798
0.004615
0.004822
0.004644
0.004685
0.004525
0.004228
0.004363
0.010334
0.006818
0.006065
0.00538
0.008975
0.004147
0.005919
0.004246
0.009027
0.006013
0.004748
0.004398
0.00441
0.004375
0.00473
0.01074
0.008063
0.007685
0.007587
0.006547
0.005491
0.005283
0.004942
0.005059
0.004946
0.005237
0.004953
0.004885
0.004832
0.004689
0.009911
0.006388
0.004839
0.007141
0.00409
0.007577
0.006749
0.003755
0.007138
0.004492
0.007659
0.004116
0.006055
0.005992
0.004237
0.006066
0.006769
0.004869
0.004076
0.005868
0.004847
0.004918
0.003609
0.00324
0.009958
0.00427
0.003903
0.009088
0.004786
0.004099
0.008685
0.005295
0.0049
0.005073
0.00464
0.00448
0.004416
0.010038
0.009442
0.008806
0.005748
0.005482
0.004664
0.009452
0.005181
0.004036
0.00861
0.005318
0.004831
0.004237
0.009535
0.005222
0.005212
0.00473
0.004347
0.004284
0.009883
0.007377
0.006955
0.004147
0.007077
0.006758
0.004163
0.003828
0.009375
0.003437
0.003062
0.009081
0.003154
0.003313
0.007328
0.007378
0.00419
0.004133
0.006915
0.004146
0.004558
0.004409
0.003707
0.004403
0.003722
0.003249
0.003918
0.003995
0.003105
0.003296
0.002899
0.00283
0.002788
0.003008
0.00301
0.003049
0.003056
0.002899
0.002863
0.002935
0.002974
0.002965
0.002966
0.002886
0.00292
0.002944
0.002947
0.00296
0.002985
0.00293
0.002955
0.002991
0.002936
0.002906
0.002992
0.002855
0.002931
0.002955
0.002989
0.003058
0.003023
0.002999
0.002953
0.003167
0.003107
0.003111
0.003146
0.002901
0.002991
0.003127
0.003057
0.003083
0.00314
0.003089
0.003064
0.003117
0.003047
0.00311
0.003055
0.002959
0.003084
0.002981
0.00308
0.002987
0.002974
0.003121
0.003069
0.003059
0.003114
0.003126
0.003074
0.003016
0.003058
0.003055
0.003114
0.003099
0.003107
0.003171
0.003108
0.003095
0.003077
0.003128
0.003119
0.002996
0.003084
0.003113
0.003114
0.003144
0.003061
0.003141
0.00311
0.003146
0.003158
0.003134
0.00313
0.003017
0.0031
0.003099
0.003126
0.00312
0.003138
0.003145
0.003119
0.003079
0.003105
0.003125
0.00308
0.003012
0.003021
0.002987
0.003068
0.003078
0.003035
0.003085
0.003048
0.003075
0.003085
0.003049
0.003018
0.002848
0.002995
0.00293
0.002921
0.002932
0.00291
0.002993
0.002923
0.002978
0.003034
0.002977
0.00304
0.002826
0.002882
0.002933
0.002889
0.002942
0.002908
0.002944
0.002886
0.003017
0.002992
0.003021
0.003022
0.00296
0.003018
0.002999
0.003019
0.003017
0.003037
0.00305
0.003037
0.003075
0.003058
0.003056
0.002961
0.002887
0.002953
0.00297
0.002898
0.002841
0.002883
0.003047
0.002993
0.002978
0.003006
0.002957
0.002944
0.002895
0.002957
0.002968
0.002964
0.002985
0.002946
0.002968
0.002958
0.002954
0.002901
0.002934
0.00295
0.002868
0.002802
0.002942
0.002902
0.002881
0.002891
0.002915
0.002873
0.002893
0.002862
0.002893
0.002885
0.00282
0.002838
0.002888
0.002865
0.002862
0.002871
0.002848
0.002804
0.002716
0.002777
0.002788
0.002693
0.002541
0.002667
0.002675
0.002641
0.002754
0.002729
0.002714
0.002721
0.002466
0.002588
