3.4233,3.4266,3.4798,0,0,0,0,0,0,0,0,0,0,0,0
3.0589,8.2542,3.2402,0,0,0,0,0,0,0,0,0,0,0,0
8.0097,8.8099,7.9542,0,0,0,0,0,0,0,0,0,0,0,0
0.68829,0.66831,0.67476,0,0,0,0,0,0,0,0,0,0,0,0
0.61346,0.62529,0.63512,0,0,0,0,0,0,0,0,0,0,0,0
0.6874,0.6912,0.62515,0,0,0,0,0,0,0,0,0,0,0,0
0.63793,0.63544,0.64898,0,0,0,0,0,0,0,0,0,0,0,0
0.74725,0.77264,0.78249,0,0,0,0,0,0,0,0,0,0,0,0
0.52146,0.5919,0.5665,0,0,0,0,0,0,0,0,0,0,0,0
0.59405,0.60472,0.58188,0,0,0,0,0,0,0,0,0,0,0,0
0.59838,0.62375,0.6036,0,0,0,0,0,0,0,0,0,0,0,0
0.61717,0.58599,0.61367,0,0,0,0,0,0,0,0,0,0,0,0
0.58233,0.60649,0.70508,0,0,0,0,0,0,0,0,0,0,0,0
0.70081,0.74913,0.79021,0,0,0,0,0,0,0,0,0,0,0,0
0.53204,0.59962,0.66753,0,0,0,0,0,0,0,0,0,0,0,0
0.56841,0.59362,0.72277,0,0,0,0,0,0,0,0,0,0,0,0
0.60257,0.60439,0.65574,0,0,0,0,0,0,0,0,0,0,0,0
0.53664,0.58348,0.71693,0,0,0,0,0,0,0,0,0,0,0,0
0.55813,0.59589,0.70025,0,0,0,0,0,0,0,0,0,0,0,0
0.68418,0.71471,0.7851,0,0,0,0,0,0,0,0,0,0,0,0
0.59318,0.60937,0.7142,0,0,0,0,0,0,0,0,0,0,0,0
0.54264,0.59124,0.62295,0,0,0,0,0,0,0,0,0,0,0,0
0.58949,0.59958,0.67178,0,0,0,0,0,0,0,0,0,0,0,0
0.60041,0.6131,0.71728,0,0,0,0,0,0,0,0,0,0,0,0
0.55537,0.60437,0.64088,0,0,0,0,0,0,0,0,0,0,0,0
0.71827,0.69828,0.72284,0,0,0,0,0,0,0,0,0,0,0,0
0.54844,0.57939,0.60144,0,0,0,0,0,0,0,0,0,0,0,0
0.5979,0.5553,0.58303,0,0,0,0,0,0,0,0,0,0,0,0
0.5679,0.60204,0.65373,0,0,0,0,0,0,0,0,0,0,0,0
0.58185,0.55783,0.64768,0,0,0,0,0,0,0,0,0,0,0,0
0.59182,0.61884,0.65809,0,0,0,0,0,0,0,0,0,0,0,0
0.71989,0.7171,0.78696,0,0,0,0,0,0,0,0,0,0,0,0
0.60337,0.60236,0.63785,0,0,0,0,0,0,0,0,0,0,0,0
0.55672,0.61156,0.59876,0,0,0,0,0,0,0,0,0,0,0,0
0.64647,0.61694,0.64155,0,0,0,0,0,0,0,0,0,0,0,0
0.60639,0.57176,0.70362,0,0,0,0,0,0,0,0,0,0,0,0
0.61498,0.61597,0.60318,0,0,0,0,0,0,0,0,0,0,0,0
0.71516,0.74692,0.83506,0,0,0,0,0,0,0,0,0,0,0,0
0.56768,0.58805,0.60997,0,0,0,0,0,0,0,0,0,0,0,0
0.60863,0.6202,0.66287,0,0,0,0,0,0,0,0,0,0,0,0
0.59478,0.60321,0.63816,0,0,0,0,0,0,0,0,0,0,0,0
0.57188,0.60248,0.60275,0,0,0,0,0,0,0,0,0,0,0,0
0.57005,0.61331,0.65931,0,0,0,0,0,0,0,0,0,0,0,0
0.66615,0.7492,0.79886,0,0,0,0,0,0,0,0,0,0,0,0
0.51949,0.55132,0.65572,0,0,0,0,0,0,0,0,0,0,0,0
0.61106,0.6051,0.587,0,0,0,0,0,0,0,0,0,0,0,0
0.60556,0.61113,0.58918,0,0,0,0,0,0,0,0,0,0,0,0
0.61656,0.63496,0.67065,0,0,0,0,0,0,0,0,0,0,0,0
0.6156,0.60973,0.65777,0,0,0,0,0,0,0,0,0,0,0,0
0.73184,0.72689,0.76621,0,0,0,0,0,0,0,0,0,0,0,0
0.6132,0.57886,0.6581,0,0,0,0,0,0,0,0,0,0,0,0
0.63189,0.62373,0.67287,0,0,0,0,0,0,0,0,0,0,0,0
0.56655,0.62312,0.66169,0,0,0,0,0,0,0,0,0,0,0,0
0.60482,0.60894,0.65405,0,0,0,0,0,0,0,0,0,0,0,0
0.6072,0.60533,0.65473,0,0,0,0,0,0,0,0,0,0,0,0
0.72524,0.71643,0.7334,0,0,0,0,0,0,0,0,0,0,0,0
0.62726,0.60925,0.67458,0,0,0,0,0,0,0,0,0,0,0,0
0.52133,0.56518,0.66013,0,0,0,0,0,0,0,0,0,0,0,0
0.60575,0.61362,0.71327,0,0,0,0,0,0,0,0,0,0,0,0
0.52201,0.60538,0.59794,0,0,0,0,0,0,0,0,0,0,0,0
0.61211,0.59987,0.64782,0,0,0,0,0,0,0,0,0,0,0,0
0.72505,0.73021,0.79526,0,0,0,0,0,0,0,0,0,0,0,0
0.63432,0.63741,0.67233,0,0,0,0,0,0,0,0,0,0,0,0
0.61028,0.61418,0.67254,0,0,0,0,0,0,0,0,0,0,0,0
0.5685,0.61481,0.63142,0,0,0,0,0,0,0,0,0,0,0,0
0.60484,0.56643,0.74794,0,0,0,0,0,0,0,0,0,0,0,0
0.59925,0.61037,0.70849,0,0,0,0,0,0,0,0,0,0,0,0
0.73702,0.7397,0.90458,0,0,0,0,0,0,0,0,0,0,0,0
0.62211,0.56168,0.61447,0,0,0,0,0,0,0,0,0,0,0,0
0.62204,0.61837,0.64501,0,0,0,0,0,0,0,0,0,0,0,0
0.60174,0.60956,0.70114,0,0,0,0,0,0,0,0,0,0,0,0
0.58309,0.61518,0.66887,0,0,0,0,0,0,0,0,0,0,0,0
0.60977,0.62999,0.71195,0,0,0,0,0,0,0,0,0,0,0,0
0.74091,0.71051,0.71782,0,0,0,0,0,0,0,0,0,0,0,0
0.63479,0.60797,0.68266,0,0,0,0,0,0,0,0,0,0,0,0
0.60792,0.6128,0.69568,0,0,0,0,0,0,0,0,0,0,0,0
0.63272,0.55252,0.69287,0,0,0,0,0,0,0,0,0,0,0,0
0.60082,0.60706,0.7427,0,0,0,0,0,0,0,0,0,0,0,0
0.68776,0.63026,0.62235,0,0,0,0,0,0,0,0,0,0,0,0
1.1627,0.72784,0.7535,0,0,0,0,0,0,0,0,0,0,0,0
0.60366,0.59704,0.58606,0,0,0,0,0,0,0,0,0,0,0,0
0.6809,0.5553,0.61306,0,0,0,0,0,0,0,0,0,0,0,0
0.56104,0.61075,0.6176,0,0,0,0,0,0,0,0,0,0,0,0
0.68394,0.60214,0.68602,0,0,0,0,0,0,0,0,0,0,0,0
0.67399,0.66528,0.73306,0,0,0,0,0,0,0,0,0,0,0,0
0.7518,0.71437,0.96914,0,0,0,0,0,0,0,0,0,0,0,0
0.6415,0.65265,0.72516,0,0,0,0,0,0,0,0,0,0,0,0
0.62895,0.60726,0.65204,0,0,0,0,0,0,0,0,0,0,0,0
0.66633,0.61276,0.56105,0,0,0,0,0,0,0,0,0,0,0,0
0.63414,0.61019,0.69969,0,0,0,0,0,0,0,0,0,0,0,0
0.63328,0.62823,0.64151,0,0,0,0,0,0,0,0,0,0,0,0
0.80416,0.73255,0.78961,0,0,0,0,0,0,0,0,0,0,0,0
0.76534,0.59255,0.69381,0,0,0,0,0,0,0,0,0,0,0,0
0.87716,0.57813,0.64253,0,0,0,0,0,0,0,0,0,0,0,0
1.0816,0.54817,0.72569,0,0,0,0,0,0,0,0,0,0,0,0
0.65815,0.60878,0.71109,0,0,0,0,0,0,0,0,0,0,0,0
0.81424,0.6121,0.69365,0,0,0,0,0,0,0,0,0,0,0,0
1.4356,0.77835,0.88266,0,0,0,0,0,0,0,0,0,0,0,0
0.63304,0.59876,0.71545,0,0,0,0,0,0,0,0,0,0,0,0
0.86708,0.60976,0.63558,0,0,0,0,0,0,0,0,0,0,0,0
0.81663,0.61008,0.64968,0,0,0,0,0,0,0,0,0,0,0,0
0.72638,0.71781,0.768,0,0,0,0,0,0,0,0,0,0,0,0
0.7119,0.6808,0.76142,0,0,0,0,0,0,0,0,0,0,0,0
1.8274,0.71789,0.75651,0,0,0,0,0,0,0,0,0,0,0,0
0.91852,0.62221,0.6095,0,0,0,0,0,0,0,0,0,0,0,0
0.69989,0.60727,0.59572,0,0,0,0,0,0,0,0,0,0,0,0
0.93807,0.59057,0.63422,0,0,0,0,0,0,0,0,0,0,0,0
0.75157,0.59634,0.63085,0,0,0,0,0,0,0,0,0,0,0,0
0.62455,0.61423,0.63364,0,0,0,0,0,0,0,0,0,0,0,0
0.88908,0.73639,0.85792,0,0,0,0,0,0,0,0,0,0,0,0
0.62714,0.61353,0.60532,0,0,0,0,0,0,0,0,0,0,0,0
0.94647,0.55316,0.63943,0,0,0,0,0,0,0,0,0,0,0,0
0.92404,0.61095,0.59264,0,0,0,0,0,0,0,0,0,0,0,0
0.61661,0.64305,0.58469,0,0,0,0,0,0,0,0,0,0,0,0
0.83686,0.62175,0.68017,0,0,0,0,0,0,0,0,0,0,0,0
0.75181,0.71141,0.78947,0,0,0,0,0,0,0,0,0,0,0,0
0.81712,0.61129,0.59746,0,0,0,0,0,0,0,0,0,0,0,0
0.62613,0.61423,0.64275,0,0,0,0,0,0,0,0,0,0,0,0
0.63511,0.58318,0.65005,0,0,0,0,0,0,0,0,0,0,0,0
0.69751,0.59754,0.6266,0,0,0,0,0,0,0,0,0,0,0,0
0.62691,0.59603,0.60496,0,0,0,0,0,0,0,0,0,0,0,0
0.7132,0.72777,0.74724,0,0,0,0,0,0,0,0,0,0,0,0
0.62228,0.63415,0.61498,0,0,0,0,0,0,0,0,0,0,0,0
0.58909,0.62096,0.66035,0,0,0,0,0,0,0,0,0,0,0,0
0.62618,0.62434,0.63611,0,0,0,0,0,0,0,0,0,0,0,0
0.71308,0.60626,0.65853,0,0,0,0,0,0,0,0,0,0,0,0
0.75098,0.65779,0.6722,0,0,0,0,0,0,0,0,0,0,0,0
1.4153,0.7437,0.79075,0,0,0,0,0,0,0,0,0,0,0,0
0.58739,0.63227,0.61296,0,0,0,0,0,0,0,0,0,0,0,0
0.5899,0.61684,0.67474,0,0,0,0,0,0,0,0,0,0,0,0
0.5907,0.60561,0.66149,0,0,0,0,0,0,0,0,0,0,0,0
0.58203,0.6099,0.68399,0,0,0,0,0,0,0,0,0,0,0,0
0.58877,0.6152,0.63344,0,0,0,0,0,0,0,0,0,0,0,0
0.69044,0.72785,0.7567,0,0,0,0,0,0,0,0,0,0,0,0
0.58947,0.62925,0.62266,0,0,0,0,0,0,0,0,0,0,0,0
0.58143,0.62044,0.60217,0,0,0,0,0,0,0,0,0,0,0,0
0.57179,0.61393,0.69356,0,0,0,0,0,0,0,0,0,0,0,0
0.59751,0.57391,0.6278,0,0,0,0,0,0,0,0,0,0,0,0
0.62265,0.60855,0.64843,0,0,0,0,0,0,0,0,0,0,0,0
1.0267,0.73178,0.75289,0,0,0,0,0,0,0,0,0,0,0,0
0.8015,0.5958,0.70174,0,0,0,0,0,0,0,0,0,0,0,0
0.61584,0.60525,0.68614,0,0,0,0,0,0,0,0,0,0,0,0
0.59779,0.60583,0.65681,0,0,0,0,0,0,0,0,0,0,0,0
0.59895,0.6122,0.58408,0,0,0,0,0,0,0,0,0,0,0,0
0.62693,0.63014,0.63741,0,0,0,0,0,0,0,0,0,0,0,0
0.73499,0.7286,0.78998,0,0,0,0,0,0,0,0,0,0,0,0
0.58077,0.6133,0.66083,0,0,0,0,0,0,0,0,0,0,0,0
0.58048,0.63707,0.61757,0,0,0,0,0,0,0,0,0,0,0,0
0.55951,0.6121,0.6394,0,0,0,0,0,0,0,0,0,0,0,0
0.72912,0.61705,0.65459,0,0,0,0,0,0,0,0,0,0,0,0
0.61053,0.61579,0.63861,0,0,0,0,0,0,0,0,0,0,0,0
0.72329,0.72868,0.84114,0,0,0,0,0,0,0,0,0,0,0,0
0.57315,0.61399,0.69347,0,0,0,0,0,0,0,0,0,0,0,0
0.59515,0.62509,0.64379,0,0,0,0,0,0,0,0,0,0,0,0
0.56862,0.61637,0.5989,0,0,0,0,0,0,0,0,0,0,0,0
0.6103,0.61088,0.70613,0,0,0,0,0,0,0,0,0,0,0,0
0.57774,0.60555,0.6868,0,0,0,0,0,0,0,0,0,0,0,0
0.70902,0.71388,0.74831,0,0,0,0,0,0,0,0,0,0,0,0
0.60866,0.61069,0.65144,0,0,0,0,0,0,0,0,0,0,0,0
0.5946,0.61489,0.64661,0,0,0,0,0,0,0,0,0,0,0,0
0.57993,0.53181,0.73523,0,0,0,0,0,0,0,0,0,0,0,0
0.60375,0.61702,0.69096,0,0,0,0,0,0,0,0,0,0,0,0
0.60532,0.59337,0.65342,0,0,0,0,0,0,0,0,0,0,0,0
0.7089,0.73344,0.85184,0,0,0,0,0,0,0,0,0,0,0,0
0.61952,0.6159,0.70689,0,0,0,0,0,0,0,0,0,0,0,0
0.61866,0.5986,0.70119,0,0,0,0,0,0,0,0,0,0,0,0
0.59714,0.61358,0.64594,0,0,0,0,0,0,0,0,0,0,0,0
0.60852,0.61813,0.62682,0,0,0,0,0,0,0,0,0,0,0,0
0.68986,0.73371,0.78913,0,0,0,0,0,0,0,0,0,0,0,0
0.76431,0.79402,0.80964,0,0,0,0,0,0,0,0,0,0,0,0
0.60734,0.63332,0.63969,0,0,0,0,0,0,0,0,0,0,0,0
0.57951,0.61359,0.61116,0,0,0,0,0,0,0,0,0,0,0,0
0.5874,0.61879,0.71655,0,0,0,0,0,0,0,0,0,0,0,0
0.56419,0.61139,0.64082,0,0,0,0,0,0,0,0,0,0,0,0
0.58301,0.61225,0.62682,0,0,0,0,0,0,0,0,0,0,0,0
0.73534,0.72185,0.87287,0,0,0,0,0,0,0,0,0,0,0,0
0.60223,0.61855,0.68071,0,0,0,0,0,0,0,0,0,0,0,0
0.63208,0.60486,0.73157,0,0,0,0,0,0,0,0,0,0,0,0
0.57305,0.59937,0.73358,0,0,0,0,0,0,0,0,0,0,0,0
0.59345,0.62407,0.66529,0,0,0,0,0,0,0,0,0,0,0,0
0.59533,0.61414,0.69113,0,0,0,0,0,0,0,0,0,0,0,0
0.73768,0.72338,0.88959,0,0,0,0,0,0,0,0,0,0,0,0
0.59621,0.60579,0.66087,0,0,0,0,0,0,0,0,0,0,0,0
0.60248,0.61174,0.6644,0,0,0,0,0,0,0,0,0,0,0,0
0.56111,0.61403,0.68591,0,0,0,0,0,0,0,0,0,0,0,0
0.58426,0.60746,0.7018,0,0,0,0,0,0,0,0,0,0,0,0
0.5786,0.59718,0.68535,0,0,0,0,0,0,0,0,0,0,0,0
0.74427,0.74955,0.83754,0,0,0,0,0,0,0,0,0,0,0,0
0.60102,0.61318,0.68226,0,0,0,0,0,0,0,0,0,0,0,0
0.58007,0.60605,0.69643,0,0,0,0,0,0,0,0,0,0,0,0
0.58379,0.53522,0.68142,0,0,0,0,0,0,0,0,0,0,0,0
0.58027,0.61696,0.64247,0,0,0,0,0,0,0,0,0,0,0,0
0.5926,0.60771,0.68947,0,0,0,0,0,0,0,0,0,0,0,0
0.68483,0.66585,0.81691,0,0,0,0,0,0,0,0,0,0,0,0
0.60195,0.61975,0.72396,0,0,0,0,0,0,0,0,0,0,0,0
0.57301,0.61205,0.72073,0,0,0,0,0,0,0,0,0,0,0,0
0.55096,0.61506,0.6868,0,0,0,0,0,0,0,0,0,0,0,0
0.58669,0.56706,0.73257,0,0,0,0,0,0,0,0,0,0,0,0
0.58654,0.5987,0.65318,0,0,0,0,0,0,0,0,0,0,0,0
0.73654,0.72365,0.88735,0,0,0,0,0,0,0,0,0,0,0,0
0.6058,0.61854,0.69322,0,0,0,0,0,0,0,0,0,0,0,0
0.63595,0.71728,0.76973,0,0,0,0,0,0,0,0,0,0,0,0
0.60018,0.72281,0.83477,0,0,0,0,0,0,0,0,0,0,0,0
0.60559,0.61961,0.66782,0,0,0,0,0,0,0,0,0,0,0,0
0.58689,0.62985,0.70593,0,0,0,0,0,0,0,0,0,0,0,0
0.71585,0.72076,0.73046,0,0,0,0,0,0,0,0,0,0,0,0
0.61327,0.60986,0.72786,0,0,0,0,0,0,0,0,0,0,0,0
0.62668,0.60779,0.65278,0,0,0,0,0,0,0,0,0,0,0,0
0.60306,0.60541,0.65588,0,0,0,0,0,0,0,0,0,0,0,0
0.67198,0.61459,0.62897,0,0,0,0,0,0,0,0,0,0,0,0
0.595,0.62507,0.69932,0,0,0,0,0,0,0,0,0,0,0,0
0.70888,0.72132,0.74005,0,0,0,0,0,0,0,0,0,0,0,0
0.60205,0.59865,0.67423,0,0,0,0,0,0,0,0,0,0,0,0
0.58721,0.59914,0.66658,0,0,0,0,0,0,0,0,0,0,0,0
0.63014,0.6043,0.67402,0,0,0,0,0,0,0,0,0,0,0,0
0.60778,0.60659,0.6772,0,0,0,0,0,0,0,0,0,0,0,0
0.59011,0.60629,0.6356,0,0,0,0,0,0,0,0,0,0,0,0
0.80688,0.7291,0.85214,0,0,0,0,0,0,0,0,0,0,0,0
0.88818,0.54405,0.60859,0,0,0,0,0,0,0,0,0,0,0,0
0.74438,0.54909,0.71723,0,0,0,0,0,0,0,0,0,0,0,0
0.67637,0.60855,0.67511,0,0,0,0,0,0,0,0,0,0,0,0
0.75447,0.60826,0.6975,0,0,0,0,0,0,0,0,0,0,0,0
0.72681,0.59852,0.74642,0,0,0,0,0,0,0,0,0,0,0,0
0.74244,0.73131,0.70905,0,0,0,0,0,0,0,0,0,0,0,0
0.62827,0.58748,0.64761,0,0,0,0,0,0,0,0,0,0,0,0
0.61563,0.58684,0.67345,0,0,0,0,0,0,0,0,0,0,0,0
0.62049,0.57183,0.62065,0,0,0,0,0,0,0,0,0,0,0,0
0.60325,0.61405,0.64661,0,0,0,0,0,0,0,0,0,0,0,0
0.59887,0.60093,0.63632,0,0,0,0,0,0,0,0,0,0,0,0
0.95637,0.70087,0.79905,0,0,0,0,0,0,0,0,0,0,0,0
0.60441,0.60835,0.67417,0,0,0,0,0,0,0,0,0,0,0,0
0.61146,0.61192,0.59295,0,0,0,0,0,0,0,0,0,0,0,0
0.59547,0.57273,0.65308,0,0,0,0,0,0,0,0,0,0,0,0
0.58998,0.60775,0.62124,0,0,0,0,0,0,0,0,0,0,0,0
0.57873,0.60415,0.6413,0,0,0,0,0,0,0,0,0,0,0,0
0.77626,0.71504,0.87998,0,0,0,0,0,0,0,0,0,0,0,0
0.55423,0.61809,0.69779,0,0,0,0,0,0,0,0,0,0,0,0
0.54358,0.61384,0.6458,0,0,0,0,0,0,0,0,0,0,0,0
0.56711,0.61279,0.64183,0,0,0,0,0,0,0,0,0,0,0,0
0.57725,0.56855,0.77123,0,0,0,0,0,0,0,0,0,0,0,0
0.55865,0.60919,0.62719,0,0,0,0,0,0,0,0,0,0,0,0
0.77121,0.72372,0.82799,0,0,0,0,0,0,0,0,0,0,0,0
0.60204,0.61832,0.67896,0,0,0,0,0,0,0,0,0,0,0,0
0.61879,0.60786,0.6326,0,0,0,0,0,0,0,0,0,0,0,0
0.58756,0.61354,0.76721,0,0,0,0,0,0,0,0,0,0,0,0
0.58252,0.59237,0.72974,0,0,0,0,0,0,0,0,0,0,0,0
0.57741,0.56768,0.72252,0,0,0,0,0,0,0,0,0,0,0,0
0.77891,0.66737,0.73416,0,0,0,0,0,0,0,0,0,0,0,0
0.60133,0.5712,0.84878,0,0,0,0,0,0,0,0,0,0,0,0
0.59211,0.61719,0.67851,0,0,0,0,0,0,0,0,0,0,0,0
0.57465,0.62175,0.72585,0,0,0,0,0,0,0,0,0,0,0,0
0.63846,0.77202,0.85157,0,0,0,0,0,0,0,0,0,0,0,0
0.72374,0.82761,0.7613,0,0,0,0,0,0,0,0,0,0,0,0
0.88974,0.78092,0.89802,0,0,0,0,0,0,0,0,0,0,0,0
0.72444,0.61397,0.64468,0,0,0,0,0,0,0,0,0,0,0,0
0.73535,0.60868,0.69474,0,0,0,0,0,0,0,0,0,0,0,0
0.62668,0.59735,0.64828,0,0,0,0,0,0,0,0,0,0,0,0
0.53821,0.60825,0.64996,0,0,0,0,0,0,0,0,0,0,0,0
0.62065,0.53859,0.73257,0,0,0,0,0,0,0,0,0,0,0,0
0.68375,0.70284,0.80649,0,0,0,0,0,0,0,0,0,0,0,0
0.60886,0.61329,0.64019,0,0,0,0,0,0,0,0,0,0,0,0
0.62045,0.62288,0.6304,0,0,0,0,0,0,0,0,0,0,0,0
0.55733,0.60612,0.60839,0,0,0,0,0,0,0,0,0,0,0,0
0.55341,0.59928,0.68056,0,0,0,0,0,0,0,0,0,0,0,0
0.55854,0.61906,0.74706,0,0,0,0,0,0,0,0,0,0,0,0
0.72481,0.72102,0.77607,0,0,0,0,0,0,0,0,0,0,0,0
0.63262,0.57861,0.6363,0,0,0,0,0,0,0,0,0,0,0,0
0.60943,0.60108,0.63246,0,0,0,0,0,0,0,0,0,0,0,0
0.60109,0.60629,0.6798,0,0,0,0,0,0,0,0,0,0,0,0
0.57851,0.61139,0.61706,0,0,0,0,0,0,0,0,0,0,0,0
0.61439,0.61451,0.58412,0,0,0,0,0,0,0,0,0,0,0,0
0.72593,0.72021,0.7697,0,0,0,0,0,0,0,0,0,0,0,0
0.60294,0.59538,0.65878,0,0,0,0,0,0,0,0,0,0,0,0
0.61169,0.60269,0.67443,0,0,0,0,0,0,0,0,0,0,0,0
0.56782,0.57954,0.66945,0,0,0,0,0,0,0,0,0,0,0,0
0.62808,0.55589,0.7182,0,0,0,0,0,0,0,0,0,0,0,0
0.63464,0.61486,0.5943,0,0,0,0,0,0,0,0,0,0,0,0
0.73795,0.7172,0.86465,0,0,0,0,0,0,0,0,0,0,0,0
0.61668,0.60269,0.67157,0,0,0,0,0,0,0,0,0,0,0,0
0.60849,0.59808,0.66309,0,0,0,0,0,0,0,0,0,0,0,0
0.61429,0.60995,0.65321,0,0,0,0,0,0,0,0,0,0,0,0
0.62492,0.58721,0.6562,0,0,0,0,0,0,0,0,0,0,0,0
0.67188,0.60258,0.66015,0,0,0,0,0,0,0,0,0,0,0,0
0.73668,0.72814,0.81078,0,0,0,0,0,0,0,0,0,0,0,0
0.55219,0.60807,0.66276,0,0,0,0,0,0,0,0,0,0,0,0
0.65156,0.6114,0.64571,0,0,0,0,0,0,0,0,0,0,0,0
0.62124,0.60448,0.69825,0,0,0,0,0,0,0,0,0,0,0,0
0.60951,0.59705,0.7823,0,0,0,0,0,0,0,0,0,0,0,0
0.61601,0.60909,0.60289,0,0,0,0,0,0,0,0,0,0,0,0
0.64482,0.72067,0.83008,0,0,0,0,0,0,0,0,0,0,0,0
0.61783,0.62932,0.59891,0,0,0,0,0,0,0,0,0,0,0,0
0.61006,0.60212,0.6771,0,0,0,0,0,0,0,0,0,0,0,0
0.61384,0.59903,0.64177,0,0,0,0,0,0,0,0,0,0,0,0
0.58979,0.60508,0.6279,0,0,0,0,0,0,0,0,0,0,0,0
0.56902,0.62128,0.64637,0,0,0,0,0,0,0,0,0,0,0,0
0.72155,0.66266,0.70247,0,0,0,0,0,0,0,0,0,0,0,0
0.531,0.60909,0.6485,0,0,0,0,0,0,0,0,0,0,0,0
0.59437,0.61277,0.65482,0,0,0,0,0,0,0,0,0,0,0,0
0.62418,0.60852,0.6,0,0,0,0,0,0,0,0,0,0,0,0
0.58824,0.59251,0.63654,0,0,0,0,0,0,0,0,0,0,0,0
0.61488,0.54342,0.63676,0,0,0,0,0,0,0,0,0,0,0,0
0.75612,0.74934,0.79016,0,0,0,0,0,0,0,0,0,0,0,0
0.56999,0.60441,0.68123,0,0,0,0,0,0,0,0,0,0,0,0
0.62576,0.62522,0.64283,0,0,0,0,0,0,0,0,0,0,0,0
0.53466,0.62051,0.65546,0,0,0,0,0,0,0,0,0,0,0,0
0.62459,0.61313,0.66321,0,0,0,0,0,0,0,0,0,0,0,0
0.61373,0.55519,0.66796,0,0,0,0,0,0,0,0,0,0,0,0
0.70577,0.71393,0.75396,0,0,0,0,0,0,0,0,0,0,0,0
0.62318,0.60872,0.63482,0,0,0,0,0,0,0,0,0,0,0,0
0.62721,0.60982,0.62347,0,0,0,0,0,0,0,0,0,0,0,0
0.62209,0.61142,0.56968,0,0,0,0,0,0,0,0,0,0,0,0
0.6136,0.60687,0.64586,0,0,0,0,0,0,0,0,0,0,0,0
0.59794,0.5986,0.58752,0,0,0,0,0,0,0,0,0,0,0,0
0.64791,0.70604,0.75193,0,0,0,0,0,0,0,0,0,0,0,0
0.60984,0.61154,0.74758,0,0,0,0,0,0,0,0,0,0,0,0
0.58836,0.60806,0.54188,0,0,0,0,0,0,0,0,0,0,0,0
0.62157,0.60828,0.67579,0,0,0,0,0,0,0,0,0,0,0,0
0.53301,0.61013,0.67167,0,0,0,0,0,0,0,0,0,0,0,0
0.62236,0.58989,0.65562,0,0,0,0,0,0,0,0,0,0,0,0
0.7264,0.72428,0.79164,0,0,0,0,0,0,0,0,0,0,0,0
0.61473,0.6118,0.71139,0,0,0,0,0,0,0,0,0,0,0,0
0.63797,0.60754,0.70388,0,0,0,0,0,0,0,0,0,0,0,0
0.61612,0.61721,0.74076,0,0,0,0,0,0,0,0,0,0,0,0
0.61527,0.55628,0.6166,0,0,0,0,0,0,0,0,0,0,0,0
0.60338,0.60995,0.66112,0,0,0,0,0,0,0,0,0,0,0,0
0.66671,0.751,0.73228,0,0,0,0,0,0,0,0,0,0,0,0
0.61494,0.59987,0.66258,0,0,0,0,0,0,0,0,0,0,0,0
0.63,0.60187,0.7068,0,0,0,0,0,0,0,0,0,0,0,0
0.53174,0.59016,0.65718,0,0,0,0,0,0,0,0,0,0,0,0
0.53538,0.61015,0.64717,0,0,0,0,0,0,0,0,0,0,0,0
0.60858,0.61013,0.64663,0,0,0,0,0,0,0,0,0,0,0,0
0.66958,0.71232,0.74144,0,0,0,0,0,0,0,0,0,0,0,0
0.61492,0.59929,0.68064,0,0,0,0,0,0,0,0,0,0,0,0
0.60061,0.60771,0.63504,0,0,0,0,0,0,0,0,0,0,0,0
0.6731,0.59826,0.7665,0,0,0,0,0,0,0,0,0,0,0,0
0.96025,0.91681,1.0988,0,0,0,0,0,0,0,0,0,0,0,0
0.78199,0.76611,0.75943,0,0,0,0,0,0,0,0,0,0,0,0
0.7935,0.85604,0.7788,0,0,0,0,0,0,0,0,0,0,0,0
0.61695,0.59584,0.66479,0,0,0,0,0,0,0,0,0,0,0,0
0.63024,0.6067,0.5736,0,0,0,0,0,0,0,0,0,0,0,0
0.62432,0.60798,0.63173,0,0,0,0,0,0,0,0,0,0,0,0
0.61729,0.60962,0.59609,0,0,0,0,0,0,0,0,0,0,0,0
0.6363,0.60887,0.59917,0,0,0,0,0,0,0,0,0,0,0,0
0.74893,0.72249,0.73644,0,0,0,0,0,0,0,0,0,0,0,0
0.58186,0.60165,0.60449,0,0,0,0,0,0,0,0,0,0,0,0
0.62296,0.60632,0.61235,0,0,0,0,0,0,0,0,0,0,0,0
0.60095,0.59971,0.61895,0,0,0,0,0,0,0,0,0,0,0,0
0.64548,0.61274,0.62443,0,0,0,0,0,0,0,0,0,0,0,0
0.62366,0.62525,0.61024,0,0,0,0,0,0,0,0,0,0,0,0
0.71741,0.70888,0.79887,0,0,0,0,0,0,0,0,0,0,0,0
0.60673,0.60233,0.65339,0,0,0,0,0,0,0,0,0,0,0,0
0.60693,0.56163,0.6183,0,0,0,0,0,0,0,0,0,0,0,0
0.61884,0.60921,0.67518,0,0,0,0,0,0,0,0,0,0,0,0
0.61561,0.63011,0.65437,0,0,0,0,0,0,0,0,0,0,0,0
0.61931,0.60719,0.6211,0,0,0,0,0,0,0,0,0,0,0,0
0.70302,0.7076,0.79659,0,0,0,0,0,0,0,0,0,0,0,0
0.62962,0.55946,0.67474,0,0,0,0,0,0,0,0,0,0,0,0
0.62035,0.61031,0.56698,0,0,0,0,0,0,0,0,0,0,0,0
0.52203,0.6062,0.62711,0,0,0,0,0,0,0,0,0,0,0,0
0.58653,0.5939,0.62329,0,0,0,0,0,0,0,0,0,0,0,0
0.60246,0.57248,0.63461,0,0,0,0,0,0,0,0,0,0,0,0
0.66551,0.71406,1.5457,0,0,0,0,0,0,0,0,0,0,0,0
0.613,0.5429,0.77351,0,0,0,0,0,0,0,0,0,0,0,0
0.59743,0.62039,0.67665,0,0,0,0,0,0,0,0,0,0,0,0
0.64211,0.58952,0.84105,0,0,0,0,0,0,0,0,0,0,0,0
0.55924,0.61117,0.61804,0,0,0,0,0,0,0,0,0,0,0,0
0.61175,0.62435,0.65299,0,0,0,0,0,0,0,0,0,0,0,0
0.73052,0.72714,0.7969,0,0,0,0,0,0,0,0,0,0,0,0
0.62193,0.59999,0.60131,0,0,0,0,0,0,0,0,0,0,0,0
0.62311,0.6033,0.63069,0,0,0,0,0,0,0,0,0,0,0,0
0.61596,0.61747,0.67201,0,0,0,0,0,0,0,0,0,0,0,0
0.61977,0.55461,0.62128,0,0,0,0,0,0,0,0,0,0,0,0
0.53217,0.61135,0.61392,0,0,0,0,0,0,0,0,0,0,0,0
0.73088,0.72163,0.79211,0,0,0,0,0,0,0,0,0,0,0,0
0.60504,0.60639,0.65744,0,0,0,0,0,0,0,0,0,0,0,0
0.60419,0.59717,0.66558,0,0,0,0,0,0,0,0,0,0,0,0
0.61848,0.62446,0.66047,0,0,0,0,0,0,0,0,0,0,0,0
0.62806,0.60839,0.61917,0,0,0,0,0,0,0,0,0,0,0,0
0.61846,0.61234,0.65253,0,0,0,0,0,0,0,0,0,0,0,0
0.75548,0.78018,0.88692,0,0,0,0,0,0,0,0,0,0,0,0
0.6226,0.61697,0.60973,0,0,0,0,0,0,0,0,0,0,0,0
0.62194,0.612,0.59928,0,0,0,0,0,0,0,0,0,0,0,0
0.61106,0.78555,0.6615,0,0,0,0,0,0,0,0,0,0,0,0
0.56683,0.75597,0.67089,0,0,0,0,0,0,0,0,0,0,0,0
0.62443,0.68773,0.61479,0,0,0,0,0,0,0,0,0,0,0,0
0.75497,0.76333,0.74963,0,0,0,0,0,0,0,0,0,0,0,0
0.60344,0.63695,0.61937,0,0,0,0,0,0,0,0,0,0,0,0
0.63318,0.59852,0.61357,0,0,0,0,0,0,0,0,0,0,0,0
0.652,0.58737,0.86013,0,0,0,0,0,0,0,0,0,0,0,0
1.0758,0.5944,0.72969,0,0,0,0,0,0,0,0,0,0,0,0
0.85735,0.61129,0.75933,0,0,0,0,0,0,0,0,0,0,0,0
0.76962,0.73132,1.1585,0,0,0,0,0,0,0,0,0,0,0,0
0.63304,0.57375,0.75875,0,0,0,0,0,0,0,0,0,0,0,0
0.59156,0.61364,0.70485,0,0,0,0,0,0,0,0,0,0,0,0
0.62274,0.60794,0.90939,0,0,0,0,0,0,0,0,0,0,0,0
0.61693,0.61824,0.68069,0,0,0,0,0,0,0,0,0,0,0,0
0.54359,0.5944,0.65576,0,0,0,0,0,0,0,0,0,0,0,0
0.71524,0.71424,0.77284,0,0,0,0,0,0,0,0,0,0,0,0
0.56262,0.61532,0.6178,0,0,0,0,0,0,0,0,0,0,0,0
0.55958,0.60355,0.63856,0,0,0,0,0,0,0,0,0,0,0,0
0.54163,0.62153,0.6425,0,0,0,0,0,0,0,0,0,0,0,0
0.58437,0.63057,0.78512,0,0,0,0,0,0,0,0,0,0,0,0
0.60799,0.61354,0.76144,0,0,0,0,0,0,0,0,0,0,0,0
0.7315,0.70913,1.1233,0,0,0,0,0,0,0,0,0,0,0,0
0.56013,0.61234,0.70724,0,0,0,0,0,0,0,0,0,0,0,0
0.60524,0.61899,0.66808,0,0,0,0,0,0,0,0,0,0,0,0
0.60615,0.56518,0.63309,0,0,0,0,0,0,0,0,0,0,0,0
0.62337,0.62573,0.65988,0,0,0,0,0,0,0,0,0,0,0,0
0.57399,0.61805,0.56718,0,0,0,0,0,0,0,0,0,0,0,0
0.70275,0.72314,0.88014,0,0,0,0,0,0,0,0,0,0,0,0
0.62365,0.62732,0.64488,0,0,0,0,0,0,0,0,0,0,0,0
0.64425,0.62114,0.6044,0,0,0,0,0,0,0,0,0,0,0,0
0.62164,0.57532,0.63205,0,0,0,0,0,0,0,0,0,0,0,0
0.61065,0.61991,0.74818,0,0,0,0,0,0,0,0,0,0,0,0
0.6298,0.60719,0.64633,0,0,0,0,0,0,0,0,0,0,0,0
0.72135,0.71846,0.77817,0,0,0,0,0,0,0,0,0,0,0,0
0.56392,0.60821,0.95535,0,0,0,0,0,0,0,0,0,0,0,0
0.62206,0.60915,0.62836,0,0,0,0,0,0,0,0,0,0,0,0
0.63606,0.60712,0.66151,0,0,0,0,0,0,0,0,0,0,0,0
0.60946,0.61376,0.55586,0,0,0,0,0,0,0,0,0,0,0,0
0.61823,0.61023,0.80214,0,0,0,0,0,0,0,0,0,0,0,0
0.72116,0.73102,0.74006,0,0,0,0,0,0,0,0,0,0,0,0
0.56035,0.62035,0.94924,0,0,0,0,0,0,0,0,0,0,0,0
0.64619,0.61731,0.62983,0,0,0,0,0,0,0,0,0,0,0,0
0.61878,0.61804,0.61784,0,0,0,0,0,0,0,0,0,0,0,0
0.63486,0.60339,0.62371,0,0,0,0,0,0,0,0,0,0,0,0
0.622,0.62988,0.62569,0,0,0,0,0,0,0,0,0,0,0,0
0.74359,0.72588,0.7299,0,0,0,0,0,0,0,0,0,0,0,0
0.6205,0.61395,0.61486,0,0,0,0,0,0,0,0,0,0,0,0
0.61928,0.63042,0.59972,0,0,0,0,0,0,0,0,0,0,0,0
0.62317,0.614,0.66474,0,0,0,0,0,0,0,0,0,0,0,0
0.53087,0.62336,0.74645,0,0,0,0,0,0,0,0,0,0,0,0
0.5693,0.61775,0.65111,0,0,0,0,0,0,0,0,0,0,0,0
0.69661,0.7306,0.79515,0,0,0,0,0,0,0,0,0,0,0,0
0.53391,0.61454,0.77597,0,0,0,0,0,0,0,0,0,0,0,0
0.54357,0.62005,0.98279,0,0,0,0,0,0,0,0,0,0,0,0
0.62268,0.61421,0.7746,0,0,0,0,0,0,0,0,0,0,0,0
0.61586,0.60924,0.82657,0,0,0,0,0,0,0,0,0,0,0,0
0.60793,0.62487,0.63442,0,0,0,0,0,0,0,0,0,0,0,0
0.64593,0.70947,0.72623,0,0,0,0,0,0,0,0,0,0,0,0
0.63669,0.61909,0.72407,0,0,0,0,0,0,0,0,0,0,0,0
0.6179,0.60392,0.65449,0,0,0,0,0,0,0,0,0,0,0,0
0.52271,0.60928,0.81553,0,0,0,0,0,0,0,0,0,0,0,0
0.57426,0.53148,0.67984,0,0,0,0,0,0,0,0,0,0,0,0
0.59111,0.61578,0.69968,0,0,0,0,0,0,0,0,0,0,0,0
0.73641,0.65192,0.72484,0,0,0,0,0,0,0,0,0,0,0,0
0.62397,0.58397,0.62668,0,0,0,0,0,0,0,0,0,0,0,0
0.63386,0.60281,0.70539,0,0,0,0,0,0,0,0,0,0,0,0
0.59726,0.62187,0.77833,0,0,0,0,0,0,0,0,0,0,0,0
0.6017,0.61291,0.66389,0,0,0,0,0,0,0,0,0,0,0,0
0.61652,0.60076,0.64421,0,0,0,0,0,0,0,0,0,0,0,0
0.72775,0.71037,0.7817,0,0,0,0,0,0,0,0,0,0,0,0
0.61341,0.53774,0.66965,0,0,0,0,0,0,0,0,0,0,0,0
0.54133,0.59334,0.72253,0,0,0,0,0,0,0,0,0,0,0,0
0.63495,0.60065,0.68042,0,0,0,0,0,0,0,0,0,0,0,0
0.61206,0.63296,0.67351,0,0,0,0,0,0,0,0,0,0,0,0
0.62141,0.58532,0.5562,0,0,0,0,0,0,0,0,0,0,0,0
0.71565,0.71132,0.7889,0,0,0,0,0,0,0,0,0,0,0,0
0.58822,0.6117,0.80393,0,0,0,0,0,0,0,0,0,0,0,0
0.60423,0.57904,0.66518,0,0,0,0,0,0,0,0,0,0,0,0
0.59121,0.59997,0.63711,0,0,0,0,0,0,0,0,0,0,0,0
0.61122,0.59516,0.66248,0,0,0,0,0,0,0,0,0,0,0,0
0.61016,0.59647,0.76315,0,0,0,0,0,0,0,0,0,0,0,0
0.72353,0.71553,0.74167,0,0,0,0,0,0,0,0,0,0,0,0
0.61226,0.60839,0.74723,0,0,0,0,0,0,0,0,0,0,0,0
0.5908,0.58068,0.62267,0,0,0,0,0,0,0,0,0,0,0,0
0.60215,0.60157,0.63735,0,0,0,0,0,0,0,0,0,0,0,0
0.59328,0.60257,0.63426,0,0,0,0,0,0,0,0,0,0,0,0
0.59823,0.60207,0.62836,0,0,0,0,0,0,0,0,0,0,0,0
0.7252,0.71366,0.83929,0,0,0,0,0,0,0,0,0,0,0,0
0.60368,0.60469,0.64953,0,0,0,0,0,0,0,0,0,0,0,0
0.61388,0.59931,0.62178,0,0,0,0,0,0,0,0,0,0,0,0
0.6235,0.60171,0.64811,0,0,0,0,0,0,0,0,0,0,0,0
0.62056,0.6025,0.69934,0,0,0,0,0,0,0,0,0,0,0,0
0.57493,0.60684,0.65284,0,0,0,0,0,0,0,0,0,0,0,0
0.81005,0.6767,0.79144,0,0,0,0,0,0,0,0,0,0,0,0
0.77502,0.6058,0.72355,0,0,0,0,0,0,0,0,0,0,0,0
0.60379,0.60116,0.61612,0,0,0,0,0,0,0,0,0,0,0,0
0.63116,0.60791,0.64212,0,0,0,0,0,0,0,0,0,0,0,0
0.5948,0.59966,0.63182,0,0,0,0,0,0,0,0,0,0,0,0
0.55585,0.61002,0.71822,0,0,0,0,0,0,0,0,0,0,0,0
0.73836,0.71875,0.78605,0,0,0,0,0,0,0,0,0,0,0,0
0.57475,0.60349,0.6992,0,0,0,0,0,0,0,0,0,0,0,0
0.58813,0.60519,0.69054,0,0,0,0,0,0,0,0,0,0,0,0
0.61162,0.61707,1.0054,0,0,0,0,0,0,0,0,0,0,0,0
0.86436,0.6049,0.71257,0,0,0,0,0,0,0,0,0,0,0,0
0.55344,0.54254,0.62905,0,0,0,0,0,0,0,0,0,0,0,0
0.77094,0.76083,0.83799,0,0,0,0,0,0,0,0,0,0,0,0
0.61503,0.60753,0.66234,0,0,0,0,0,0,0,0,0,0,0,0
0.60117,0.57919,0.63395,0,0,0,0,0,0,0,0,0,0,0,0
0.61452,0.62315,0.69331,0,0,0,0,0,0,0,0,0,0,0,0
0.61131,0.62139,0.64236,0,0,0,0,0,0,0,0,0,0,0,0
0.61303,0.60587,0.62773,0,0,0,0,0,0,0,0,0,0,0,0
0.72642,0.71922,0.78671,0,0,0,0,0,0,0,0,0,0,0,0
0.52606,0.61631,0.65256,0,0,0,0,0,0,0,0,0,0,0,0
0.62456,0.61288,0.66088,0,0,0,0,0,0,0,0,0,0,0,0
0.59639,0.55699,0.61425,0,0,0,0,0,0,0,0,0,0,0,0
0.64989,0.60121,0.65151,0,0,0,0,0,0,0,0,0,0,0,0
0.58055,0.60356,0.65259,0,0,0,0,0,0,0,0,0,0,0,0
0.70703,0.71717,0.76366,0,0,0,0,0,0,0,0,0,0,0,0
0.68666,0.64656,0.66278,0,0,0,0,0,0,0,0,0,0,0,0
0.69226,0.72202,0.86349,0,0,0,0,0,0,0,0,0,0,0,0
0.98932,1.1088,1.175,0,0,0,0,0,0,0,0,0,0,0,0
0.77683,0.8919,0.76487,0,0,0,0,0,0,0,0,0,0,0,0
0.60681,0.6802,0.68947,0,0,0,0,0,0,0,0,0,0,0,0
0.72087,0.72054,0.77305,0,0,0,0,0,0,0,0,0,0,0,0
0.61866,0.73705,0.61989,0,0,0,0,0,0,0,0,0,0,0,0
0.61184,0.65894,0.67376,0,0,0,0,0,0,0,0,0,0,0,0
0.60228,0.63362,0.60716,0,0,0,0,0,0,0,0,0,0,0,0
0.60227,0.66054,0.61109,0,0,0,0,0,0,0,0,0,0,0,0
0.61569,0.6827,0.60937,0,0,0,0,0,0,0,0,0,0,0,0
0.70282,0.75305,0.71346,0,0,0,0,0,0,0,0,0,0,0,0
0.54387,0.60771,0.61483,0,0,0,0,0,0,0,0,0,0,0,0
0.61991,0.58735,0.68397,0,0,0,0,0,0,0,0,0,0,0,0
0.62175,0.64432,0.6262,0,0,0,0,0,0,0,0,0,0,0,0
0.59254,0.63763,0.65214,0,0,0,0,0,0,0,0,0,0,0,0
0.59469,0.59809,0.63425,0,0,0,0,0,0,0,0,0,0,0,0
0.70401,0.70965,0.77929,0,0,0,0,0,0,0,0,0,0,0,0
0.52903,0.60526,0.66402,0,0,0,0,0,0,0,0,0,0,0,0
0.60715,0.60621,0.6235,0,0,0,0,0,0,0,0,0,0,0,0
0.60313,0.60943,0.65163,0,0,0,0,0,0,0,0,0,0,0,0
0.58661,0.60183,0.64473,0,0,0,0,0,0,0,0,0,0,0,0
0.57652,0.60735,0.63648,0,0,0,0,0,0,0,0,0,0,0,0
0.7241,0.72033,0.8055,0,0,0,0,0,0,0,0,0,0,0,0
0.61351,0.61099,0.77653,0,0,0,0,0,0,0,0,0,0,0,0
0.6052,0.59164,0.72055,0,0,0,0,0,0,0,0,0,0,0,0
0.58987,0.61123,0.64919,0,0,0,0,0,0,0,0,0,0,0,0
0.61753,0.58932,0.73698,0,0,0,0,0,0,0,0,0,0,0,0
0.61251,0.59972,0.62302,0,0,0,0,0,0,0,0,0,0,0,0
0.72553,0.73024,0.79881,0,0,0,0,0,0,0,0,0,0,0,0
0.56361,0.61541,0.73226,0,0,0,0,0,0,0,0,0,0,0,0
0.61368,0.60811,0.7312,0,0,0,0,0,0,0,0,0,0,0,0
0.58661,0.58933,0.79695,0,0,0,0,0,0,0,0,0,0,0,0
0.60728,0.62149,0.72096,0,0,0,0,0,0,0,0,0,0,0,0
0.61876,0.59271,0.73642,0,0,0,0,0,0,0,0,0,0,0,0
0.73487,0.7103,0.86646,0,0,0,0,0,0,0,0,0,0,0,0
0.6254,0.63284,0.88634,0,0,0,0,0,0,0,0,0,0,0,0
0.62301,0.62789,0.68104,0,0,0,0,0,0,0,0,0,0,0,0
0.63614,0.60701,0.72292,0,0,0,0,0,0,0,0,0,0,0,0
0.61026,0.65821,0.87695,0,0,0,0,0,0,0,0,0,0,0,0
0.61526,0.6257,0.8192,0,0,0,0,0,0,0,0,0,0,0,0
0.73071,0.77711,0.95858,0,0,0,0,0,0,0,0,0,0,0,0
0.52917,0.6542,0.6354,0,0,0,0,0,0,0,0,0,0,0,0
0.57565,0.58417,0.643,0,0,0,0,0,0,0,0,0,0,0,0
0.56975,0.67416,0.69395,0,0,0,0,0,0,0,0,0,0,0,0
0.58673,0.63297,0.76572,0,0,0,0,0,0,0,0,0,0,0,0
0.61963,0.62195,0.63765,0,0,0,0,0,0,0,0,0,0,0,0
0.73678,0.76133,1.0175,0,0,0,0,0,0,0,0,0,0,0,0
0.60132,0.61751,0.67201,0,0,0,0,0,0,0,0,0,0,0,0
0.59466,0.61903,0.68305,0,0,0,0,0,0,0,0,0,0,0,0
0.6153,0.64137,0.67776,0,0,0,0,0,0,0,0,0,0,0,0
0.62992,0.56407,0.61085,0,0,0,0,0,0,0,0,0,0,0,0
0.59902,0.56932,0.73015,0,0,0,0,0,0,0,0,0,0,0,0
0.72688,0.77789,0.82843,0,0,0,0,0,0,0,0,0,0,0,0
0.56269,0.67208,0.69851,0,0,0,0,0,0,0,0,0,0,0,0
0.62206,0.60993,0.62092,0,0,0,0,0,0,0,0,0,0,0,0
0.62394,0.58759,0.6453,0,0,0,0,0,0,0,0,0,0,0,0
0.56587,0.66544,0.70092,0,0,0,0,0,0,0,0,0,0,0,0
0.60589,0.65395,0.70563,0,0,0,0,0,0,0,0,0,0,0,0
0.71102,0.76777,0.71517,0,0,0,0,0,0,0,0,0,0,0,0
0.62518,0.65674,0.67795,0,0,0,0,0,0,0,0,0,0,0,0
0.59434,0.62898,0.63913,0,0,0,0,0,0,0,0,0,0,0,0
0.57383,0.8647,0.61656,0,0,0,0,0,0,0,0,0,0,0,0
0.53872,0.69118,0.6681,0,0,0,0,0,0,0,0,0,0,0,0
0.61723,0.64333,0.69347,0,0,0,0,0,0,0,0,0,0,0,0
0.7234,0.8381,0.97919,0,0,0,0,0,0,0,0,0,0,0,0
0.61487,0.60944,0.76413,0,0,0,0,0,0,0,0,0,0,0,0
0.60677,0.6591,0.7961,0,0,0,0,0,0,0,0,0,0,0,0
0.6022,0.60624,0.69044,0,0,0,0,0,0,0,0,0,0,0,0
0.60115,0.59669,0.63547,0,0,0,0,0,0,0,0,0,0,0,0
0.57047,0.63964,0.62702,0,0,0,0,0,0,0,0,0,0,0,0
0.71306,0.75972,1.0211,0,0,0,0,0,0,0,0,0,0,0,0
0.60944,0.63732,0.6662,0,0,0,0,0,0,0,0,0,0,0,0
0.61369,0.62096,0.68892,0,0,0,0,0,0,0,0,0,0,0,0
0.52382,0.61793,0.81053,0,0,0,0,0,0,0,0,0,0,0,0
0.61654,0.64137,0.62924,0,0,0,0,0,0,0,0,0,0,0,0
0.54298,0.64892,0.63556,0,0,0,0,0,0,0,0,0,0,0,0
0.70602,0.73219,0.74844,0,0,0,0,0,0,0,0,0,0,0,0
0.61904,0.67607,0.6643,0,0,0,0,0,0,0,0,0,0,0,0
0.61032,0.65189,0.72822,0,0,0,0,0,0,0,0,0,0,0,0
0.60046,0.64946,0.70479,0,0,0,0,0,0,0,0,0,0,0,0
0.60475,0.61537,0.68013,0,0,0,0,0,0,0,0,0,0,0,0
0.61462,0.6535,0.67053,0,0,0,0,0,0,0,0,0,0,0,0
0.73302,0.8248,1.0524,0,0,0,0,0,0,0,0,0,0,0,0
0.60703,0.67552,0.64957,0,0,0,0,0,0,0,0,0,0,0,0
0.59538,0.65857,0.72995,0,0,0,0,0,0,0,0,0,0,0,0
0.62139,0.61802,0.67712,0,0,0,0,0,0,0,0,0,0,0,0
0.63821,0.6392,0.66326,0,0,0,0,0,0,0,0,0,0,0,0
0.56398,0.59962,0.64836,0,0,0,0,0,0,0,0,0,0,0,0
0.72181,0.75045,0.72009,0,0,0,0,0,0,0,0,0,0,0,0
0.61248,0.67826,0.63228,0,0,0,0,0,0,0,0,0,0,0,0
0.62148,0.55968,0.7842,0,0,0,0,0,0,0,0,0,0,0,0
0.61462,0.64125,0.578,0,0,0,0,0,0,0,0,0,0,0,0
0.60818,0.63427,0.58514,0,0,0,0,0,0,0,0,0,0,0,0
0.63375,0.70539,0.64549,0,0,0,0,0,0,0,0,0,0,0,0
0.84746,0.9715,0.98027,0,0,0,0,0,0,0,0,0,0,0,0
0.62932,0.6344,0.65707,0,0,0,0,0,0,0,0,0,0,0,0
0.6234,0.67544,0.65206,0,0,0,0,0,0,0,0,0,0,0,0
0.62809,0.65221,0.65197,0,0,0,0,0,0,0,0,0,0,0,0
0.62082,0.68753,0.75431,0,0,0,0,0,0,0,0,0,0,0,0
0.60807,0.60613,0.84442,0,0,0,0,0,0,0,0,0,0,0,0
0.725,0.77301,1.0224,0,0,0,0,0,0,0,0,0,0,0,0
0.56541,0.59321,0.60221,0,0,0,0,0,0,0,0,0,0,0,0
0.59685,0.683,0.64779,0,0,0,0,0,0,0,0,0,0,0,0
0.519,0.67268,0.7093,0,0,0,0,0,0,0,0,0,0,0,0
0.60904,0.64279,0.65983,0,0,0,0,0,0,0,0,0,0,0,0
0.5895,0.69039,0.64707,0,0,0,0,0,0,0,0,0,0,0,0
0.70256,0.77181,0.78029,0,0,0,0,0,0,0,0,0,0,0,0
0.6576,0.63434,0.71889,0,0,0,0,0,0,0,0,0,0,0,0
0.6256,0.66716,0.74915,0,0,0,0,0,0,0,0,0,0,0,0
0.59501,0.66757,0.61553,0,0,0,0,0,0,0,0,0,0,0,0
0.62173,0.74496,0.73176,0,0,0,0,0,0,0,0,0,0,0,0
0.6332,0.59606,0.77702,0,0,0,0,0,0,0,0,0,0,0,0
0.72809,0.73003,0.7523,0,0,0,0,0,0,0,0,0,0,0,0
0.61138,0.673,0.63261,0,0,0,0,0,0,0,0,0,0,0,0
0.62855,0.62642,0.57992,0,0,0,0,0,0,0,0,0,0,0,0
0.61411,0.76059,0.9056,0,0,0,0,0,0,0,0,0,0,0,0
0.62051,0.67594,0.64807,0,0,0,0,0,0,0,0,0,0,0,0
0.60702,0.73419,0.63862,0,0,0,0,0,0,0,0,0,0,0,0
0.72732,0.73233,1.0772,0,0,0,0,0,0,0,0,0,0,0,0
0.60104,0.65857,0.74236,0,0,0,0,0,0,0,0,0,0,0,0
0.62464,0.57785,0.61127,0,0,0,0,0,0,0,0,0,0,0,0
0.61866,0.67796,0.74013,0,0,0,0,0,0,0,0,0,0,0,0
0.62494,0.66121,0.62822,0,0,0,0,0,0,0,0,0,0,0,0
0.63823,0.66219,0.60426,0,0,0,0,0,0,0,0,0,0,0,0
0.69249,0.87978,0.74558,0,0,0,0,0,0,0,0,0,0,0,0
0.63156,0.65651,0.76904,0,0,0,0,0,0,0,0,0,0,0,0
0.62274,0.65374,0.70961,0,0,0,0,0,0,0,0,0,0,0,0
0.62001,0.60379,0.68281,0,0,0,0,0,0,0,0,0,0,0,0
0.6111,0.66713,0.97134,0,0,0,0,0,0,0,0,0,0,0,0
0.62783,0.6858,0.69933,0,0,0,0,0,0,0,0,0,0,0,0
0.6759,0.70515,0.85965,0,0,0,0,0,0,0,0,0,0,0,0
0.61955,0.61968,0.61894,0,0,0,0,0,0,0,0,0,0,0,0
0.60171,0.65677,0.65338,0,0,0,0,0,0,0,0,0,0,0,0
0.58944,0.67072,0.6273,0,0,0,0,0,0,0,0,0,0,0,0
0.62886,0.65846,0.63834,0,0,0,0,0,0,0,0,0,0,0,0
0.62405,0.68622,0.67889,0,0,0,0,0,0,0,0,0,0,0,0
0.72201,0.81689,0.73338,0,0,0,0,0,0,0,0,0,0,0,0
0.61688,0.573,0.6588,0,0,0,0,0,0,0,0,0,0,0,0
0.60907,0.63271,0.76128,0,0,0,0,0,0,0,0,0,0,0,0
0.63245,0.63964,0.62856,0,0,0,0,0,0,0,0,0,0,0,0
0.61665,0.64372,0.70124,0,0,0,0,0,0,0,0,0,0,0,0
NaN,NaN,NaN,0,0,0,0,0,0,0,0,0,0,0,0
NaN,NaN,NaN,0,0,0,0,0,0,0,0,0,0,0,0
NaN,NaN,NaN,0,0,0,0,0,0,0,0,0,0,0,0
NaN,NaN,NaN,0,0,0,0,0,0,0,0,0,0,0,0
3.4242,3.4334,3.5008,0,0,0,0,0,0,0,0,0,0,0,0
3.0852,3.3011,3.2768,0,0,0,0,0,0,0,0,0,0,0,0
9.2028,7.5381,7.264,0,0,0,0,0,0,0,0,0,0,0,0
0.61002,0.70648,0.71889,0,0,0,0,0,0,0,0,0,0,0,0
0.53554,0.54982,0.61176,0,0,0,0,0,0,0,0,0,0,0,0
0.6488,0.65173,0.66531,0,0,0,0,0,0,0,0,0,0,0,0
0.60337,0.5413,0.61068,0,0,0,0,0,0,0,0,0,0,0,0
0.66476,0.76902,0.76328,0,0,0,0,0,0,0,0,0,0,0,0
0.59158,0.5824,0.58034,0,0,0,0,0,0,0,0,0,0,0,0
0.58759,0.60439,0.58115,0,0,0,0,0,0,0,0,0,0,0,0
0.55836,0.56549,0.64115,0,0,0,0,0,0,0,0,0,0,0,0
0.57213,0.64525,0.68996,0,0,0,0,0,0,0,0,0,0,0,0
0.60956,0.6285,0.64288,0,0,0,0,0,0,0,0,0,0,0,0
0.61513,0.7293,0.80783,0,0,0,0,0,0,0,0,0,0,0,0
0.60871,0.58479,0.64426,0,0,0,0,0,0,0,0,0,0,0,0
0.5731,0.6879,0.67166,0,0,0,0,0,0,0,0,0,0,0,0
0.5417,0.6141,0.6125,0,0,0,0,0,0,0,0,0,0,0,0
0.57717,0.60416,0.73972,0,0,0,0,0,0,0,0,0,0,0,0
0.59203,0.64678,0.63713,0,0,0,0,0,0,0,0,0,0,0,0
0.70716,0.83062,0.77026,0,0,0,0,0,0,0,0,0,0,0,0
0.56835,0.56835,0.63922,0,0,0,0,0,0,0,0,0,0,0,0
0.57459,0.61058,0.60239,0,0,0,0,0,0,0,0,0,0,0,0
0.60531,0.63306,0.63115,0,0,0,0,0,0,0,0,0,0,0,0
0.60355,0.626,0.64266,0,0,0,0,0,0,0,0,0,0,0,0
0.60247,0.62768,0.67775,0,0,0,0,0,0,0,0,0,0,0,0
0.7068,0.76563,0.79463,0,0,0,0,0,0,0,0,0,0,0,0
0.59042,0.57747,0.69478,0,0,0,0,0,0,0,0,0,0,0,0
0.58766,0.61309,0.64529,0,0,0,0,0,0,0,0,0,0,0,0
0.52606,0.63286,0.64678,0,0,0,0,0,0,0,0,0,0,0,0
0.52584,0.60909,0.68101,0,0,0,0,0,0,0,0,0,0,0,0
0.56143,0.54287,0.61487,0,0,0,0,0,0,0,0,0,0,0,0
0.71348,0.68181,0.82502,0,0,0,0,0,0,0,0,0,0,0,0
0.56906,0.63694,0.62811,0,0,0,0,0,0,0,0,0,0,0,0
0.54461,0.60958,0.64938,0,0,0,0,0,0,0,0,0,0,0,0
0.60144,0.64313,0.6829,0,0,0,0,0,0,0,0,0,0,0,0
0.59965,0.60605,0.64215,0,0,0,0,0,0,0,0,0,0,0,0
0.54326,0.61923,0.76943,0,0,0,0,0,0,0,0,0,0,0,0
0.71752,0.72143,0.87524,0,0,0,0,0,0,0,0,0,0,0,0
0.56931,0.61829,0.65827,0,0,0,0,0,0,0,0,0,0,0,0
0.58602,0.62314,0.61831,0,0,0,0,0,0,0,0,0,0,0,0
0.50595,0.6074,0.63656,0,0,0,0,0,0,0,0,0,0,0,0
0.6265,0.63825,0.85501,0,0,0,0,0,0,0,0,0,0,0,0
0.54564,0.55166,0.64457,0,0,0,0,0,0,0,0,0,0,0,0
0.92766,0.77847,0.74317,0,0,0,0,0,0,0,0,0,0,0,0
0.6,0.92321,0.67016,0,0,0,0,0,0,0,0,0,0,0,0
0.53515,0.91957,0.6705,0,0,0,0,0,0,0,0,0,0,0,0
0.59382,0.90081,0.73081,0,0,0,0,0,0,0,0,0,0,0,0
0.60108,0.58569,0.63398,0,0,0,0,0,0,0,0,0,0,0,0
0.60196,0.5788,0.73495,0,0,0,0,0,0,0,0,0,0,0,0
0.71872,0.70652,0.77965,0,0,0,0,0,0,0,0,0,0,0,0
0.57974,0.59895,0.67904,0,0,0,0,0,0,0,0,0,0,0,0
0.5883,0.58575,0.68947,0,0,0,0,0,0,0,0,0,0,0,0
0.58489,0.59419,0.72419,0,0,0,0,0,0,0,0,0,0,0,0
0.60138,0.59827,0.78579,0,0,0,0,0,0,0,0,0,0,0,0
0.54439,0.51049,0.7243,0,0,0,0,0,0,0,0,0,0,0,0
0.7034,0.73324,0.83901,0,0,0,0,0,0,0,0,0,0,0,0
0.51399,0.51241,0.68916,0,0,0,0,0,0,0,0,0,0,0,0
0.55831,0.60142,0.63186,0,0,0,0,0,0,0,0,0,0,0,0
0.60785,0.56552,0.65216,0,0,0,0,0,0,0,0,0,0,0,0
0.61226,0.61431,0.71958,0,0,0,0,0,0,0,0,0,0,0,0
0.56608,0.52631,0.7552,0,0,0,0,0,0,0,0,0,0,0,0
0.63445,0.76686,0.74081,0,0,0,0,0,0,0,0,0,0,0,0
0.56508,0.94555,0.65812,0,0,0,0,0,0,0,0,0,0,0,0
0.55669,0.78054,0.61214,0,0,0,0,0,0,0,0,0,0,0,0
0.60156,0.85788,0.61978,0,0,0,0,0,0,0,0,0,0,0,0
0.60373,0.65237,0.68768,0,0,0,0,0,0,0,0,0,0,0,0
0.57644,0.51816,0.63983,0,0,0,0,0,0,0,0,0,0,0,0
0.70858,0.88514,1.2007,0,0,0,0,0,0,0,0,0,0,0,0
0.57765,0.77017,0.84796,0,0,0,0,0,0,0,0,0,0,0,0
0.57542,0.78529,0.62202,0,0,0,0,0,0,0,0,0,0,0,0
0.58446,0.67269,0.6046,0,0,0,0,0,0,0,0,0,0,0,0
0.59473,0.83371,0.72793,0,0,0,0,0,0,0,0,0,0,0,0
0.57693,1.0755,0.72444,0,0,0,0,0,0,0,0,0,0,0,0
0.63711,0.93391,0.78717,0,0,0,0,0,0,0,0,0,0,0,0
0.55966,0.79458,0.60421,0,0,0,0,0,0,0,0,0,0,0,0
0.55938,0.62208,0.71454,0,0,0,0,0,0,0,0,0,0,0,0
0.62336,0.59168,0.65486,0,0,0,0,0,0,0,0,0,0,0,0
0.57557,0.55622,0.62611,0,0,0,0,0,0,0,0,0,0,0,0
0.53453,0.67175,0.64012,0,0,0,0,0,0,0,0,0,0,0,0
0.72073,0.95996,0.73636,0,0,0,0,0,0,0,0,0,0,0,0
0.53247,0.5957,0.69589,0,0,0,0,0,0,0,0,0,0,0,0
0.54838,0.89131,0.58557,0,0,0,0,0,0,0,0,0,0,0,0
0.59888,0.63755,0.61951,0,0,0,0,0,0,0,0,0,0,0,0
0.61857,0.57844,0.63185,0,0,0,0,0,0,0,0,0,0,0,0
0.59833,0.88796,0.64507,0,0,0,0,0,0,0,0,0,0,0,0
0.6849,0.77528,0.75518,0,0,0,0,0,0,0,0,0,0,0,0
0.65179,0.63803,0.64149,0,0,0,0,0,0,0,0,0,0,0,0
0.50873,0.62606,0.67213,0,0,0,0,0,0,0,0,0,0,0,0
0.59241,0.65359,0.62745,0,0,0,0,0,0,0,0,0,0,0,0
0.62538,0.73892,0.63297,0,0,0,0,0,0,0,0,0,0,0,0
0.71773,0.60684,0.62347,0,0,0,0,0,0,0,0,0,0,0,0
2.1816,0.84448,0.81676,0,0,0,0,0,0,0,0,0,0,0,0
0.74911,0.53509,0.62391,0,0,0,0,0,0,0,0,0,0,0,0
0.79504,0.54758,0.6049,0,0,0,0,0,0,0,0,0,0,0,0
0.81067,0.60936,0.61488,0,0,0,0,0,0,0,0,0,0,0,0
0.71663,0.91614,0.61231,0,0,0,0,0,0,0,0,0,0,0,0
0.717,0.62974,0.60944,0,0,0,0,0,0,0,0,0,0,0,0
1.8862,0.96992,0.80721,0,0,0,0,0,0,0,0,0,0,0,0
0.70546,0.68676,0.68217,0,0,0,0,0,0,0,0,0,0,0,0
0.96437,0.62259,0.64973,0,0,0,0,0,0,0,0,0,0,0,0
0.82718,0.72644,0.69055,0,0,0,0,0,0,0,0,0,0,0,0
1.0434,0.79774,0.63818,0,0,0,0,0,0,0,0,0,0,0,0
0.77936,0.67513,0.67517,0,0,0,0,0,0,0,0,0,0,0,0
1.5331,0.6857,0.73562,0,0,0,0,0,0,0,0,0,0,0,0
0.75915,0.61576,0.68392,0,0,0,0,0,0,0,0,0,0,0,0
0.79371,0.68277,0.65524,0,0,0,0,0,0,0,0,0,0,0,0
1.0134,0.67166,0.66994,0,0,0,0,0,0,0,0,0,0,0,0
0.87281,0.59939,0.81686,0,0,0,0,0,0,0,0,0,0,0,0
0.65879,0.79695,0.62989,0,0,0,0,0,0,0,0,0,0,0,0
1.7769,0.77592,0.72793,0,0,0,0,0,0,0,0,0,0,0,0
0.7625,0.94723,0.64743,0,0,0,0,0,0,0,0,0,0,0,0
0.98215,0.63816,0.66266,0,0,0,0,0,0,0,0,0,0,0,0
0.84156,0.9971,0.69567,0,0,0,0,0,0,0,0,0,0,0,0
0.77725,0.79853,0.63615,0,0,0,0,0,0,0,0,0,0,0,0
0.68563,0.66856,0.64375,0,0,0,0,0,0,0,0,0,0,0,0
1.6406,1.0717,0.67195,0,0,0,0,0,0,0,0,0,0,0,0
0.69281,0.72367,0.65282,0,0,0,0,0,0,0,0,0,0,0,0
0.9379,0.68033,0.67492,0,0,0,0,0,0,0,0,0,0,0,0
0.68721,0.59694,0.62747,0,0,0,0,0,0,0,0,0,0,0,0
0.70248,0.7161,0.76813,0,0,0,0,0,0,0,0,0,0,0,0
0.69588,0.66348,0.95251,0,0,0,0,0,0,0,0,0,0,0,0
1.9934,0.77327,0.75732,0,0,0,0,0,0,0,0,0,0,0,0
0.77456,0.6003,0.62158,0,0,0,0,0,0,0,0,0,0,0,0
0.66753,0.72672,0.656,0,0,0,0,0,0,0,0,0,0,0,0
0.76379,0.67897,0.65058,0,0,0,0,0,0,0,0,0,0,0,0
0.85737,0.63235,0.56887,0,0,0,0,0,0,0,0,0,0,0,0
0.70391,0.69086,0.68037,0,0,0,0,0,0,0,0,0,0,0,0
1.4401,0.94687,0.7623,0,0,0,0,0,0,0,0,0,0,0,0
0.80014,0.62593,0.64075,0,0,0,0,0,0,0,0,0,0,0,0
0.84391,0.81918,0.64832,0,0,0,0,0,0,0,0,0,0,0,0
0.83161,0.61263,0.6529,0,0,0,0,0,0,0,0,0,0,0,0
0.74573,0.61379,0.58822,0,0,0,0,0,0,0,0,0,0,0,0
0.6587,0.58259,0.63595,0,0,0,0,0,0,0,0,0,0,0,0
1.5243,0.67622,0.75549,0,0,0,0,0,0,0,0,0,0,0,0
0.66825,0.57861,0.63909,0,0,0,0,0,0,0,0,0,0,0,0
0.77971,0.55428,0.68628,0,0,0,0,0,0,0,0,0,0,0,0
0.8199,0.6666,0.77778,0,0,0,0,0,0,0,0,0,0,0,0
0.64213,0.63645,0.62288,0,0,0,0,0,0,0,0,0,0,0,0
0.82713,0.62676,0.69355,0,0,0,0,0,0,0,0,0,0,0,0
0.74573,0.7115,0.77324,0,0,0,0,0,0,0,0,0,0,0,0
0.70958,0.5999,0.58593,0,0,0,0,0,0,0,0,0,0,0,0
0.80326,0.5547,0.58778,0,0,0,0,0,0,0,0,0,0,0,0
0.64625,0.63124,0.59262,0,0,0,0,0,0,0,0,0,0,0,0
0.81289,0.72272,0.63644,0,0,0,0,0,0,0,0,0,0,0,0
0.66825,0.57063,0.68299,0,0,0,0,0,0,0,0,0,0,0,0
0.81887,0.76553,0.75075,0,0,0,0,0,0,0,0,0,0,0,0
0.677,0.61969,0.63536,0,0,0,0,0,0,0,0,0,0,0,0
0.82522,0.67993,0.76575,0,0,0,0,0,0,0,0,0,0,0,0
0.79149,0.66788,0.66382,0,0,0,0,0,0,0,0,0,0,0,0
0.6528,0.59044,0.70111,0,0,0,0,0,0,0,0,0,0,0,0
0.84613,0.69419,0.69273,0,0,0,0,0,0,0,0,0,0,0,0
1.3399,0.83252,0.83508,0,0,0,0,0,0,0,0,0,0,0,0
0.75283,0.6709,0.78862,0,0,0,0,0,0,0,0,0,0,0,0
0.99568,0.7833,0.75124,0,0,0,0,0,0,0,0,0,0,0,0
0.67487,0.71988,0.6638,0,0,0,0,0,0,0,0,0,0,0,0
0.72208,0.61183,0.67332,0,0,0,0,0,0,0,0,0,0,0,0
0.80417,0.62544,0.67341,0,0,0,0,0,0,0,0,0,0,0,0
1.011,0.86881,0.79609,0,0,0,0,0,0,0,0,0,0,0,0
0.59796,0.61792,0.65888,0,0,0,0,0,0,0,0,0,0,0,0
0.90448,0.58974,0.61772,0,0,0,0,0,0,0,0,0,0,0,0
0.65663,0.58055,0.6144,0,0,0,0,0,0,0,0,0,0,0,0
0.84737,0.70636,0.61559,0,0,0,0,0,0,0,0,0,0,0,0
0.68583,0.68026,0.60999,0,0,0,0,0,0,0,0,0,0,0,0
1.7455,0.80907,0.70073,0,0,0,0,0,0,0,0,0,0,0,0
0.71105,0.61687,0.59672,0,0,0,0,0,0,0,0,0,0,0,0
0.93491,0.55361,0.61124,0,0,0,0,0,0,0,0,0,0,0,0
0.68641,0.58076,0.61705,0,0,0,0,0,0,0,0,0,0,0,0
0.75637,0.6138,0.60801,0,0,0,0,0,0,0,0,0,0,0,0
0.88924,0.83046,0.67611,0,0,0,0,0,0,0,0,0,0,0,0
2.4461,0.76648,0.7901,0,0,0,0,0,0,0,0,0,0,0,0
0.67667,0.63529,0.60695,0,0,0,0,0,0,0,0,0,0,0,0
0.64978,0.63501,0.60854,0,0,0,0,0,0,0,0,0,0,0,0
0.77945,0.59206,0.60386,0,0,0,0,0,0,0,0,0,0,0,0
0.67006,0.61808,0.6043,0,0,0,0,0,0,0,0,0,0,0,0
0.87336,0.63935,0.61323,0,0,0,0,0,0,0,0,0,0,0,0
1.221,0.83218,0.71248,0,0,0,0,0,0,0,0,0,0,0,0
0.86799,0.62961,0.61231,0,0,0,0,0,0,0,0,0,0,0,0
0.67405,0.66373,0.60552,0,0,0,0,0,0,0,0,0,0,0,0
0.62702,0.61326,0.60492,0,0,0,0,0,0,0,0,0,0,0,0
0.62163,0.57873,0.56973,0,0,0,0,0,0,0,0,0,0,0,0
0.62628,0.58786,0.60236,0,0,0,0,0,0,0,0,0,0,0,0
0.98236,0.72254,0.71518,0,0,0,0,0,0,0,0,0,0,0,0
0.59478,0.59776,0.60874,0,0,0,0,0,0,0,0,0,0,0,0
0.76272,0.63306,0.61244,0,0,0,0,0,0,0,0,0,0,0,0
0.59094,0.61085,0.59221,0,0,0,0,0,0,0,0,0,0,0,0
0.76741,0.69487,0.61366,0,0,0,0,0,0,0,0,0,0,0,0
0.74227,0.57413,0.60824,0,0,0,0,0,0,0,0,0,0,0,0
1.4728,0.71402,0.72211,0,0,0,0,0,0,0,0,0,0,0,0
0.66337,0.6564,0.60393,0,0,0,0,0,0,0,0,0,0,0,0
0.64603,0.6262,0.60733,0,0,0,0,0,0,0,0,0,0,0,0
0.68699,0.58934,0.55647,0,0,0,0,0,0,0,0,0,0,0,0
0.65779,0.63269,0.60755,0,0,0,0,0,0,0,0,0,0,0,0
0.79755,0.61372,0.60466,0,0,0,0,0,0,0,0,0,0,0,0
1.273,0.69666,0.7426,0,0,0,0,0,0,0,0,0,0,0,0
0.81129,0.57251,0.62106,0,0,0,0,0,0,0,0,0,0,0,0
0.72809,0.63679,0.6022,0,0,0,0,0,0,0,0,0,0,0,0
0.75244,0.54817,0.61363,0,0,0,0,0,0,0,0,0,0,0,0
0.80618,0.59598,0.61431,0,0,0,0,0,0,0,0,0,0,0,0
