1
140.9934,26.4019,30.0000,124.0000
141.4639,25.8171,30.0000,124.0000
141.4639,25.8171,30.0000,124.0000
141.0280,25.9452,30.0000,124.0000
141.0280,25.9452,30.0000,124.0000
141.0280,25.9452,30.0000,124.0000
139.8131,27.0322,30.0000,124.0000
139.8131,27.0322,30.0000,124.0000
138.8179,26.4653,30.6000,126.4800
138.8179,26.4653,30.6000,126.4800
137.0811,28.5289,30.0000,124.0000
136.4346,29.4773,30.0000,124.0000
136.4346,29.4773,30.0000,124.0000
136.0565,30.2515,30.0000,124.0000
136.0565,30.2515,30.0000,124.0000
134.8408,31.0136,30.0000,124.0000
134.3776,31.2350,30.0000,124.0000
134.3776,31.2350,30.0000,124.0000
133.8928,31.4364,30.0000,124.0000
133.8928,31.4364,30.0000,124.0000
134.6144,30.3960,30.0000,124.0000
135.0779,29.2777,30.0000,124.0000
135.0779,29.2777,30.0000,124.0000
135.2420,29.1044,30.0000,124.0000
135.2420,29.1044,30.0000,124.0000
136.0192,28.9461,30.0000,124.0000
136.0192,28.9461,30.0000,124.0000
136.5422,29.6495,30.0000,124.0000
136.5422,29.6495,30.0000,124.0000
138.1774,29.8283,30.0000,124.0000
138.1774,29.8283,30.0000,124.0000
138.4432,30.5522,30.0000,124.0000
138.9941,31.2870,30.0000,124.0000
138.9941,31.2870,30.0000,124.0000
139.2606,31.6550,30.0000,124.0000
139.2606,31.6550,30.0000,124.0000
138.0763,32.5675,30.0000,124.0000
136.4694,33.2981,30.0000,124.0000
136.4694,33.2981,30.0000,124.0000
136.2855,33.2455,30.0000,124.0000
136.2855,33.2455,30.0000,124.0000
135.1499,33.1338,30.0000,124.0000
134.7210,32.9940,30.0000,124.0000
134.7210,32.9940,30.0000,124.0000
134.9075,33.6779,30.0000,124.0000
134.9075,33.6779,30.0000,124.0000
135.3707,34.3134,30.0000,124.0000
135.0419,34.7197,30.0000,124.0000
135.0419,34.7197,30.0000,124.0000
134.7678,35.5824,30.0000,124.0000
134.7678,35.5824,30.0000,124.0000
135.3685,36.1741,30.0000,124.0000
134.5992,35.6353,30.0000,124.0000
134.5992,35.6353,30.0000,124.0000
134.5755,36.1817,30.0000,124.0000
134.5755,36.1817,30.0000,124.0000
134.1052,35.7065,30.0000,124.0000
133.9899,36.0457,30.0000,124.0000
133.9899,36.0457,30.0000,124.0000
135.0047,35.2602,30.0000,124.0000
135.0047,35.2602,30.0000,124.0000
135.1811,34.6725,30.0000,124.0000
135.1811,34.6725,30.0000,124.0000
136.1841,34.9285,30.0000,124.0000
137.3201,35.9042,30.0000,124.0000
137.3201,35.9042,30.0000,124.0000
138.2563,37.5072,29.4118,121.5686
138.2563,37.5072,29.4118,121.5686
139.2601,37.0640,29.4118,121.5686
139.2601,37.0640,29.4118,121.5686
139.6990,37.7125,29.4118,121.5686
140.1332,40.2701,28.8351,119.1849
140.1332,40.2701,28.8351,119.1849
140.0733,42.9038,28.2697,116.8480
140.0733,42.9038,28.2697,116.8480
136.3571,42.1483,28.8351,119.1849
130.0535,42.5731,28.2697,116.8480
130.0535,42.5731,28.2697,116.8480
126.2804,41.6489,28.8351,119.1849
126.2804,41.6489,28.8351,119.1849
115.6351,35.5231,28.8351,119.1849
106.8064,31.2597,28.8351,119.1849
106.8064,31.2597,28.8351,119.1849
104.2904,30.0158,28.8351,119.1849
104.2904,30.0158,28.8351,119.1849
101.5994,26.3806,28.2697,116.8480
92.6045,28.4098,27.7154,114.5568
92.6045,28.4098,27.7154,114.5568
90.9444,31.4927,27.7154,114.5568
90.9444,31.4927,27.7154,114.5568
92.1725,35.4743,27.7154,114.5568
111.6143,34.0025,27.1719,112.3106
111.6143,34.0025,27.1719,112.3106
114.1175,32.5190,27.1719,112.3106
114.1175,32.5190,27.1719,112.3106
121.6565,29.6252,26.6391,110.1085
134.9473,30.7781,26.1168,107.9495
134.9473,30.7781,26.1168,107.9495
129.2168,30.8082,26.6391,110.1085
124.8885,29.6309,27.1719,112.3106
124.8885,29.6309,27.1719,112.3106
122.7253,24.7217,28.2697,116.8480
122.7253,24.7217,28.2697,116.8480
132.1561,33.5088,28.2697,116.8480
132.1561,33.5088,28.2697,116.8480
131.1041,32.5976,28.2697,116.8480
121.9900,32.7263,28.8351,119.1849
121.9900,32.7263,28.8351,119.1849
121.0460,31.6099,30.0000,124.0000
121.0460,31.6099,30.0000,124.0000
126.9966,34.2956,30.0000,124.0000
131.4206,27.4758,31.2120,129.0096
131.4206,27.4758,31.2120,129.0096
129.7687,26.9288,31.2120,129.0096
129.7687,26.9288,31.2120,129.0096
139.4095,29.4280,31.8362,131.5898
133.9573,32.0439,31.2120,129.0096
133.9573,32.0439,31.2120,129.0096
133.3311,31.9986,30.6000,126.4800
133.3311,31.9986,30.6000,126.4800
135.4819,33.5123,30.0000,124.0000
135.5170,42.7934,30.0000,124.0000
135.5170,42.7934,30.0000,124.0000
134.7844,43.8524,30.0000,124.0000
139.8470,43.7768,30.0000,124.0000
139.8470,43.7768,30.0000,124.0000
139.7180,43.1542,30.0000,124.0000
139.7180,43.1542,30.0000,124.0000
139.2148,40.6747,30.0000,124.0000
135.3678,39.0188,30.6000,126.4800
135.3678,39.0188,30.6000,126.4800
134.2257,40.9732,30.6000,126.4800
134.2257,40.9732,30.6000,126.4800
134.5190,47.9080,30.0000,124.0000
136.6152,60.5676,30.0000,124.0000
136.6152,60.5676,30.0000,124.0000
137.2500,64.3034,30.0000,124.0000
137.2500,64.3034,30.0000,124.0000
127.5139,49.1924,30.0000,124.0000
127.4856,23.3996,30.0000,124.0000
127.4856,23.3996,30.0000,124.0000
129.1731,20.6785,30.0000,124.0000
139.8747,10.6213,30.0000,124.0000
139.8747,10.6213,30.0000,124.0000
140.8723,9.2752,29.4118,121.5686
140.8723,9.2752,29.4118,121.5686
152.1717,9.9952,29.4118,121.5686
156.6497,13.6805,29.4118,121.5686
156.6497,13.6805,29.4118,121.5686
161.2746,20.0665,29.4118,121.5686
166.1823,35.2796,28.8351,119.1849
166.1823,35.2796,28.8351,119.1849
170.9204,45.8320,28.2697,116.8480
170.9204,45.8320,28.2697,116.8480
171.3274,71.5865,28.2697,116.8480
171.6098,90.9379,28.2697,116.8480
171.6098,90.9379,28.2697,116.8480
166.4894,92.9200,28.2697,116.8480
166.4894,92.9200,28.2697,116.8480
155.2655,75.5018,27.7154,114.5568
130.3978,44.6988,27.7154,114.5568
130.3978,44.6988,27.7154,114.5568
126.8566,38.6026,27.1719,112.3106
121.4755,10.9360,27.1719,112.3106
121.4755,10.9360,27.1719,112.3106
120.9047,7.1994,27.1719,112.3106
120.9047,7.1994,27.1719,112.3106
131.4207,3.2955,27.1719,112.3106
138.6202,1.0288,27.7154,114.5568
138.6202,1.0288,27.7154,114.5568
146.1755,1.5450,27.7154,114.5568
155.3050,2.5111,27.7154,114.5568
155.3050,2.5111,27.7154,114.5568
161.8793,8.5582,27.7154,114.5568
161.8793,8.5582,27.7154,114.5568
162.1590,16.4613,27.7154,114.5568
162.0042,17.5633,27.7154,114.5568
162.0042,17.5633,27.7154,114.5568
167.0030,17.9698,28.2697,116.8480
165.6362,26.6879,28.2697,116.8480
165.6362,26.6879,28.2697,116.8480
170.0428,31.6256,28.2697,116.8480
170.0428,31.6256,28.2697,116.8480
169.6010,42.7684,28.2697,116.8480
170.0189,49.8592,28.2697,116.8480
170.0189,49.8592,28.2697,116.8480
168.3418,49.1192,27.7154,114.5568
168.3418,49.1192,27.7154,114.5568
166.8923,45.2707,27.7154,114.5568
166.1239,44.8847,27.1719,112.3106
166.1239,44.8847,27.1719,112.3106
165.9012,41.5134,27.1719,112.3106
165.8786,40.7477,26.6391,110.1085
165.8786,40.7477,26.6391,110.1085
167.6865,40.1739,26.6391,110.1085
167.6865,40.1739,26.6391,110.1085
171.1174,38.8917,26.6391,110.1085
171.1174,38.8917,26.6391,110.1085
175.5706,41.1954,26.1168,107.9495
178.1929,40.5569,26.1168,107.9495
178.1929,40.5569,26.1168,107.9495
178.1964,41.4968,26.1168,107.9495
173.7271,39.7802,26.1168,107.9495
173.7271,39.7802,26.1168,107.9495
174.0935,40.1082,26.1168,107.9495
174.0935,40.1082,26.1168,107.9495
171.1160,41.5056,25.6047,105.8328
170.8716,42.2216,25.6047,105.8328
170.8716,42.2216,25.6047,105.8328
170.6430,41.9813,25.6047,105.8328
170.6430,41.9813,25.6047,105.8328
171.3844,43.9439,25.1027,103.7577
173.6479,42.7171,25.1027,103.7577
173.6479,42.7171,25.1027,103.7577
174.1346,41.3006,25.1027,103.7577
174.1346,41.3006,25.1027,103.7577
177.3898,38.8188,25.1027,103.7577
181.1045,36.5522,25.1027,103.7577
181.1045,36.5522,25.1027,103.7577
181.2189,36.4645,25.1027,103.7577
184.2689,35.2017,25.1027,103.7577
184.2689,35.2017,25.1027,103.7577
184.9921,35.8807,25.1027,103.7577
184.9921,35.8807,25.1027,103.7577
187.4395,38.8009,25.1027,103.7577
189.6944,43.0284,25.1027,103.7577
189.6944,43.0284,25.1027,103.7577
190.1415,45.5935,25.1027,103.7577
190.1415,45.5935,25.1027,103.7577
191.8840,46.5265,25.1027,103.7577
192.5912,45.7301,25.1027,103.7577
192.5912,45.7301,25.1027,103.7577
193.1823,44.5551,25.1027,103.7577
193.1823,44.5551,25.1027,103.7577
195.5694,43.7878,25.1027,103.7577
196.0600,45.4328,25.1027,103.7577
196.0600,45.4328,25.1027,103.7577
196.6091,45.8361,25.1027,103.7577
196.6091,45.8361,25.1027,103.7577
197.1238,47.5258,25.1027,103.7577
197.7328,47.0324,25.1027,103.7577
197.7328,47.0324,25.1027,103.7577
197.6345,47.1314,25.1027,103.7577
197.6345,47.1314,25.1027,103.7577
197.9130,46.5110,25.1027,103.7577
198.3485,47.2667,25.1027,103.7577
198.3485,47.2667,25.1027,103.7577
198.8100,47.5210,25.1027,103.7577
198.6718,47.7080,25.1027,103.7577
198.6718,47.7080,25.1027,103.7577
198.6421,47.8931,25.1027,103.7577
198.6421,47.8931,25.1027,103.7577
198.7505,48.0126,25.1027,103.7577
198.7505,48.0126,25.1027,103.7577
198.4993,47.7514,25.1027,103.7577
197.4765,47.5556,25.1027,103.7577
197.4765,47.5556,25.1027,103.7577
196.5273,47.6185,25.1027,103.7577
195.5190,47.4560,25.1027,103.7577
195.5190,47.4560,25.1027,103.7577
194.6434,47.0083,25.1027,103.7577
194.6434,47.0083,25.1027,103.7577
194.0109,47.3002,25.1027,103.7577
193.0522,46.5562,25.1027,103.7577
193.0522,46.5562,25.1027,103.7577
192.4959,46.6540,25.1027,103.7577
190.9862,46.7246,25.1027,103.7577
190.9862,46.7246,25.1027,103.7577
190.7337,47.1000,25.1027,103.7577
190.7337,47.1000,25.1027,103.7577
189.7967,47.4877,25.1027,103.7577
189.5004,47.7384,25.1027,103.7577
189.5004,47.7384,25.1027,103.7577
189.1555,48.2306,25.1027,103.7577
189.1555,48.2306,25.1027,103.7577
189.9092,49.1594,25.1027,103.7577
189.7238,50.0112,25.1027,103.7577
189.7238,50.0112,25.1027,103.7577
189.7065,51.5682,25.1027,103.7577
189.7065,51.5682,25.1027,103.7577
189.5643,51.5671,25.1027,103.7577
189.6795,51.5468,25.1027,103.7577
189.6795,51.5468,25.1027,103.7577
189.9780,51.4918,25.1027,103.7577
190.4402,51.3869,25.1027,103.7577
190.4402,51.3869,25.1027,103.7577
191.1853,51.5070,25.1027,103.7577
191.1853,51.5070,25.1027,103.7577
191.5794,51.6411,25.1027,103.7577
191.6251,51.5864,25.1027,103.7577
191.6251,51.5864,25.1027,103.7577
191.9339,51.3322,25.1027,103.7577
191.9339,51.3322,25.1027,103.7577
193.5493,50.5103,25.1027,103.7577
194.0089,49.9064,25.1027,103.7577
194.0089,49.9064,25.1027,103.7577
194.8476,50.1434,25.1027,103.7577
195.0829,49.5559,25.1027,103.7577
195.0829,49.5559,25.1027,103.7577
195.2672,49.4893,25.1027,103.7577
195.2672,49.4893,25.1027,103.7577
195.1246,48.4407,25.1027,103.7577
194.7507,47.5487,25.1027,103.7577
194.7507,47.5487,25.1027,103.7577
194.1325,47.4436,25.1027,103.7577
194.1325,47.4436,25.1027,103.7577
193.8928,47.0550,25.1027,103.7577
193.3176,47.6825,25.1027,103.7577
193.3176,47.6825,25.1027,103.7577
193.3267,47.3018,25.1027,103.7577
193.3569,46.8511,25.1027,103.7577
193.3569,46.8511,25.1027,103.7577
192.5057,45.8187,25.6047,105.8328
192.5057,45.8187,25.6047,105.8328
191.7347,45.5122,25.6047,105.8328
191.7347,45.5122,25.6047,105.8328
191.6431,44.7064,25.6047,105.8328
191.0048,45.1215,25.6047,105.8328
191.0048,45.1215,25.6047,105.8328
190.8779,44.4433,25.6047,105.8328
189.6001,47.0284,25.6047,105.8328
189.6001,47.0284,25.6047,105.8328
187.1286,47.4737,25.6047,105.8328
187.1286,47.4737,25.6047,105.8328
186.5706,50.4837,25.6047,105.8328
181.1102,49.0253,26.1168,107.9495
181.1102,49.0253,26.1168,107.9495
178.8582,47.8032,26.1168,107.9495
178.8582,47.8032,26.1168,107.9495
173.5640,47.5932,25.6047,105.8328
169.7344,48.1939,25.1027,103.7577
169.7344,48.1939,25.1027,103.7577
167.9494,47.9953,25.1027,103.7577
167.9494,47.9953,25.1027,103.7577
164.5661,48.9838,24.6104,101.7232
161.5037,47.9808,24.6104,101.7232
161.5037,47.9808,24.6104,101.7232
159.1029,46.7027,24.6104,101.7232
155.6464,43.4277,25.1027,103.7577
155.6464,43.4277,25.1027,103.7577
154.1790,45.0500,24.6104,101.7232
154.1790,45.0500,24.6104,101.7232
153.9467,46.6578,24.1279,99.7286
155.9762,46.3351,24.6104,101.7232
155.9762,46.3351,24.6104,101.7232
155.4248,45.7526,24.6104,101.7232
154.7643,45.0370,24.6104,101.7232
154.7643,45.0370,24.6104,101.7232
154.4441,44.0106,24.6104,101.7232
154.4441,44.0106,24.6104,101.7232
155.7571,38.0345,24.1279,99.7286
160.7772,35.4151,24.6104,101.7232
160.7772,35.4151,24.6104,101.7232
164.5350,34.2884,24.6104,101.7232
164.5350,34.2884,24.6104,101.7232
169.0277,30.9036,25.1027,103.7577
173.4294,32.0272,24.6104,101.7232
173.4294,32.0272,24.6104,101.7232
176.7117,33.6583,24.1279,99.7286
180.3623,35.5394,23.6548,97.7732
180.3623,35.5394,23.6548,97.7732
181.4468,36.5429,23.6548,97.7732
181.4468,36.5429,23.6548,97.7732
184.3353,41.0535,23.6548,97.7732
186.7053,50.5338,23.1910,95.8560
186.7053,50.5338,23.1910,95.8560
187.5191,51.3301,23.1910,95.8560
191.3217,51.6614,23.1910,95.8560
191.3217,51.6614,23.1910,95.8560
193.0637,51.7030,23.1910,95.8560
198.0236,46.2600,23.1910,95.8560
198.0236,46.2600,23.1910,95.8560
200.1616,42.9621,23.1910,95.8560
200.1616,42.9621,23.1910,95.8560
200.0275,40.2893,23.6548,97.7732
200.0275,40.2893,23.6548,97.7732
197.0781,37.3506,23.6548,97.7732
196.0556,39.9834,23.1910,95.8560
196.0556,39.9834,23.1910,95.8560
193.9130,34.7785,23.6548,97.7732
192.1387,29.7469,23.6548,97.7732
192.1387,29.7469,23.6548,97.7732
190.9596,30.6289,23.6548,97.7732
190.9596,30.6289,23.6548,97.7732
189.3815,39.5643,23.6548,97.7732
191.5986,41.3392,24.1279,99.7286
191.5986,41.3392,24.1279,99.7286
192.3628,39.0161,24.6104,101.7232
195.9205,23.8422,24.6104,101.7232
195.9205,23.8422,24.6104,101.7232
195.7412,21.1203,24.1279,99.7286
191.6120,11.4349,23.6548,97.7732
191.6120,11.4349,23.6548,97.7732
191.0438,10.6933,23.1910,95.8560
191.0438,10.6933,23.1910,95.8560
187.0138,2.5080,23.1910,95.8560
186.4651,0.7616,23.1910,95.8560
186.4651,0.7616,23.1910,95.8560
184.7439,0.0999,23.1910,95.8560
184.7439,0.0999,23.1910,95.8560
181.0605,-2.0027,23.1910,95.8560
181.0605,-2.0027,23.1910,95.8560
176.2978,-1.5924,23.1910,95.8560
171.8021,0.9522,23.1910,95.8560
171.8021,0.9522,23.1910,95.8560
170.4760,2.0522,23.1910,95.8560
170.4760,2.0522,23.1910,95.8560
170.6708,12.9786,23.1910,95.8560
170.6708,12.9786,23.1910,95.8560
163.7871,16.4314,23.1910,95.8560
163.7871,16.4314,23.1910,95.8560
163.9587,25.7831,23.1910,95.8560
167.4364,39.0402,22.7362,93.9765
167.4364,39.0402,22.7362,93.9765
168.0971,40.4709,23.1910,95.8560
168.4964,50.9814,23.6548,97.7732
168.4964,50.9814,23.6548,97.7732
168.9467,50.4977,23.6548,97.7732
168.9467,50.4977,23.6548,97.7732
170.2132,37.4967,23.6548,97.7732
168.6744,31.3535,23.6548,97.7732
168.6744,31.3535,23.6548,97.7732
165.8678,26.4641,23.6548,97.7732
165.8678,26.4641,23.6548,97.7732
166.1701,24.4115,23.6548,97.7732
163.6306,25.2128,23.1910,95.8560
163.6306,25.2128,23.1910,95.8560
162.6436,24.5699,23.1910,95.8560
159.3266,25.3249,23.1910,95.8560
159.3266,25.3249,23.1910,95.8560
155.8132,24.7015,23.6548,97.7732
155.8132,24.7015,23.6548,97.7732
149.0107,25.7728,23.6548,97.7732
141.2796,33.6433,24.1279,99.7286
141.2796,33.6433,24.1279,99.7286
139.2993,35.2143,24.1279,99.7286
139.2993,35.2143,24.1279,99.7286
135.8143,46.5372,24.1279,99.7286
136.7706,45.2713,23.6548,97.7732
136.7706,45.2713,23.6548,97.7732
137.3734,43.9709,23.1910,95.8560
137.3734,43.9709,23.1910,95.8560
139.8438,41.5641,23.6548,97.7732
140.3827,40.6453,23.6548,97.7732
140.3827,40.6453,23.6548,97.7732
142.0290,40.0149,23.6548,97.7732
142.0290,40.0149,23.6548,97.7732
146.5634,38.7112,23.6548,97.7732
148.7231,41.1905,22.7362,93.9765
148.7231,41.1905,22.7362,93.9765
149.2054,41.6008,22.2904,92.1338
150.4115,43.9576,21.8534,90.3273
150.4115,43.9576,21.8534,90.3273
150.4951,43.6258,21.8534,90.3273
150.4951,43.6258,21.8534,90.3273
151.3264,45.3856,21.4249,88.5562
151.2042,45.3644,21.4249,88.5562
151.2042,45.3644,21.4249,88.5562
151.9577,45.2709,21.4249,88.5562
152.2096,45.1604,21.4249,88.5562
152.2096,45.1604,21.4249,88.5562
152.5294,44.8132,21.4249,88.5562
152.5294,44.8132,21.4249,88.5562
152.3821,43.7383,21.4249,88.5562
152.2894,44.0044,21.0048,86.8198
152.2894,44.0044,21.0048,86.8198
153.2072,44.5940,20.5929,85.1174
154.2657,45.6182,20.1891,83.4484
154.2657,45.6182,20.1891,83.4484
154.4965,45.7801,20.1891,83.4484
154.4965,45.7801,20.1891,83.4484
154.3831,44.8786,20.5929,85.1174
154.8330,45.3388,20.5929,85.1174
154.8330,45.3388,20.5929,85.1174
154.5812,45.8294,20.5929,85.1174
155.4718,45.5131,21.0048,86.8198
155.4718,45.5131,21.0048,86.8198
155.7643,45.9980,21.0048,86.8198
155.7643,45.9980,21.0048,86.8198
155.8011,46.5426,21.0048,86.8198
156.3252,47.4766,21.0048,86.8198
156.3252,47.4766,21.0048,86.8198
157.0851,47.9010,21.0048,86.8198
157.7983,47.9023,21.4249,88.5562
157.7983,47.9023,21.4249,88.5562
157.9645,48.5432,21.4249,88.5562
157.9645,48.5432,21.4249,88.5562
157.8492,50.4549,21.0048,86.8198
157.0644,51.5112,21.0048,86.8198
157.0644,51.5112,21.0048,86.8198
156.9200,52.4868,21.0048,86.8198
156.1218,53.2691,21.0048,86.8198
156.1218,53.2691,21.0048,86.8198
155.9906,53.2212,21.4249,88.5562
155.9093,53.5228,21.8534,90.3273
155.9093,53.5228,21.8534,90.3273
155.7664,53.4566,22.2904,92.1338
155.7664,53.4566,22.2904,92.1338
155.8177,53.0718,22.7362,93.9765
154.2922,52.2693,23.1910,95.8560
154.2922,52.2693,23.1910,95.8560
154.6252,52.5724,23.1910,95.8560
152.2600,53.2556,23.1910,95.8560
152.2600,53.2556,23.1910,95.8560
152.5051,52.4048,23.6548,97.7732
152.5051,52.4048,23.6548,97.7732
150.2754,53.7688,23.6548,97.7732
147.8505,55.3414,23.6548,97.7732
147.8505,55.3414,23.6548,97.7732
146.8882,54.6739,24.1279,99.7286
142.9380,53.7770,24.1279,99.7286
142.9380,53.7770,24.1279,99.7286
139.5945,53.3009,24.1279,99.7286
139.5945,53.3009,24.1279,99.7286
139.9860,51.8254,24.1279,99.7286
141.0815,50.1843,24.1279,99.7286
141.0815,50.1843,24.1279,99.7286
142.1286,47.7742,24.6104,101.7232
142.1286,47.7742,24.6104,101.7232
145.0544,48.7627,24.1279,99.7286
145.0376,47.7974,24.6104,101.7232
145.0376,47.7974,24.6104,101.7232
145.2097,46.6946,25.1027,103.7577
145.5388,46.6945,25.1027,103.7577
145.5388,46.6945,25.1027,103.7577
144.9317,46.4595,25.1027,103.7577
144.9317,46.4595,25.1027,103.7577
144.2818,47.5666,25.1027,103.7577
143.9706,49.4079,25.1027,103.7577
143.9706,49.4079,25.1027,103.7577
142.1007,48.2059,25.6047,105.8328
142.1007,48.2059,25.6047,105.8328
141.7650,48.2430,25.6047,105.8328
140.7401,48.1897,25.6047,105.8328
140.7401,48.1897,25.6047,105.8328
140.3701,48.5770,25.6047,105.8328
140.3701,48.5770,25.6047,105.8328
139.7771,49.5447,25.6047,105.8328
139.7008,48.6058,26.1168,107.9495
139.7008,48.6058,26.1168,107.9495
140.0068,48.6238,26.1168,107.9495
140.0068,48.6238,26.1168,107.9495
140.2463,47.8474,26.1168,107.9495
142.0600,48.0496,26.1168,107.9495
142.0600,48.0496,26.1168,107.9495
141.9804,45.8954,26.6391,110.1085
143.0246,47.2008,26.1168,107.9495
143.0246,47.2008,26.1168,107.9495
142.9249,46.2378,26.1168,107.9495
142.9249,46.2378,26.1168,107.9495
143.5197,45.4372,26.1168,107.9495
143.6568,45.2255,26.1168,107.9495
143.6568,45.2255,26.1168,107.9495
143.6425,44.9301,26.1168,107.9495
143.5902,45.8216,26.1168,107.9495
143.5902,45.8216,26.1168,107.9495
143.3708,46.3206,26.1168,107.9495
143.3708,46.3206,26.1168,107.9495
142.9052,46.2759,26.1168,107.9495
143.0263,46.9062,26.1168,107.9495
143.0263,46.9062,26.1168,107.9495
142.3037,47.8136,26.1168,107.9495
142.0897,48.6888,26.1168,107.9495
142.0897,48.6888,26.1168,107.9495
141.8547,48.6213,26.1168,107.9495
141.8547,48.6213,26.1168,107.9495
