61.024,61.844,69.13,0,0,0,0,0,0,0,0,0,0,0,0
1.9442,1.9347,1.9125,0,0,0,0,0,0,0,0,0,0,0,0
1.8237,1.8511,1.8418,0,0,0,0,0,0,0,0,0,0,0,0
1.7481,1.7284,1.7348,0,0,0,0,0,0,0,0,0,0,0,0
1.654,1.6793,1.6676,0,0,0,0,0,0,0,0,0,0,0,0
1.6961,1.6706,1.7068,0,0,0,0,0,0,0,0,0,0,0,0
1.7477,1.7364,1.6605,0,0,0,0,0,0,0,0,0,0,0,0
1.653,1.6389,1.7107,0,0,0,0,0,0,0,0,0,0,0,0
1.6881,1.6594,1.6864,0,0,0,0,0,0,0,0,0,0,0,0
1.6811,1.6661,1.6809,0,0,0,0,0,0,0,0,0,0,0,0
1.6391,1.6833,1.6919,0,0,0,0,0,0,0,0,0,0,0,0
1.6482,1.6476,1.6808,0,0,0,0,0,0,0,0,0,0,0,0
1.7042,1.6764,1.6656,0,0,0,0,0,0,0,0,0,0,0,0
1.6689,1.696,1.7438,0,0,0,0,0,0,0,0,0,0,0,0
1.6805,1.6801,1.7726,0,0,0,0,0,0,0,0,0,0,0,0
1.6623,1.5968,1.6876,0,0,0,0,0,0,0,0,0,0,0,0
1.6614,1.7002,1.6866,0,0,0,0,0,0,0,0,0,0,0,0
1.6874,1.6518,1.7021,0,0,0,0,0,0,0,0,0,0,0,0
1.6844,1.6662,1.6724,0,0,0,0,0,0,0,0,0,0,0,0
1.6719,1.6711,1.7032,0,0,0,0,0,0,0,0,0,0,0,0
1.6289,1.7168,1.69,0,0,0,0,0,0,0,0,0,0,0,0
1.6532,1.6988,1.685,0,0,0,0,0,0,0,0,0,0,0,0
1.6709,1.647,1.6612,0,0,0,0,0,0,0,0,0,0,0,0
1.6124,1.649,1.6988,0,0,0,0,0,0,0,0,0,0,0,0
1.6556,1.6691,1.6798,0,0,0,0,0,0,0,0,0,0,0,0
1.6963,1.7781,1.6954,0,0,0,0,0,0,0,0,0,0,0,0
1.7183,1.645,1.6835,0,0,0,0,0,0,0,0,0,0,0,0
1.7458,1.6292,1.7006,0,0,0,0,0,0,0,0,0,0,0,0
1.6545,1.6888,1.6592,0,0,0,0,0,0,0,0,0,0,0,0
1.6484,1.6857,1.6741,0,0,0,0,0,0,0,0,0,0,0,0
1.619,1.7493,1.6982,0,0,0,0,0,0,0,0,0,0,0,0
1.708,1.658,1.6694,0,0,0,0,0,0,0,0,0,0,0,0
1.677,1.6585,1.702,0,0,0,0,0,0,0,0,0,0,0,0
1.6959,1.7731,1.686,0,0,0,0,0,0,0,0,0,0,0,0
1.7552,1.7493,1.7363,0,0,0,0,0,0,0,0,0,0,0,0
1.6908,1.6849,1.6825,0,0,0,0,0,0,0,0,0,0,0,0
1.6814,1.6383,1.6856,0,0,0,0,0,0,0,0,0,0,0,0
1.6756,1.6896,1.6844,0,0,0,0,0,0,0,0,0,0,0,0
1.6542,1.6691,1.6839,0,0,0,0,0,0,0,0,0,0,0,0
1.6872,1.6509,1.6871,0,0,0,0,0,0,0,0,0,0,0,0
1.6494,1.6865,1.6873,0,0,0,0,0,0,0,0,0,0,0,0
1.6329,1.6757,1.6802,0,0,0,0,0,0,0,0,0,0,0,0
1.6743,1.6922,1.6952,0,0,0,0,0,0,0,0,0,0,0,0
1.6508,1.659,1.6726,0,0,0,0,0,0,0,0,0,0,0,0
1.6887,1.6231,1.6437,0,0,0,0,0,0,0,0,0,0,0,0
1.6948,1.6444,1.6498,0,0,0,0,0,0,0,0,0,0,0,0
1.6684,1.6734,1.6589,0,0,0,0,0,0,0,0,0,0,0,0
1.6501,1.737,1.6951,0,0,0,0,0,0,0,0,0,0,0,0
1.6403,1.6653,1.6743,0,0,0,0,0,0,0,0,0,0,0,0
1.6419,1.6452,1.6986,0,0,0,0,0,0,0,0,0,0,0,0
1.7352,1.7489,1.7219,0,0,0,0,0,0,0,0,0,0,0,0
1.6637,1.6187,1.6968,0,0,0,0,0,0,0,0,0,0,0,0
1.6602,1.6663,1.6863,0,0,0,0,0,0,0,0,0,0,0,0
1.738,1.664,1.6525,0,0,0,0,0,0,0,0,0,0,0,0
1.6874,1.6617,1.686,0,0,0,0,0,0,0,0,0,0,0,0
1.6835,1.6262,1.6561,0,0,0,0,0,0,0,0,0,0,0,0
1.6505,1.6345,1.6911,0,0,0,0,0,0,0,0,0,0,0,0
1.6908,1.7038,1.6513,0,0,0,0,0,0,0,0,0,0,0,0
1.6803,1.68,1.6607,0,0,0,0,0,0,0,0,0,0,0,0
1.6735,1.674,1.6848,0,0,0,0,0,0,0,0,0,0,0,0
1.6508,1.7259,1.6894,0,0,0,0,0,0,0,0,0,0,0,0
1.669,1.6841,1.6955,0,0,0,0,0,0,0,0,0,0,0,0
1.6684,1.7128,1.6277,0,0,0,0,0,0,0,0,0,0,0,0
1.6366,1.7853,1.6922,0,0,0,0,0,0,0,0,0,0,0,0
1.6581,1.7006,1.6935,0,0,0,0,0,0,0,0,0,0,0,0
1.7091,1.6685,1.6854,0,0,0,0,0,0,0,0,0,0,0,0
1.6918,1.7147,1.6535,0,0,0,0,0,0,0,0,0,0,0,0
2.0652,1.9792,1.8959,0,0,0,0,0,0,0,0,0,0,0,0
1.6873,1.7066,1.6661,0,0,0,0,0,0,0,0,0,0,0,0
1.6815,1.6497,1.6721,0,0,0,0,0,0,0,0,0,0,0,0
1.6804,1.6918,1.6923,0,0,0,0,0,0,0,0,0,0,0,0
1.7134,1.6613,1.6914,0,0,0,0,0,0,0,0,0,0,0,0
1.6268,1.6652,1.6682,0,0,0,0,0,0,0,0,0,0,0,0
1.6723,1.6823,1.6767,0,0,0,0,0,0,0,0,0,0,0,0
1.6577,1.6762,1.6538,0,0,0,0,0,0,0,0,0,0,0,0
1.6825,1.6634,1.7071,0,0,0,0,0,0,0,0,0,0,0,0
1.6524,1.6662,1.6747,0,0,0,0,0,0,0,0,0,0,0,0
1.6664,1.7066,1.6831,0,0,0,0,0,0,0,0,0,0,0,0
1.6778,1.6899,1.6962,0,0,0,0,0,0,0,0,0,0,0,0
1.6508,1.7224,1.6655,0,0,0,0,0,0,0,0,0,0,0,0
1.6451,1.6874,1.7143,0,0,0,0,0,0,0,0,0,0,0,0
1.6699,1.6679,1.7053,0,0,0,0,0,0,0,0,0,0,0,0
1.6705,1.6958,1.7092,0,0,0,0,0,0,0,0,0,0,0,0
1.7073,1.6833,1.686,0,0,0,0,0,0,0,0,0,0,0,0
1.6975,1.6291,1.6922,0,0,0,0,0,0,0,0,0,0,0,0
1.7031,1.6942,1.6673,0,0,0,0,0,0,0,0,0,0,0,0
1.7055,1.699,1.6662,0,0,0,0,0,0,0,0,0,0,0,0
1.7049,1.634,1.6911,0,0,0,0,0,0,0,0,0,0,0,0
1.6796,1.6201,1.6917,0,0,0,0,0,0,0,0,0,0,0,0
1.6024,1.7118,1.752,0,0,0,0,0,0,0,0,0,0,0,0
1.6165,1.7304,1.763,0,0,0,0,0,0,0,0,0,0,0,0
1.6845,1.6404,1.6824,0,0,0,0,0,0,0,0,0,0,0,0
1.6701,1.6702,1.6655,0,0,0,0,0,0,0,0,0,0,0,0
1.6355,1.6826,1.6903,0,0,0,0,0,0,0,0,0,0,0,0
1.6446,1.6526,1.6919,0,0,0,0,0,0,0,0,0,0,0,0
1.661,1.6509,1.6903,0,0,0,0,0,0,0,0,0,0,0,0
1.6387,1.6685,1.653,0,0,0,0,0,0,0,0,0,0,0,0
1.678,1.6708,1.679,0,0,0,0,0,0,0,0,0,0,0,0
1.6752,1.7078,1.7013,0,0,0,0,0,0,0,0,0,0,0,0
1.6894,1.6386,1.7169,0,0,0,0,0,0,0,0,0,0,0,0
1.7429,1.7363,1.7165,0,0,0,0,0,0,0,0,0,0,0,0
1.6816,1.8126,1.6298,0,0,0,0,0,0,0,0,0,0,0,0
1.8014,1.7438,1.7233,0,0,0,0,0,0,0,0,0,0,0,0
1.7105,1.7087,1.7104,0,0,0,0,0,0,0,0,0,0,0,0
1.6534,1.6578,1.6486,0,0,0,0,0,0,0,0,0,0,0,0
1.6583,1.649,1.6885,0,0,0,0,0,0,0,0,0,0,0,0
1.6286,1.6531,1.6809,0,0,0,0,0,0,0,0,0,0,0,0
1.6738,1.6892,1.6953,0,0,0,0,0,0,0,0,0,0,0,0
1.6526,1.6483,1.6932,0,0,0,0,0,0,0,0,0,0,0,0
1.6711,1.7002,1.6868,0,0,0,0,0,0,0,0,0,0,0,0
1.633,1.6879,1.695,0,0,0,0,0,0,0,0,0,0,0,0
1.6646,1.6778,1.6946,0,0,0,0,0,0,0,0,0,0,0,0
1.6323,1.6823,1.6658,0,0,0,0,0,0,0,0,0,0,0,0
1.6819,1.671,1.65,0,0,0,0,0,0,0,0,0,0,0,0
1.6794,1.6296,1.6943,0,0,0,0,0,0,0,0,0,0,0,0
1.674,1.6145,1.6603,0,0,0,0,0,0,0,0,0,0,0,0
1.6426,1.6768,1.6752,0,0,0,0,0,0,0,0,0,0,0,0
1.8001,1.7842,1.8211,0,0,0,0,0,0,0,0,0,0,0,0
1.6683,1.705,1.7008,0,0,0,0,0,0,0,0,0,0,0,0
1.6864,1.6421,1.6637,0,0,0,0,0,0,0,0,0,0,0,0
1.6531,1.6157,1.6922,0,0,0,0,0,0,0,0,0,0,0,0
1.6791,1.6815,1.6865,0,0,0,0,0,0,0,0,0,0,0,0
1.6812,1.6919,1.6911,0,0,0,0,0,0,0,0,0,0,0,0
1.6966,1.6263,1.6617,0,0,0,0,0,0,0,0,0,0,0,0
1.6747,1.6582,1.7007,0,0,0,0,0,0,0,0,0,0,0,0
1.6733,1.673,1.6956,0,0,0,0,0,0,0,0,0,0,0,0
1.7136,1.7138,1.6455,0,0,0,0,0,0,0,0,0,0,0,0
1.6574,1.6711,1.7477,0,0,0,0,0,0,0,0,0,0,0,0
1.683,1.6621,1.6992,0,0,0,0,0,0,0,0,0,0,0,0
1.693,1.6795,1.6968,0,0,0,0,0,0,0,0,0,0,0,0
1.6141,1.6772,1.6482,0,0,0,0,0,0,0,0,0,0,0,0
1.6614,1.6841,1.6644,0,0,0,0,0,0,0,0,0,0,0,0
1.6709,1.7046,1.7222,0,0,0,0,0,0,0,0,0,0,0,0
1.6947,1.6577,1.6698,0,0,0,0,0,0,0,0,0,0,0,0
1.6788,1.7148,1.6981,0,0,0,0,0,0,0,0,0,0,0,0
1.6685,1.6237,1.6108,0,0,0,0,0,0,0,0,0,0,0,0
1.634,1.6783,1.6761,0,0,0,0,0,0,0,0,0,0,0,0
1.6924,1.6714,1.6564,0,0,0,0,0,0,0,0,0,0,0,0
1.6514,1.6417,1.6982,0,0,0,0,0,0,0,0,0,0,0,0
1.6696,1.768,1.6539,0,0,0,0,0,0,0,0,0,0,0,0
1.7669,1.7564,1.7153,0,0,0,0,0,0,0,0,0,0,0,0
1.8053,1.7538,1.6875,0,0,0,0,0,0,0,0,0,0,0,0
1.6645,1.6175,1.6526,0,0,0,0,0,0,0,0,0,0,0,0
1.6585,1.6531,1.6358,0,0,0,0,0,0,0,0,0,0,0,0
1.645,1.6348,1.6892,0,0,0,0,0,0,0,0,0,0,0,0
1.6413,1.6249,1.685,0,0,0,0,0,0,0,0,0,0,0,0
1.692,1.6676,1.6572,0,0,0,0,0,0,0,0,0,0,0,0
1.6914,1.7054,1.69,0,0,0,0,0,0,0,0,0,0,0,0
1.6722,1.6634,1.6484,0,0,0,0,0,0,0,0,0,0,0,0
1.685,1.6903,1.69,0,0,0,0,0,0,0,0,0,0,0,0
1.6141,1.6926,1.6907,0,0,0,0,0,0,0,0,0,0,0,0
1.6476,1.6508,1.6587,0,0,0,0,0,0,0,0,0,0,0,0
1.6402,1.6533,1.6688,0,0,0,0,0,0,0,0,0,0,0,0
1.6253,1.6698,1.6871,0,0,0,0,0,0,0,0,0,0,0,0
1.6488,1.6956,1.6621,0,0,0,0,0,0,0,0,0,0,0,0
1.6649,1.683,1.6546,0,0,0,0,0,0,0,0,0,0,0,0
1.6698,1.7127,1.6756,0,0,0,0,0,0,0,0,0,0,0,0
1.6875,1.7118,1.6405,0,0,0,0,0,0,0,0,0,0,0,0
1.6803,1.7049,1.692,0,0,0,0,0,0,0,0,0,0,0,0
1.6478,1.6703,1.6424,0,0,0,0,0,0,0,0,0,0,0,0
1.6729,1.7237,1.6854,0,0,0,0,0,0,0,0,0,0,0,0
1.648,1.6748,1.6741,0,0,0,0,0,0,0,0,0,0,0,0
1.6688,1.6503,1.6142,0,0,0,0,0,0,0,0,0,0,0,0
1.6572,1.6742,1.6403,0,0,0,0,0,0,0,0,0,0,0,0
1.6512,1.6872,1.686,0,0,0,0,0,0,0,0,0,0,0,0
1.674,1.6378,1.7532,0,0,0,0,0,0,0,0,0,0,0,0
1.6841,1.6843,1.7294,0,0,0,0,0,0,0,0,0,0,0,0
1.7091,1.7386,1.6965,0,0,0,0,0,0,0,0,0,0,0,0
1.6821,1.6909,1.6565,0,0,0,0,0,0,0,0,0,0,0,0
1.6795,1.7243,1.6788,0,0,0,0,0,0,0,0,0,0,0,0
1.6922,1.7294,1.6631,0,0,0,0,0,0,0,0,0,0,0,0
1.6297,1.6568,1.7034,0,0,0,0,0,0,0,0,0,0,0,0
1.6515,1.6192,1.6959,0,0,0,0,0,0,0,0,0,0,0,0
1.6407,1.712,1.657,0,0,0,0,0,0,0,0,0,0,0,0
1.661,1.6933,1.6629,0,0,0,0,0,0,0,0,0,0,0,0
1.6816,1.6462,1.6703,0,0,0,0,0,0,0,0,0,0,0,0
1.6807,1.632,1.6913,0,0,0,0,0,0,0,0,0,0,0,0
1.6854,1.8004,1.6924,0,0,0,0,0,0,0,0,0,0,0,0
1.6537,1.7221,1.7237,0,0,0,0,0,0,0,0,0,0,0,0
1.7396,1.685,1.6617,0,0,0,0,0,0,0,0,0,0,0,0
1.7021,1.7362,1.6877,0,0,0,0,0,0,0,0,0,0,0,0
1.6362,1.6639,1.6826,0,0,0,0,0,0,0,0,0,0,0,0
1.6501,1.6659,1.6531,0,0,0,0,0,0,0,0,0,0,0,0
1.707,1.6724,1.6644,0,0,0,0,0,0,0,0,0,0,0,0
1.6568,1.6867,1.6947,0,0,0,0,0,0,0,0,0,0,0,0
1.6596,1.67,1.6274,0,0,0,0,0,0,0,0,0,0,0,0
1.6541,1.6677,1.6334,0,0,0,0,0,0,0,0,0,0,0,0
1.6536,1.6287,1.6604,0,0,0,0,0,0,0,0,0,0,0,0
1.6891,1.7012,1.6302,0,0,0,0,0,0,0,0,0,0,0,0
1.6858,1.7069,1.7155,0,0,0,0,0,0,0,0,0,0,0,0
1.673,1.6229,1.6978,0,0,0,0,0,0,0,0,0,0,0,0
1.6859,1.643,1.6739,0,0,0,0,0,0,0,0,0,0,0,0
1.6725,1.6959,1.7047,0,0,0,0,0,0,0,0,0,0,0,0
1.6368,1.6327,1.6969,0,0,0,0,0,0,0,0,0,0,0,0
1.67,1.6411,1.6812,0,0,0,0,0,0,0,0,0,0,0,0
1.6772,1.6289,1.7085,0,0,0,0,0,0,0,0,0,0,0,0
1.6735,1.6926,1.6588,0,0,0,0,0,0,0,0,0,0,0,0
1.6534,1.7045,1.6791,0,0,0,0,0,0,0,0,0,0,0,0
1.6846,1.658,1.6591,0,0,0,0,0,0,0,0,0,0,0,0
1.6941,1.7355,1.7189,0,0,0,0,0,0,0,0,0,0,0,0
2.1633,2.1085,2.049,0,0,0,0,0,0,0,0,0,0,0,0
1.887,1.8319,1.8243,0,0,0,0,0,0,0,0,0,0,0,0
1.6965,1.6757,1.6707,0,0,0,0,0,0,0,0,0,0,0,0
1.6761,1.6702,1.7816,0,0,0,0,0,0,0,0,0,0,0,0
1.7041,1.6978,1.737,0,0,0,0,0,0,0,0,0,0,0,0
1.6668,1.7257,1.6829,0,0,0,0,0,0,0,0,0,0,0,0
1.6895,1.674,1.7317,0,0,0,0,0,0,0,0,0,0,0,0
1.6552,1.6831,1.67,0,0,0,0,0,0,0,0,0,0,0,0
1.6463,1.7165,1.6789,0,0,0,0,0,0,0,0,0,0,0,0
1.6729,1.6824,1.6821,0,0,0,0,0,0,0,0,0,0,0,0
1.6374,1.6655,1.6857,0,0,0,0,0,0,0,0,0,0,0,0
1.6429,1.6526,1.6956,0,0,0,0,0,0,0,0,0,0,0,0
1.6961,1.6929,1.6499,0,0,0,0,0,0,0,0,0,0,0,0
1.685,1.6895,1.7061,0,0,0,0,0,0,0,0,0,0,0,0
1.6587,1.6629,1.668,0,0,0,0,0,0,0,0,0,0,0,0
1.65,1.7919,1.6746,0,0,0,0,0,0,0,0,0,0,0,0
1.6614,1.7259,1.6469,0,0,0,0,0,0,0,0,0,0,0,0
1.7702,1.7063,1.6621,0,0,0,0,0,0,0,0,0,0,0,0
1.7136,1.6581,1.6411,0,0,0,0,0,0,0,0,0,0,0,0
1.6791,1.7175,1.6911,0,0,0,0,0,0,0,0,0,0,0,0
1.6818,1.6885,1.6618,0,0,0,0,0,0,0,0,0,0,0,0
1.7061,1.6703,1.6776,0,0,0,0,0,0,0,0,0,0,0,0
1.6676,1.716,1.6934,0,0,0,0,0,0,0,0,0,0,0,0
1.6599,1.6734,1.6926,0,0,0,0,0,0,0,0,0,0,0,0
1.647,1.6994,1.7175,0,0,0,0,0,0,0,0,0,0,0,0
1.6394,1.6704,1.65,0,0,0,0,0,0,0,0,0,0,0,0
1.6734,1.6808,1.6562,0,0,0,0,0,0,0,0,0,0,0,0
1.6819,1.6814,1.6881,0,0,0,0,0,0,0,0,0,0,0,0
1.7084,1.649,1.6481,0,0,0,0,0,0,0,0,0,0,0,0
1.6757,1.6736,1.661,0,0,0,0,0,0,0,0,0,0,0,0
1.6969,1.7026,1.6375,0,0,0,0,0,0,0,0,0,0,0,0
1.6389,1.6682,1.6919,0,0,0,0,0,0,0,0,0,0,0,0
1.6329,1.7316,1.6286,0,0,0,0,0,0,0,0,0,0,0,0
1.6375,1.7002,1.675,0,0,0,0,0,0,0,0,0,0,0,0
1.637,1.6532,1.683,0,0,0,0,0,0,0,0,0,0,0,0
1.6778,1.6541,1.6925,0,0,0,0,0,0,0,0,0,0,0,0
1.6739,1.6765,1.6644,0,0,0,0,0,0,0,0,0,0,0,0
1.6782,1.6421,1.6684,0,0,0,0,0,0,0,0,0,0,0,0
1.6794,1.6362,1.7007,0,0,0,0,0,0,0,0,0,0,0,0
1.663,1.6645,1.6579,0,0,0,0,0,0,0,0,0,0,0,0
1.6751,1.6619,1.6875,0,0,0,0,0,0,0,0,0,0,0,0
1.6722,1.6729,1.6754,0,0,0,0,0,0,0,0,0,0,0,0
1.6294,1.6494,1.786,0,0,0,0,0,0,0,0,0,0,0,0
1.6869,1.6927,1.7003,0,0,0,0,0,0,0,0,0,0,0,0
1.6724,1.6519,1.6371,0,0,0,0,0,0,0,0,0,0,0,0
1.6473,1.6244,1.6676,0,0,0,0,0,0,0,0,0,0,0,0
1.6754,1.6967,1.6231,0,0,0,0,0,0,0,0,0,0,0,0
1.6561,1.6337,1.6971,0,0,0,0,0,0,0,0,0,0,0,0
1.6829,1.6792,1.7011,0,0,0,0,0,0,0,0,0,0,0,0
1.6485,1.7009,1.6839,0,0,0,0,0,0,0,0,0,0,0,0
1.7548,1.696,1.765,0,0,0,0,0,0,0,0,0,0,0,0
1.7151,1.752,1.6957,0,0,0,0,0,0,0,0,0,0,0,0
1.6873,1.7209,1.7043,0,0,0,0,0,0,0,0,0,0,0,0
1.6696,1.749,1.6565,0,0,0,0,0,0,0,0,0,0,0,0
1.6829,1.6643,1.6911,0,0,0,0,0,0,0,0,0,0,0,0
1.751,1.7142,1.701,0,0,0,0,0,0,0,0,0,0,0,0
1.8401,1.6401,1.6409,0,0,0,0,0,0,0,0,0,0,0,0
1.686,1.7122,1.7019,0,0,0,0,0,0,0,0,0,0,0,0
1.6438,1.692,1.6642,0,0,0,0,0,0,0,0,0,0,0,0
1.6287,1.7,1.668,0,0,0,0,0,0,0,0,0,0,0,0
1.6471,1.6614,1.7107,0,0,0,0,0,0,0,0,0,0,0,0
1.6938,1.6823,1.7181,0,0,0,0,0,0,0,0,0,0,0,0
1.6515,1.6552,1.7038,0,0,0,0,0,0,0,0,0,0,0,0
1.6821,1.6602,1.6692,0,0,0,0,0,0,0,0,0,0,0,0
1.6353,1.682,1.6826,0,0,0,0,0,0,0,0,0,0,0,0
1.6759,1.6899,1.6838,0,0,0,0,0,0,0,0,0,0,0,0
1.6948,1.6979,1.6618,0,0,0,0,0,0,0,0,0,0,0,0
1.6903,1.6878,1.6795,0,0,0,0,0,0,0,0,0,0,0,0
1.7832,1.7554,1.7732,0,0,0,0,0,0,0,0,0,0,0,0
1.6464,1.6969,1.6699,0,0,0,0,0,0,0,0,0,0,0,0
1.6554,1.6541,1.6359,0,0,0,0,0,0,0,0,0,0,0,0
1.6608,1.7239,1.6973,0,0,0,0,0,0,0,0,0,0,0,0
1.6425,1.7106,1.6989,0,0,0,0,0,0,0,0,0,0,0,0
1.6445,1.6756,1.6976,0,0,0,0,0,0,0,0,0,0,0,0
1.6632,1.6922,1.65,0,0,0,0,0,0,0,0,0,0,0,0
1.6381,1.6945,1.6698,0,0,0,0,0,0,0,0,0,0,0,0
1.6451,1.6505,1.6616,0,0,0,0,0,0,0,0,0,0,0,0
1.7052,1.715,1.6727,0,0,0,0,0,0,0,0,0,0,0,0
1.6865,1.6893,1.6764,0,0,0,0,0,0,0,0,0,0,0,0
1.6862,1.6306,1.71,0,0,0,0,0,0,0,0,0,0,0,0
1.6803,1.7175,1.7554,0,0,0,0,0,0,0,0,0,0,0,0
1.6866,1.6652,1.7078,0,0,0,0,0,0,0,0,0,0,0,0
1.6621,1.676,1.6994,0,0,0,0,0,0,0,0,0,0,0,0
1.6289,1.6837,1.6873,0,0,0,0,0,0,0,0,0,0,0,0
1.6151,1.6505,1.7071,0,0,0,0,0,0,0,0,0,0,0,0
1.6529,1.6824,1.7519,0,0,0,0,0,0,0,0,0,0,0,0
1.6253,1.6796,1.6997,0,0,0,0,0,0,0,0,0,0,0,0
1.698,1.6564,1.7209,0,0,0,0,0,0,0,0,0,0,0,0
1.685,1.6971,1.6925,0,0,0,0,0,0,0,0,0,0,0,0
1.6549,1.6496,1.6762,0,0,0,0,0,0,0,0,0,0,0,0
1.6902,1.7035,1.6931,0,0,0,0,0,0,0,0,0,0,0,0
1.6847,1.7668,1.6669,0,0,0,0,0,0,0,0,0,0,0,0
1.6808,1.6928,1.6992,0,0,0,0,0,0,0,0,0,0,0,0
1.6934,1.6582,1.7173,0,0,0,0,0,0,0,0,0,0,0,0
1.768,1.7113,1.7106,0,0,0,0,0,0,0,0,0,0,0,0
1.665,1.6524,1.6787,0,0,0,0,0,0,0,0,0,0,0,0
1.6695,1.7043,1.6777,0,0,0,0,0,0,0,0,0,0,0,0
1.6871,1.6685,1.7,0,0,0,0,0,0,0,0,0,0,0,0
1.6198,1.6579,1.6791,0,0,0,0,0,0,0,0,0,0,0,0
1.7147,1.6752,1.7145,0,0,0,0,0,0,0,0,0,0,0,0
1.6667,1.7026,1.6868,0,0,0,0,0,0,0,0,0,0,0,0
1.6892,1.673,1.71,0,0,0,0,0,0,0,0,0,0,0,0
1.6504,1.6832,1.7379,0,0,0,0,0,0,0,0,0,0,0,0
1.6427,1.6653,1.6516,0,0,0,0,0,0,0,0,0,0,0,0
1.6495,1.7315,1.6996,0,0,0,0,0,0,0,0,0,0,0,0
1.6595,1.7209,1.6496,0,0,0,0,0,0,0,0,0,0,0,0
1.6757,1.6811,1.7017,0,0,0,0,0,0,0,0,0,0,0,0
1.6767,1.6445,1.6926,0,0,0,0,0,0,0,0,0,0,0,0
1.6528,1.6835,1.6938,0,0,0,0,0,0,0,0,0,0,0,0
1.6994,1.6278,1.6948,0,0,0,0,0,0,0,0,0,0,0,0
1.6435,1.6513,1.6673,0,0,0,0,0,0,0,0,0,0,0,0
1.6437,1.6999,1.6551,0,0,0,0,0,0,0,0,0,0,0,0
1.6455,1.7053,1.6672,0,0,0,0,0,0,0,0,0,0,0,0
1.6445,1.6317,1.6859,0,0,0,0,0,0,0,0,0,0,0,0
1.6534,1.6825,1.6969,0,0,0,0,0,0,0,0,0,0,0,0
1.6271,1.6387,1.7044,0,0,0,0,0,0,0,0,0,0,0,0
1.6394,1.669,1.6958,0,0,0,0,0,0,0,0,0,0,0,0
1.6826,1.7177,1.7409,0,0,0,0,0,0,0,0,0,0,0,0
1.6603,1.6984,1.7873,0,0,0,0,0,0,0,0,0,0,0,0
1.6726,1.7001,1.7079,0,0,0,0,0,0,0,0,0,0,0,0
1.6852,1.6914,1.6708,0,0,0,0,0,0,0,0,0,0,0,0
1.6596,1.6658,1.6518,0,0,0,0,0,0,0,0,0,0,0,0
1.6755,1.6821,1.6829,0,0,0,0,0,0,0,0,0,0,0,0
1.6816,1.6727,1.711,0,0,0,0,0,0,0,0,0,0,0,0
1.6924,1.6599,1.6734,0,0,0,0,0,0,0,0,0,0,0,0
1.6739,1.6482,1.6662,0,0,0,0,0,0,0,0,0,0,0,0
1.6429,1.6475,1.6988,0,0,0,0,0,0,0,0,0,0,0,0
1.6521,1.6766,1.6972,0,0,0,0,0,0,0,0,0,0,0,0
1.6234,1.691,1.7028,0,0,0,0,0,0,0,0,0,0,0,0
1.6856,1.7539,1.6884,0,0,0,0,0,0,0,0,0,0,0,0
1.6821,1.6772,1.6576,0,0,0,0,0,0,0,0,0,0,0,0
1.7149,1.6453,1.686,0,0,0,0,0,0,0,0,0,0,0,0
1.6994,1.6987,1.7514,0,0,0,0,0,0,0,0,0,0,0,0
1.6513,1.6968,1.7505,0,0,0,0,0,0,0,0,0,0,0,0
1.7465,1.6984,1.6939,0,0,0,0,0,0,0,0,0,0,0,0
1.6568,1.7081,1.6764,0,0,0,0,0,0,0,0,0,0,0,0
1.6488,1.7212,1.6732,0,0,0,0,0,0,0,0,0,0,0,0
1.6522,1.6346,1.7044,0,0,0,0,0,0,0,0,0,0,0,0
1.7017,1.6857,1.7005,0,0,0,0,0,0,0,0,0,0,0,0
1.689,1.6938,1.6643,0,0,0,0,0,0,0,0,0,0,0,0
1.6209,1.6844,1.673,0,0,0,0,0,0,0,0,0,0,0,0
1.6801,1.6781,1.6624,0,0,0,0,0,0,0,0,0,0,0,0
1.6707,1.702,1.6949,0,0,0,0,0,0,0,0,0,0,0,0
1.6443,1.6819,1.6928,0,0,0,0,0,0,0,0,0,0,0,0
1.6806,1.6684,1.6876,0,0,0,0,0,0,0,0,0,0,0,0
1.6533,1.6582,1.6878,0,0,0,0,0,0,0,0,0,0,0,0
1.649,1.7079,1.6729,0,0,0,0,0,0,0,0,0,0,0,0
1.6204,1.6999,1.67,0,0,0,0,0,0,0,0,0,0,0,0
1.6499,1.718,1.6905,0,0,0,0,0,0,0,0,0,0,0,0
1.632,1.6975,1.6493,0,0,0,0,0,0,0,0,0,0,0,0
1.6566,1.7248,1.6685,0,0,0,0,0,0,0,0,0,0,0,0
1.6437,1.6697,1.6922,0,0,0,0,0,0,0,0,0,0,0,0
1.6451,1.6685,1.7062,0,0,0,0,0,0,0,0,0,0,0,0
1.6703,1.6341,1.6975,0,0,0,0,0,0,0,0,0,0,0,0
1.6571,1.6491,1.7015,0,0,0,0,0,0,0,0,0,0,0,0
1.68,1.8939,1.7994,0,0,0,0,0,0,0,0,0,0,0,0
1.6864,1.6814,1.7658,0,0,0,0,0,0,0,0,0,0,0,0
1.6369,1.6678,1.671,0,0,0,0,0,0,0,0,0,0,0,0
1.6798,1.6613,1.7034,0,0,0,0,0,0,0,0,0,0,0,0
1.6584,1.6522,1.6715,0,0,0,0,0,0,0,0,0,0,0,0
1.681,1.6573,1.6678,0,0,0,0,0,0,0,0,0,0,0,0
1.6818,1.728,1.6935,0,0,0,0,0,0,0,0,0,0,0,0
1.6672,1.6891,1.6884,0,0,0,0,0,0,0,0,0,0,0,0
1.6567,1.6749,1.6569,0,0,0,0,0,0,0,0,0,0,0,0
1.652,1.6757,1.6669,0,0,0,0,0,0,0,0,0,0,0,0
1.6458,1.6719,1.6778,0,0,0,0,0,0,0,0,0,0,0,0
1.6625,1.6982,1.6856,0,0,0,0,0,0,0,0,0,0,0,0
1.6624,1.7614,1.7024,0,0,0,0,0,0,0,0,0,0,0,0
1.6568,1.7268,1.6653,0,0,0,0,0,0,0,0,0,0,0,0
1.6404,1.7098,1.6688,0,0,0,0,0,0,0,0,0,0,0,0
1.7472,1.6844,1.6937,0,0,0,0,0,0,0,0,0,0,0,0
1.721,1.68,1.6852,0,0,0,0,0,0,0,0,0,0,0,0
1.6449,1.7059,1.7042,0,0,0,0,0,0,0,0,0,0,0,0
1.674,1.6496,1.6972,0,0,0,0,0,0,0,0,0,0,0,0
1.6509,1.6601,1.6622,0,0,0,0,0,0,0,0,0,0,0,0
1.6629,1.663,1.6723,0,0,0,0,0,0,0,0,0,0,0,0
1.6593,1.6737,1.6968,0,0,0,0,0,0,0,0,0,0,0,0
1.6253,1.6899,1.668,0,0,0,0,0,0,0,0,0,0,0,0
1.6596,1.6812,1.6869,0,0,0,0,0,0,0,0,0,0,0,0
1.662,1.6548,1.6999,0,0,0,0,0,0,0,0,0,0,0,0
1.6506,1.6748,1.6632,0,0,0,0,0,0,0,0,0,0,0,0
1.6742,1.6679,1.6661,0,0,0,0,0,0,0,0,0,0,0,0
1.6529,1.6886,1.6723,0,0,0,0,0,0,0,0,0,0,0,0
1.6123,1.714,1.6849,0,0,0,0,0,0,0,0,0,0,0,0
1.6623,1.6602,1.7233,0,0,0,0,0,0,0,0,0,0,0,0
1.6211,1.6879,1.6832,0,0,0,0,0,0,0,0,0,0,0,0
1.6871,1.6899,1.6719,0,0,0,0,0,0,0,0,0,0,0,0
1.6457,1.6911,1.6852,0,0,0,0,0,0,0,0,0,0,0,0
1.6493,1.6756,1.6978,0,0,0,0,0,0,0,0,0,0,0,0
1.6231,1.7177,1.6402,0,0,0,0,0,0,0,0,0,0,0,0
1.677,1.7118,1.6987,0,0,0,0,0,0,0,0,0,0,0,0
1.6834,1.648,1.6962,0,0,0,0,0,0,0,0,0,0,0,0
1.6796,1.6789,1.6619,0,0,0,0,0,0,0,0,0,0,0,0
1.6718,1.6265,1.7578,0,0,0,0,0,0,0,0,0,0,0,0
1.6824,1.6391,1.7363,0,0,0,0,0,0,0,0,0,0,0,0
1.6414,1.6472,1.6734,0,0,0,0,0,0,0,0,0,0,0,0
1.6783,1.6496,1.7127,0,0,0,0,0,0,0,0,0,0,0,0
1.671,1.6881,1.6953,0,0,0,0,0,0,0,0,0,0,0,0
1.656,1.6753,1.6357,0,0,0,0,0,0,0,0,0,0,0,0
1.6785,1.6741,1.6903,0,0,0,0,0,0,0,0,0,0,0,0
1.6461,1.6797,1.6287,0,0,0,0,0,0,0,0,0,0,0,0
1.6498,1.672,1.6601,0,0,0,0,0,0,0,0,0,0,0,0
1.6848,1.6367,1.7296,0,0,0,0,0,0,0,0,0,0,0,0
1.6778,1.6761,1.7059,0,0,0,0,0,0,0,0,0,0,0,0
1.6497,1.7496,1.665,0,0,0,0,0,0,0,0,0,0,0,0
1.6456,1.7884,1.6791,0,0,0,0,0,0,0,0,0,0,0,0
1.6863,1.707,1.6993,0,0,0,0,0,0,0,0,0,0,0,0
1.6488,1.6853,1.6607,0,0,0,0,0,0,0,0,0,0,0,0
1.6859,1.6902,1.7015,0,0,0,0,0,0,0,0,0,0,0,0
1.8051,1.685,1.709,0,0,0,0,0,0,0,0,0,0,0,0
1.6778,1.6476,1.6897,0,0,0,0,0,0,0,0,0,0,0,0
1.6527,1.6305,1.6996,0,0,0,0,0,0,0,0,0,0,0,0
1.6713,1.7123,1.6959,0,0,0,0,0,0,0,0,0,0,0,0
1.6883,1.6722,1.6767,0,0,0,0,0,0,0,0,0,0,0,0
1.6779,1.6615,1.6674,0,0,0,0,0,0,0,0,0,0,0,0
1.6656,1.6497,1.6717,0,0,0,0,0,0,0,0,0,0,0,0
1.6709,1.71,1.6984,0,0,0,0,0,0,0,0,0,0,0,0
1.634,1.6475,1.691,0,0,0,0,0,0,0,0,0,0,0,0
1.6641,1.6889,1.6762,0,0,0,0,0,0,0,0,0,0,0,0
1.6373,1.7158,1.6955,0,0,0,0,0,0,0,0,0,0,0,0
1.6389,1.6677,1.6849,0,0,0,0,0,0,0,0,0,0,0,0
1.6799,1.7043,1.7054,0,0,0,0,0,0,0,0,0,0,0,0
1.6515,1.7472,1.6583,0,0,0,0,0,0,0,0,0,0,0,0
1.6545,1.7168,1.7019,0,0,0,0,0,0,0,0,0,0,0,0
1.6204,1.6551,1.6682,0,0,0,0,0,0,0,0,0,0,0,0
1.6761,1.7128,1.7059,0,0,0,0,0,0,0,0,0,0,0,0
1.6839,1.7054,1.7241,0,0,0,0,0,0,0,0,0,0,0,0
1.659,1.6798,1.692,0,0,0,0,0,0,0,0,0,0,0,0
1.6947,1.6927,1.668,0,0,0,0,0,0,0,0,0,0,0,0
1.6874,1.6642,1.6834,0,0,0,0,0,0,0,0,0,0,0,0
1.6476,1.6828,1.6414,0,0,0,0,0,0,0,0,0,0,0,0
1.6468,1.7371,1.8156,0,0,0,0,0,0,0,0,0,0,0,0
1.6698,1.6392,1.7052,0,0,0,0,0,0,0,0,0,0,0,0
1.6684,1.7301,1.7107,0,0,0,0,0,0,0,0,0,0,0,0
1.6798,1.6731,1.6873,0,0,0,0,0,0,0,0,0,0,0,0
1.7051,1.6805,1.6384,0,0,0,0,0,0,0,0,0,0,0,0
1.6901,1.6765,1.629,0,0,0,0,0,0,0,0,0,0,0,0
1.6272,1.6323,1.6324,0,0,0,0,0,0,0,0,0,0,0,0
1.6652,1.7284,1.6844,0,0,0,0,0,0,0,0,0,0,0,0
1.704,1.6559,1.7059,0,0,0,0,0,0,0,0,0,0,0,0
1.6476,1.6617,1.6794,0,0,0,0,0,0,0,0,0,0,0,0
1.678,1.6922,1.6759,0,0,0,0,0,0,0,0,0,0,0,0
1.6572,1.6836,1.692,0,0,0,0,0,0,0,0,0,0,0,0
1.7555,1.7664,1.6978,0,0,0,0,0,0,0,0,0,0,0,0
1.7206,1.6919,1.6931,0,0,0,0,0,0,0,0,0,0,0,0
1.6537,1.7079,1.693,0,0,0,0,0,0,0,0,0,0,0,0
1.6499,1.7356,1.6912,0,0,0,0,0,0,0,0,0,0,0,0
1.6613,1.7071,1.6722,0,0,0,0,0,0,0,0,0,0,0,0
1.7488,1.6876,1.6728,0,0,0,0,0,0,0,0,0,0,0,0
1.6852,1.7066,1.682,0,0,0,0,0,0,0,0,0,0,0,0
1.7352,1.7016,1.7233,0,0,0,0,0,0,0,0,0,0,0,0
1.7662,1.7005,1.7486,0,0,0,0,0,0,0,0,0,0,0,0
1.7187,1.7566,1.7352,0,0,0,0,0,0,0,0,0,0,0,0
1.6706,1.6928,1.6646,0,0,0,0,0,0,0,0,0,0,0,0
1.6841,1.677,1.6901,0,0,0,0,0,0,0,0,0,0,0,0
1.65,1.6837,1.664,0,0,0,0,0,0,0,0,0,0,0,0
1.6787,1.6601,1.7071,0,0,0,0,0,0,0,0,0,0,0,0
1.6528,1.692,1.7076,0,0,0,0,0,0,0,0,0,0,0,0
1.6477,1.7135,1.7025,0,0,0,0,0,0,0,0,0,0,0,0
1.6499,1.712,1.6636,0,0,0,0,0,0,0,0,0,0,0,0
1.6425,1.6605,1.6894,0,0,0,0,0,0,0,0,0,0,0,0
1.6725,1.6902,1.6727,0,0,0,0,0,0,0,0,0,0,0,0
1.6977,1.6732,1.6688,0,0,0,0,0,0,0,0,0,0,0,0
1.6937,1.6972,1.701,0,0,0,0,0,0,0,0,0,0,0,0
1.699,1.7019,1.686,0,0,0,0,0,0,0,0,0,0,0,0
1.6823,1.687,1.6879,0,0,0,0,0,0,0,0,0,0,0,0
1.692,1.6755,1.6372,0,0,0,0,0,0,0,0,0,0,0,0
1.6625,1.7207,1.6383,0,0,0,0,0,0,0,0,0,0,0,0
1.6403,1.7006,1.703,0,0,0,0,0,0,0,0,0,0,0,0
1.6697,1.6994,1.8072,0,0,0,0,0,0,0,0,0,0,0,0
1.6601,1.6843,1.6549,0,0,0,0,0,0,0,0,0,0,0,0
1.681,1.6588,1.6879,0,0,0,0,0,0,0,0,0,0,0,0
1.6549,1.6734,1.6703,0,0,0,0,0,0,0,0,0,0,0,0
1.6885,1.6897,1.7041,0,0,0,0,0,0,0,0,0,0,0,0
1.68,1.6455,1.6673,0,0,0,0,0,0,0,0,0,0,0,0
1.632,1.7011,1.6954,0,0,0,0,0,0,0,0,0,0,0,0
1.6715,1.7145,1.6672,0,0,0,0,0,0,0,0,0,0,0,0
1.6865,1.6799,1.7031,0,0,0,0,0,0,0,0,0,0,0,0
1.6877,1.706,1.6593,0,0,0,0,0,0,0,0,0,0,0,0
1.6633,1.6617,1.6672,0,0,0,0,0,0,0,0,0,0,0,0
1.6645,1.7435,1.7091,0,0,0,0,0,0,0,0,0,0,0,0
1.6451,1.6842,1.6895,0,0,0,0,0,0,0,0,0,0,0,0
1.741,1.6631,1.6603,0,0,0,0,0,0,0,0,0,0,0,0
1.6551,1.6784,1.6431,0,0,0,0,0,0,0,0,0,0,0,0
1.658,1.6927,1.6662,0,0,0,0,0,0,0,0,0,0,0,0
1.7095,1.6802,1.6954,0,0,0,0,0,0,0,0,0,0,0,0
1.7106,1.6993,1.6882,0,0,0,0,0,0,0,0,0,0,0,0
1.6847,1.7139,1.6826,0,0,0,0,0,0,0,0,0,0,0,0
1.6848,1.7251,1.6707,0,0,0,0,0,0,0,0,0,0,0,0
1.6703,1.6901,1.648,0,0,0,0,0,0,0,0,0,0,0,0
1.6773,1.7141,1.7105,0,0,0,0,0,0,0,0,0,0,0,0
1.648,1.7089,1.6831,0,0,0,0,0,0,0,0,0,0,0,0
1.6726,1.7019,1.6917,0,0,0,0,0,0,0,0,0,0,0,0
1.6299,1.6757,1.6756,0,0,0,0,0,0,0,0,0,0,0,0
1.6766,1.6846,1.6874,0,0,0,0,0,0,0,0,0,0,0,0
1.6684,1.694,1.6651,0,0,0,0,0,0,0,0,0,0,0,0
1.6626,1.6894,1.6928,0,0,0,0,0,0,0,0,0,0,0,0
1.68,1.6859,1.6871,0,0,0,0,0,0,0,0,0,0,0,0
1.6132,1.6758,1.7017,0,0,0,0,0,0,0,0,0,0,0,0
1.6672,1.6857,1.6978,0,0,0,0,0,0,0,0,0,0,0,0
2.1153,2.0968,2.0735,0,0,0,0,0,0,0,0,0,0,0,0
1.7916,1.7244,1.7556,0,0,0,0,0,0,0,0,0,0,0,0
1.7202,1.7028,1.7007,0,0,0,0,0,0,0,0,0,0,0,0
1.6611,1.6639,1.689,0,0,0,0,0,0,0,0,0,0,0,0
1.6589,1.6854,1.6694,0,0,0,0,0,0,0,0,0,0,0,0
1.6741,1.7146,1.6391,0,0,0,0,0,0,0,0,0,0,0,0
1.6856,1.6314,1.6621,0,0,0,0,0,0,0,0,0,0,0,0
1.6342,1.6876,1.7647,0,0,0,0,0,0,0,0,0,0,0,0
1.6784,1.6359,1.6549,0,0,0,0,0,0,0,0,0,0,0,0
1.6846,1.6484,1.6864,0,0,0,0,0,0,0,0,0,0,0,0
2.0663,1.6632,1.6936,0,0,0,0,0,0,0,0,0,0,0,0
2.6801,1.6513,1.6648,0,0,0,0,0,0,0,0,0,0,0,0
1.6665,1.6404,1.6752,0,0,0,0,0,0,0,0,0,0,0,0
1.6753,1.7877,1.7112,0,0,0,0,0,0,0,0,0,0,0,0
1.675,1.7088,1.675,0,0,0,0,0,0,0,0,0,0,0,0
1.6577,1.6693,1.6844,0,0,0,0,0,0,0,0,0,0,0,0
1.6476,1.7499,1.6695,0,0,0,0,0,0,0,0,0,0,0,0
1.645,1.7024,1.6852,0,0,0,0,0,0,0,0,0,0,0,0
1.6811,1.757,1.6897,0,0,0,0,0,0,0,0,0,0,0,0
1.6455,1.6782,1.6474,0,0,0,0,0,0,0,0,0,0,0,0
1.6952,1.6992,1.6334,0,0,0,0,0,0,0,0,0,0,0,0
1.6751,1.6843,1.6582,0,0,0,0,0,0,0,0,0,0,0,0
1.6773,1.6831,1.651,0,0,0,0,0,0,0,0,0,0,0,0
1.715,1.7117,1.6647,0,0,0,0,0,0,0,0,0,0,0,0
1.6919,1.6816,1.6544,0,0,0,0,0,0,0,0,0,0,0,0
1.6371,1.6672,1.6546,0,0,0,0,0,0,0,0,0,0,0,0
1.6506,1.6582,1.6651,0,0,0,0,0,0,0,0,0,0,0,0
1.6855,1.6606,1.6782,0,0,0,0,0,0,0,0,0,0,0,0
1.6513,1.6913,1.6403,0,0,0,0,0,0,0,0,0,0,0,0
1.68,1.7036,1.6248,0,0,0,0,0,0,0,0,0,0,0,0
1.6669,1.6655,1.6698,0,0,0,0,0,0,0,0,0,0,0,0
1.6619,1.6533,1.6833,0,0,0,0,0,0,0,0,0,0,0,0
1.6907,1.6979,1.6884,0,0,0,0,0,0,0,0,0,0,0,0
1.6562,1.6304,1.6245,0,0,0,0,0,0,0,0,0,0,0,0
1.6574,1.713,1.6641,0,0,0,0,0,0,0,0,0,0,0,0
1.6514,1.7247,1.6833,0,0,0,0,0,0,0,0,0,0,0,0
1.6566,1.7183,1.6705,0,0,0,0,0,0,0,0,0,0,0,0
1.6784,1.6178,1.6654,0,0,0,0,0,0,0,0,0,0,0,0
1.6628,1.6975,1.6693,0,0,0,0,0,0,0,0,0,0,0,0
1.692,1.6843,1.6714,0,0,0,0,0,0,0,0,0,0,0,0
1.6699,1.7048,1.6788,0,0,0,0,0,0,0,0,0,0,0,0
1.6738,1.7191,1.7098,0,0,0,0,0,0,0,0,0,0,0,0
1.6962,1.6922,1.7365,0,0,0,0,0,0,0,0,0,0,0,0
1.684,1.7266,1.6829,0,0,0,0,0,0,0,0,0,0,0,0
1.6556,1.6466,1.6787,0,0,0,0,0,0,0,0,0,0,0,0
1.6212,1.6368,1.8418,0,0,0,0,0,0,0,0,0,0,0,0
1.6626,1.7306,1.7429,0,0,0,0,0,0,0,0,0,0,0,0
1.6413,1.6689,1.6623,0,0,0,0,0,0,0,0,0,0,0,0
1.6872,1.6797,1.6952,0,0,0,0,0,0,0,0,0,0,0,0
1.6836,1.6543,1.6316,0,0,0,0,0,0,0,0,0,0,0,0
1.6641,1.6529,1.7024,0,0,0,0,0,0,0,0,0,0,0,0
1.6858,1.6894,1.6752,0,0,0,0,0,0,0,0,0,0,0,0
1.6405,1.658,1.6745,0,0,0,0,0,0,0,0,0,0,0,0
1.6746,1.6626,1.678,0,0,0,0,0,0,0,0,0,0,0,0
1.6786,1.6848,1.6708,0,0,0,0,0,0,0,0,0,0,0,0
1.6459,1.6924,1.6571,0,0,0,0,0,0,0,0,0,0,0,0
1.6513,1.764,1.6486,0,0,0,0,0,0,0,0,0,0,0,0
1.6774,1.6607,1.695,0,0,0,0,0,0,0,0,0,0,0,0
1.6696,1.7349,1.6907,0,0,0,0,0,0,0,0,0,0,0,0
1.6532,1.704,1.6648,0,0,0,0,0,0,0,0,0,0,0,0
1.6851,1.6538,1.6727,0,0,0,0,0,0,0,0,0,0,0,0
1.7717,1.6535,1.6778,0,0,0,0,0,0,0,0,0,0,0,0
1.7089,1.658,1.6847,0,0,0,0,0,0,0,0,0,0,0,0
1.682,1.6536,1.6846,0,0,0,0,0,0,0,0,0,0,0,0
1.6679,1.705,1.6745,0,0,0,0,0,0,0,0,0,0,0,0
1.7718,1.6688,1.7008,0,0,0,0,0,0,0,0,0,0,0,0
1.6297,1.6299,1.6707,0,0,0,0,0,0,0,0,0,0,0,0
1.6766,1.63,1.6511,0,0,0,0,0,0,0,0,0,0,0,0
1.713,1.6745,1.683,0,0,0,0,0,0,0,0,0,0,0,0
1.683,1.653,1.7062,0,0,0,0,0,0,0,0,0,0,0,0
1.6984,1.6657,1.6495,0,0,0,0,0,0,0,0,0,0,0,0
1.6799,1.6534,1.6642,0,0,0,0,0,0,0,0,0,0,0,0
1.6734,1.637,1.6483,0,0,0,0,0,0,0,0,0,0,0,0
1.6797,1.7953,1.6689,0,0,0,0,0,0,0,0,0,0,0,0
1.6817,1.6802,1.6947,0,0,0,0,0,0,0,0,0,0,0,0
1.6227,1.6915,1.6997,0,0,0,0,0,0,0,0,0,0,0,0
1.6858,1.6275,1.6536,0,0,0,0,0,0,0,0,0,0,0,0
1.6805,1.6263,1.676,0,0,0,0,0,0,0,0,0,0,0,0
1.6362,1.6898,1.7005,0,0,0,0,0,0,0,0,0,0,0,0
1.6296,1.6956,1.7043,0,0,0,0,0,0,0,0,0,0,0,0
1.6946,1.7058,1.6671,0,0,0,0,0,0,0,0,0,0,0,0
1.645,1.6702,1.6837,0,0,0,0,0,0,0,0,0,0,0,0
1.6232,1.7395,1.7028,0,0,0,0,0,0,0,0,0,0,0,0
1.6513,1.6421,1.731,0,0,0,0,0,0,0,0,0,0,0,0
1.6359,1.6857,1.6877,0,0,0,0,0,0,0,0,0,0,0,0
1.6575,1.6709,1.6627,0,0,0,0,0,0,0,0,0,0,0,0
1.6841,1.6662,1.6577,0,0,0,0,0,0,0,0,0,0,0,0
1.665,1.6815,1.7041,0,0,0,0,0,0,0,0,0,0,0,0
1.6856,1.6911,1.651,0,0,0,0,0,0,0,0,0,0,0,0
1.6814,1.7099,1.6911,0,0,0,0,0,0,0,0,0,0,0,0
1.7228,1.7024,1.664,0,0,0,0,0,0,0,0,0,0,0,0
1.6496,1.6809,1.7125,0,0,0,0,0,0,0,0,0,0,0,0
1.6596,1.686,1.6761,0,0,0,0,0,0,0,0,0,0,0,0
1.6538,1.7311,1.6335,0,0,0,0,0,0,0,0,0,0,0,0
1.6469,1.6649,1.6691,0,0,0,0,0,0,0,0,0,0,0,0
1.6702,1.6349,1.6917,0,0,0,0,0,0,0,0,0,0,0,0
1.7152,1.6561,1.7078,0,0,0,0,0,0,0,0,0,0,0,0
1.65,1.6515,1.7148,0,0,0,0,0,0,0,0,0,0,0,0
1.6779,1.6614,1.7072,0,0,0,0,0,0,0,0,0,0,0,0
1.7052,1.6589,1.6888,0,0,0,0,0,0,0,0,0,0,0,0
1.6816,1.6684,1.6669,0,0,0,0,0,0,0,0,0,0,0,0
1.6434,1.7277,1.6891,0,0,0,0,0,0,0,0,0,0,0,0
1.672,1.6908,1.6658,0,0,0,0,0,0,0,0,0,0,0,0
1.6823,1.6581,1.7129,0,0,0,0,0,0,0,0,0,0,0,0
1.6978,1.6651,1.628,0,0,0,0,0,0,0,0,0,0,0,0
1.6867,1.6911,1.6855,0,0,0,0,0,0,0,0,0,0,0,0
1.6783,1.6948,1.6948,0,0,0,0,0,0,0,0,0,0,0,0
1.6778,1.6626,1.646,0,0,0,0,0,0,0,0,0,0,0,0
1.6574,1.7128,1.6545,0,0,0,0,0,0,0,0,0,0,0,0
1.6766,1.6509,1.7089,0,0,0,0,0,0,0,0,0,0,0,0
1.6548,1.7245,1.6998,0,0,0,0,0,0,0,0,0,0,0,0
1.6715,1.6979,1.6785,0,0,0,0,0,0,0,0,0,0,0,0
1.6636,1.6979,1.6873,0,0,0,0,0,0,0,0,0,0,0,0
1.6559,1.6911,1.7057,0,0,0,0,0,0,0,0,0,0,0,0
1.6575,1.702,1.6735,0,0,0,0,0,0,0,0,0,0,0,0
1.6476,1.6949,1.663,0,0,0,0,0,0,0,0,0,0,0,0
1.6521,1.6473,1.6779,0,0,0,0,0,0,0,0,0,0,0,0
1.6447,1.672,1.6572,0,0,0,0,0,0,0,0,0,0,0,0
1.6357,1.675,1.657,0,0,0,0,0,0,0,0,0,0,0,0
1.6596,1.6508,1.6899,0,0,0,0,0,0,0,0,0,0,0,0
1.6623,1.6856,1.6912,0,0,0,0,0,0,0,0,0,0,0,0
1.6713,1.6815,1.7378,0,0,0,0,0,0,0,0,0,0,0,0
1.6565,1.6863,1.6562,0,0,0,0,0,0,0,0,0,0,0,0
1.6347,1.7198,1.7071,0,0,0,0,0,0,0,0,0,0,0,0
1.6545,1.6585,1.6954,0,0,0,0,0,0,0,0,0,0,0,0
1.6828,1.625,1.6998,0,0,0,0,0,0,0,0,0,0,0,0
1.7008,1.7176,1.7004,0,0,0,0,0,0,0,0,0,0,0,0
1.6886,1.6904,1.646,0,0,0,0,0,0,0,0,0,0,0,0
1.6916,1.6463,1.6853,0,0,0,0,0,0,0,0,0,0,0,0
1.6474,1.6826,1.638,0,0,0,0,0,0,0,0,0,0,0,0
1.6796,1.6696,1.667,0,0,0,0,0,0,0,0,0,0,0,0
1.6786,1.7641,1.6799,0,0,0,0,0,0,0,0,0,0,0,0
1.6488,1.7476,1.6344,0,0,0,0,0,0,0,0,0,0,0,0
1.6613,1.6638,1.6987,0,0,0,0,0,0,0,0,0,0,0,0
1.659,1.6928,1.6844,0,0,0,0,0,0,0,0,0,0,0,0
1.6987,1.6745,1.6702,0,0,0,0,0,0,0,0,0,0,0,0
1.638,1.683,1.7032,0,0,0,0,0,0,0,0,0,0,0,0
1.7291,1.6359,1.6981,0,0,0,0,0,0,0,0,0,0,0,0
1.7345,1.7143,1.7016,0,0,0,0,0,0,0,0,0,0,0,0
1.695,1.6555,1.6634,0,0,0,0,0,0,0,0,0,0,0,0
1.6971,1.6666,1.6662,0,0,0,0,0,0,0,0,0,0,0,0
1.697,1.7196,1.712,0,0,0,0,0,0,0,0,0,0,0,0
1.6935,1.6799,1.6905,0,0,0,0,0,0,0,0,0,0,0,0
1.637,1.6428,1.6437,0,0,0,0,0,0,0,0,0,0,0,0
1.6869,1.6673,1.6575,0,0,0,0,0,0,0,0,0,0,0,0
1.6528,1.6502,1.6583,0,0,0,0,0,0,0,0,0,0,0,0
1.6195,1.7503,1.7076,0,0,0,0,0,0,0,0,0,0,0,0
1.6512,1.609,1.6953,0,0,0,0,0,0,0,0,0,0,0,0
1.6693,1.7035,1.6981,0,0,0,0,0,0,0,0,0,0,0,0
1.6388,1.6744,1.6787,0,0,0,0,0,0,0,0,0,0,0,0
1.6266,1.6907,1.6974,0,0,0,0,0,0,0,0,0,0,0,0
1.6595,1.6854,1.7015,0,0,0,0,0,0,0,0,0,0,0,0
1.6851,1.649,1.7024,0,0,0,0,0,0,0,0,0,0,0,0
1.6887,1.7025,1.7016,0,0,0,0,0,0,0,0,0,0,0,0
1.7002,1.6939,1.6674,0,0,0,0,0,0,0,0,0,0,0,0
1.6768,1.6614,1.6907,0,0,0,0,0,0,0,0,0,0,0,0
1.677,1.6061,1.6803,0,0,0,0,0,0,0,0,0,0,0,0
1.6489,1.7045,1.6901,0,0,0,0,0,0,0,0,0,0,0,0
1.6369,1.7442,1.7338,0,0,0,0,0,0,0,0,0,0,0,0
1.6802,1.7237,1.8104,0,0,0,0,0,0,0,0,0,0,0,0
1.6621,1.6874,1.655,0,0,0,0,0,0,0,0,0,0,0,0
1.6469,1.6599,1.6592,0,0,0,0,0,0,0,0,0,0,0,0
1.6356,1.7213,1.704,0,0,0,0,0,0,0,0,0,0,0,0
1.6797,1.6516,1.6871,0,0,0,0,0,0,0,0,0,0,0,0
1.6447,1.6422,1.6659,0,0,0,0,0,0,0,0,0,0,0,0
1.6506,1.6439,1.6598,0,0,0,0,0,0,0,0,0,0,0,0
1.6874,1.7044,1.6955,0,0,0,0,0,0,0,0,0,0,0,0
1.6807,1.7133,1.6564,0,0,0,0,0,0,0,0,0,0,0,0
1.7166,1.6928,1.6487,0,0,0,0,0,0,0,0,0,0,0,0
1.6801,1.7191,1.6511,0,0,0,0,0,0,0,0,0,0,0,0
1.6547,1.7404,1.7035,0,0,0,0,0,0,0,0,0,0,0,0
1.6772,1.7401,1.6897,0,0,0,0,0,0,0,0,0,0,0,0
1.6194,1.6515,1.6857,0,0,0,0,0,0,0,0,0,0,0,0
1.6754,1.6675,1.6771,0,0,0,0,0,0,0,0,0,0,0,0
1.6244,1.718,1.6843,0,0,0,0,0,0,0,0,0,0,0,0
1.7535,1.6427,1.6941,0,0,0,0,0,0,0,0,0,0,0,0
1.7272,1.6629,1.6638,0,0,0,0,0,0,0,0,0,0,0,0
1.6408,1.6702,1.6559,0,0,0,0,0,0,0,0,0,0,0,0
1.6567,1.6257,1.6985,0,0,0,0,0,0,0,0,0,0,0,0
1.6453,1.6707,1.7019,0,0,0,0,0,0,0,0,0,0,0,0
1.6491,1.7085,1.6992,0,0,0,0,0,0,0,0,0,0,0,0
1.6819,1.6381,1.6855,0,0,0,0,0,0,0,0,0,0,0,0
1.6762,1.6401,1.6369,0,0,0,0,0,0,0,0,0,0,0,0
1.6723,1.6942,1.6708,0,0,0,0,0,0,0,0,0,0,0,0
1.623,1.671,1.6581,0,0,0,0,0,0,0,0,0,0,0,0
1.6677,1.6549,1.6909,0,0,0,0,0,0,0,0,0,0,0,0
1.6575,1.7224,1.6939,0,0,0,0,0,0,0,0,0,0,0,0
1.6515,1.6844,1.7053,0,0,0,0,0,0,0,0,0,0,0,0
1.6464,1.6728,1.7424,0,0,0,0,0,0,0,0,0,0,0,0
1.6788,1.6517,1.7218,0,0,0,0,0,0,0,0,0,0,0,0
1.6734,1.6203,1.6716,0,0,0,0,0,0,0,0,0,0,0,0
1.6715,1.6492,1.6553,0,0,0,0,0,0,0,0,0,0,0,0
1.6809,1.6419,1.6914,0,0,0,0,0,0,0,0,0,0,0,0
1.659,1.7115,1.6966,0,0,0,0,0,0,0,0,0,0,0,0
1.6862,1.7015,1.6742,0,0,0,0,0,0,0,0,0,0,0,0
1.6558,1.6544,1.6635,0,0,0,0,0,0,0,0,0,0,0,0
1.6693,1.662,1.7626,0,0,0,0,0,0,0,0,0,0,0,0
1.6673,1.6803,1.741,0,0,0,0,0,0,0,0,0,0,0,0
1.6719,1.6857,1.6983,0,0,0,0,0,0,0,0,0,0,0,0
1.6274,1.7202,1.6361,0,0,0,0,0,0,0,0,0,0,0,0
1.6827,1.6392,1.6979,0,0,0,0,0,0,0,0,0,0,0,0
1.6695,1.5996,1.6588,0,0,0,0,0,0,0,0,0,0,0,0
1.6734,1.6295,1.6614,0,0,0,0,0,0,0,0,0,0,0,0
1.6933,1.6746,1.6672,0,0,0,0,0,0,0,0,0,0,0,0
1.6793,1.644,1.6988,0,0,0,0,0,0,0,0,0,0,0,0
1.6492,1.6921,1.6936,0,0,0,0,0,0,0,0,0,0,0,0
1.6455,1.6723,1.6772,0,0,0,0,0,0,0,0,0,0,0,0
1.6811,1.7931,1.6963,0,0,0,0,0,0,0,0,0,0,0,0
1.6771,1.7405,1.6724,0,0,0,0,0,0,0,0,0,0,0,0
1.6485,1.625,1.7032,0,0,0,0,0,0,0,0,0,0,0,0
1.6516,1.662,1.6446,0,0,0,0,0,0,0,0,0,0,0,0
1.6774,1.701,1.6589,0,0,0,0,0,0,0,0,0,0,0,0
1.6708,1.6701,1.69,0,0,0,0,0,0,0,0,0,0,0,0
1.6877,1.6737,1.6659,0,0,0,0,0,0,0,0,0,0,0,0
1.7625,1.6352,1.706,0,0,0,0,0,0,0,0,0,0,0,0
1.6696,1.6894,1.6842,0,0,0,0,0,0,0,0,0,0,0,0
1.6268,1.7002,1.6851,0,0,0,0,0,0,0,0,0,0,0,0
1.6671,1.6732,1.6736,0,0,0,0,0,0,0,0,0,0,0,0
1.6507,1.7304,1.6964,0,0,0,0,0,0,0,0,0,0,0,0
1.6427,1.6331,1.6712,0,0,0,0,0,0,0,0,0,0,0,0
1.6478,1.6991,1.6569,0,0,0,0,0,0,0,0,0,0,0,0
1.6751,1.6719,1.7038,0,0,0,0,0,0,0,0,0,0,0,0
1.6593,1.6595,1.6551,0,0,0,0,0,0,0,0,0,0,0,0
1.6548,1.6613,1.6956,0,0,0,0,0,0,0,0,0,0,0,0
1.6893,1.6044,1.6689,0,0,0,0,0,0,0,0,0,0,0,0
