0.00142
8.16
0.5296
0.42907
0.63049
0.55209
1.4765
1.5636
2.2825
1.5283
1.5662
1.4674
1.9007
1.0116
2.9355
2.0971
0.58401
0.43152
0.49606
2.6371
0.47315
0.48767
0.39718
0.36924
0.34641
0.43657
0.45757
0.38441
1.263
1.1267
0.98672
0.48264
0.45136
0.38349
0.39764
0.52329
0.38773
0.99221
0.88797
1.1141
1.29
1.3348
1.34
1.5385
2.113
1.6591
0.86935
1.5942
1.5333
1.7575
1.5844
1.1477
1.0768
1.0391
1.092
0.95457
1.2331
0.93979
1.1936
1.3981
1.3727
1.6164
1.5613
2.4431
1.126
0.46177
1.2367
1.6367
0.70652
1.5629
1.4346
1.5758
1.5278
0.80611
0.48125
0.87863
