0.000156
3.1463
0.036796
0.036941
0.037018
0.037013
0.037191
0.036827
0.036969
0.037393
0.03734
0.037318
0.036882
0.036739
0.037351
0.036796
0.036778
0.034755
0.03513
0.035278
0.035307
0.035188
0.035343
0.036159
0.036722
0.035678
0.035896
0.035788
0.035986
0.035902
0.035717
0.036354
0.035866
0.036075
0.035768
0.036277
0.036864
0.035844
0.036453
0.035773
0.035824
0.035833
0.035523
0.036402
0.035594
0.035719
0.03568
0.036012
0.036051
0.035907
0.037177
0.036554
0.036198
0.035668
0.036099
0.036405
0.036189
0.035973
0.036365
0.03658
0.036259
