1
525.0000,72.0000,61.0000,39.0000
520.0000,75.0000,62.0000,38.0000
520.0000,75.0000,62.0000,38.0000
520.0000,75.0000,62.0000,38.0000
520.0000,75.0000,62.0000,38.0000
520.0000,75.0000,62.0000,38.0000
520.0000,75.0000,62.0000,38.0000
520.0000,75.0000,62.0000,38.0000
520.0000,75.0000,62.0000,38.0000
520.0000,75.0000,62.0000,38.0000
520.0000,75.0000,62.0000,38.0000
520.0000,75.0000,62.0000,38.0000
520.0000,75.0000,62.0000,38.0000
520.0000,75.0000,62.0000,38.0000
520.0000,75.0000,62.0000,38.0000
520.0000,75.0000,62.0000,38.0000
520.0000,75.0000,62.0000,38.0000
0
0
0
0
0
0
0
0
0
2
0
0
0
0
1
408.0215,124.8865,112.2311,75.0185
406.6177,126.3827,115.9364,78.1117
406.6177,126.3827,115.9364,78.1117
406.6177,126.3827,115.9364,78.1117
406.6177,126.3827,115.9364,78.1117
406.6177,126.3827,115.9364,78.1117
406.6177,126.3827,115.9364,78.1117
406.6177,126.3827,115.9364,78.1117
406.6177,126.3827,115.9364,78.1117
406.6177,126.3827,115.9364,78.1117
406.6177,126.3827,115.9364,78.1117
406.6177,126.3827,115.9364,78.1117
406.6177,126.3827,115.9364,78.1117
406.6177,126.3827,115.9364,78.1117
406.6177,126.3827,115.9364,78.1117
406.6177,126.3827,115.9364,78.1117
406.6177,126.3827,115.9364,78.1117
406.6177,126.3827,115.9364,78.1117
406.6177,126.3827,115.9364,78.1117
406.6177,126.3827,115.9364,78.1117
406.6177,126.3827,115.9364,78.1117
406.6177,126.3827,115.9364,78.1117
406.6177,126.3827,115.9364,78.1117
0
0
0
2
0
0
0
0
1
356.4794,241.3793,170.0773,74.1549
352.8423,242.7921,172.7172,77.5840
352.8423,242.7921,172.7172,77.5840
352.8423,242.7921,172.7172,77.5840
352.8423,242.7921,172.7172,77.5840
352.8423,242.7921,172.7172,77.5840
352.8423,242.7921,172.7172,77.5840
352.8423,242.7921,172.7172,77.5840
352.8423,242.7921,172.7172,77.5840
352.8423,242.7921,172.7172,77.5840
352.8423,242.7921,172.7172,77.5840
352.8423,242.7921,172.7172,77.5840
352.8423,242.7921,172.7172,77.5840
352.8423,242.7921,172.7172,77.5840
352.8423,242.7921,172.7172,77.5840
352.8423,242.7921,172.7172,77.5840
352.8423,242.7921,172.7172,77.5840
352.8423,242.7921,172.7172,77.5840
352.8423,242.7921,172.7172,77.5840
352.8423,242.7921,172.7172,77.5840
352.8423,242.7921,172.7172,77.5840
352.8423,242.7921,172.7172,77.5840
352.8423,242.7921,172.7172,77.5840
352.8423,242.7921,172.7172,77.5840
352.8423,242.7921,172.7172,77.5840
352.8423,242.7921,172.7172,77.5840
352.8423,242.7921,172.7172,77.5840
352.8423,242.7921,172.7172,77.5840
352.8423,242.7921,172.7172,77.5840
352.8423,242.7921,172.7172,77.5840
349.2583,243.4673,175.0999,80.4149
349.2583,243.4673,175.0999,80.4149
349.2583,243.4673,175.0999,80.4149
349.2583,243.4673,175.0999,80.4149
349.2583,243.4673,175.0999,80.4149
349.2583,243.4673,175.0999,80.4149
349.2583,243.4673,175.0999,80.4149
349.2583,243.4673,175.0999,80.4149
349.2583,243.4673,175.0999,80.4149
349.2583,243.4673,175.0999,80.4149
349.2583,243.4673,175.0999,80.4149
349.2583,243.4673,175.0999,80.4149
349.2583,243.4673,175.0999,80.4149
234.0000,212.0000,145.0000,102.0000
234.0000,212.0000,145.0000,102.0000
234.0000,212.0000,145.0000,102.0000
234.0000,212.0000,145.0000,102.0000
234.0000,212.0000,145.0000,102.0000
234.0000,212.0000,145.0000,102.0000
234.0000,212.0000,145.0000,102.0000
234.0000,212.0000,145.0000,102.0000
234.0000,212.0000,145.0000,102.0000
234.0000,212.0000,145.0000,102.0000
234.0000,212.0000,145.0000,102.0000
234.0000,212.0000,145.0000,102.0000
234.0000,212.0000,145.0000,102.0000
234.0000,212.0000,145.0000,102.0000
234.0000,212.0000,145.0000,102.0000
234.0000,212.0000,145.0000,102.0000
234.0000,212.0000,145.0000,102.0000
234.0000,212.0000,145.0000,102.0000
234.0000,212.0000,145.0000,102.0000
234.0000,212.0000,145.0000,102.0000
234.0000,212.0000,145.0000,102.0000
234.0000,212.0000,145.0000,102.0000
234.0000,212.0000,145.0000,102.0000
234.0000,212.0000,145.0000,102.0000
234.0000,212.0000,145.0000,102.0000
234.0000,212.0000,145.0000,102.0000
234.0000,212.0000,145.0000,102.0000
253.2053,190.1570,117.3286,86.3466
253.2053,190.1570,117.3286,86.3466
253.2053,190.1570,117.3286,86.3466
253.2053,190.1570,117.3286,86.3466
253.2053,190.1570,117.3286,86.3466
253.2053,190.1570,117.3286,86.3466
253.2053,190.1570,117.3286,86.3466
253.2053,190.1570,117.3286,86.3466
253.2053,190.1570,117.3286,86.3466
253.2053,190.1570,117.3286,86.3466
253.2053,190.1570,117.3286,86.3466
253.2053,190.1570,117.3286,86.3466
253.2053,190.1570,117.3286,86.3466
2
0
0
0
0
1
367.2047,170.3740,54.6250,35.2113
366.2903,169.2483,53.3370,34.4743
