1
654.9000,271.6000,22.0430,140.2734
654.9900,262.9600,22.1074,140.6836
657.6990,276.4960,22.1912,141.2168
656.1699,270.6496,22.2571,141.6361
655.1170,262.8650,22.4537,142.8874
649.6117,276.4865,22.5869,143.7346
643.6612,272.4486,22.6711,144.2709
650.2661,284.6449,22.7540,144.7985
648.2266,279.5645,22.7513,144.7811
647.1227,278.1564,22.8699,145.5358
636.2123,280.7156,22.9919,146.3123
631.5212,302.5716,23.1103,147.0655
632.8521,302.0572,23.2029,147.6550
631.1852,300.2057,23.2592,148.0131
626.5185,293.7206,23.2632,148.0386
626.0519,306.5721,23.3477,148.5760
636.8052,302.4572,23.3515,148.6005
639.6805,300.2457,23.3912,148.8531
648.0681,292.8246,23.4001,148.9095
642.6068,292.0825,23.4346,149.1293
632.1607,288.4082,23.4728,149.3724
638.3160,295.2408,23.7408,151.0777
647.0316,286.9241,23.7076,150.8663
649.7032,291.4924,23.7348,151.0396
647.2703,288.3492,23.7042,150.8447
647.9270,288.0349,23.6868,150.7343
653.3927,288.9035,23.6171,150.2905
652.1393,278.1903,23.5813,150.0626
654.7139,274.4190,23.5672,149.9732
657.6714,276.7419,23.5206,149.6766
665.1671,271.5742,23.5058,149.5822
665.0167,269.2574,23.4655,149.3257
667.7017,263.6257,23.4743,149.3818
665.2701,253.1626,23.4912,149.4894
662.3270,245.8163,23.4878,149.4678
656.6327,244.1816,23.4668,149.3340
651.5633,245.8182,23.3482,148.5796
649.2563,243.2818,23.3134,148.3580
646.3256,246.6282,23.2461,147.9299
645.1326,245.1628,23.2172,147.7459
645.0132,235.1163,23.2361,147.8662
636.9013,238.6116,23.2802,148.1467
625.2902,240.7612,23.2729,148.1004
632.2290,236.4761,23.4916,149.4918
641.0229,229.7476,23.5247,149.7028
643.7023,222.7748,23.6893,150.7503
639.4702,221.1775,23.7990,151.4483
638.1470,219.2177,24.2280,154.1783
638.0147,209.1218,24.5981,156.5334
645.2015,218.0122,24.8131,157.9017
650.4202,209.0012,25.1521,160.0585
648.2420,209.0001,25.4744,162.1098
648.0242,215.3000,25.5611,162.6616
649.8024,205.1300,25.7954,164.1525
644.5803,223.0130,25.9587,165.1919
648.5580,207.7013,26.2785,167.2270
655.2558,206.1701,26.5644,169.0461
659.5256,214.1170,26.9442,171.4628
664.4526,204.1117,27.2579,173.4591
667.6453,198.6112,27.7558,176.6275
671.5645,198.9611,28.4315,180.9279
677.3564,209.7961,28.6502,182.3195
679.7357,205.4796,28.7054,182.6709
682.6736,200.5480,28.7335,182.8494
687.4673,206.3548,28.7154,182.7346
693.3467,202.4355,28.6003,182.0019
698.4347,196.6436,28.5300,181.5543
698.0435,200.5644,28.3521,180.4223
701.6044,190.1564,28.1307,179.0136
701.9604,206.2156,27.9477,177.8487
701.0961,196.1216,27.7041,176.2990
701.9096,195.1122,27.4906,174.9404
701.0909,186.0112,27.3601,174.1094
702.8091,175.2011,27.2957,173.6996
709.2809,183.1201,27.0834,172.3490
703.6281,191.1120,26.8969,171.1620
710.2628,174.8112,26.6672,169.7005
705.5263,172.2811,26.4386,168.2455
711.3527,183.7281,26.4296,168.1882
716.4352,179.4728,26.4715,168.4547
733.1436,180.8473,26.2212,166.8621
751.0143,175.5847,25.9959,165.4287
759.1014,171.4585,25.9995,165.4515
749.1102,169.2458,26.2787,167.2283
740.9110,166.3246,26.6263,169.4398
748.1911,181.3325,26.6055,169.3076
753.4191,179.2332,26.6268,169.4431
751.2419,184.4233,26.7881,170.4698
752.8242,205.6423,26.6943,169.8731
749.3824,189.7642,26.6551,169.6233
740.9382,191.7764,26.7520,170.2400
743.6938,211.7776,26.6627,169.6716
742.1694,202.9778,26.6681,169.7060
744.7169,192.1978,26.6021,169.2859
744.9717,202.8198,26.5930,169.2283
742.2972,194.8820,26.9293,171.3683
732.1297,185.9882,27.0607,172.2041
733.8130,179.6988,27.1717,172.9106
733.9813,179.0699,27.3138,173.8148
744.7982,170.9070,27.3207,173.8590
743.1798,175.4907,27.3164,173.8316
748.4180,170.5491,27.3970,174.3444
742.6418,157.4549,27.5812,175.5167
753.7642,159.7455,27.8366,177.1417
757.5764,163.5746,28.0152,178.2782
763.3577,159.4575,28.2313,179.6539
754.9358,152.7457,28.4538,181.0695
759.4936,164.6746,28.5228,181.5085
761.7494,149.6674,28.6723,182.4603
761.9749,162.5667,28.6807,182.5132
770.0975,148.5567,28.7535,182.9769
762.8098,166.0557,28.7642,183.0448
768.3810,173.2056,28.7017,182.6470
771.6381,161.3206,28.6621,182.3954
777.3638,165.5321,28.6380,182.2415
769.8364,156.0532,28.7477,182.9397
767.2836,157.8053,28.9567,184.2701
761.6284,157.9805,29.1335,185.3948
765.5629,160.6981,29.1224,185.3246
759.6563,164.5698,29.1014,185.1907
768.0656,158.6570,29.1276,185.3574
768.0066,151.7657,29.1739,185.6517
772.5007,162.7766,29.0343,184.7637
775.6501,155.7776,28.8919,183.8572
774.1650,173.9778,28.5999,181.9993
768.6165,173.9978,28.4142,180.8173
771.6616,174.8998,28.2954,180.0616
775.5662,175.8900,28.7905,183.2124
771.4566,169.6890,29.1005,185.1850
774.6456,173.5689,29.3988,187.0830
779.4645,171.2569,29.6100,188.4275
779.9465,171.9257,29.9420,190.5396
779.9946,173.7926,30.5679,194.5230
789.8995,166.7793,30.7036,195.3864
798.9899,166.9779,30.8787,196.5010
808.8990,164.2978,31.1123,197.9871
814.3899,170.3298,31.1600,198.2911
824.8390,171.8330,31.2087,198.6009
834.8839,164.7833,31.5433,200.7298
846.6884,173.9783,31.5652,200.8696
856.8688,170.3978,31.5017,200.4655
875.8869,161.0398,31.4758,200.3003
891.2887,151.1040,31.3598,199.5625
885.6288,149.2104,31.5775,200.9476
893.1629,147.2210,32.1325,204.4796
881.3163,141.6221,32.7093,208.1503
877.4316,139.2622,33.5554,213.5341
866.2432,138.1262,34.6941,220.7803
881.3243,127.2126,34.6968,220.7974
872.0324,127.0213,35.4224,225.4151
866.6033,127.9021,35.8730,228.2829
860.6603,133.3902,36.2169,230.4707
860.0660,133.0390,36.3701,231.4460
857.3066,135.7039,36.5848,232.8124
866.0306,151.2704,36.5168,232.3794
866.9031,147.4270,36.5540,232.6162
863.3903,165.9427,37.3741,237.8349
852.2390,168.6943,38.1981,243.0789
870.9239,177.0694,39.4464,251.0221
853.8924,177.0069,40.5739,258.1974
874.6892,166.2007,41.4551,263.8052
870.4689,184.0201,42.5410,270.7152
851.1469,162.4020,43.6474,277.7559
870.8147,147.6402,44.8413,285.3535
861.9814,184.8640,44.9521,286.0584
846.6981,176.8864,46.0514,293.0541
867.6698,126.5886,47.7549,303.8947
866.1670,119.7589,48.5644,309.0459
863.3167,117.2759,49.5969,315.6167
849.5317,107.1276,51.0480,324.8506
842.7532,147.5128,51.6780,328.8596
838.4753,106.5513,52.4244,333.6099
857.8475,169.0551,53.8949,342.9672
848.0848,107.8055,55.0472,350.3001
866.9084,165.5806,54.5483,347.1255
839.0908,174.9581,54.9106,349.4308
853.4091,171.3958,54.2536,345.2500
828.7409,169.2396,53.6238,341.2422
810.0741,106.9240,55.3832,352.4383
834.3074,112.3924,54.8831,349.2561
858.3307,113.8392,56.3808,358.7866
873.3331,111.2839,58.1229,369.8729
909.9333,75.9284,57.8384,368.0621
925.2933,76.8928,58.8169,374.2889
887.2293,76.9893,60.3902,384.3013
869.0229,119.2989,60.5749,385.4763
867.2023,109.1299,61.0516,388.5098
892.2202,185.5130,60.9740,388.0164
923.5220,202.1513,59.8712,380.9983
897.8522,183.1151,59.0669,375.8804
871.8852,195.6115,60.5563,385.3580
862.9885,202.2612,62.1083,395.2343
871.0989,207.4261,61.8573,393.6368
909.7099,195.3426,61.4856,391.2717
940.5710,205.8343,59.1292,376.2766
919.3571,261.7834,58.4249,371.7945
956.8357,248.4783,56.5450,359.8314
990.2836,217.4478,54.5045,346.8467
1004.4283,245.8448,53.6947,341.6933
977.9428,184.7845,52.3002,332.8194
958.1943,217.3784,53.9416,343.2644
952.6194,269.2379,53.9278,343.1768
989.8619,249.2238,55.2948,351.8760
973.7862,280.5224,54.7497,348.4072
964.0786,324.1522,53.3392,339.4312
1000.0079,302.4152,54.4537,346.5235
982.9008,278.6415,54.3240,345.6978
973.9901,332.0641,54.2121,344.9861
969.4990,319.4064,53.1583,338.2798
994.2499,355.0406,51.8820,330.1582
1022.8250,363.1041,50.8228,323.4179
1022.0825,362.1104,49.5296,315.1883
1052.6083,356.6111,48.1472,306.3909
1089.8608,363.2611,47.5163,302.3764
1079.1860,362.1261,46.8134,297.9032
1114.1187,371.9126,45.4024,288.9240
1141.9119,299.9913,44.9754,286.2070
1173.4912,297.2991,43.7091,278.1488
1197.3491,259.2299,42.5968,271.0704
1226.7349,247.3230,41.4215,263.5912
1255.7734,237.1323,39.7778,253.1312
1250.5774,138.0132,39.8549,253.6217
1226.6577,122.7013,38.9754,248.0251
1209.8657,208.4701,38.8482,247.2155
1189.2866,135.1470,39.4104,250.7935
1200.7286,180.0147,39.8477,253.5760
1210.8728,135.9015,39.8239,253.4244
1220.8873,125.1901,39.4445,251.0101
1247.0887,188.0190,39.4443,251.0091
1229.9089,240.2019,38.8658,247.3277
1243.4908,198.6202,37.3542,237.7085
1219.6490,259.2620,37.3188,237.4831
1244.2649,223.0262,36.0310,229.2879
1230.5265,274.3026,34.5654,219.9614
1217.4526,287.5303,33.8828,215.6179
1235.9453,274.4530,32.8437,209.0053
1216.1946,292.9453,32.6093,207.5139
1234.0194,270.4945,31.5593,200.8320
1216.9020,294.3495,31.1249,198.0677
