1
594.0000,202.0000,635.0000,202.0000,635.0000,239.0000,594.0000,239.0000
591.0000,200.0000,633.0000,200.0000,633.0000,238.0000,591.0000,238.0000
591.0000,200.0000,633.0000,200.0000,633.0000,238.0000,591.0000,238.0000
591.0000,200.0000,633.0000,200.0000,633.0000,238.0000,591.0000,238.0000
591.0000,200.0000,633.0000,200.0000,633.0000,238.0000,591.0000,238.0000
591.0000,200.0000,633.0000,200.0000,633.0000,238.0000,591.0000,238.0000
591.0000,200.0000,633.0000,200.0000,633.0000,238.0000,591.0000,238.0000
591.0000,200.0000,633.0000,200.0000,633.0000,238.0000,591.0000,238.0000
591.0000,200.0000,633.0000,200.0000,633.0000,238.0000,591.0000,238.0000
591.0000,200.0000,633.0000,200.0000,633.0000,238.0000,591.0000,238.0000
591.0000,200.0000,633.0000,200.0000,633.0000,238.0000,591.0000,238.0000
591.0000,200.0000,633.0000,200.0000,633.0000,238.0000,591.0000,238.0000
591.0000,200.0000,633.0000,200.0000,633.0000,238.0000,591.0000,238.0000
591.0000,200.0000,633.0000,200.0000,633.0000,238.0000,591.0000,238.0000
591.0000,200.0000,633.0000,200.0000,633.0000,238.0000,591.0000,238.0000
591.0000,200.0000,633.0000,200.0000,633.0000,238.0000,591.0000,238.0000
591.0000,200.0000,633.0000,200.0000,633.0000,238.0000,591.0000,238.0000
591.0000,200.0000,633.0000,200.0000,633.0000,238.0000,591.0000,238.0000
591.0000,200.0000,633.0000,200.0000,633.0000,238.0000,591.0000,238.0000
591.0000,200.0000,633.0000,200.0000,633.0000,238.0000,591.0000,238.0000
591.0000,200.0000,633.0000,200.0000,633.0000,238.0000,591.0000,238.0000
591.0000,200.0000,633.0000,200.0000,633.0000,238.0000,591.0000,238.0000
591.0000,200.0000,633.0000,200.0000,633.0000,238.0000,591.0000,238.0000
591.0000,200.0000,633.0000,200.0000,633.0000,238.0000,591.0000,238.0000
591.0000,200.0000,633.0000,200.0000,633.0000,238.0000,591.0000,238.0000
591.0000,200.0000,633.0000,200.0000,633.0000,238.0000,591.0000,238.0000
588.0000,199.0000,629.0000,199.0000,629.0000,236.0000,588.0000,236.0000
588.0000,199.0000,629.0000,199.0000,629.0000,236.0000,588.0000,236.0000
588.0000,199.0000,629.0000,199.0000,629.0000,236.0000,588.0000,236.0000
588.0000,199.0000,629.0000,199.0000,629.0000,236.0000,588.0000,236.0000
588.0000,199.0000,629.0000,199.0000,629.0000,236.0000,588.0000,236.0000
588.0000,199.0000,629.0000,199.0000,629.0000,236.0000,588.0000,236.0000
588.0000,199.0000,629.0000,199.0000,629.0000,236.0000,588.0000,236.0000
2
0
0
0
0
0
0
0
0
0
0
0
0
0
0
0
0
550.0000,190.0000,591.0000,190.0000,591.0000,227.0000,550.0000,227.0000
0
0
0
0
1
561.0000,195.0000,595.0000,195.0000,595.0000,235.0000,561.0000,235.0000
553.0000,196.0000,586.0000,196.0000,586.0000,236.0000,553.0000,236.0000
553.0000,196.0000,586.0000,196.0000,586.0000,236.0000,553.0000,236.0000
553.0000,196.0000,586.0000,196.0000,586.0000,236.0000,553.0000,236.0000
553.0000,196.0000,586.0000,196.0000,586.0000,236.0000,553.0000,236.0000
553.0000,196.0000,586.0000,196.0000,586.0000,236.0000,553.0000,236.0000
553.0000,196.0000,586.0000,196.0000,586.0000,236.0000,553.0000,236.0000
553.0000,196.0000,586.0000,196.0000,586.0000,236.0000,553.0000,236.0000
553.0000,196.0000,586.0000,196.0000,586.0000,236.0000,553.0000,236.0000
553.0000,196.0000,586.0000,196.0000,586.0000,236.0000,553.0000,236.0000
553.0000,196.0000,586.0000,196.0000,586.0000,236.0000,553.0000,236.0000
553.0000,196.0000,586.0000,196.0000,586.0000,236.0000,553.0000,236.0000
553.0000,196.0000,586.0000,196.0000,586.0000,236.0000,553.0000,236.0000
553.0000,196.0000,586.0000,196.0000,586.0000,236.0000,553.0000,236.0000
553.0000,196.0000,586.0000,196.0000,586.0000,236.0000,553.0000,236.0000
553.0000,196.0000,586.0000,196.0000,586.0000,236.0000,553.0000,236.0000
553.0000,196.0000,586.0000,196.0000,586.0000,236.0000,553.0000,236.0000
553.0000,196.0000,586.0000,196.0000,586.0000,236.0000,553.0000,236.0000
553.0000,196.0000,586.0000,196.0000,586.0000,236.0000,553.0000,236.0000
553.0000,196.0000,586.0000,196.0000,586.0000,236.0000,553.0000,236.0000
553.0000,196.0000,586.0000,196.0000,586.0000,236.0000,553.0000,236.0000
553.0000,196.0000,586.0000,196.0000,586.0000,236.0000,553.0000,236.0000
0
0
0
2
0
0
0
0
1
608.0000,207.0000,658.0000,207.0000,658.0000,257.0000,608.0000,257.0000
608.0000,207.0000,659.0000,207.0000,659.0000,258.0000,608.0000,258.0000
608.0000,207.0000,659.0000,207.0000,659.0000,258.0000,608.0000,258.0000
608.0000,207.0000,659.0000,207.0000,659.0000,258.0000,608.0000,258.0000
608.0000,207.0000,659.0000,207.0000,659.0000,258.0000,608.0000,258.0000
608.0000,207.0000,659.0000,207.0000,659.0000,258.0000,608.0000,258.0000
608.0000,207.0000,659.0000,207.0000,659.0000,258.0000,608.0000,258.0000
608.0000,207.0000,659.0000,207.0000,659.0000,258.0000,608.0000,258.0000
608.0000,207.0000,659.0000,207.0000,659.0000,258.0000,608.0000,258.0000
608.0000,207.0000,659.0000,207.0000,659.0000,258.0000,608.0000,258.0000
608.0000,207.0000,659.0000,207.0000,659.0000,258.0000,608.0000,258.0000
608.0000,207.0000,659.0000,207.0000,659.0000,258.0000,608.0000,258.0000
608.0000,207.0000,659.0000,207.0000,659.0000,258.0000,608.0000,258.0000
608.0000,207.0000,659.0000,207.0000,659.0000,258.0000,608.0000,258.0000
608.0000,207.0000,659.0000,207.0000,659.0000,258.0000,608.0000,258.0000
608.0000,207.0000,659.0000,207.0000,659.0000,258.0000,608.0000,258.0000
608.0000,207.0000,659.0000,207.0000,659.0000,258.0000,608.0000,258.0000
608.0000,207.0000,659.0000,207.0000,659.0000,258.0000,608.0000,258.0000
608.0000,207.0000,659.0000,207.0000,659.0000,258.0000,608.0000,258.0000
608.0000,207.0000,659.0000,207.0000,659.0000,258.0000,608.0000,258.0000
608.0000,207.0000,659.0000,207.0000,659.0000,258.0000,608.0000,258.0000
608.0000,207.0000,659.0000,207.0000,659.0000,258.0000,608.0000,258.0000
608.0000,207.0000,659.0000,207.0000,659.0000,258.0000,608.0000,258.0000
608.0000,207.0000,659.0000,207.0000,659.0000,258.0000,608.0000,258.0000
608.0000,207.0000,659.0000,207.0000,659.0000,258.0000,608.0000,258.0000
608.0000,207.0000,659.0000,207.0000,659.0000,258.0000,608.0000,258.0000
608.0000,207.0000,659.0000,207.0000,659.0000,258.0000,608.0000,258.0000
608.0000,207.0000,659.0000,207.0000,659.0000,258.0000,608.0000,258.0000
608.0000,207.0000,659.0000,207.0000,659.0000,258.0000,608.0000,258.0000
608.0000,207.0000,659.0000,207.0000,659.0000,258.0000,608.0000,258.0000
608.0000,207.0000,659.0000,207.0000,659.0000,258.0000,608.0000,258.0000
608.0000,207.0000,659.0000,207.0000,659.0000,258.0000,608.0000,258.0000
608.0000,207.0000,659.0000,207.0000,659.0000,258.0000,608.0000,258.0000
608.0000,207.0000,659.0000,207.0000,659.0000,258.0000,608.0000,258.0000
608.0000,207.0000,659.0000,207.0000,659.0000,258.0000,608.0000,258.0000
608.0000,207.0000,659.0000,207.0000,659.0000,258.0000,608.0000,258.0000
608.0000,207.0000,659.0000,207.0000,659.0000,258.0000,608.0000,258.0000
608.0000,207.0000,659.0000,207.0000,659.0000,258.0000,608.0000,258.0000
608.0000,207.0000,659.0000,207.0000,659.0000,258.0000,608.0000,258.0000
608.0000,207.0000,659.0000,207.0000,659.0000,258.0000,608.0000,258.0000
608.0000,207.0000,659.0000,207.0000,659.0000,258.0000,608.0000,258.0000
608.0000,207.0000,659.0000,207.0000,659.0000,258.0000,608.0000,258.0000
610.0000,207.0000,662.0000,207.0000,662.0000,259.0000,610.0000,259.0000
610.0000,207.0000,662.0000,207.0000,662.0000,259.0000,610.0000,259.0000
610.0000,207.0000,662.0000,207.0000,662.0000,259.0000,610.0000,259.0000
610.0000,207.0000,662.0000,207.0000,662.0000,259.0000,610.0000,259.0000
610.0000,207.0000,662.0000,207.0000,662.0000,259.0000,610.0000,259.0000
610.0000,207.0000,662.0000,207.0000,662.0000,259.0000,610.0000,259.0000
610.0000,207.0000,662.0000,207.0000,662.0000,259.0000,610.0000,259.0000
610.0000,207.0000,662.0000,207.0000,662.0000,259.0000,610.0000,259.0000
610.0000,207.0000,662.0000,207.0000,662.0000,259.0000,610.0000,259.0000
610.0000,207.0000,662.0000,207.0000,662.0000,259.0000,610.0000,259.0000
610.0000,207.0000,662.0000,207.0000,662.0000,259.0000,610.0000,259.0000
610.0000,207.0000,662.0000,207.0000,662.0000,259.0000,610.0000,259.0000
610.0000,207.0000,662.0000,207.0000,662.0000,259.0000,610.0000,259.0000
610.0000,207.0000,662.0000,207.0000,662.0000,259.0000,610.0000,259.0000
610.0000,207.0000,662.0000,207.0000,662.0000,259.0000,610.0000,259.0000
610.0000,207.0000,662.0000,207.0000,662.0000,259.0000,610.0000,259.0000
610.0000,207.0000,662.0000,207.0000,662.0000,259.0000,610.0000,259.0000
610.0000,207.0000,662.0000,207.0000,662.0000,259.0000,610.0000,259.0000
610.0000,207.0000,662.0000,207.0000,662.0000,259.0000,610.0000,259.0000
610.0000,207.0000,662.0000,207.0000,662.0000,259.0000,610.0000,259.0000
610.0000,207.0000,662.0000,207.0000,662.0000,259.0000,610.0000,259.0000
610.0000,207.0000,662.0000,207.0000,662.0000,259.0000,610.0000,259.0000
610.0000,207.0000,662.0000,207.0000,662.0000,259.0000,610.0000,259.0000
610.0000,207.0000,662.0000,207.0000,662.0000,259.0000,610.0000,259.0000
610.0000,207.0000,662.0000,207.0000,662.0000,259.0000,610.0000,259.0000
610.0000,207.0000,662.0000,207.0000,662.0000,259.0000,610.0000,259.0000
610.0000,207.0000,662.0000,207.0000,662.0000,259.0000,610.0000,259.0000
610.0000,207.0000,662.0000,207.0000,662.0000,259.0000,610.0000,259.0000
610.0000,207.0000,662.0000,207.0000,662.0000,259.0000,610.0000,259.0000
610.0000,207.0000,662.0000,207.0000,662.0000,259.0000,610.0000,259.0000
610.0000,207.0000,662.0000,207.0000,662.0000,259.0000,610.0000,259.0000
610.0000,207.0000,662.0000,207.0000,662.0000,259.0000,610.0000,259.0000
610.0000,207.0000,662.0000,207.0000,662.0000,259.0000,610.0000,259.0000
610.0000,207.0000,662.0000,207.0000,662.0000,259.0000,610.0000,259.0000
610.0000,207.0000,662.0000,207.0000,662.0000,259.0000,610.0000,259.0000
610.0000,207.0000,662.0000,207.0000,662.0000,259.0000,610.0000,259.0000
610.0000,207.0000,662.0000,207.0000,662.0000,259.0000,610.0000,259.0000
610.0000,207.0000,662.0000,207.0000,662.0000,259.0000,610.0000,259.0000
610.0000,207.0000,662.0000,207.0000,662.0000,259.0000,610.0000,259.0000
610.0000,207.0000,662.0000,207.0000,662.0000,259.0000,610.0000,259.0000
610.0000,207.0000,662.0000,207.0000,662.0000,259.0000,610.0000,259.0000
571.0000,199.0000,624.0000,199.0000,624.0000,252.0000,571.0000,252.0000
571.0000,199.0000,624.0000,199.0000,624.0000,252.0000,571.0000,252.0000
571.0000,199.0000,624.0000,199.0000,624.0000,252.0000,571.0000,252.0000
571.0000,199.0000,624.0000,199.0000,624.0000,252.0000,571.0000,252.0000
2
0
0
0
0
0
0
0
0
0
0
0
0
0
0
0
0
0
0
0
0
0
0
0
0
0
0
0
0
0
0
0
0
0
0
0
0
0
0
0
598.0000,202.0000,652.0000,202.0000,652.0000,255.0000,598.0000,255.0000
0
0
0
0
1
592.0000,205.0000,627.0000,205.0000,627.0000,252.0000,592.0000,252.0000
592.0000,204.0000,627.0000,204.0000,627.0000,253.0000,592.0000,253.0000
592.0000,204.0000,627.0000,204.0000,627.0000,253.0000,592.0000,253.0000
592.0000,204.0000,627.0000,204.0000,627.0000,253.0000,592.0000,253.0000
592.0000,204.0000,627.0000,204.0000,627.0000,253.0000,592.0000,253.0000
592.0000,204.0000,627.0000,204.0000,627.0000,253.0000,592.0000,253.0000
592.0000,204.0000,627.0000,204.0000,627.0000,253.0000,592.0000,253.0000
592.0000,204.0000,627.0000,204.0000,627.0000,253.0000,592.0000,253.0000
592.0000,204.0000,627.0000,204.0000,627.0000,253.0000,592.0000,253.0000
592.0000,204.0000,627.0000,204.0000,627.0000,253.0000,592.0000,253.0000
592.0000,204.0000,627.0000,204.0000,627.0000,253.0000,592.0000,253.0000
592.0000,204.0000,627.0000,204.0000,627.0000,253.0000,592.0000,253.0000
592.0000,204.0000,627.0000,204.0000,627.0000,253.0000,592.0000,253.0000
592.0000,204.0000,627.0000,204.0000,627.0000,253.0000,592.0000,253.0000
592.0000,204.0000,627.0000,204.0000,627.0000,253.0000,592.0000,253.0000
592.0000,204.0000,627.0000,204.0000,627.0000,253.0000,592.0000,253.0000
592.0000,204.0000,627.0000,204.0000,627.0000,253.0000,592.0000,253.0000
592.0000,204.0000,627.0000,204.0000,627.0000,253.0000,592.0000,253.0000
592.0000,204.0000,627.0000,204.0000,627.0000,253.0000,592.0000,253.0000
592.0000,204.0000,627.0000,204.0000,627.0000,253.0000,592.0000,253.0000
592.0000,204.0000,627.0000,204.0000,627.0000,253.0000,592.0000,253.0000
592.0000,204.0000,627.0000,204.0000,627.0000,253.0000,592.0000,253.0000
592.0000,204.0000,627.0000,204.0000,627.0000,253.0000,592.0000,253.0000
592.0000,204.0000,627.0000,204.0000,627.0000,253.0000,592.0000,253.0000
0
0
0
0
0
0
0
0
0
0
0
0
0
0
0
0
0
2
0
0
0
0
1
439.0000,235.0000,476.0000,235.0000,476.0000,285.0000,439.0000,285.0000
437.0000,235.0000,474.0000,235.0000,474.0000,285.0000,437.0000,285.0000
437.0000,235.0000,474.0000,235.0000,474.0000,285.0000,437.0000,285.0000
437.0000,235.0000,474.0000,235.0000,474.0000,285.0000,437.0000,285.0000
437.0000,235.0000,474.0000,235.0000,474.0000,285.0000,437.0000,285.0000
437.0000,235.0000,474.0000,235.0000,474.0000,285.0000,437.0000,285.0000
437.0000,235.0000,474.0000,235.0000,474.0000,285.0000,437.0000,285.0000
437.0000,235.0000,474.0000,235.0000,474.0000,285.0000,437.0000,285.0000
437.0000,235.0000,474.0000,235.0000,474.0000,285.0000,437.0000,285.0000
437.0000,235.0000,474.0000,235.0000,474.0000,285.0000,437.0000,285.0000
437.0000,235.0000,474.0000,235.0000,474.0000,285.0000,437.0000,285.0000
437.0000,235.0000,474.0000,235.0000,474.0000,285.0000,437.0000,285.0000
437.0000,235.0000,474.0000,235.0000,474.0000,285.0000,437.0000,285.0000
437.0000,235.0000,474.0000,235.0000,474.0000,285.0000,437.0000,285.0000
437.0000,235.0000,474.0000,235.0000,474.0000,285.0000,437.0000,285.0000
437.0000,235.0000,474.0000,235.0000,474.0000,285.0000,437.0000,285.0000
437.0000,235.0000,474.0000,235.0000,474.0000,285.0000,437.0000,285.0000
437.0000,235.0000,474.0000,235.0000,474.0000,285.0000,437.0000,285.0000
437.0000,235.0000,474.0000,235.0000,474.0000,285.0000,437.0000,285.0000
437.0000,235.0000,474.0000,235.0000,474.0000,285.0000,437.0000,285.0000
437.0000,235.0000,474.0000,235.0000,474.0000,285.0000,437.0000,285.0000
437.0000,235.0000,474.0000,235.0000,474.0000,285.0000,437.0000,285.0000
437.0000,235.0000,474.0000,235.0000,474.0000,285.0000,437.0000,285.0000
437.0000,235.0000,474.0000,235.0000,474.0000,285.0000,437.0000,285.0000
437.0000,235.0000,474.0000,235.0000,474.0000,285.0000,437.0000,285.0000
437.0000,235.0000,474.0000,235.0000,474.0000,285.0000,437.0000,285.0000
435.0000,236.0000,472.0000,236.0000,472.0000,286.0000,435.0000,286.0000
435.0000,236.0000,472.0000,236.0000,472.0000,286.0000,435.0000,286.0000
435.0000,236.0000,472.0000,236.0000,472.0000,286.0000,435.0000,286.0000
435.0000,236.0000,472.0000,236.0000,472.0000,286.0000,435.0000,286.0000
435.0000,236.0000,472.0000,236.0000,472.0000,286.0000,435.0000,286.0000
435.0000,236.0000,472.0000,236.0000,472.0000,286.0000,435.0000,286.0000
435.0000,236.0000,472.0000,236.0000,472.0000,286.0000,435.0000,286.0000
435.0000,236.0000,472.0000,236.0000,472.0000,286.0000,435.0000,286.0000
435.0000,236.0000,472.0000,236.0000,472.0000,286.0000,435.0000,286.0000
435.0000,236.0000,472.0000,236.0000,472.0000,286.0000,435.0000,286.0000
435.0000,236.0000,472.0000,236.0000,472.0000,286.0000,435.0000,286.0000
435.0000,236.0000,472.0000,236.0000,472.0000,286.0000,435.0000,286.0000
435.0000,236.0000,472.0000,236.0000,472.0000,286.0000,435.0000,286.0000
435.0000,236.0000,472.0000,236.0000,472.0000,286.0000,435.0000,286.0000
435.0000,236.0000,472.0000,236.0000,472.0000,286.0000,435.0000,286.0000
435.0000,236.0000,472.0000,236.0000,472.0000,286.0000,435.0000,286.0000
435.0000,236.0000,472.0000,236.0000,472.0000,286.0000,435.0000,286.0000
435.0000,236.0000,472.0000,236.0000,472.0000,286.0000,435.0000,286.0000
435.0000,236.0000,472.0000,236.0000,472.0000,286.0000,435.0000,286.0000
435.0000,236.0000,472.0000,236.0000,472.0000,286.0000,435.0000,286.0000
435.0000,236.0000,472.0000,236.0000,472.0000,286.0000,435.0000,286.0000
435.0000,236.0000,472.0000,236.0000,472.0000,286.0000,435.0000,286.0000
435.0000,236.0000,472.0000,236.0000,472.0000,286.0000,435.0000,286.0000
435.0000,236.0000,472.0000,236.0000,472.0000,286.0000,435.0000,286.0000
435.0000,236.0000,472.0000,236.0000,472.0000,286.0000,435.0000,286.0000
435.0000,236.0000,472.0000,236.0000,472.0000,286.0000,435.0000,286.0000
435.0000,236.0000,472.0000,236.0000,472.0000,286.0000,435.0000,286.0000
435.0000,236.0000,472.0000,236.0000,472.0000,286.0000,435.0000,286.0000
435.0000,236.0000,472.0000,236.0000,472.0000,286.0000,435.0000,286.0000
435.0000,236.0000,472.0000,236.0000,472.0000,286.0000,435.0000,286.0000
435.0000,236.0000,472.0000,236.0000,472.0000,286.0000,435.0000,286.0000
435.0000,236.0000,472.0000,236.0000,472.0000,286.0000,435.0000,286.0000
435.0000,236.0000,472.0000,236.0000,472.0000,286.0000,435.0000,286.0000
430.0000,255.0000,468.0000,255.0000,468.0000,306.0000,430.0000,306.0000
430.0000,255.0000,468.0000,255.0000,468.0000,306.0000,430.0000,306.0000
430.0000,255.0000,468.0000,255.0000,468.0000,306.0000,430.0000,306.0000
430.0000,255.0000,468.0000,255.0000,468.0000,306.0000,430.0000,306.0000
430.0000,255.0000,468.0000,255.0000,468.0000,306.0000,430.0000,306.0000
430.0000,255.0000,468.0000,255.0000,468.0000,306.0000,430.0000,306.0000
430.0000,255.0000,468.0000,255.0000,468.0000,306.0000,430.0000,306.0000
430.0000,255.0000,468.0000,255.0000,468.0000,306.0000,430.0000,306.0000
430.0000,255.0000,468.0000,255.0000,468.0000,306.0000,430.0000,306.0000
430.0000,255.0000,468.0000,255.0000,468.0000,306.0000,430.0000,306.0000
430.0000,255.0000,468.0000,255.0000,468.0000,306.0000,430.0000,306.0000
430.0000,255.0000,468.0000,255.0000,468.0000,306.0000,430.0000,306.0000
430.0000,255.0000,468.0000,255.0000,468.0000,306.0000,430.0000,306.0000
0
0
0
0
0
0
0
0
0
0
0
0
0
0
0
2
0
0
0
0
1
547.0000,233.0000,573.0000,233.0000,573.0000,277.0000,547.0000,277.0000
550.0000,232.0000,575.0000,232.0000,575.0000,276.0000,550.0000,276.0000
550.0000,232.0000,575.0000,232.0000,575.0000,276.0000,550.0000,276.0000
550.0000,232.0000,575.0000,232.0000,575.0000,276.0000,550.0000,276.0000
550.0000,232.0000,575.0000,232.0000,575.0000,276.0000,550.0000,276.0000
550.0000,232.0000,575.0000,232.0000,575.0000,276.0000,550.0000,276.0000
550.0000,232.0000,575.0000,232.0000,575.0000,276.0000,550.0000,276.0000
550.0000,232.0000,575.0000,232.0000,575.0000,276.0000,550.0000,276.0000
550.0000,232.0000,575.0000,232.0000,575.0000,276.0000,550.0000,276.0000
550.0000,232.0000,575.0000,232.0000,575.0000,276.0000,550.0000,276.0000
550.0000,232.0000,575.0000,232.0000,575.0000,276.0000,550.0000,276.0000
550.0000,232.0000,575.0000,232.0000,575.0000,276.0000,550.0000,276.0000
550.0000,232.0000,575.0000,232.0000,575.0000,276.0000,550.0000,276.0000
550.0000,232.0000,575.0000,232.0000,575.0000,276.0000,550.0000,276.0000
550.0000,232.0000,575.0000,232.0000,575.0000,276.0000,550.0000,276.0000
550.0000,232.0000,575.0000,232.0000,575.0000,276.0000,550.0000,276.0000
550.0000,232.0000,575.0000,232.0000,575.0000,276.0000,550.0000,276.0000
550.0000,232.0000,575.0000,232.0000,575.0000,276.0000,550.0000,276.0000
550.0000,232.0000,575.0000,232.0000,575.0000,276.0000,550.0000,276.0000
550.0000,232.0000,575.0000,232.0000,575.0000,276.0000,550.0000,276.0000
550.0000,232.0000,575.0000,232.0000,575.0000,276.0000,550.0000,276.0000
550.0000,232.0000,575.0000,232.0000,575.0000,276.0000,550.0000,276.0000
550.0000,232.0000,575.0000,232.0000,575.0000,276.0000,550.0000,276.0000
550.0000,232.0000,575.0000,232.0000,575.0000,276.0000,550.0000,276.0000
550.0000,232.0000,575.0000,232.0000,575.0000,276.0000,550.0000,276.0000
0
0
0
0
0
0
0
0
0
0
0
0
2
0
0
0
0
1
571.0000,167.0000,598.0000,167.0000,598.0000,208.0000,571.0000,208.0000
571.0000,165.0000,598.0000,165.0000,598.0000,206.0000,571.0000,206.0000
571.0000,165.0000,598.0000,165.0000,598.0000,206.0000,571.0000,206.0000
571.0000,165.0000,598.0000,165.0000,598.0000,206.0000,571.0000,206.0000
571.0000,165.0000,598.0000,165.0000,598.0000,206.0000,571.0000,206.0000
571.0000,165.0000,598.0000,165.0000,598.0000,206.0000,571.0000,206.0000
571.0000,165.0000,598.0000,165.0000,598.0000,206.0000,571.0000,206.0000
571.0000,165.0000,598.0000,165.0000,598.0000,206.0000,571.0000,206.0000
571.0000,165.0000,598.0000,165.0000,598.0000,206.0000,571.0000,206.0000
571.0000,165.0000,598.0000,165.0000,598.0000,206.0000,571.0000,206.0000
571.0000,165.0000,598.0000,165.0000,598.0000,206.0000,571.0000,206.0000
571.0000,165.0000,598.0000,165.0000,598.0000,206.0000,571.0000,206.0000
571.0000,165.0000,598.0000,165.0000,598.0000,206.0000,571.0000,206.0000
571.0000,165.0000,598.0000,165.0000,598.0000,206.0000,571.0000,206.0000
571.0000,165.0000,598.0000,165.0000,598.0000,206.0000,571.0000,206.0000
571.0000,165.0000,598.0000,165.0000,598.0000,206.0000,571.0000,206.0000
571.0000,165.0000,598.0000,165.0000,598.0000,206.0000,571.0000,206.0000
571.0000,165.0000,598.0000,165.0000,598.0000,206.0000,571.0000,206.0000
571.0000,165.0000,598.0000,165.0000,598.0000,206.0000,571.0000,206.0000
571.0000,165.0000,598.0000,165.0000,598.0000,206.0000,571.0000,206.0000
571.0000,165.0000,598.0000,165.0000,598.0000,206.0000,571.0000,206.0000
571.0000,165.0000,598.0000,165.0000,598.0000,206.0000,571.0000,206.0000
571.0000,165.0000,598.0000,165.0000,598.0000,206.0000,571.0000,206.0000
571.0000,165.0000,598.0000,165.0000,598.0000,206.0000,571.0000,206.0000
571.0000,165.0000,598.0000,165.0000,598.0000,206.0000,571.0000,206.0000
571.0000,165.0000,598.0000,165.0000,598.0000,206.0000,571.0000,206.0000
571.0000,165.0000,598.0000,165.0000,598.0000,206.0000,571.0000,206.0000
572.0000,163.0000,598.0000,163.0000,598.0000,203.0000,572.0000,203.0000
572.0000,163.0000,598.0000,163.0000,598.0000,203.0000,572.0000,203.0000
572.0000,163.0000,598.0000,163.0000,598.0000,203.0000,572.0000,203.0000
572.0000,163.0000,598.0000,163.0000,598.0000,203.0000,572.0000,203.0000
572.0000,163.0000,598.0000,163.0000,598.0000,203.0000,572.0000,203.0000
572.0000,163.0000,598.0000,163.0000,598.0000,203.0000,572.0000,203.0000
572.0000,163.0000,598.0000,163.0000,598.0000,203.0000,572.0000,203.0000
572.0000,163.0000,598.0000,163.0000,598.0000,203.0000,572.0000,203.0000
572.0000,163.0000,598.0000,163.0000,598.0000,203.0000,572.0000,203.0000
572.0000,163.0000,598.0000,163.0000,598.0000,203.0000,572.0000,203.0000
572.0000,163.0000,598.0000,163.0000,598.0000,203.0000,572.0000,203.0000
572.0000,163.0000,598.0000,163.0000,598.0000,203.0000,572.0000,203.0000
572.0000,163.0000,598.0000,163.0000,598.0000,203.0000,572.0000,203.0000
572.0000,163.0000,598.0000,163.0000,598.0000,203.0000,572.0000,203.0000
572.0000,163.0000,598.0000,163.0000,598.0000,203.0000,572.0000,203.0000
572.0000,163.0000,598.0000,163.0000,598.0000,203.0000,572.0000,203.0000
572.0000,163.0000,598.0000,163.0000,598.0000,203.0000,572.0000,203.0000
572.0000,163.0000,598.0000,163.0000,598.0000,203.0000,572.0000,203.0000
572.0000,163.0000,598.0000,163.0000,598.0000,203.0000,572.0000,203.0000
572.0000,163.0000,598.0000,163.0000,598.0000,203.0000,572.0000,203.0000
572.0000,163.0000,598.0000,163.0000,598.0000,203.0000,572.0000,203.0000
572.0000,163.0000,598.0000,163.0000,598.0000,203.0000,572.0000,203.0000
572.0000,163.0000,598.0000,163.0000,598.0000,203.0000,572.0000,203.0000
572.0000,163.0000,598.0000,163.0000,598.0000,203.0000,572.0000,203.0000
572.0000,163.0000,598.0000,163.0000,598.0000,203.0000,572.0000,203.0000
558.0000,142.0000,586.0000,142.0000,586.0000,184.0000,558.0000,184.0000
558.0000,142.0000,586.0000,142.0000,586.0000,184.0000,558.0000,184.0000
558.0000,142.0000,586.0000,142.0000,586.0000,184.0000,558.0000,184.0000
558.0000,142.0000,586.0000,142.0000,586.0000,184.0000,558.0000,184.0000
558.0000,142.0000,586.0000,142.0000,586.0000,184.0000,558.0000,184.0000
558.0000,142.0000,586.0000,142.0000,586.0000,184.0000,558.0000,184.0000
558.0000,142.0000,586.0000,142.0000,586.0000,184.0000,558.0000,184.0000
558.0000,142.0000,586.0000,142.0000,586.0000,184.0000,558.0000,184.0000
558.0000,142.0000,586.0000,142.0000,586.0000,184.0000,558.0000,184.0000
558.0000,142.0000,586.0000,142.0000,586.0000,184.0000,558.0000,184.0000
558.0000,142.0000,586.0000,142.0000,586.0000,184.0000,558.0000,184.0000
558.0000,142.0000,586.0000,142.0000,586.0000,184.0000,558.0000,184.0000
558.0000,142.0000,586.0000,142.0000,586.0000,184.0000,558.0000,184.0000
558.0000,142.0000,586.0000,142.0000,586.0000,184.0000,558.0000,184.0000
558.0000,142.0000,586.0000,142.0000,586.0000,184.0000,558.0000,184.0000
558.0000,142.0000,586.0000,142.0000,586.0000,184.0000,558.0000,184.0000
558.0000,142.0000,586.0000,142.0000,586.0000,184.0000,558.0000,184.0000
558.0000,142.0000,586.0000,142.0000,586.0000,184.0000,558.0000,184.0000
558.0000,142.0000,586.0000,142.0000,586.0000,184.0000,558.0000,184.0000
558.0000,142.0000,586.0000,142.0000,586.0000,184.0000,558.0000,184.0000
558.0000,142.0000,586.0000,142.0000,586.0000,184.0000,558.0000,184.0000
558.0000,142.0000,586.0000,142.0000,586.0000,184.0000,558.0000,184.0000
558.0000,142.0000,586.0000,142.0000,586.0000,184.0000,558.0000,184.0000
558.0000,142.0000,586.0000,142.0000,586.0000,184.0000,558.0000,184.0000
558.0000,142.0000,586.0000,142.0000,586.0000,184.0000,558.0000,184.0000
558.0000,142.0000,586.0000,142.0000,586.0000,184.0000,558.0000,184.0000
558.0000,143.0000,586.0000,143.0000,586.0000,185.0000,558.0000,185.0000
558.0000,143.0000,586.0000,143.0000,586.0000,185.0000,558.0000,185.0000
558.0000,143.0000,586.0000,143.0000,586.0000,185.0000,558.0000,185.0000
558.0000,143.0000,586.0000,143.0000,586.0000,185.0000,558.0000,185.0000
558.0000,143.0000,586.0000,143.0000,586.0000,185.0000,558.0000,185.0000
558.0000,143.0000,586.0000,143.0000,586.0000,185.0000,558.0000,185.0000
558.0000,143.0000,586.0000,143.0000,586.0000,185.0000,558.0000,185.0000
558.0000,143.0000,586.0000,143.0000,586.0000,185.0000,558.0000,185.0000
558.0000,143.0000,586.0000,143.0000,586.0000,185.0000,558.0000,185.0000
558.0000,143.0000,586.0000,143.0000,586.0000,185.0000,558.0000,185.0000
558.0000,143.0000,586.0000,143.0000,586.0000,185.0000,558.0000,185.0000
558.0000,143.0000,586.0000,143.0000,586.0000,185.0000,558.0000,185.0000
558.0000,143.0000,586.0000,143.0000,586.0000,185.0000,558.0000,185.0000
558.0000,143.0000,586.0000,143.0000,586.0000,185.0000,558.0000,185.0000
558.0000,143.0000,586.0000,143.0000,586.0000,185.0000,558.0000,185.0000
558.0000,143.0000,586.0000,143.0000,586.0000,185.0000,558.0000,185.0000
558.0000,143.0000,586.0000,143.0000,586.0000,185.0000,558.0000,185.0000
558.0000,143.0000,586.0000,143.0000,586.0000,185.0000,558.0000,185.0000
558.0000,143.0000,586.0000,143.0000,586.0000,185.0000,558.0000,185.0000
558.0000,143.0000,586.0000,143.0000,586.0000,185.0000,558.0000,185.0000
558.0000,143.0000,586.0000,143.0000,586.0000,185.0000,558.0000,185.0000
558.0000,143.0000,586.0000,143.0000,586.0000,185.0000,558.0000,185.0000
558.0000,143.0000,586.0000,143.0000,586.0000,185.0000,558.0000,185.0000
558.0000,143.0000,586.0000,143.0000,586.0000,185.0000,558.0000,185.0000
538.0000,133.0000,566.0000,133.0000,566.0000,175.0000,538.0000,175.0000
538.0000,133.0000,566.0000,133.0000,566.0000,175.0000,538.0000,175.0000
538.0000,133.0000,566.0000,133.0000,566.0000,175.0000,538.0000,175.0000
538.0000,133.0000,566.0000,133.0000,566.0000,175.0000,538.0000,175.0000
538.0000,133.0000,566.0000,133.0000,566.0000,175.0000,538.0000,175.0000
538.0000,133.0000,566.0000,133.0000,566.0000,175.0000,538.0000,175.0000
538.0000,133.0000,566.0000,133.0000,566.0000,175.0000,538.0000,175.0000
538.0000,133.0000,566.0000,133.0000,566.0000,175.0000,538.0000,175.0000
538.0000,133.0000,566.0000,133.0000,566.0000,175.0000,538.0000,175.0000
538.0000,133.0000,566.0000,133.0000,566.0000,175.0000,538.0000,175.0000
538.0000,133.0000,566.0000,133.0000,566.0000,175.0000,538.0000,175.0000
538.0000,133.0000,566.0000,133.0000,566.0000,175.0000,538.0000,175.0000
538.0000,133.0000,566.0000,133.0000,566.0000,175.0000,538.0000,175.0000
538.0000,133.0000,566.0000,133.0000,566.0000,175.0000,538.0000,175.0000
538.0000,133.0000,566.0000,133.0000,566.0000,175.0000,538.0000,175.0000
538.0000,133.0000,566.0000,133.0000,566.0000,175.0000,538.0000,175.0000
538.0000,133.0000,566.0000,133.0000,566.0000,175.0000,538.0000,175.0000
538.0000,133.0000,566.0000,133.0000,566.0000,175.0000,538.0000,175.0000
538.0000,133.0000,566.0000,133.0000,566.0000,175.0000,538.0000,175.0000
538.0000,133.0000,566.0000,133.0000,566.0000,175.0000,538.0000,175.0000
538.0000,133.0000,566.0000,133.0000,566.0000,175.0000,538.0000,175.0000
538.0000,133.0000,566.0000,133.0000,566.0000,175.0000,538.0000,175.0000
538.0000,133.0000,566.0000,133.0000,566.0000,175.0000,538.0000,175.0000
538.0000,133.0000,566.0000,133.0000,566.0000,175.0000,538.0000,175.0000
538.0000,133.0000,566.0000,133.0000,566.0000,175.0000,538.0000,175.0000
534.0000,129.0000,562.0000,129.0000,562.0000,171.0000,534.0000,171.0000
534.0000,129.0000,562.0000,129.0000,562.0000,171.0000,534.0000,171.0000
534.0000,129.0000,562.0000,129.0000,562.0000,171.0000,534.0000,171.0000
534.0000,129.0000,562.0000,129.0000,562.0000,171.0000,534.0000,171.0000
534.0000,129.0000,562.0000,129.0000,562.0000,171.0000,534.0000,171.0000
534.0000,129.0000,562.0000,129.0000,562.0000,171.0000,534.0000,171.0000
534.0000,129.0000,562.0000,129.0000,562.0000,171.0000,534.0000,171.0000
534.0000,129.0000,562.0000,129.0000,562.0000,171.0000,534.0000,171.0000
534.0000,129.0000,562.0000,129.0000,562.0000,171.0000,534.0000,171.0000
534.0000,129.0000,562.0000,129.0000,562.0000,171.0000,534.0000,171.0000
534.0000,129.0000,562.0000,129.0000,562.0000,171.0000,534.0000,171.0000
534.0000,129.0000,562.0000,129.0000,562.0000,171.0000,534.0000,171.0000
534.0000,129.0000,562.0000,129.0000,562.0000,171.0000,534.0000,171.0000
534.0000,129.0000,562.0000,129.0000,562.0000,171.0000,534.0000,171.0000
534.0000,129.0000,562.0000,129.0000,562.0000,171.0000,534.0000,171.0000
534.0000,129.0000,562.0000,129.0000,562.0000,171.0000,534.0000,171.0000
534.0000,129.0000,562.0000,129.0000,562.0000,171.0000,534.0000,171.0000
534.0000,129.0000,562.0000,129.0000,562.0000,171.0000,534.0000,171.0000
534.0000,129.0000,562.0000,129.0000,562.0000,171.0000,534.0000,171.0000
534.0000,129.0000,562.0000,129.0000,562.0000,171.0000,534.0000,171.0000
534.0000,129.0000,562.0000,129.0000,562.0000,171.0000,534.0000,171.0000
534.0000,129.0000,562.0000,129.0000,562.0000,171.0000,534.0000,171.0000
534.0000,129.0000,562.0000,129.0000,562.0000,171.0000,534.0000,171.0000
534.0000,129.0000,562.0000,129.0000,562.0000,171.0000,534.0000,171.0000
545.0000,124.0000,572.0000,124.0000,572.0000,165.0000,545.0000,165.0000
545.0000,124.0000,572.0000,124.0000,572.0000,165.0000,545.0000,165.0000
545.0000,124.0000,572.0000,124.0000,572.0000,165.0000,545.0000,165.0000
2
0
0
0
0
0
0
0
0
0
0
0
0
0
0
0
0
0
0
0
0
0
532.0000,116.0000,561.0000,116.0000,561.0000,158.0000,532.0000,158.0000
0
0
0
0
1
518.0000,115.0000,544.0000,115.0000,544.0000,163.0000,518.0000,163.0000
521.0000,113.0000,548.0000,113.0000,548.0000,162.0000,521.0000,162.0000
521.0000,113.0000,548.0000,113.0000,548.0000,162.0000,521.0000,162.0000
521.0000,113.0000,548.0000,113.0000,548.0000,162.0000,521.0000,162.0000
521.0000,113.0000,548.0000,113.0000,548.0000,162.0000,521.0000,162.0000
521.0000,113.0000,548.0000,113.0000,548.0000,162.0000,521.0000,162.0000
521.0000,113.0000,548.0000,113.0000,548.0000,162.0000,521.0000,162.0000
521.0000,113.0000,548.0000,113.0000,548.0000,162.0000,521.0000,162.0000
521.0000,113.0000,548.0000,113.0000,548.0000,162.0000,521.0000,162.0000
521.0000,113.0000,548.0000,113.0000,548.0000,162.0000,521.0000,162.0000
521.0000,113.0000,548.0000,113.0000,548.0000,162.0000,521.0000,162.0000
521.0000,113.0000,548.0000,113.0000,548.0000,162.0000,521.0000,162.0000
521.0000,113.0000,548.0000,113.0000,548.0000,162.0000,521.0000,162.0000
521.0000,113.0000,548.0000,113.0000,548.0000,162.0000,521.0000,162.0000
521.0000,113.0000,548.0000,113.0000,548.0000,162.0000,521.0000,162.0000
521.0000,113.0000,548.0000,113.0000,548.0000,162.0000,521.0000,162.0000
521.0000,113.0000,548.0000,113.0000,548.0000,162.0000,521.0000,162.0000
521.0000,113.0000,548.0000,113.0000,548.0000,162.0000,521.0000,162.0000
521.0000,113.0000,548.0000,113.0000,548.0000,162.0000,521.0000,162.0000
521.0000,113.0000,548.0000,113.0000,548.0000,162.0000,521.0000,162.0000
521.0000,113.0000,548.0000,113.0000,548.0000,162.0000,521.0000,162.0000
521.0000,113.0000,548.0000,113.0000,548.0000,162.0000,521.0000,162.0000
521.0000,113.0000,548.0000,113.0000,548.0000,162.0000,521.0000,162.0000
521.0000,113.0000,548.0000,113.0000,548.0000,162.0000,521.0000,162.0000
527.0000,114.0000,554.0000,114.0000,554.0000,162.0000,527.0000,162.0000
527.0000,114.0000,554.0000,114.0000,554.0000,162.0000,527.0000,162.0000
527.0000,114.0000,554.0000,114.0000,554.0000,162.0000,527.0000,162.0000
527.0000,114.0000,554.0000,114.0000,554.0000,162.0000,527.0000,162.0000
527.0000,114.0000,554.0000,114.0000,554.0000,162.0000,527.0000,162.0000
527.0000,114.0000,554.0000,114.0000,554.0000,162.0000,527.0000,162.0000
527.0000,114.0000,554.0000,114.0000,554.0000,162.0000,527.0000,162.0000
527.0000,114.0000,554.0000,114.0000,554.0000,162.0000,527.0000,162.0000
527.0000,114.0000,554.0000,114.0000,554.0000,162.0000,527.0000,162.0000
527.0000,114.0000,554.0000,114.0000,554.0000,162.0000,527.0000,162.0000
527.0000,114.0000,554.0000,114.0000,554.0000,162.0000,527.0000,162.0000
527.0000,114.0000,554.0000,114.0000,554.0000,162.0000,527.0000,162.0000
527.0000,114.0000,554.0000,114.0000,554.0000,162.0000,527.0000,162.0000
527.0000,114.0000,554.0000,114.0000,554.0000,162.0000,527.0000,162.0000
527.0000,114.0000,554.0000,114.0000,554.0000,162.0000,527.0000,162.0000
527.0000,114.0000,554.0000,114.0000,554.0000,162.0000,527.0000,162.0000
527.0000,114.0000,554.0000,114.0000,554.0000,162.0000,527.0000,162.0000
527.0000,114.0000,554.0000,114.0000,554.0000,162.0000,527.0000,162.0000
527.0000,114.0000,554.0000,114.0000,554.0000,162.0000,527.0000,162.0000
527.0000,114.0000,554.0000,114.0000,554.0000,162.0000,527.0000,162.0000
527.0000,114.0000,554.0000,114.0000,554.0000,162.0000,527.0000,162.0000
527.0000,114.0000,554.0000,114.0000,554.0000,162.0000,527.0000,162.0000
527.0000,114.0000,554.0000,114.0000,554.0000,162.0000,527.0000,162.0000
527.0000,114.0000,554.0000,114.0000,554.0000,162.0000,527.0000,162.0000
527.0000,114.0000,554.0000,114.0000,554.0000,162.0000,527.0000,162.0000
527.0000,114.0000,554.0000,114.0000,554.0000,162.0000,527.0000,162.0000
527.0000,114.0000,554.0000,114.0000,554.0000,162.0000,527.0000,162.0000
527.0000,114.0000,554.0000,114.0000,554.0000,162.0000,527.0000,162.0000
527.0000,114.0000,554.0000,114.0000,554.0000,162.0000,527.0000,162.0000
527.0000,114.0000,554.0000,114.0000,554.0000,162.0000,527.0000,162.0000
527.0000,114.0000,554.0000,114.0000,554.0000,162.0000,527.0000,162.0000
527.0000,114.0000,554.0000,114.0000,554.0000,162.0000,527.0000,162.0000
527.0000,114.0000,554.0000,114.0000,554.0000,162.0000,527.0000,162.0000
527.0000,114.0000,554.0000,114.0000,554.0000,162.0000,527.0000,162.0000
527.0000,114.0000,554.0000,114.0000,554.0000,162.0000,527.0000,162.0000
527.0000,114.0000,554.0000,114.0000,554.0000,162.0000,527.0000,162.0000
536.0000,122.0000,564.0000,122.0000,564.0000,172.0000,536.0000,172.0000
536.0000,122.0000,564.0000,122.0000,564.0000,172.0000,536.0000,172.0000
536.0000,122.0000,564.0000,122.0000,564.0000,172.0000,536.0000,172.0000
536.0000,122.0000,564.0000,122.0000,564.0000,172.0000,536.0000,172.0000
536.0000,122.0000,564.0000,122.0000,564.0000,172.0000,536.0000,172.0000
536.0000,122.0000,564.0000,122.0000,564.0000,172.0000,536.0000,172.0000
536.0000,122.0000,564.0000,122.0000,564.0000,172.0000,536.0000,172.0000
536.0000,122.0000,564.0000,122.0000,564.0000,172.0000,536.0000,172.0000
536.0000,122.0000,564.0000,122.0000,564.0000,172.0000,536.0000,172.0000
536.0000,122.0000,564.0000,122.0000,564.0000,172.0000,536.0000,172.0000
536.0000,122.0000,564.0000,122.0000,564.0000,172.0000,536.0000,172.0000
536.0000,122.0000,564.0000,122.0000,564.0000,172.0000,536.0000,172.0000
536.0000,122.0000,564.0000,122.0000,564.0000,172.0000,536.0000,172.0000
536.0000,122.0000,564.0000,122.0000,564.0000,172.0000,536.0000,172.0000
536.0000,122.0000,564.0000,122.0000,564.0000,172.0000,536.0000,172.0000
536.0000,122.0000,564.0000,122.0000,564.0000,172.0000,536.0000,172.0000
536.0000,122.0000,564.0000,122.0000,564.0000,172.0000,536.0000,172.0000
536.0000,122.0000,564.0000,122.0000,564.0000,172.0000,536.0000,172.0000
536.0000,122.0000,564.0000,122.0000,564.0000,172.0000,536.0000,172.0000
536.0000,122.0000,564.0000,122.0000,564.0000,172.0000,536.0000,172.0000
536.0000,122.0000,564.0000,122.0000,564.0000,172.0000,536.0000,172.0000
536.0000,122.0000,564.0000,122.0000,564.0000,172.0000,536.0000,172.0000
536.0000,122.0000,564.0000,122.0000,564.0000,172.0000,536.0000,172.0000
536.0000,122.0000,564.0000,122.0000,564.0000,172.0000,536.0000,172.0000
536.0000,122.0000,564.0000,122.0000,564.0000,172.0000,536.0000,172.0000
536.0000,122.0000,564.0000,122.0000,564.0000,172.0000,536.0000,172.0000
536.0000,122.0000,564.0000,122.0000,564.0000,172.0000,536.0000,172.0000
536.0000,122.0000,564.0000,122.0000,564.0000,172.0000,536.0000,172.0000
536.0000,122.0000,564.0000,122.0000,564.0000,172.0000,536.0000,172.0000
2
557.0000,135.0000,585.0000,135.0000,585.0000,185.0000,557.0000,185.0000
0
0
0
0
1
550.0000,124.0000,604.0000,124.0000,604.0000,167.0000,550.0000,167.0000
549.0000,124.0000,603.0000,124.0000,603.0000,166.0000,549.0000,166.0000
549.0000,124.0000,603.0000,124.0000,603.0000,166.0000,549.0000,166.0000
549.0000,124.0000,603.0000,124.0000,603.0000,166.0000,549.0000,166.0000
549.0000,124.0000,603.0000,124.0000,603.0000,166.0000,549.0000,166.0000
549.0000,124.0000,603.0000,124.0000,603.0000,166.0000,549.0000,166.0000
549.0000,124.0000,603.0000,124.0000,603.0000,166.0000,549.0000,166.0000
549.0000,124.0000,603.0000,124.0000,603.0000,166.0000,549.0000,166.0000
549.0000,124.0000,603.0000,124.0000,603.0000,166.0000,549.0000,166.0000
549.0000,124.0000,603.0000,124.0000,603.0000,166.0000,549.0000,166.0000
549.0000,124.0000,603.0000,124.0000,603.0000,166.0000,549.0000,166.0000
549.0000,124.0000,603.0000,124.0000,603.0000,166.0000,549.0000,166.0000
549.0000,124.0000,603.0000,124.0000,603.0000,166.0000,549.0000,166.0000
549.0000,124.0000,603.0000,124.0000,603.0000,166.0000,549.0000,166.0000
549.0000,124.0000,603.0000,124.0000,603.0000,166.0000,549.0000,166.0000
549.0000,124.0000,603.0000,124.0000,603.0000,166.0000,549.0000,166.0000
549.0000,124.0000,603.0000,124.0000,603.0000,166.0000,549.0000,166.0000
549.0000,124.0000,603.0000,124.0000,603.0000,166.0000,549.0000,166.0000
549.0000,124.0000,603.0000,124.0000,603.0000,166.0000,549.0000,166.0000
549.0000,124.0000,603.0000,124.0000,603.0000,166.0000,549.0000,166.0000
549.0000,124.0000,603.0000,124.0000,603.0000,166.0000,549.0000,166.0000
549.0000,124.0000,603.0000,124.0000,603.0000,166.0000,549.0000,166.0000
549.0000,124.0000,603.0000,124.0000,603.0000,166.0000,549.0000,166.0000
549.0000,124.0000,603.0000,124.0000,603.0000,166.0000,549.0000,166.0000
549.0000,124.0000,603.0000,124.0000,603.0000,166.0000,549.0000,166.0000
549.0000,124.0000,603.0000,124.0000,603.0000,166.0000,549.0000,166.0000
549.0000,124.0000,603.0000,124.0000,603.0000,166.0000,549.0000,166.0000
551.0000,122.0000,604.0000,122.0000,604.0000,163.0000,551.0000,163.0000
551.0000,122.0000,604.0000,122.0000,604.0000,163.0000,551.0000,163.0000
551.0000,122.0000,604.0000,122.0000,604.0000,163.0000,551.0000,163.0000
551.0000,122.0000,604.0000,122.0000,604.0000,163.0000,551.0000,163.0000
551.0000,122.0000,604.0000,122.0000,604.0000,163.0000,551.0000,163.0000
551.0000,122.0000,604.0000,122.0000,604.0000,163.0000,551.0000,163.0000
551.0000,122.0000,604.0000,122.0000,604.0000,163.0000,551.0000,163.0000
551.0000,122.0000,604.0000,122.0000,604.0000,163.0000,551.0000,163.0000
551.0000,122.0000,604.0000,122.0000,604.0000,163.0000,551.0000,163.0000
551.0000,122.0000,604.0000,122.0000,604.0000,163.0000,551.0000,163.0000
551.0000,122.0000,604.0000,122.0000,604.0000,163.0000,551.0000,163.0000
551.0000,122.0000,604.0000,122.0000,604.0000,163.0000,551.0000,163.0000
551.0000,122.0000,604.0000,122.0000,604.0000,163.0000,551.0000,163.0000
551.0000,122.0000,604.0000,122.0000,604.0000,163.0000,551.0000,163.0000
551.0000,122.0000,604.0000,122.0000,604.0000,163.0000,551.0000,163.0000
551.0000,122.0000,604.0000,122.0000,604.0000,163.0000,551.0000,163.0000
551.0000,122.0000,604.0000,122.0000,604.0000,163.0000,551.0000,163.0000
551.0000,122.0000,604.0000,122.0000,604.0000,163.0000,551.0000,163.0000
551.0000,122.0000,604.0000,122.0000,604.0000,163.0000,551.0000,163.0000
551.0000,122.0000,604.0000,122.0000,604.0000,163.0000,551.0000,163.0000
551.0000,122.0000,604.0000,122.0000,604.0000,163.0000,551.0000,163.0000
551.0000,122.0000,604.0000,122.0000,604.0000,163.0000,551.0000,163.0000
551.0000,122.0000,604.0000,122.0000,604.0000,163.0000,551.0000,163.0000
551.0000,122.0000,604.0000,122.0000,604.0000,163.0000,551.0000,163.0000
551.0000,122.0000,604.0000,122.0000,604.0000,163.0000,551.0000,163.0000
551.0000,122.0000,604.0000,122.0000,604.0000,163.0000,551.0000,163.0000
551.0000,122.0000,604.0000,122.0000,604.0000,163.0000,551.0000,163.0000
521.0000,122.0000,575.0000,122.0000,575.0000,164.0000,521.0000,164.0000
521.0000,122.0000,575.0000,122.0000,575.0000,164.0000,521.0000,164.0000
521.0000,122.0000,575.0000,122.0000,575.0000,164.0000,521.0000,164.0000
521.0000,122.0000,575.0000,122.0000,575.0000,164.0000,521.0000,164.0000
521.0000,122.0000,575.0000,122.0000,575.0000,164.0000,521.0000,164.0000
521.0000,122.0000,575.0000,122.0000,575.0000,164.0000,521.0000,164.0000
521.0000,122.0000,575.0000,122.0000,575.0000,164.0000,521.0000,164.0000
521.0000,122.0000,575.0000,122.0000,575.0000,164.0000,521.0000,164.0000
521.0000,122.0000,575.0000,122.0000,575.0000,164.0000,521.0000,164.0000
521.0000,122.0000,575.0000,122.0000,575.0000,164.0000,521.0000,164.0000
521.0000,122.0000,575.0000,122.0000,575.0000,164.0000,521.0000,164.0000
521.0000,122.0000,575.0000,122.0000,575.0000,164.0000,521.0000,164.0000
521.0000,122.0000,575.0000,122.0000,575.0000,164.0000,521.0000,164.0000
521.0000,122.0000,575.0000,122.0000,575.0000,164.0000,521.0000,164.0000
521.0000,122.0000,575.0000,122.0000,575.0000,164.0000,521.0000,164.0000
521.0000,122.0000,575.0000,122.0000,575.0000,164.0000,521.0000,164.0000
521.0000,122.0000,575.0000,122.0000,575.0000,164.0000,521.0000,164.0000
521.0000,122.0000,575.0000,122.0000,575.0000,164.0000,521.0000,164.0000
2
0
0
0
0
0
0
529.0000,125.0000,584.0000,125.0000,584.0000,168.0000,529.0000,168.0000
0
0
0
0
1
570.0000,115.0000,621.0000,115.0000,621.0000,160.0000,570.0000,160.0000
570.0000,115.0000,621.0000,115.0000,621.0000,160.0000,570.0000,160.0000
570.0000,115.0000,621.0000,115.0000,621.0000,160.0000,570.0000,160.0000
570.0000,115.0000,621.0000,115.0000,621.0000,160.0000,570.0000,160.0000
570.0000,115.0000,621.0000,115.0000,621.0000,160.0000,570.0000,160.0000
570.0000,115.0000,621.0000,115.0000,621.0000,160.0000,570.0000,160.0000
570.0000,115.0000,621.0000,115.0000,621.0000,160.0000,570.0000,160.0000
570.0000,115.0000,621.0000,115.0000,621.0000,160.0000,570.0000,160.0000
570.0000,115.0000,621.0000,115.0000,621.0000,160.0000,570.0000,160.0000
570.0000,115.0000,621.0000,115.0000,621.0000,160.0000,570.0000,160.0000
570.0000,115.0000,621.0000,115.0000,621.0000,160.0000,570.0000,160.0000
570.0000,115.0000,621.0000,115.0000,621.0000,160.0000,570.0000,160.0000
570.0000,115.0000,621.0000,115.0000,621.0000,160.0000,570.0000,160.0000
570.0000,115.0000,621.0000,115.0000,621.0000,160.0000,570.0000,160.0000
570.0000,115.0000,621.0000,115.0000,621.0000,160.0000,570.0000,160.0000
570.0000,115.0000,621.0000,115.0000,621.0000,160.0000,570.0000,160.0000
570.0000,115.0000,621.0000,115.0000,621.0000,160.0000,570.0000,160.0000
570.0000,115.0000,621.0000,115.0000,621.0000,160.0000,570.0000,160.0000
570.0000,115.0000,621.0000,115.0000,621.0000,160.0000,570.0000,160.0000
570.0000,115.0000,621.0000,115.0000,621.0000,160.0000,570.0000,160.0000
570.0000,115.0000,621.0000,115.0000,621.0000,160.0000,570.0000,160.0000
570.0000,115.0000,621.0000,115.0000,621.0000,160.0000,570.0000,160.0000
570.0000,115.0000,621.0000,115.0000,621.0000,160.0000,570.0000,160.0000
570.0000,115.0000,621.0000,115.0000,621.0000,160.0000,570.0000,160.0000
570.0000,115.0000,621.0000,115.0000,621.0000,160.0000,570.0000,160.0000
570.0000,115.0000,621.0000,115.0000,621.0000,160.0000,570.0000,160.0000
570.0000,115.0000,621.0000,115.0000,621.0000,160.0000,570.0000,160.0000
570.0000,115.0000,621.0000,115.0000,621.0000,160.0000,570.0000,160.0000
570.0000,115.0000,621.0000,115.0000,621.0000,160.0000,570.0000,160.0000
570.0000,115.0000,621.0000,115.0000,621.0000,160.0000,570.0000,160.0000
570.0000,115.0000,621.0000,115.0000,621.0000,160.0000,570.0000,160.0000
570.0000,115.0000,621.0000,115.0000,621.0000,160.0000,570.0000,160.0000
570.0000,115.0000,621.0000,115.0000,621.0000,160.0000,570.0000,160.0000
570.0000,115.0000,621.0000,115.0000,621.0000,160.0000,570.0000,160.0000
570.0000,115.0000,621.0000,115.0000,621.0000,160.0000,570.0000,160.0000
570.0000,115.0000,621.0000,115.0000,621.0000,160.0000,570.0000,160.0000
570.0000,115.0000,621.0000,115.0000,621.0000,160.0000,570.0000,160.0000
570.0000,115.0000,621.0000,115.0000,621.0000,160.0000,570.0000,160.0000
570.0000,115.0000,621.0000,115.0000,621.0000,160.0000,570.0000,160.0000
570.0000,115.0000,621.0000,115.0000,621.0000,160.0000,570.0000,160.0000
570.0000,115.0000,621.0000,115.0000,621.0000,160.0000,570.0000,160.0000
570.0000,115.0000,621.0000,115.0000,621.0000,160.0000,570.0000,160.0000
570.0000,115.0000,621.0000,115.0000,621.0000,160.0000,570.0000,160.0000
570.0000,115.0000,621.0000,115.0000,621.0000,160.0000,570.0000,160.0000
570.0000,115.0000,621.0000,115.0000,621.0000,160.0000,570.0000,160.0000
569.0000,115.0000,619.0000,115.0000,619.0000,160.0000,569.0000,160.0000
569.0000,115.0000,619.0000,115.0000,619.0000,160.0000,569.0000,160.0000
569.0000,115.0000,619.0000,115.0000,619.0000,160.0000,569.0000,160.0000
569.0000,115.0000,619.0000,115.0000,619.0000,160.0000,569.0000,160.0000
569.0000,115.0000,619.0000,115.0000,619.0000,160.0000,569.0000,160.0000
569.0000,115.0000,619.0000,115.0000,619.0000,160.0000,569.0000,160.0000
569.0000,115.0000,619.0000,115.0000,619.0000,160.0000,569.0000,160.0000
569.0000,115.0000,619.0000,115.0000,619.0000,160.0000,569.0000,160.0000
569.0000,115.0000,619.0000,115.0000,619.0000,160.0000,569.0000,160.0000
569.0000,115.0000,619.0000,115.0000,619.0000,160.0000,569.0000,160.0000
569.0000,115.0000,619.0000,115.0000,619.0000,160.0000,569.0000,160.0000
569.0000,115.0000,619.0000,115.0000,619.0000,160.0000,569.0000,160.0000
569.0000,115.0000,619.0000,115.0000,619.0000,160.0000,569.0000,160.0000
569.0000,115.0000,619.0000,115.0000,619.0000,160.0000,569.0000,160.0000
569.0000,115.0000,619.0000,115.0000,619.0000,160.0000,569.0000,160.0000
569.0000,115.0000,619.0000,115.0000,619.0000,160.0000,569.0000,160.0000
569.0000,115.0000,619.0000,115.0000,619.0000,160.0000,569.0000,160.0000
569.0000,115.0000,619.0000,115.0000,619.0000,160.0000,569.0000,160.0000
569.0000,115.0000,619.0000,115.0000,619.0000,160.0000,569.0000,160.0000
569.0000,115.0000,619.0000,115.0000,619.0000,160.0000,569.0000,160.0000
569.0000,115.0000,619.0000,115.0000,619.0000,160.0000,569.0000,160.0000
569.0000,115.0000,619.0000,115.0000,619.0000,160.0000,569.0000,160.0000
569.0000,115.0000,619.0000,115.0000,619.0000,160.0000,569.0000,160.0000
569.0000,115.0000,619.0000,115.0000,619.0000,160.0000,569.0000,160.0000
569.0000,115.0000,619.0000,115.0000,619.0000,160.0000,569.0000,160.0000
569.0000,115.0000,619.0000,115.0000,619.0000,160.0000,569.0000,160.0000
569.0000,115.0000,619.0000,115.0000,619.0000,160.0000,569.0000,160.0000
569.0000,115.0000,619.0000,115.0000,619.0000,160.0000,569.0000,160.0000
569.0000,115.0000,619.0000,115.0000,619.0000,160.0000,569.0000,160.0000
569.0000,115.0000,619.0000,115.0000,619.0000,160.0000,569.0000,160.0000
569.0000,115.0000,619.0000,115.0000,619.0000,160.0000,569.0000,160.0000
569.0000,115.0000,619.0000,115.0000,619.0000,160.0000,569.0000,160.0000
569.0000,115.0000,619.0000,115.0000,619.0000,160.0000,569.0000,160.0000
569.0000,115.0000,619.0000,115.0000,619.0000,160.0000,569.0000,160.0000
569.0000,115.0000,619.0000,115.0000,619.0000,160.0000,569.0000,160.0000
569.0000,115.0000,619.0000,115.0000,619.0000,160.0000,569.0000,160.0000
569.0000,115.0000,619.0000,115.0000,619.0000,160.0000,569.0000,160.0000
569.0000,115.0000,619.0000,115.0000,619.0000,160.0000,569.0000,160.0000
569.0000,115.0000,619.0000,115.0000,619.0000,160.0000,569.0000,160.0000
569.0000,115.0000,619.0000,115.0000,619.0000,160.0000,569.0000,160.0000
569.0000,115.0000,619.0000,115.0000,619.0000,160.0000,569.0000,160.0000
569.0000,115.0000,619.0000,115.0000,619.0000,160.0000,569.0000,160.0000
553.0000,109.0000,603.0000,109.0000,603.0000,153.0000,553.0000,153.0000
553.0000,109.0000,603.0000,109.0000,603.0000,153.0000,553.0000,153.0000
553.0000,109.0000,603.0000,109.0000,603.0000,153.0000,553.0000,153.0000
553.0000,109.0000,603.0000,109.0000,603.0000,153.0000,553.0000,153.0000
553.0000,109.0000,603.0000,109.0000,603.0000,153.0000,553.0000,153.0000
553.0000,109.0000,603.0000,109.0000,603.0000,153.0000,553.0000,153.0000
553.0000,109.0000,603.0000,109.0000,603.0000,153.0000,553.0000,153.0000
553.0000,109.0000,603.0000,109.0000,603.0000,153.0000,553.0000,153.0000
553.0000,109.0000,603.0000,109.0000,603.0000,153.0000,553.0000,153.0000
553.0000,109.0000,603.0000,109.0000,603.0000,153.0000,553.0000,153.0000
553.0000,109.0000,603.0000,109.0000,603.0000,153.0000,553.0000,153.0000
553.0000,109.0000,603.0000,109.0000,603.0000,153.0000,553.0000,153.0000
553.0000,109.0000,603.0000,109.0000,603.0000,153.0000,553.0000,153.0000
553.0000,109.0000,603.0000,109.0000,603.0000,153.0000,553.0000,153.0000
553.0000,109.0000,603.0000,109.0000,603.0000,153.0000,553.0000,153.0000
553.0000,109.0000,603.0000,109.0000,603.0000,153.0000,553.0000,153.0000
553.0000,109.0000,603.0000,109.0000,603.0000,153.0000,553.0000,153.0000
553.0000,109.0000,603.0000,109.0000,603.0000,153.0000,553.0000,153.0000
553.0000,109.0000,603.0000,109.0000,603.0000,153.0000,553.0000,153.0000
553.0000,109.0000,603.0000,109.0000,603.0000,153.0000,553.0000,153.0000
553.0000,109.0000,603.0000,109.0000,603.0000,153.0000,553.0000,153.0000
553.0000,109.0000,603.0000,109.0000,603.0000,153.0000,553.0000,153.0000
553.0000,109.0000,603.0000,109.0000,603.0000,153.0000,553.0000,153.0000
553.0000,109.0000,603.0000,109.0000,603.0000,153.0000,553.0000,153.0000
553.0000,109.0000,603.0000,109.0000,603.0000,153.0000,553.0000,153.0000
553.0000,109.0000,603.0000,109.0000,603.0000,153.0000,553.0000,153.0000
553.0000,109.0000,603.0000,109.0000,603.0000,153.0000,553.0000,153.0000
553.0000,109.0000,603.0000,109.0000,603.0000,153.0000,553.0000,153.0000
553.0000,109.0000,603.0000,109.0000,603.0000,153.0000,553.0000,153.0000
559.0000,108.0000,608.0000,108.0000,608.0000,152.0000,559.0000,152.0000
559.0000,108.0000,608.0000,108.0000,608.0000,152.0000,559.0000,152.0000
559.0000,108.0000,608.0000,108.0000,608.0000,152.0000,559.0000,152.0000
559.0000,108.0000,608.0000,108.0000,608.0000,152.0000,559.0000,152.0000
559.0000,108.0000,608.0000,108.0000,608.0000,152.0000,559.0000,152.0000
559.0000,108.0000,608.0000,108.0000,608.0000,152.0000,559.0000,152.0000
559.0000,108.0000,608.0000,108.0000,608.0000,152.0000,559.0000,152.0000
559.0000,108.0000,608.0000,108.0000,608.0000,152.0000,559.0000,152.0000
559.0000,108.0000,608.0000,108.0000,608.0000,152.0000,559.0000,152.0000
559.0000,108.0000,608.0000,108.0000,608.0000,152.0000,559.0000,152.0000
559.0000,108.0000,608.0000,108.0000,608.0000,152.0000,559.0000,152.0000
559.0000,108.0000,608.0000,108.0000,608.0000,152.0000,559.0000,152.0000
559.0000,108.0000,608.0000,108.0000,608.0000,152.0000,559.0000,152.0000
559.0000,108.0000,608.0000,108.0000,608.0000,152.0000,559.0000,152.0000
559.0000,108.0000,608.0000,108.0000,608.0000,152.0000,559.0000,152.0000
559.0000,108.0000,608.0000,108.0000,608.0000,152.0000,559.0000,152.0000
559.0000,108.0000,608.0000,108.0000,608.0000,152.0000,559.0000,152.0000
559.0000,108.0000,608.0000,108.0000,608.0000,152.0000,559.0000,152.0000
559.0000,108.0000,608.0000,108.0000,608.0000,152.0000,559.0000,152.0000
559.0000,108.0000,608.0000,108.0000,608.0000,152.0000,559.0000,152.0000
559.0000,108.0000,608.0000,108.0000,608.0000,152.0000,559.0000,152.0000
559.0000,108.0000,608.0000,108.0000,608.0000,152.0000,559.0000,152.0000
559.0000,108.0000,608.0000,108.0000,608.0000,152.0000,559.0000,152.0000
559.0000,108.0000,608.0000,108.0000,608.0000,152.0000,559.0000,152.0000
559.0000,108.0000,608.0000,108.0000,608.0000,152.0000,559.0000,152.0000
559.0000,108.0000,608.0000,108.0000,608.0000,152.0000,559.0000,152.0000
559.0000,108.0000,608.0000,108.0000,608.0000,152.0000,559.0000,152.0000
542.0000,111.0000,590.0000,111.0000,590.0000,153.0000,542.0000,153.0000
542.0000,111.0000,590.0000,111.0000,590.0000,153.0000,542.0000,153.0000
542.0000,111.0000,590.0000,111.0000,590.0000,153.0000,542.0000,153.0000
542.0000,111.0000,590.0000,111.0000,590.0000,153.0000,542.0000,153.0000
542.0000,111.0000,590.0000,111.0000,590.0000,153.0000,542.0000,153.0000
542.0000,111.0000,590.0000,111.0000,590.0000,153.0000,542.0000,153.0000
542.0000,111.0000,590.0000,111.0000,590.0000,153.0000,542.0000,153.0000
542.0000,111.0000,590.0000,111.0000,590.0000,153.0000,542.0000,153.0000
542.0000,111.0000,590.0000,111.0000,590.0000,153.0000,542.0000,153.0000
542.0000,111.0000,590.0000,111.0000,590.0000,153.0000,542.0000,153.0000
542.0000,111.0000,590.0000,111.0000,590.0000,153.0000,542.0000,153.0000
542.0000,111.0000,590.0000,111.0000,590.0000,153.0000,542.0000,153.0000
542.0000,111.0000,590.0000,111.0000,590.0000,153.0000,542.0000,153.0000
542.0000,111.0000,590.0000,111.0000,590.0000,153.0000,542.0000,153.0000
542.0000,111.0000,590.0000,111.0000,590.0000,153.0000,542.0000,153.0000
542.0000,111.0000,590.0000,111.0000,590.0000,153.0000,542.0000,153.0000
542.0000,111.0000,590.0000,111.0000,590.0000,153.0000,542.0000,153.0000
542.0000,111.0000,590.0000,111.0000,590.0000,153.0000,542.0000,153.0000
542.0000,111.0000,590.0000,111.0000,590.0000,153.0000,542.0000,153.0000
542.0000,111.0000,590.0000,111.0000,590.0000,153.0000,542.0000,153.0000
542.0000,111.0000,590.0000,111.0000,590.0000,153.0000,542.0000,153.0000
542.0000,111.0000,590.0000,111.0000,590.0000,153.0000,542.0000,153.0000
542.0000,111.0000,590.0000,111.0000,590.0000,153.0000,542.0000,153.0000
542.0000,111.0000,590.0000,111.0000,590.0000,153.0000,542.0000,153.0000
542.0000,111.0000,590.0000,111.0000,590.0000,153.0000,542.0000,153.0000
542.0000,111.0000,590.0000,111.0000,590.0000,153.0000,542.0000,153.0000
542.0000,111.0000,590.0000,111.0000,590.0000,153.0000,542.0000,153.0000
542.0000,111.0000,590.0000,111.0000,590.0000,153.0000,542.0000,153.0000
542.0000,111.0000,590.0000,111.0000,590.0000,153.0000,542.0000,153.0000
542.0000,111.0000,590.0000,111.0000,590.0000,153.0000,542.0000,153.0000
542.0000,111.0000,590.0000,111.0000,590.0000,153.0000,542.0000,153.0000
542.0000,111.0000,590.0000,111.0000,590.0000,153.0000,542.0000,153.0000
542.0000,111.0000,590.0000,111.0000,590.0000,153.0000,542.0000,153.0000
542.0000,111.0000,590.0000,111.0000,590.0000,153.0000,542.0000,153.0000
542.0000,111.0000,590.0000,111.0000,590.0000,153.0000,542.0000,153.0000
542.0000,111.0000,590.0000,111.0000,590.0000,153.0000,542.0000,153.0000
542.0000,111.0000,590.0000,111.0000,590.0000,153.0000,542.0000,153.0000
544.0000,115.0000,593.0000,115.0000,593.0000,158.0000,544.0000,158.0000
544.0000,115.0000,593.0000,115.0000,593.0000,158.0000,544.0000,158.0000
544.0000,115.0000,593.0000,115.0000,593.0000,158.0000,544.0000,158.0000
544.0000,115.0000,593.0000,115.0000,593.0000,158.0000,544.0000,158.0000
544.0000,115.0000,593.0000,115.0000,593.0000,158.0000,544.0000,158.0000
544.0000,115.0000,593.0000,115.0000,593.0000,158.0000,544.0000,158.0000
544.0000,115.0000,593.0000,115.0000,593.0000,158.0000,544.0000,158.0000
544.0000,115.0000,593.0000,115.0000,593.0000,158.0000,544.0000,158.0000
544.0000,115.0000,593.0000,115.0000,593.0000,158.0000,544.0000,158.0000
544.0000,115.0000,593.0000,115.0000,593.0000,158.0000,544.0000,158.0000
544.0000,115.0000,593.0000,115.0000,593.0000,158.0000,544.0000,158.0000
544.0000,115.0000,593.0000,115.0000,593.0000,158.0000,544.0000,158.0000
544.0000,115.0000,593.0000,115.0000,593.0000,158.0000,544.0000,158.0000
544.0000,115.0000,593.0000,115.0000,593.0000,158.0000,544.0000,158.0000
544.0000,115.0000,593.0000,115.0000,593.0000,158.0000,544.0000,158.0000
544.0000,115.0000,593.0000,115.0000,593.0000,158.0000,544.0000,158.0000
544.0000,115.0000,593.0000,115.0000,593.0000,158.0000,544.0000,158.0000
544.0000,115.0000,593.0000,115.0000,593.0000,158.0000,544.0000,158.0000
544.0000,115.0000,593.0000,115.0000,593.0000,158.0000,544.0000,158.0000
544.0000,115.0000,593.0000,115.0000,593.0000,158.0000,544.0000,158.0000
544.0000,115.0000,593.0000,115.0000,593.0000,158.0000,544.0000,158.0000
544.0000,115.0000,593.0000,115.0000,593.0000,158.0000,544.0000,158.0000
544.0000,115.0000,593.0000,115.0000,593.0000,158.0000,544.0000,158.0000
544.0000,115.0000,593.0000,115.0000,593.0000,158.0000,544.0000,158.0000
544.0000,115.0000,593.0000,115.0000,593.0000,158.0000,544.0000,158.0000
0
0
0
0
0
0
0
0
0
0
0
2
0
0
0
0
1
600.0000,105.0000,652.0000,105.0000,652.0000,151.0000,600.0000,151.0000
601.0000,105.0000,653.0000,105.0000,653.0000,151.0000,601.0000,151.0000
601.0000,105.0000,653.0000,105.0000,653.0000,151.0000,601.0000,151.0000
601.0000,105.0000,653.0000,105.0000,653.0000,151.0000,601.0000,151.0000
601.0000,105.0000,653.0000,105.0000,653.0000,151.0000,601.0000,151.0000
601.0000,105.0000,653.0000,105.0000,653.0000,151.0000,601.0000,151.0000
601.0000,105.0000,653.0000,105.0000,653.0000,151.0000,601.0000,151.0000
601.0000,105.0000,653.0000,105.0000,653.0000,151.0000,601.0000,151.0000
601.0000,105.0000,653.0000,105.0000,653.0000,151.0000,601.0000,151.0000
601.0000,105.0000,653.0000,105.0000,653.0000,151.0000,601.0000,151.0000
601.0000,105.0000,653.0000,105.0000,653.0000,151.0000,601.0000,151.0000
601.0000,105.0000,653.0000,105.0000,653.0000,151.0000,601.0000,151.0000
601.0000,105.0000,653.0000,105.0000,653.0000,151.0000,601.0000,151.0000
601.0000,105.0000,653.0000,105.0000,653.0000,151.0000,601.0000,151.0000
601.0000,105.0000,653.0000,105.0000,653.0000,151.0000,601.0000,151.0000
601.0000,105.0000,653.0000,105.0000,653.0000,151.0000,601.0000,151.0000
601.0000,105.0000,653.0000,105.0000,653.0000,151.0000,601.0000,151.0000
601.0000,105.0000,653.0000,105.0000,653.0000,151.0000,601.0000,151.0000
601.0000,105.0000,653.0000,105.0000,653.0000,151.0000,601.0000,151.0000
601.0000,105.0000,653.0000,105.0000,653.0000,151.0000,601.0000,151.0000
601.0000,105.0000,653.0000,105.0000,653.0000,151.0000,601.0000,151.0000
601.0000,105.0000,653.0000,105.0000,653.0000,151.0000,601.0000,151.0000
601.0000,105.0000,653.0000,105.0000,653.0000,151.0000,601.0000,151.0000
601.0000,105.0000,653.0000,105.0000,653.0000,151.0000,601.0000,151.0000
601.0000,105.0000,653.0000,105.0000,653.0000,151.0000,601.0000,151.0000
601.0000,105.0000,653.0000,105.0000,653.0000,151.0000,601.0000,151.0000
601.0000,105.0000,653.0000,105.0000,653.0000,151.0000,601.0000,151.0000
601.0000,105.0000,653.0000,105.0000,653.0000,151.0000,601.0000,151.0000
601.0000,105.0000,653.0000,105.0000,653.0000,151.0000,601.0000,151.0000
601.0000,105.0000,653.0000,105.0000,653.0000,151.0000,601.0000,151.0000
601.0000,105.0000,653.0000,105.0000,653.0000,151.0000,601.0000,151.0000
601.0000,105.0000,653.0000,105.0000,653.0000,151.0000,601.0000,151.0000
601.0000,105.0000,653.0000,105.0000,653.0000,151.0000,601.0000,151.0000
601.0000,105.0000,653.0000,105.0000,653.0000,151.0000,601.0000,151.0000
601.0000,105.0000,653.0000,105.0000,653.0000,151.0000,601.0000,151.0000
601.0000,105.0000,653.0000,105.0000,653.0000,151.0000,601.0000,151.0000
601.0000,105.0000,653.0000,105.0000,653.0000,151.0000,601.0000,151.0000
601.0000,105.0000,653.0000,105.0000,653.0000,151.0000,601.0000,151.0000
601.0000,105.0000,653.0000,105.0000,653.0000,151.0000,601.0000,151.0000
601.0000,105.0000,653.0000,105.0000,653.0000,151.0000,601.0000,151.0000
601.0000,105.0000,653.0000,105.0000,653.0000,151.0000,601.0000,151.0000
601.0000,105.0000,653.0000,105.0000,653.0000,151.0000,601.0000,151.0000
601.0000,105.0000,653.0000,105.0000,653.0000,151.0000,601.0000,151.0000
601.0000,105.0000,653.0000,105.0000,653.0000,151.0000,601.0000,151.0000
601.0000,105.0000,653.0000,105.0000,653.0000,151.0000,601.0000,151.0000
601.0000,105.0000,653.0000,105.0000,653.0000,151.0000,601.0000,151.0000
601.0000,105.0000,653.0000,105.0000,653.0000,151.0000,601.0000,151.0000
601.0000,105.0000,653.0000,105.0000,653.0000,151.0000,601.0000,151.0000
601.0000,105.0000,653.0000,105.0000,653.0000,151.0000,601.0000,151.0000
601.0000,105.0000,653.0000,105.0000,653.0000,151.0000,601.0000,151.0000
601.0000,105.0000,653.0000,105.0000,653.0000,151.0000,601.0000,151.0000
601.0000,105.0000,653.0000,105.0000,653.0000,151.0000,601.0000,151.0000
601.0000,105.0000,653.0000,105.0000,653.0000,151.0000,601.0000,151.0000
601.0000,105.0000,653.0000,105.0000,653.0000,151.0000,601.0000,151.0000
601.0000,105.0000,653.0000,105.0000,653.0000,151.0000,601.0000,151.0000
602.0000,107.0000,653.0000,107.0000,653.0000,152.0000,602.0000,152.0000
602.0000,107.0000,653.0000,107.0000,653.0000,152.0000,602.0000,152.0000
602.0000,107.0000,653.0000,107.0000,653.0000,152.0000,602.0000,152.0000
602.0000,107.0000,653.0000,107.0000,653.0000,152.0000,602.0000,152.0000
602.0000,107.0000,653.0000,107.0000,653.0000,152.0000,602.0000,152.0000
602.0000,107.0000,653.0000,107.0000,653.0000,152.0000,602.0000,152.0000
602.0000,107.0000,653.0000,107.0000,653.0000,152.0000,602.0000,152.0000
602.0000,107.0000,653.0000,107.0000,653.0000,152.0000,602.0000,152.0000
602.0000,107.0000,653.0000,107.0000,653.0000,152.0000,602.0000,152.0000
602.0000,107.0000,653.0000,107.0000,653.0000,152.0000,602.0000,152.0000
602.0000,107.0000,653.0000,107.0000,653.0000,152.0000,602.0000,152.0000
602.0000,107.0000,653.0000,107.0000,653.0000,152.0000,602.0000,152.0000
602.0000,107.0000,653.0000,107.0000,653.0000,152.0000,602.0000,152.0000
602.0000,107.0000,653.0000,107.0000,653.0000,152.0000,602.0000,152.0000
602.0000,107.0000,653.0000,107.0000,653.0000,152.0000,602.0000,152.0000
602.0000,107.0000,653.0000,107.0000,653.0000,152.0000,602.0000,152.0000
602.0000,107.0000,653.0000,107.0000,653.0000,152.0000,602.0000,152.0000
602.0000,107.0000,653.0000,107.0000,653.0000,152.0000,602.0000,152.0000
602.0000,107.0000,653.0000,107.0000,653.0000,152.0000,602.0000,152.0000
602.0000,107.0000,653.0000,107.0000,653.0000,152.0000,602.0000,152.0000
602.0000,107.0000,653.0000,107.0000,653.0000,152.0000,602.0000,152.0000
602.0000,107.0000,653.0000,107.0000,653.0000,152.0000,602.0000,152.0000
602.0000,107.0000,653.0000,107.0000,653.0000,152.0000,602.0000,152.0000
602.0000,107.0000,653.0000,107.0000,653.0000,152.0000,602.0000,152.0000
602.0000,107.0000,653.0000,107.0000,653.0000,152.0000,602.0000,152.0000
602.0000,107.0000,653.0000,107.0000,653.0000,152.0000,602.0000,152.0000
602.0000,107.0000,653.0000,107.0000,653.0000,152.0000,602.0000,152.0000
602.0000,107.0000,653.0000,107.0000,653.0000,152.0000,602.0000,152.0000
602.0000,107.0000,653.0000,107.0000,653.0000,152.0000,602.0000,152.0000
602.0000,107.0000,653.0000,107.0000,653.0000,152.0000,602.0000,152.0000
602.0000,107.0000,653.0000,107.0000,653.0000,152.0000,602.0000,152.0000
602.0000,107.0000,653.0000,107.0000,653.0000,152.0000,602.0000,152.0000
602.0000,107.0000,653.0000,107.0000,653.0000,152.0000,602.0000,152.0000
602.0000,107.0000,653.0000,107.0000,653.0000,152.0000,602.0000,152.0000
602.0000,107.0000,653.0000,107.0000,653.0000,152.0000,602.0000,152.0000
602.0000,107.0000,653.0000,107.0000,653.0000,152.0000,602.0000,152.0000
602.0000,107.0000,653.0000,107.0000,653.0000,152.0000,602.0000,152.0000
602.0000,107.0000,653.0000,107.0000,653.0000,152.0000,602.0000,152.0000
602.0000,107.0000,653.0000,107.0000,653.0000,152.0000,602.0000,152.0000
602.0000,107.0000,653.0000,107.0000,653.0000,152.0000,602.0000,152.0000
602.0000,107.0000,653.0000,107.0000,653.0000,152.0000,602.0000,152.0000
602.0000,107.0000,653.0000,107.0000,653.0000,152.0000,602.0000,152.0000
602.0000,107.0000,653.0000,107.0000,653.0000,152.0000,602.0000,152.0000
602.0000,107.0000,653.0000,107.0000,653.0000,152.0000,602.0000,152.0000
602.0000,107.0000,653.0000,107.0000,653.0000,152.0000,602.0000,152.0000
602.0000,107.0000,653.0000,107.0000,653.0000,152.0000,602.0000,152.0000
602.0000,107.0000,653.0000,107.0000,653.0000,152.0000,602.0000,152.0000
602.0000,107.0000,653.0000,107.0000,653.0000,152.0000,602.0000,152.0000
604.0000,96.0000,654.0000,96.0000,654.0000,141.0000,604.0000,141.0000
604.0000,96.0000,654.0000,96.0000,654.0000,141.0000,604.0000,141.0000
604.0000,96.0000,654.0000,96.0000,654.0000,141.0000,604.0000,141.0000
604.0000,96.0000,654.0000,96.0000,654.0000,141.0000,604.0000,141.0000
604.0000,96.0000,654.0000,96.0000,654.0000,141.0000,604.0000,141.0000
604.0000,96.0000,654.0000,96.0000,654.0000,141.0000,604.0000,141.0000
604.0000,96.0000,654.0000,96.0000,654.0000,141.0000,604.0000,141.0000
604.0000,96.0000,654.0000,96.0000,654.0000,141.0000,604.0000,141.0000
604.0000,96.0000,654.0000,96.0000,654.0000,141.0000,604.0000,141.0000
604.0000,96.0000,654.0000,96.0000,654.0000,141.0000,604.0000,141.0000
604.0000,96.0000,654.0000,96.0000,654.0000,141.0000,604.0000,141.0000
604.0000,96.0000,654.0000,96.0000,654.0000,141.0000,604.0000,141.0000
604.0000,96.0000,654.0000,96.0000,654.0000,141.0000,604.0000,141.0000
604.0000,96.0000,654.0000,96.0000,654.0000,141.0000,604.0000,141.0000
604.0000,96.0000,654.0000,96.0000,654.0000,141.0000,604.0000,141.0000
604.0000,96.0000,654.0000,96.0000,654.0000,141.0000,604.0000,141.0000
604.0000,96.0000,654.0000,96.0000,654.0000,141.0000,604.0000,141.0000
604.0000,96.0000,654.0000,96.0000,654.0000,141.0000,604.0000,141.0000
604.0000,96.0000,654.0000,96.0000,654.0000,141.0000,604.0000,141.0000
604.0000,96.0000,654.0000,96.0000,654.0000,141.0000,604.0000,141.0000
604.0000,96.0000,654.0000,96.0000,654.0000,141.0000,604.0000,141.0000
604.0000,96.0000,654.0000,96.0000,654.0000,141.0000,604.0000,141.0000
604.0000,96.0000,654.0000,96.0000,654.0000,141.0000,604.0000,141.0000
604.0000,96.0000,654.0000,96.0000,654.0000,141.0000,604.0000,141.0000
604.0000,96.0000,654.0000,96.0000,654.0000,141.0000,604.0000,141.0000
604.0000,96.0000,654.0000,96.0000,654.0000,141.0000,604.0000,141.0000
604.0000,96.0000,654.0000,96.0000,654.0000,141.0000,604.0000,141.0000
604.0000,96.0000,654.0000,96.0000,654.0000,141.0000,604.0000,141.0000
604.0000,96.0000,654.0000,96.0000,654.0000,141.0000,604.0000,141.0000
604.0000,96.0000,654.0000,96.0000,654.0000,141.0000,604.0000,141.0000
604.0000,96.0000,654.0000,96.0000,654.0000,141.0000,604.0000,141.0000
604.0000,96.0000,654.0000,96.0000,654.0000,141.0000,604.0000,141.0000
632.0000,101.0000,683.0000,101.0000,683.0000,146.0000,632.0000,146.0000
632.0000,101.0000,683.0000,101.0000,683.0000,146.0000,632.0000,146.0000
632.0000,101.0000,683.0000,101.0000,683.0000,146.0000,632.0000,146.0000
632.0000,101.0000,683.0000,101.0000,683.0000,146.0000,632.0000,146.0000
632.0000,101.0000,683.0000,101.0000,683.0000,146.0000,632.0000,146.0000
632.0000,101.0000,683.0000,101.0000,683.0000,146.0000,632.0000,146.0000
632.0000,101.0000,683.0000,101.0000,683.0000,146.0000,632.0000,146.0000
632.0000,101.0000,683.0000,101.0000,683.0000,146.0000,632.0000,146.0000
632.0000,101.0000,683.0000,101.0000,683.0000,146.0000,632.0000,146.0000
632.0000,101.0000,683.0000,101.0000,683.0000,146.0000,632.0000,146.0000
632.0000,101.0000,683.0000,101.0000,683.0000,146.0000,632.0000,146.0000
632.0000,101.0000,683.0000,101.0000,683.0000,146.0000,632.0000,146.0000
632.0000,101.0000,683.0000,101.0000,683.0000,146.0000,632.0000,146.0000
632.0000,101.0000,683.0000,101.0000,683.0000,146.0000,632.0000,146.0000
632.0000,101.0000,683.0000,101.0000,683.0000,146.0000,632.0000,146.0000
632.0000,101.0000,683.0000,101.0000,683.0000,146.0000,632.0000,146.0000
632.0000,101.0000,683.0000,101.0000,683.0000,146.0000,632.0000,146.0000
632.0000,101.0000,683.0000,101.0000,683.0000,146.0000,632.0000,146.0000
632.0000,101.0000,683.0000,101.0000,683.0000,146.0000,632.0000,146.0000
632.0000,101.0000,683.0000,101.0000,683.0000,146.0000,632.0000,146.0000
632.0000,101.0000,683.0000,101.0000,683.0000,146.0000,632.0000,146.0000
632.0000,101.0000,683.0000,101.0000,683.0000,146.0000,632.0000,146.0000
632.0000,101.0000,683.0000,101.0000,683.0000,146.0000,632.0000,146.0000
632.0000,101.0000,683.0000,101.0000,683.0000,146.0000,632.0000,146.0000
632.0000,101.0000,683.0000,101.0000,683.0000,146.0000,632.0000,146.0000
632.0000,101.0000,683.0000,101.0000,683.0000,146.0000,632.0000,146.0000
632.0000,101.0000,683.0000,101.0000,683.0000,146.0000,632.0000,146.0000
632.0000,101.0000,683.0000,101.0000,683.0000,146.0000,632.0000,146.0000
641.0000,94.0000,693.0000,94.0000,693.0000,140.0000,641.0000,140.0000
641.0000,94.0000,693.0000,94.0000,693.0000,140.0000,641.0000,140.0000
641.0000,94.0000,693.0000,94.0000,693.0000,140.0000,641.0000,140.0000
641.0000,94.0000,693.0000,94.0000,693.0000,140.0000,641.0000,140.0000
641.0000,94.0000,693.0000,94.0000,693.0000,140.0000,641.0000,140.0000
641.0000,94.0000,693.0000,94.0000,693.0000,140.0000,641.0000,140.0000
641.0000,94.0000,693.0000,94.0000,693.0000,140.0000,641.0000,140.0000
641.0000,94.0000,693.0000,94.0000,693.0000,140.0000,641.0000,140.0000
641.0000,94.0000,693.0000,94.0000,693.0000,140.0000,641.0000,140.0000
641.0000,94.0000,693.0000,94.0000,693.0000,140.0000,641.0000,140.0000
641.0000,94.0000,693.0000,94.0000,693.0000,140.0000,641.0000,140.0000
641.0000,94.0000,693.0000,94.0000,693.0000,140.0000,641.0000,140.0000
641.0000,94.0000,693.0000,94.0000,693.0000,140.0000,641.0000,140.0000
641.0000,94.0000,693.0000,94.0000,693.0000,140.0000,641.0000,140.0000
641.0000,94.0000,693.0000,94.0000,693.0000,140.0000,641.0000,140.0000
641.0000,94.0000,693.0000,94.0000,693.0000,140.0000,641.0000,140.0000
641.0000,94.0000,693.0000,94.0000,693.0000,140.0000,641.0000,140.0000
641.0000,94.0000,693.0000,94.0000,693.0000,140.0000,641.0000,140.0000
641.0000,94.0000,693.0000,94.0000,693.0000,140.0000,641.0000,140.0000
641.0000,94.0000,693.0000,94.0000,693.0000,140.0000,641.0000,140.0000
641.0000,94.0000,693.0000,94.0000,693.0000,140.0000,641.0000,140.0000
641.0000,94.0000,693.0000,94.0000,693.0000,140.0000,641.0000,140.0000
641.0000,94.0000,693.0000,94.0000,693.0000,140.0000,641.0000,140.0000
641.0000,94.0000,693.0000,94.0000,693.0000,140.0000,641.0000,140.0000
641.0000,94.0000,693.0000,94.0000,693.0000,140.0000,641.0000,140.0000
641.0000,94.0000,693.0000,94.0000,693.0000,140.0000,641.0000,140.0000
641.0000,94.0000,693.0000,94.0000,693.0000,140.0000,641.0000,140.0000
641.0000,94.0000,693.0000,94.0000,693.0000,140.0000,641.0000,140.0000
636.0000,102.0000,688.0000,102.0000,688.0000,148.0000,636.0000,148.0000
636.0000,102.0000,688.0000,102.0000,688.0000,148.0000,636.0000,148.0000
636.0000,102.0000,688.0000,102.0000,688.0000,148.0000,636.0000,148.0000
636.0000,102.0000,688.0000,102.0000,688.0000,148.0000,636.0000,148.0000
636.0000,102.0000,688.0000,102.0000,688.0000,148.0000,636.0000,148.0000
636.0000,102.0000,688.0000,102.0000,688.0000,148.0000,636.0000,148.0000
636.0000,102.0000,688.0000,102.0000,688.0000,148.0000,636.0000,148.0000
2
0
0
0
0
0
0
0
0
0
0
0
0
0
0
0
0
0
0
0
675.0000,101.0000,728.0000,101.0000,728.0000,148.0000,675.0000,148.0000
0
0
0
0
1
676.0000,101.0000,730.0000,101.0000,730.0000,150.0000,676.0000,150.0000
677.0000,102.0000,729.0000,102.0000,729.0000,149.0000,677.0000,149.0000
677.0000,102.0000,729.0000,102.0000,729.0000,149.0000,677.0000,149.0000
677.0000,102.0000,729.0000,102.0000,729.0000,149.0000,677.0000,149.0000
677.0000,102.0000,729.0000,102.0000,729.0000,149.0000,677.0000,149.0000
677.0000,102.0000,729.0000,102.0000,729.0000,149.0000,677.0000,149.0000
677.0000,102.0000,729.0000,102.0000,729.0000,149.0000,677.0000,149.0000
677.0000,102.0000,729.0000,102.0000,729.0000,149.0000,677.0000,149.0000
677.0000,102.0000,729.0000,102.0000,729.0000,149.0000,677.0000,149.0000
677.0000,102.0000,729.0000,102.0000,729.0000,149.0000,677.0000,149.0000
677.0000,102.0000,729.0000,102.0000,729.0000,149.0000,677.0000,149.0000
677.0000,102.0000,729.0000,102.0000,729.0000,149.0000,677.0000,149.0000
677.0000,102.0000,729.0000,102.0000,729.0000,149.0000,677.0000,149.0000
677.0000,102.0000,729.0000,102.0000,729.0000,149.0000,677.0000,149.0000
677.0000,102.0000,729.0000,102.0000,729.0000,149.0000,677.0000,149.0000
677.0000,102.0000,729.0000,102.0000,729.0000,149.0000,677.0000,149.0000
677.0000,102.0000,729.0000,102.0000,729.0000,149.0000,677.0000,149.0000
677.0000,102.0000,729.0000,102.0000,729.0000,149.0000,677.0000,149.0000
677.0000,102.0000,729.0000,102.0000,729.0000,149.0000,677.0000,149.0000
677.0000,102.0000,729.0000,102.0000,729.0000,149.0000,677.0000,149.0000
677.0000,102.0000,729.0000,102.0000,729.0000,149.0000,677.0000,149.0000
677.0000,102.0000,729.0000,102.0000,729.0000,149.0000,677.0000,149.0000
677.0000,102.0000,729.0000,102.0000,729.0000,149.0000,677.0000,149.0000
677.0000,102.0000,729.0000,102.0000,729.0000,149.0000,677.0000,149.0000
677.0000,102.0000,729.0000,102.0000,729.0000,149.0000,677.0000,149.0000
677.0000,102.0000,729.0000,102.0000,729.0000,149.0000,677.0000,149.0000
677.0000,102.0000,729.0000,102.0000,729.0000,149.0000,677.0000,149.0000
677.0000,102.0000,729.0000,102.0000,729.0000,149.0000,677.0000,149.0000
677.0000,102.0000,729.0000,102.0000,729.0000,149.0000,677.0000,149.0000
677.0000,102.0000,729.0000,102.0000,729.0000,149.0000,677.0000,149.0000
677.0000,102.0000,729.0000,102.0000,729.0000,149.0000,677.0000,149.0000
677.0000,102.0000,729.0000,102.0000,729.0000,149.0000,677.0000,149.0000
677.0000,102.0000,729.0000,102.0000,729.0000,149.0000,677.0000,149.0000
677.0000,102.0000,729.0000,102.0000,729.0000,149.0000,677.0000,149.0000
677.0000,102.0000,729.0000,102.0000,729.0000,149.0000,677.0000,149.0000
677.0000,102.0000,729.0000,102.0000,729.0000,149.0000,677.0000,149.0000
677.0000,102.0000,729.0000,102.0000,729.0000,149.0000,677.0000,149.0000
677.0000,102.0000,729.0000,102.0000,729.0000,149.0000,677.0000,149.0000
677.0000,102.0000,729.0000,102.0000,729.0000,149.0000,677.0000,149.0000
677.0000,102.0000,729.0000,102.0000,729.0000,149.0000,677.0000,149.0000
677.0000,102.0000,729.0000,102.0000,729.0000,149.0000,677.0000,149.0000
677.0000,102.0000,729.0000,102.0000,729.0000,149.0000,677.0000,149.0000
677.0000,102.0000,729.0000,102.0000,729.0000,149.0000,677.0000,149.0000
677.0000,102.0000,729.0000,102.0000,729.0000,149.0000,677.0000,149.0000
676.0000,101.0000,728.0000,101.0000,728.0000,147.0000,676.0000,147.0000
676.0000,101.0000,728.0000,101.0000,728.0000,147.0000,676.0000,147.0000
676.0000,101.0000,728.0000,101.0000,728.0000,147.0000,676.0000,147.0000
676.0000,101.0000,728.0000,101.0000,728.0000,147.0000,676.0000,147.0000
676.0000,101.0000,728.0000,101.0000,728.0000,147.0000,676.0000,147.0000
676.0000,101.0000,728.0000,101.0000,728.0000,147.0000,676.0000,147.0000
676.0000,101.0000,728.0000,101.0000,728.0000,147.0000,676.0000,147.0000
676.0000,101.0000,728.0000,101.0000,728.0000,147.0000,676.0000,147.0000
676.0000,101.0000,728.0000,101.0000,728.0000,147.0000,676.0000,147.0000
676.0000,101.0000,728.0000,101.0000,728.0000,147.0000,676.0000,147.0000
676.0000,101.0000,728.0000,101.0000,728.0000,147.0000,676.0000,147.0000
676.0000,101.0000,728.0000,101.0000,728.0000,147.0000,676.0000,147.0000
676.0000,101.0000,728.0000,101.0000,728.0000,147.0000,676.0000,147.0000
676.0000,101.0000,728.0000,101.0000,728.0000,147.0000,676.0000,147.0000
0
0
0
0
0
0
0
0
0
0
0
0
0
0
0
0
0
0
0
0
0
0
0
2
0
0
0
0
1
692.0000,200.0000,741.0000,200.0000,741.0000,231.0000,692.0000,231.0000
695.0000,201.0000,743.0000,201.0000,743.0000,231.0000,695.0000,231.0000
695.0000,201.0000,743.0000,201.0000,743.0000,231.0000,695.0000,231.0000
695.0000,201.0000,743.0000,201.0000,743.0000,231.0000,695.0000,231.0000
695.0000,201.0000,743.0000,201.0000,743.0000,231.0000,695.0000,231.0000
695.0000,201.0000,743.0000,201.0000,743.0000,231.0000,695.0000,231.0000
695.0000,201.0000,743.0000,201.0000,743.0000,231.0000,695.0000,231.0000
695.0000,201.0000,743.0000,201.0000,743.0000,231.0000,695.0000,231.0000
695.0000,201.0000,743.0000,201.0000,743.0000,231.0000,695.0000,231.0000
695.0000,201.0000,743.0000,201.0000,743.0000,231.0000,695.0000,231.0000
695.0000,201.0000,743.0000,201.0000,743.0000,231.0000,695.0000,231.0000
2
0
0
0
0
0
0
0
0
0
0
0
0
0
0
0
0
0
0
0
0
0
0
0
0
0
697.0000,201.0000,744.0000,201.0000,744.0000,231.0000,697.0000,231.0000
0
0
0
0
1
751.0000,182.0000,767.0000,182.0000,767.0000,228.0000,751.0000,228.0000
751.0000,179.0000,766.0000,179.0000,766.0000,224.0000,751.0000,224.0000
751.0000,179.0000,766.0000,179.0000,766.0000,224.0000,751.0000,224.0000
751.0000,179.0000,766.0000,179.0000,766.0000,224.0000,751.0000,224.0000
751.0000,179.0000,766.0000,179.0000,766.0000,224.0000,751.0000,224.0000
751.0000,179.0000,766.0000,179.0000,766.0000,224.0000,751.0000,224.0000
751.0000,179.0000,766.0000,179.0000,766.0000,224.0000,751.0000,224.0000
751.0000,179.0000,766.0000,179.0000,766.0000,224.0000,751.0000,224.0000
0
0
0
0
0
0
0
0
0
0
0
0
0
0
0
0
0
0
0
0
0
0
2
0
0
0
