1
584.0000,475.0000,98.0000,111.0000
587.0000,475.0000,94.0000,111.0000
587.0000,478.0000,92.0000,106.0000
587.0000,479.0000,91.0000,105.0000
587.0000,481.0000,90.0000,103.0000
586.0000,483.0000,92.0000,101.0000
587.0000,484.0000,93.0000,100.0000
590.0000,485.0000,90.0000,100.0000
588.0000,482.0000,93.0000,103.0000
589.0000,485.0000,91.0000,106.0000
588.0000,487.0000,91.0000,105.0000
590.0000,487.0000,89.0000,104.0000
588.0000,489.0000,89.0000,101.0000
587.0000,488.0000,88.0000,102.0000
586.0000,488.0000,89.0000,103.0000
586.0000,490.0000,86.0000,102.0000
586.0000,490.0000,87.0000,103.0000
587.0000,491.0000,86.0000,104.0000
586.0000,488.0000,87.0000,105.0000
586.0000,489.0000,87.0000,106.0000
587.0000,488.0000,86.0000,106.0000
586.0000,488.0000,86.0000,105.0000
585.0000,490.0000,88.0000,106.0000
585.0000,486.0000,89.0000,110.0000
585.0000,486.0000,88.0000,113.0000
586.0000,489.0000,88.0000,112.0000
584.0000,490.0000,88.0000,112.0000
586.0000,490.0000,88.0000,113.0000
585.0000,488.0000,89.0000,111.0000
585.0000,491.0000,92.0000,109.0000
584.0000,490.0000,95.0000,111.0000
585.0000,489.0000,95.0000,111.0000
587.0000,489.0000,96.0000,111.0000
587.0000,489.0000,98.0000,112.0000
588.0000,489.0000,100.0000,111.0000
589.0000,488.0000,103.0000,112.0000
590.0000,489.0000,102.0000,110.0000
592.0000,488.0000,104.0000,113.0000
594.0000,489.0000,105.0000,113.0000
595.0000,487.0000,107.0000,115.0000
593.0000,485.0000,112.0000,118.0000
592.0000,484.0000,116.0000,121.0000
597.0000,489.0000,109.0000,122.0000
597.0000,491.0000,108.0000,120.0000
597.0000,492.0000,105.0000,118.0000
603.0000,498.0000,102.0000,119.0000
598.0000,501.0000,102.0000,115.0000
596.0000,506.0000,102.0000,118.0000
594.0000,501.0000,103.0000,115.0000
595.0000,504.0000,103.0000,113.0000
598.0000,502.0000,103.0000,113.0000
595.0000,501.0000,103.0000,111.0000
596.0000,520.0000,101.0000,113.0000
591.0000,546.0000,99.0000,111.0000
591.0000,561.0000,95.0000,109.0000
589.0000,571.0000,95.0000,108.0000
584.0000,568.0000,93.0000,106.0000
585.0000,565.0000,94.0000,107.0000
586.0000,568.0000,93.0000,107.0000
593.0000,577.0000,89.0000,103.0000
589.0000,578.0000,89.0000,103.0000
593.0000,583.0000,87.0000,102.0000
586.0000,577.0000,88.0000,102.0000
588.0000,580.0000,87.0000,101.0000
589.0000,582.0000,86.0000,98.0000
590.0000,583.0000,85.0000,94.0000
592.0000,581.0000,87.0000,95.0000
594.0000,579.0000,86.0000,93.0000
599.0000,584.0000,86.0000,96.0000
605.0000,581.0000,86.0000,98.0000
606.0000,577.0000,87.0000,97.0000
615.0000,574.0000,88.0000,98.0000
621.0000,561.0000,88.0000,102.0000
628.0000,557.0000,89.0000,99.0000
635.0000,552.0000,88.0000,98.0000
645.0000,553.0000,87.0000,96.0000
659.0000,550.0000,88.0000,93.0000
664.0000,548.0000,86.0000,92.0000
674.0000,539.0000,92.0000,95.0000
677.0000,543.0000,92.0000,92.0000
684.0000,548.0000,94.0000,95.0000
688.0000,548.0000,97.0000,97.0000
699.0000,554.0000,100.0000,100.0000
705.0000,551.0000,104.0000,98.0000
711.0000,546.0000,105.0000,98.0000
722.0000,537.0000,102.0000,94.0000
721.0000,534.0000,105.0000,96.0000
734.0000,540.0000,102.0000,93.0000
738.0000,536.0000,102.0000,96.0000
742.0000,534.0000,104.0000,94.0000
746.0000,534.0000,105.0000,95.0000
751.0000,531.0000,101.0000,93.0000
754.0000,530.0000,104.0000,95.0000
763.0000,531.0000,101.0000,94.0000
775.0000,530.0000,99.0000,92.0000
775.0000,523.0000,100.0000,94.0000
784.0000,527.0000,101.0000,96.0000
798.0000,527.0000,97.0000,96.0000
802.0000,526.0000,97.0000,100.0000
797.0000,528.0000,104.0000,100.0000
811.0000,527.0000,95.0000,98.0000
815.0000,528.0000,98.0000,98.0000
822.0000,529.0000,94.0000,99.0000
822.0000,530.0000,96.0000,100.0000
826.0000,533.0000,94.0000,100.0000
829.0000,532.0000,92.0000,97.0000
835.0000,526.0000,90.0000,101.0000
829.0000,524.0000,94.0000,104.0000
833.0000,521.0000,92.0000,106.0000
835.0000,525.0000,89.0000,103.0000
836.0000,531.0000,90.0000,99.0000
836.0000,531.0000,87.0000,95.0000
832.0000,531.0000,89.0000,96.0000
831.0000,526.0000,92.0000,97.0000
825.0000,533.0000,94.0000,95.0000
814.0000,531.0000,101.0000,94.0000
816.0000,526.0000,97.0000,96.0000
820.0000,512.0000,93.0000,93.0000
802.0000,530.0000,101.0000,95.0000
796.0000,533.0000,101.0000,93.0000
782.0000,536.0000,105.0000,96.0000
784.0000,528.0000,99.0000,93.0000
776.0000,522.0000,103.0000,94.0000
774.0000,514.0000,103.0000,92.0000
772.0000,512.0000,102.0000,96.0000
765.0000,508.0000,98.0000,95.0000
755.0000,511.0000,100.0000,98.0000
753.0000,492.0000,94.0000,99.0000
757.0000,486.0000,92.0000,104.0000
748.0000,479.0000,94.0000,103.0000
752.0000,488.0000,98.0000,109.0000
753.0000,483.0000,99.0000,107.0000
746.0000,468.0000,106.0000,112.0000
740.0000,443.0000,99.0000,101.0000
734.0000,444.0000,102.0000,101.0000
731.0000,438.0000,102.0000,107.0000
727.0000,438.0000,108.0000,114.0000
