1
382.7761,466.3467,72.1178,77.4257
388.9904,465.4342,70.3698,76.4080
388.9904,465.4342,70.3698,76.4080
388.9904,465.4342,70.3698,76.4080
388.9904,465.4342,70.3698,76.4080
388.9904,465.4342,70.3698,76.4080
388.9904,465.4342,70.3698,76.4080
388.9904,465.4342,70.3698,76.4080
388.9904,465.4342,70.3698,76.4080
388.9904,465.4342,70.3698,76.4080
388.9904,465.4342,70.3698,76.4080
388.9904,465.4342,70.3698,76.4080
400.6438,461.4307,69.6671,75.9339
0
0
0
0
0
0
0
0
0
2
0
0
0
0
1
1382.5632,307.8942,75.8115,41.9181
1415.7740,298.5754,75.4158,40.9592
1415.7740,298.5754,75.4158,40.9592
0
0
0
0
0
0
0
0
0
0
0
2
0
0
0
0
1
1599.7126,280.2248,56.1834,36.2388
1593.6188,272.9445,55.3698,35.1445
1593.6188,272.9445,55.3698,35.1445
1593.6188,272.9445,55.3698,35.1445
1593.6188,272.9445,55.3698,35.1445
0
0
0
0
0
0
0
0
0
0
2
0
0
0
0
1
1490.2838,194.8913,62.2550,46.2113
2
0
0
0
0
1
1112.1149,269.6714,78.3740,65.3109
1080.7361,276.2579,79.0649,67.0080
0
0
0
0
0
0
0
0
2
0
0
0
0
1
430.9998,524.9066,70.8750,52.6708
425.9039,528.9037,69.2901,52.6278
425.9039,528.9037,69.2901,52.6278
425.9039,528.9037,69.2901,52.6278
425.9039,528.9037,69.2901,52.6278
425.9039,528.9037,69.2901,52.6278
425.9039,528.9037,69.2901,52.6278
425.9039,528.9037,69.2901,52.6278
425.9039,528.9037,69.2901,52.6278
425.9039,528.9037,69.2901,52.6278
425.9039,528.9037,69.2901,52.6278
425.9039,528.9037,69.2901,52.6278
425.9039,528.9037,69.2901,52.6278
421.3313,539.0370,68.2532,53.1095
421.3313,539.0370,68.2532,53.1095
421.3313,539.0370,68.2532,53.1095
421.3313,539.0370,68.2532,53.1095
421.3313,539.0370,68.2532,53.1095
421.3313,539.0370,68.2532,53.1095
421.3313,539.0370,68.2532,53.1095
421.3313,539.0370,68.2532,53.1095
421.3313,539.0370,68.2532,53.1095
421.3313,539.0370,68.2532,53.1095
421.3313,539.0370,68.2532,53.1095
407.2209,538.3141,67.3199,52.4238
407.2209,538.3141,67.3199,52.4238
407.2209,538.3141,67.3199,52.4238
407.2209,538.3141,67.3199,52.4238
407.2209,538.3141,67.3199,52.4238
407.2209,538.3141,67.3199,52.4238
407.2209,538.3141,67.3199,52.4238
407.2209,538.3141,67.3199,52.4238
407.2209,538.3141,67.3199,52.4238
407.2209,538.3141,67.3199,52.4238
407.2209,538.3141,67.3199,52.4238
407.2209,538.3141,67.3199,52.4238
391.6779,529.3599,66.5624,51.8067
0
0
0
0
0
0
0
0
0
0
2
0
0
0
0
1
1513.9283,291.2301,80.4013,41.3467
1516.1361,292.3311,80.4659,40.6776
1516.1361,292.3311,80.4659,40.6776
0
0
0
0
0
0
0
0
0
0
2
0
0
0
0
1
1546.6022,253.5705,57.9053,29.7748
1544.4512,246.9719,57.0911,28.9782
1544.4512,246.9719,57.0911,28.9782
1544.4512,246.9719,57.0911,28.9782
1544.4512,246.9719,57.0911,28.9782
1544.4512,246.9719,57.0911,28.9782
1544.4512,246.9719,57.0911,28.9782
1544.4512,246.9719,57.0911,28.9782
1544.4512,246.9719,57.0911,28.9782
1544.4512,246.9719,57.0911,28.9782
1544.4512,246.9719,57.0911,28.9782
1544.4512,246.9719,57.0911,28.9782
0
0
0
2
0
0
0
0
1
1063.3507,368.8483,73.6900,42.0787
1047.6559,375.7761,73.9731,42.4816
0
0
0
0
0
0
0
0
0
0
2
0
0
0
0
1
333.3661,509.0710,83.9276,44.8922
318.4472,504.3480,81.9167,44.3039
318.4472,504.3480,81.9167,44.3039
318.4472,504.3480,81.9167,44.3039
318.4472,504.3480,81.9167,44.3039
318.4472,504.3480,81.9167,44.3039
318.4472,504.3480,81.9167,44.3039
318.4472,504.3480,81.9167,44.3039
318.4472,504.3480,81.9167,44.3039
318.4472,504.3480,81.9167,44.3039
318.4472,504.3480,81.9167,44.3039
318.4472,504.3480,81.9167,44.3039
309.1022,502.4434,80.8964,44.4998
309.1022,502.4434,80.8964,44.4998
309.1022,502.4434,80.8964,44.4998
309.1022,502.4434,80.8964,44.4998
0
0
0
0
0
0
0
0
0
2
0
0
0
0
1
1008.4144,498.6269,79.2446,39.4398
2
0
0
0
0
1
1426.4482,481.8510,74.6197,31.6292
1447.0592,478.5905,74.1252,32.0561
2
0
0
0
