1
187.4615,17.5106,89.3320,93.3279
187.9847,17.7289,89.8633,93.8638
187.3698,17.4014,90.1939,94.1984
187.3410,17.4496,89.6943,94.2000
187.1553,17.9710,88.8725,93.8733
186.7805,18.5655,89.1844,93.6889
186.1196,18.5051,89.2145,93.2184
186.2587,19.1219,88.6685,92.6698
186.0439,19.7833,88.2530,92.5011
185.1440,20.3410,88.1248,92.1252
184.1828,21.1288,89.4192,93.1600
183.5858,21.9081,89.3831,92.8780
183.1514,22.5131,90.0418,94.2897
183.3599,21.9923,90.5143,94.5132
184.1646,23.6701,89.1007,93.6017
184.1914,24.9441,88.7412,92.9932
184.1382,26.7369,88.4317,92.4443
181.6030,26.4281,91.8087,94.8127
180.3542,24.5155,93.1126,96.1087
181.3129,23.8433,93.3431,96.8512
180.3800,22.8735,96.5736,100.3381
171.6123,20.1752,106.2043,109.2150
173.5163,24.5569,99.9279,103.4237
177.8158,28.3460,93.7561,97.5136
179.7841,31.3428,91.9096,95.4120
182.0102,33.8165,89.2109,92.7077
183.2392,33.5796,87.9309,91.1728
184.4731,33.3261,86.9679,90.7056
185.8986,33.2359,86.5345,90.2546
186.1294,33.8765,86.5858,90.0588
186.6528,34.3834,85.5134,89.2507
184.2763,27.6402,92.8540,96.5883
184.2330,26.6661,92.9772,96.4610
186.3940,29.8491,89.5595,93.2767
188.2586,31.6081,87.4569,91.1583
189.9497,33.0400,85.9770,90.1836
191.1066,33.9133,84.7571,89.2120
199.8956,45.6841,73.7075,77.1780
206.5582,53.0020,65.7359,68.7032
196.5330,35.7865,83.5003,87.2334
184.2104,17.0681,102.4756,106.9672
184.0666,19.0446,99.7044,103.9512
183.9703,16.7971,104.0557,108.5435
184.0323,15.8942,104.2559,108.7442
183.9333,15.5126,105.9711,109.9623
183.9038,16.4182,103.6432,107.6394
183.7476,15.7051,105.2709,109.7577
183.0659,14.3778,107.7238,112.7043
177.8465,15.8921,111.5266,116.0047
177.8849,16.9591,109.6988,113.6855
180.8332,16.4049,107.3013,111.7761
182.7671,18.2942,101.3031,106.0161
178.4423,19.2021,101.6497,105.6042
177.8916,21.0506,98.6480,102.6154
178.7064,21.3811,98.5506,102.0092
174.9379,20.7522,100.8157,103.7871
172.8223,20.0105,101.6301,104.6052
174.0210,20.6213,100.6551,104.1419
172.6200,20.3037,102.1993,105.6845
175.3141,18.9526,105.4543,108.9373
180.0859,18.2988,107.5490,111.5454
174.8219,18.7805,105.7924,109.7897
169.1492,19.3367,104.2795,108.2576
173.4888,19.5600,105.7489,109.9666
169.3396,18.7208,107.3753,111.1040
168.4874,19.8333,103.6195,107.0999
166.5631,18.8439,106.6769,109.9112
166.2984,18.7451,107.1316,110.6132
174.0364,38.0537,89.0519,92.0381
164.8188,25.6097,104.1379,107.1515
161.1161,16.6397,114.5354,117.5341
164.0084,18.7161,111.0005,114.4891
164.3219,19.1717,110.4035,114.1547
162.6408,17.3395,112.0706,115.8326
155.4953,12.2366,120.3658,123.1266
156.3680,12.5658,120.1345,122.6367
158.4710,13.7682,117.7686,120.5247
159.3822,13.9452,116.7267,119.2386
160.7963,14.9075,115.2763,118.0368
162.4208,16.4647,112.3548,115.3690
163.4595,16.7024,111.6949,115.2128
161.7442,15.3442,113.8242,116.8475
161.0635,15.4445,113.7905,116.5559
164.5117,19.0210,109.7335,112.4994
164.0479,18.2677,109.9186,112.9347
165.9984,19.1785,107.7920,110.8064
165.6495,18.7866,108.0076,110.5179
165.7903,18.8190,108.4314,111.1900
165.0909,17.8015,108.9744,111.9868
163.3899,16.8985,110.7572,113.7629
163.5817,16.9323,110.6793,113.6835
165.4811,19.4394,107.6056,110.3576
163.9217,17.6961,110.3739,113.3751
162.4469,16.4708,111.5351,114.0347
164.4194,18.1748,109.8652,112.1157
162.9393,16.9801,112.0414,114.2919
164.9066,18.9217,108.1140,110.6156
166.8910,20.4468,106.1003,109.3497
166.4130,19.2149,106.5588,110.3082
166.9413,18.4638,107.2945,110.2916
164.4149,17.6915,109.6212,112.3709
165.1628,18.9435,108.0746,110.5736
163.0616,17.4720,111.5414,113.7913
164.9883,18.9244,108.6086,111.1096
166.9501,20.4704,106.3081,109.0574
166.4591,19.2238,106.7969,110.0467
2
0
0
0
0
1
108.6065,115.1306,83.7799,85.2565
111.4013,114.1493,82.8686,84.0984
113.2912,113.1316,82.3401,83.3378
114.4165,111.1063,84.0695,85.3258
117.2500,108.3834,85.7739,87.5075
121.7714,106.8715,87.1232,88.3205
125.3147,98.3654,95.5462,96.0002
128.7319,88.8240,103.0679,104.0679
132.6051,83.1167,105.5689,106.3135
136.4982,79.0554,104.7763,105.2706
139.4479,69.6629,111.0497,111.0497
139.7717,56.7407,122.8055,122.8055
144.0443,56.6004,117.2616,117.7616
151.3366,61.1891,109.4896,110.2314
159.6299,67.4175,99.2233,100.7128
172.1212,83.7728,76.5567,77.5400
178.0637,89.9339,67.3001,68.2844
181.1338,93.0241,62.9188,63.1735
182.2689,93.3039,62.3731,62.8731
183.6346,93.2086,61.7993,62.5544
145.6620,96.6677,73.9444,74.4518
144.3868,93.8883,76.3750,76.8751
2
0
0
0
0
1
242.2652,61.2980,35.8608,92.5577
243.1034,63.5374,35.7416,91.7991
242.8273,64.6395,35.7024,91.0261
242.0102,65.9422,34.3131,89.2722
241.0000,67.0000,33.0000,88.0000
239.0000,65.0000,36.0000,93.0000
238.0000,64.0000,37.0000,96.0000
237.8555,70.9999,35.0484,90.2587
237.0491,75.6782,34.2677,87.0732
236.0250,80.4994,32.8149,83.9167
234.0000,77.0000,38.0000,79.0000
233.0000,89.0000,31.0000,79.0000
232.0000,92.0000,31.0000,78.0000
230.0000,92.0000,32.0000,80.0000
229.0000,92.0000,34.0000,82.0000
232.0000,76.0000,37.0000,80.0000
233.2561,76.3654,35.8599,79.8168
233.3993,76.7481,36.5030,80.0434
234.4268,76.2199,35.6140,80.1691
231.6793,76.3257,39.6896,81.8237
232.6597,76.0603,36.8050,80.8591
234.3655,76.3991,34.3657,79.8982
233.2309,77.7927,36.3432,79.3636
234.3906,76.6725,34.4396,78.5600
234.8156,76.9894,34.4832,78.5139
234.2094,77.2963,35.1807,78.6812
234.3805,77.6734,35.2176,78.7177
235.1551,76.7810,34.0629,79.1272
235.3911,76.8260,33.4239,78.7134
236.7468,76.2991,32.2284,79.0250
236.0114,76.8319,32.5167,78.6562
236.4119,76.8112,31.9583,78.4222
234.0090,77.0638,36.3907,79.0085
233.4155,76.9839,35.6436,78.5467
235.0795,77.2721,33.4148,78.0751
233.5437,77.5434,36.1816,78.4765
232.9469,77.0498,36.0555,77.7843
233.2537,76.9173,35.9164,78.8145
232.3526,78.2068,37.7774,78.2532
232.0447,77.5689,38.2312,78.9917
232.7655,77.3426,37.2629,78.2288
234.5511,77.5396,34.2208,78.0009
234.2429,77.4088,34.7887,77.6507
2
0
0
0
0
1
160.4164,102.9827,61.0653,81.0292
158.8327,99.2520,61.6563,81.1933
155.0663,94.3214,62.9474,82.7009
149.6177,89.2601,65.7419,85.4258
144.2709,83.9605,69.0459,88.3034
142.4523,81.0641,68.9881,87.7947
139.4853,78.2800,69.2987,88.1100
132.9428,74.2738,72.6814,90.4148
123.4486,69.3885,78.6615,95.7218
115.8276,66.1653,83.1131,99.1045
107.1993,62.2566,88.6542,104.2202
105.3471,63.7470,85.8381,100.6466
103.9251,64.8701,83.8211,98.4320
102.0385,64.1740,82.2225,98.0627
97.6552,63.5135,84.4549,98.5441
91.2771,59.6945,89.3299,103.0973
86.3572,55.6495,93.1126,106.3905
88.6372,48.7778,89.4318,107.8652
85.2006,44.0141,93.7685,112.7405
84.9968,40.2853,94.3238,115.3661
100.3729,48.6477,82.4544,101.7718
91.1268,40.9481,90.0127,111.7803
83.8401,31.5633,94.7937,121.3348
72.8135,25.8215,108.8235,133.9088
63.9025,23.6789,119.4230,141.3197
66.8881,28.2329,114.5772,135.4685
67.1610,28.3822,113.9164,134.7958
69.3846,31.4997,109.6356,130.3160
69.1979,31.8869,109.3124,130.2299
66.0336,31.8548,112.7190,132.8664
66.2330,34.6647,111.0492,129.9606
64.5186,33.0029,112.7744,132.4252
70.1525,34.9050,105.2678,126.6830
86.7154,49.3063,85.2083,106.6237
95.5738,57.7756,74.8729,95.2077
99.6961,60.4141,72.5017,90.8827
103.3160,64.9148,68.2422,86.3931
107.3942,68.7919,64.6431,82.7920
101.9597,67.8382,69.0782,85.9903
110.5872,77.0053,59.7076,74.5831
116.1001,82.2764,55.9917,71.2450
118.9804,86.3510,57.0199,71.3169
111.9573,83.0929,58.2729,71.7335
116.0997,86.7818,62.1105,75.5005
112.8711,84.9796,61.2838,74.3307
110.1557,80.7738,60.5820,74.6571
108.3170,76.1320,58.0836,73.0470
111.6686,77.7677,55.4357,70.4681
111.0117,73.5504,59.1113,74.8521
112.7794,73.7675,56.6605,73.0765
108.7192,75.0121,63.5190,77.1266
111.4913,78.1935,59.8018,72.1279
118.0323,81.2566,54.5373,66.9638
122.5161,82.8559,52.3552,63.7330
125.9061,86.2087,54.7276,61.3618
129.0099,89.8264,53.3103,58.6821
128.2811,87.3860,59.4412,63.8627
127.8443,84.5364,62.4992,67.9571
131.6352,88.4247,60.0046,64.2398
133.9487,90.9561,59.1039,62.5797
136.2011,92.0257,59.2348,62.4486
137.8683,92.3555,61.6772,64.1244
139.1623,92.5077,63.4600,66.4425
141.3261,90.5116,65.9265,70.9103
145.8203,92.8444,62.4491,68.8450
149.6632,92.8082,65.0133,70.9306
153.3598,94.4855,66.7388,70.5827
156.9371,95.6185,68.1936,72.1349
159.0240,95.9050,65.0113,72.1952
158.2071,91.8779,71.5281,78.4238
158.0990,90.3647,81.2148,84.2013
160.5957,95.4149,78.1348,81.3716
162.5663,98.4379,76.8493,80.0309
164.5620,97.8699,78.6333,81.5750
166.3364,94.3933,84.9122,86.8477
169.4312,95.5929,83.0309,85.0101
176.4625,106.0680,73.1337,73.0881
185.7189,119.7305,58.7620,56.2816
188.6367,126.5620,48.5638,50.3564
190.8135,127.8349,49.6546,51.1915
198.1139,130.8858,60.0825,55.1785
204.2398,141.1094,56.1606,49.1051
147.0000,106.0000,95.0000,113.0000
151.1375,109.8674,94.4762,110.6751
146.7763,106.4768,100.1451,117.1374
146.4001,107.0720,102.4630,119.6348
146.8923,107.1744,103.3301,120.8529
187.2744,131.2809,75.8660,82.3414
189.0960,132.5467,76.4723,83.4808
172.6094,116.7541,87.5974,100.0582
158.1307,111.4194,99.6181,114.3724
143.4638,105.4350,112.3484,129.2600
143.2722,105.4961,113.4016,129.8293
142.5844,105.4434,115.1827,131.1333
142.9954,105.6344,115.2682,130.9496
177.5206,124.3995,82.9259,92.6480
160.5335,115.4028,97.9018,110.6039
174.8895,124.6129,78.3737,91.7965
204.9809,144.2326,60.5383,69.2199
197.3343,146.3649,59.8118,67.2273
195.8709,148.4129,56.7650,63.3511
2
0
0
0
0
1
184.7366,32.8277,108.2949,113.2285
183.9300,34.2058,106.9184,112.3336
183.7274,34.1506,108.6842,113.8840
183.0800,32.8122,111.2325,116.1967
181.9610,32.6451,112.0288,116.9773
180.9659,32.0718,112.4232,117.8666
179.8522,31.1895,114.0296,119.5159
178.8990,30.8919,115.7209,120.2309
179.2854,30.8103,116.0421,120.5423
178.9910,30.4595,117.3271,121.5605
179.2374,30.6525,116.8091,121.2825
179.6679,30.8153,116.2646,120.4962
179.6524,30.9817,116.1109,120.5932
179.5499,30.9948,116.0984,120.6070
179.1358,31.0241,116.3518,120.6097
179.5210,31.2639,116.0571,120.0618
179.2210,31.2061,115.4678,120.4673
179.8564,30.9641,115.1971,120.6905
180.3281,31.0830,114.7471,120.4951
180.3459,31.1772,114.9194,120.4139
180.4728,31.2697,114.9751,120.2264
180.5645,31.4784,115.0056,120.5002
180.1655,31.5363,114.9255,120.1781
148.1649,24.9827,121.0039,125.5013
147.2717,24.5287,121.7359,126.2279
136.7836,26.9082,115.3530,119.8556
131.6869,29.1872,110.6661,115.1863
127.6675,29.4385,110.3094,114.0682
153.8846,30.5676,112.3880,117.1382
