1
293.7075,74.2716,62.0072,228.6057
293.8054,74.4203,61.5892,228.2259
291.6797,74.9406,62.8889,226.5142
285.0768,75.1383,68.1683,225.5369
286.0232,74.4921,66.0291,226.5246
282.0108,74.8435,68.8829,229.3621
270.7675,75.8804,77.9867,229.2770
275.3752,76.9893,72.0086,225.5216
278.6049,78.6498,66.9927,223.8315
277.7771,81.5590,64.4380,221.2266
279.3908,81.7431,62.5294,220.7729
273.5875,81.4942,67.1977,230.2636
257.4487,81.7485,80.9093,242.7180
251.2235,79.4950,87.5190,247.4961
246.1292,81.5071,93.9086,249.3674
239.5529,86.7857,102.0210,251.2494
226.4979,86.9693,117.0515,235.0618
214.1283,87.1693,132.8800,230.5902
231.3297,91.5388,113.0338,238.1163
247.5965,100.2745,95.2864,218.8150
263.5090,107.7225,73.8285,202.8113
263.9609,108.3347,76.1680,199.7938
263.6846,100.4553,97.3340,207.5106
258.8267,97.9563,105.0689,211.0493
281.2539,93.0444,107.3220,219.4947
307.3615,86.9234,103.5946,220.8508
310.4094,88.9924,96.2686,197.0214
310.6204,87.5360,94.7534,203.6004
312.3699,86.2217,93.1091,193.7081
312.9161,86.9756,88.0697,200.5529
312.0011,87.1214,90.1471,200.2076
311.7317,88.0113,91.0762,197.6652
311.5762,87.9241,91.8673,199.9090
315.2404,93.5844,68.5323,165.6959
311.1888,92.8698,99.6588,197.1357
304.0643,90.9778,98.5617,242.5689
302.3320,90.4415,116.4355,252.1875
286.9398,90.9384,107.6089,188.2526
300.4402,89.9950,70.2730,149.5230
306.9860,87.6290,52.5449,132.5707
306.5871,82.1435,45.3911,125.9983
303.5471,83.0303,38.3217,119.5775
299.0551,81.4341,34.9813,103.0997
291.0564,78.8189,42.1545,102.0695
291.5000,79.4405,42.0770,101.9770
288.7616,77.8967,41.8205,101.2385
2
0
0
0
0
1
268.5407,59.3385,126.7362,241.0335
268.2572,59.4932,127.0187,241.0245
267.0860,63.2237,126.6272,238.7233
262.9003,72.2142,126.9715,232.7506
260.4408,70.9865,130.5356,236.0295
255.4269,73.8855,135.3659,235.2092
251.5230,78.5743,140.5884,233.9190
253.4970,79.7382,137.2722,231.5209
247.8840,77.3865,146.1383,238.0700
250.3976,77.6185,144.6346,231.7939
247.4179,77.2340,147.3018,229.5481
243.0760,73.0670,153.4658,232.3866
248.1573,70.9482,154.0701,239.6398
251.0321,72.4528,148.0711,238.3232
252.8666,73.0488,144.1273,237.1109
250.6545,73.2489,142.2762,240.0918
255.0619,75.4890,134.7867,235.7771
253.8220,75.4498,133.1056,236.1715
243.9631,70.1836,144.3139,246.5468
249.4762,73.0122,133.0229,237.9891
248.3694,73.9052,127.9730,234.3440
241.8168,73.6434,129.1278,234.8987
234.8763,68.7304,143.5632,247.5587
232.2089,68.2047,143.5370,247.4718
234.7624,71.9257,133.6219,239.1109
235.3577,72.4909,131.8030,239.0278
235.3078,73.7898,131.8988,238.5304
238.1621,79.8725,124.6644,223.3702
241.5326,83.9621,117.0855,198.0709
236.9926,79.8404,120.5526,215.4871
232.8865,76.1801,122.8808,227.9993
240.9277,83.9943,111.0505,194.5242
245.9649,89.8962,103.1742,177.7372
226.9105,81.0311,138.2417,229.0618
207.4016,70.9593,176.6148,280.6082
206.5521,69.3766,187.6115,281.6234
206.6090,66.9448,193.4916,284.0552
203.5435,67.4879,176.2815,284.2799
202.1319,64.6139,188.7735,286.3861
202.3842,60.1308,197.0926,290.8692
203.4190,60.4873,197.5300,291.2884
200.7498,57.1444,202.5464,293.8556
201.9079,56.4944,187.0880,285.6258
201.9452,53.7537,205.0194,293.2660
205.2489,49.2805,206.6913,299.9740
199.1956,46.9894,204.2181,300.3422
213.0916,46.9881,191.0184,293.0230
201.4688,41.9382,201.0550,304.6704
203.4333,40.8793,190.5374,291.0323
200.4547,39.4991,205.7796,302.5219
189.8871,34.4770,233.3391,316.5230
215.2650,43.1598,199.5507,253.9404
196.3811,36.4892,245.7730,288.0143
169.9803,28.5709,301.2570,322.4291
163.0207,31.0352,310.7825,320.4098
161.4952,30.4859,323.0308,321.0306
156.8489,31.5384,332.1899,319.7111
149.3913,33.3082,341.1578,316.7956
151.7262,34.7289,341.5381,316.2879
156.1090,38.5560,330.3591,312.5244
154.2769,35.7118,350.3540,313.9588
182.9924,39.9911,339.0055,311.5080
177.0215,40.2252,340.6142,310.2660
171.0521,42.4610,326.5539,307.2577
179.5074,49.2304,288.7892,301.5399
182.9161,52.9375,266.1883,297.8219
242.1755,69.9874,148.9137,168.8605
211.0871,57.9973,241.5032,249.0035
171.3313,44.6022,280.4787,306.3978
157.3117,47.1794,279.0149,304.7983
158.2983,47.9944,279.0253,303.0056
147.9084,39.1275,299.1456,311.8725
167.6548,26.3642,221.6416,208.1084
132.6427,40.9808,299.0154,310.0192
181.5226,33.8461,207.8672,204.0501
104.1934,33.5820,321.5190,317.4180
171.4893,36.4819,206.5373,196.0374
95.1432,34.8702,323.3243,316.1298
130.4483,27.5292,235.7835,210.2939
75.4249,36.9765,323.0401,314.0235
2
0
0
0
0
1
313.1775,87.8735,107.9795,204.8089
311.8376,90.7014,115.1453,206.6244
311.4129,90.4710,116.0315,207.0428
311.8936,91.1609,117.4749,207.7342
312.5254,91.6061,117.9699,210.2210
312.9865,91.7471,117.5448,210.7617
313.7114,91.6578,117.7599,210.8770
315.2437,90.5957,117.1572,210.0233
316.5638,91.7224,114.3067,208.5663
316.4777,88.8047,117.8520,209.2348
316.9283,81.6268,123.7560,212.2404
318.9324,83.2364,119.7901,211.7793
317.6719,79.1312,123.5445,214.5653
313.5323,71.7029,130.3640,219.7222
315.9731,71.6846,127.3254,220.0921
316.4302,69.7719,124.6971,220.4261
313.1545,59.3937,132.6583,232.2543
315.0646,62.2153,127.5711,228.0495
309.4479,59.7030,132.4127,230.4802
306.7160,45.5597,142.5493,232.7982
310.0723,42.7293,142.0537,227.5629
310.4593,39.7774,140.4471,223.5545
308.4272,35.9699,142.6687,221.3228
312.7110,31.4973,145.9990,222.9949
312.0016,33.8949,142.1643,218.1909
306.5250,34.2155,146.9749,209.2677
306.4872,34.4770,150.5279,206.7812
309.8792,26.6921,161.2921,236.0523
2
0
0
0
0
1
250.2022,79.1815,57.2182,195.9207
249.5943,77.4878,61.0299,198.5294
245.5529,75.0934,69.9828,203.0493
244.4242,76.7715,72.1784,202.9879
245.9323,79.4661,68.0540,199.0770
246.7630,79.7476,67.8038,198.8718
248.9848,76.8845,69.8275,204.4548
248.9874,77.5071,69.5003,203.7400
250.3152,73.9795,71.9733,207.9537
250.6679,60.8902,81.1974,222.7697
253.0672,63.4766,76.7903,219.3019
258.0550,61.8048,75.4498,221.3936
263.3237,62.2822,77.2814,220.7582
267.8843,62.2378,71.0425,219.7898
273.8204,63.0744,67.8176,218.3829
274.7373,67.7501,74.7730,217.0420
271.3356,64.9949,75.0304,221.5244
273.0878,67.7755,78.9324,220.2441
278.4403,73.7554,77.3560,208.8963
280.4702,74.9938,72.2747,203.2285
283.0899,78.2617,69.7578,199.2422
286.0730,83.9923,69.0715,194.1847
286.5328,83.9837,67.0163,193.5092
286.4054,84.3369,66.9711,194.7738
286.2372,84.8365,69.9774,199.3128
286.5881,84.9650,68.0492,199.5493
286.9566,84.5879,68.4408,199.7556
287.4377,80.8829,71.7099,204.6628
288.4079,81.5050,69.2956,203.7108
288.2427,79.3510,68.9841,204.5637
283.2193,70.9978,74.9304,206.9944
284.0815,71.4696,72.0345,205.5648
281.8918,67.1958,70.5730,205.3002
271.2738,60.0807,78.8346,205.4021
264.1139,59.4800,86.5296,208.0424
257.0955,57.3673,93.2747,210.6636
273.6198,59.4312,74.8069,199.7773
284.0305,60.7317,63.0480,193.7968
287.8587,62.2219,59.5874,191.5422
288.6736,65.1254,61.4346,193.4682
292.0471,65.4885,57.3044,193.2747
293.3799,66.4505,57.9626,193.4363
301.8570,64.2231,62.2039,197.5592
304.8673,64.4523,57.1497,194.5668
308.3254,63.5853,54.2481,193.3208
313.0000,57.0000,56.0000,196.0000
313.4654,57.4620,56.0731,196.0512
310.4785,54.7710,65.3567,199.6537
310.4236,49.0197,86.3740,226.9952
311.1910,49.4324,86.6104,227.2460
310.5326,49.7298,96.0602,239.0665
296.0000,29.0000,208.0000,322.0000
296.0000,29.0000,208.0000,322.0000
295.0000,30.0000,213.0000,321.0000
261.0000,26.0000,235.0000,327.0000
251.0000,28.0000,242.0000,325.0000
232.0000,34.0000,267.0000,319.0000
210.0000,38.0000,282.0000,315.0000
180.0000,83.0000,267.0000,242.0000
47.0000,162.0000,264.0000,191.0000
2
0
0
0
0
1
313.3189,71.2866,67.4627,179.6977
312.5878,69.0004,73.5907,183.5333
309.2242,64.3068,82.4261,186.7078
312.3917,61.8414,80.7954,180.0309
310.6932,59.4833,81.0260,184.5192
307.2770,58.7580,80.3556,188.9678
316.0000,62.0000,57.0000,158.0000
316.4322,61.9418,59.5926,157.6735
316.6358,61.2507,67.1013,162.7727
316.0000,67.0000,74.0000,150.0000
316.4769,66.4395,72.5754,166.1324
314.2645,66.9960,75.0143,175.0979
277.2645,140.0000,92.0000,181.0000
316.8256,64.7790,85.6536,173.4494
315.9814,65.0823,87.9146,174.9230
277.9814,112.0000,112.0000,201.0000
2
0
0
0
0
1
330.4504,64.4892,64.0222,195.0100
328.3707,62.1416,69.6325,198.2711
328.0000,65.0000,73.0000,193.0000
328.4678,65.0058,73.0312,193.5212
327.2445,65.4088,78.2872,193.1588
328.5378,64.8899,84.4736,193.0856
328.9904,66.9948,83.7812,190.5210
329.0810,66.5634,85.7799,191.0264
328.3239,66.1972,87.6329,190.1056
325.8951,63.3022,91.7716,193.6748
326.9275,65.7306,89.8013,190.2988
325.9798,65.2754,88.5443,190.4763
323.4290,63.7838,89.8672,191.8258
324.4670,65.0100,88.5079,189.7437
324.2924,65.5255,88.7724,188.2165
323.2021,66.4515,90.8672,185.1964
323.5325,66.2108,90.0564,184.5874
323.8521,66.0878,89.9882,183.1769
324.4237,68.3205,93.5365,179.4796
325.2211,68.4851,94.0111,177.5187
326.0005,69.3605,94.2350,175.9349
324.4207,72.5113,78.1618,172.9259
325.1905,72.9743,78.0529,173.0413
325.4477,74.8281,76.8928,171.8751
323.3871,75.1061,80.2902,172.9211
324.1958,75.4993,80.0027,173.0044
322.2866,75.3020,81.9094,174.3453
318.0881,73.8126,88.6824,179.3784
327.5164,74.4806,105.0438,168.5424
317.1784,74.1487,90.5470,181.0377
314.8590,71.2661,94.9355,186.2191
322.9164,73.5034,89.5209,180.5036
322.1207,71.6934,92.1319,183.5896
304.2780,61.7494,137.8867,213.8430
305.2751,62.9584,138.0674,214.0958
302.5970,58.9460,143.3469,220.1717
297.9736,54.0192,153.2014,229.6320
298.9028,54.8997,153.1783,230.2040
296.7720,53.8696,158.3734,235.2345
287.5449,54.1218,170.0260,247.6208
288.5258,54.9886,170.0223,248.0208
284.8574,55.7978,175.4459,253.6591
271.3714,56.4566,192.9846,270.2164
272.3250,56.9580,193.1151,271.1068
271.7788,57.4838,197.6157,274.8771
269.5420,57.0550,204.1726,281.8141
270.5129,58.0098,204.0516,282.0308
270.2171,57.8798,207.0881,285.1140
268.6378,56.8292,210.7071,289.5862
269.5984,57.9380,210.1004,289.0901
268.8300,56.2323,214.5793,294.1086
265.6115,52.0835,221.5181,298.9165
266.6168,53.0276,220.9309,297.9724
265.1555,47.1907,231.3009,303.8093
283.6584,46.9441,231.2291,304.7557
284.6461,47.9974,230.9943,303.0026
284.0319,42.0999,242.5010,308.9001
302.9287,42.0024,244.9695,308.9976
303.9336,42.9827,245.0266,308.0173
309.0812,40.4474,251.1047,310.5526
328.8958,40.3380,253.4272,310.6620
329.9155,40.9845,252.9775,310.0155
340.4561,41.2812,253.6809,309.7188
2
0
0
0
0
1
269.9472,80.0101,84.0809,165.7914
271.4735,80.9837,82.0414,165.0587
272.8346,82.5905,81.1132,163.0066
265.0960,80.6185,93.8879,167.7266
262.4819,79.7161,97.0874,169.6050
264.8733,80.1573,96.9329,168.9697
265.9228,79.7818,101.2702,167.0620
269.9385,82.4710,95.5513,163.0605
270.2097,81.0600,98.6412,165.2827
265.8469,74.6829,112.3831,174.4234
269.8665,76.4534,106.6026,166.0907
285.1670,84.1003,89.1775,150.2913
292.4295,87.2594,91.8573,160.8733
295.6552,89.5852,91.0760,171.0823
285.4652,85.4939,99.7243,168.5443
284.4905,86.5277,99.3210,162.7834
285.5007,88.5359,94.2263,157.4505
285.4416,87.7782,92.1897,157.2540
285.2277,87.1676,91.4086,158.1704
288.5340,87.4946,83.4096,155.9473
285.5294,86.2820,85.6422,159.2457
276.4147,83.7646,96.8609,164.0725
277.2236,82.9007,98.9770,168.9611
275.0780,80.9610,102.1108,173.6831
264.4747,68.0870,117.7377,193.3115
261.1866,56.4301,129.5785,212.1195
265.4205,74.6989,108.7094,179.6118
254.4622,62.1672,133.9912,200.0626
255.1502,62.4361,134.1433,200.1471
264.3219,78.2552,116.9224,182.3908
262.6265,78.0849,120.7426,186.1976
263.6382,79.0262,119.9524,185.9058
262.1329,78.5599,123.5307,189.3017
263.7444,81.0917,124.1097,188.3377
264.6848,81.9272,124.1222,188.1306
264.2151,82.5946,124.9490,188.8011
259.4457,84.3175,133.5517,192.9986
260.4278,85.0570,133.9977,192.9269
261.2137,86.3307,134.2815,192.8631
252.9329,82.5914,150.2323,201.8765
253.9124,83.9696,150.0388,201.0473
256.1035,85.7589,150.2006,200.8971
263.5066,87.5487,151.4559,200.9967
264.3782,88.9306,151.1556,201.1520
268.4870,90.2949,153.4232,202.4972
269.5189,88.2936,161.6472,210.1353
270.5108,88.9743,161.0351,210.0382
273.1285,90.4999,161.4445,210.1709
271.8560,93.4104,161.8469,209.2136
272.8426,93.9555,162.0735,210.0735
271.3343,93.6213,169.2272,215.7174
280.2478,95.1368,176.1929,222.4916
281.2258,95.9798,176.0659,223.0595
279.9491,94.7918,183.3000,229.8444
288.7043,95.8932,187.5084,235.2019
289.6686,96.9794,187.0654,235.0742
291.6682,96.7164,190.9354,239.5538
298.6418,98.0243,196.2198,245.5198
299.5525,98.9334,196.1827,246.2140
300.5658,99.0229,201.6867,252.1213
307.3594,100.3101,206.4010,250.6899
308.3410,100.9754,207.0619,250.0246
310.1469,100.7341,211.5359,250.2659
316.0876,101.1508,219.8371,249.8492
317.0242,101.9477,220.1749,249.0523
318.9477,101.6306,225.1226,249.3694
313.5229,97.4289,247.2073,253.5711
314.5126,97.9805,247.0410,253.0195
311.7067,95.6975,258.3284,255.3025
304.5121,90.3231,282.6794,260.6769
305.3969,90.9563,282.1923,260.0437
302.3454,88.4016,295.2552,262.5984
295.8396,86.0978,311.9487,264.9022
296.8407,87.0002,312.0182,263.9998
294.5305,85.7644,323.9672,265.2356
303.3087,87.3845,327.9360,263.6154
304.3204,87.9695,327.9807,263.0305
300.8555,85.9096,339.0762,265.0904
309.0593,87.0719,329.9407,263.9281
310.0708,88.0045,328.9292,262.9955
310.2110,87.1691,328.7890,263.8309
320.9742,88.2201,318.0258,262.7799
321.9908,88.9731,317.0092,262.0269
321.1833,85.8630,317.8167,265.1370
341.3941,87.6263,297.6059,263.3737
342.3643,88.9618,296.6357,262.0381
351.3331,89.1694,287.6669,261.8306
2
0
0
0
0
1
286.0000,98.0000,92.0000,165.0000
285.9506,98.4663,92.0885,165.0636
284.4398,101.6516,92.1328,162.2367
278.0000,106.0000,85.0000,159.0000
273.9666,102.9673,91.5451,167.0137
280.7298,99.4460,104.5194,175.5649
295.4169,92.3802,108.3658,180.4947
298.6332,89.6289,103.6284,181.6394
296.2273,87.1892,109.9573,187.4618
284.4178,84.0893,122.5957,202.6813
274.7202,91.5013,111.9834,196.9701
283.4098,94.7729,101.5719,180.6801
285.3619,92.4796,104.3965,182.9326
287.9177,95.4798,98.7942,178.0358
277.2290,74.4575,147.0065,214.0774
312.5825,69.1277,154.6606,218.5001
296.5386,62.9846,172.2802,233.2848
316.9420,68.8768,154.9280,220.2686
2
0
0
0
0
1
283.0000,92.0000,51.0000,157.0000
283.4917,92.4575,51.0496,157.0777
283.3207,93.1982,55.9433,159.1952
284.7541,93.0935,61.7994,169.0790
287.3410,92.4569,58.3234,171.1620
284.5584,94.8223,66.1405,171.2545
277.0000,90.0000,87.0000,186.0000
277.4027,90.4695,87.1205,186.0693
273.8080,93.4937,90.9650,183.7498
266.0349,92.7761,96.7468,190.9881
266.4506,93.3873,97.1685,191.2319
266.5038,110.3147,86.3565,158.5298
245.6716,97.3867,106.3774,182.1940
245.8268,98.1800,106.5225,182.0210
235.7233,91.1164,118.0982,196.9799
221.6853,91.4047,125.8049,197.7965
231.3121,94.9809,107.5439,193.5331
216.9364,92.0732,129.3531,198.7806
223.2197,90.9461,107.7711,206.8431
208.0642,94.4770,137.0939,198.0837
204.7598,94.5914,141.6390,199.7991
202.1847,96.0169,147.4418,200.0274
220.0705,89.4995,115.0090,217.0058
202.1304,97.2106,151.5171,199.8936
204.2305,97.9872,156.4734,201.1999
204.6130,98.4711,156.5314,201.0447
221.6038,114.5297,127.4482,173.7235
228.1659,88.0295,129.3550,231.0670
228.5815,88.4983,129.4952,230.9917
230.1563,88.4270,131.0119,231.6480
216.6797,90.4244,165.3557,227.2295
234.3013,89.4727,132.5848,232.6020
219.2014,93.7886,164.4102,223.4518
221.1480,97.7176,166.0378,217.3948
221.5486,97.9868,166.0336,215.5138
221.8189,99.4802,166.8657,213.7565
222.6904,100.8996,168.1368,213.8097
222.8316,101.4876,168.5222,212.0255
223.5103,104.5020,167.4771,206.8615
224.5582,108.5629,166.1252,201.2671
224.7768,108.7704,166.0032,199.9956
222.7532,108.8351,169.6307,199.9520
220.3249,110.8472,172.6181,197.3732
221.1616,111.4213,172.4992,195.4968
220.7632,111.9812,174.5010,195.3753
215.6821,108.5907,183.1694,203.4137
215.8628,108.7946,183.4646,201.4558
239.2206,95.8115,140.7348,230.5408
210.0363,87.2338,231.0269,263.7662
211.0408,87.9724,231.0248,263.0276
210.2260,88.1132,232.6431,262.8868
208.0428,89.4212,236.3412,261.5788
209.0200,89.9827,236.0452,261.0173
208.9404,90.6076,238.4416,260.3924
209.6625,92.1596,243.1717,258.8404
210.7025,93.0430,242.9302,257.9570
211.6934,93.5894,245.7101,257.4106
212.9103,96.1072,249.1194,254.8928
213.8932,97.0004,249.0084,253.9996
214.5009,97.9655,251.1942,253.0345
214.9291,99.8288,255.4011,251.1712
215.8915,100.9729,255.0617,250.0271
215.5701,102.1617,257.1046,248.8383
214.2544,103.8603,262.1108,247.1397
215.2041,104.9408,262.1110,246.0592
213.8620,105.9884,263.7224,245.0116
208.3454,104.2119,276.7356,246.7881
209.3931,105.0044,276.8937,245.9955
201.8032,100.5831,289.7624,250.4169
209.0498,103.6240,294.5894,247.3760
210.0691,104.9995,294.9461,246.0005
202.7385,98.6993,311.3344,252.3007
194.6143,91.7018,330.1015,259.2982
207.6594,92.5886,337.5942,258.4114
208.6172,93.9806,337.0653,257.0194
206.5034,90.3671,351.7117,260.6329
221.9328,90.3015,358.8854,260.6985
222.8792,90.9718,359.0970,260.0282
225.7823,90.1079,368.8552,260.8922
239.6203,89.3383,377.6747,261.6617
240.5660,89.9256,377.2245,261.0744
243.1652,89.0925,386.4518,261.9075
256.8374,88.0332,382.1626,262.9668
257.8329,89.0060,381.1671,261.9940
256.8014,88.1219,382.1986,262.8781
272.5003,86.5641,366.4997,264.4359
273.4674,87.9852,365.5326,263.0148
270.2304,81.7518,368.7696,269.2482
284.4365,80.0338,354.5635,270.9662
285.4396,81.0202,353.5604,269.9798
281.9832,74.3884,357.0168,276.6116
298.7813,73.0471,340.2187,277.9529
299.7742,73.9858,339.2258,277.0143
309.1369,72.8403,329.8631,278.1597
330.4903,71.3172,308.5097,279.6828
331.4974,72.0073,307.5026,278.9927
344.3918,71.9596,294.6082,279.0403
2
0
0
0
0
1
294.5295,79.9451,73.6282,219.8906
294.9703,80.4671,71.3702,218.0846
293.8612,81.0467,80.0298,218.2646
299.7578,87.6148,80.8127,211.0507
300.8426,89.7399,75.3542,207.0764
302.6942,92.6421,77.4049,203.6320
317.2805,87.0726,73.0745,208.0029
312.8440,93.4855,76.0722,201.0724
325.7680,88.6774,70.1977,205.1833
332.4482,97.1028,74.1396,196.3100
329.1027,101.4754,74.6642,192.0731
2
0
0
0
0
1
241.4190,63.5183,120.6796,241.6991
238.3523,65.3019,131.9339,246.2690
239.9187,65.7436,132.0336,245.0172
239.9472,63.2851,136.4854,248.1131
238.7679,63.4988,143.3592,248.6407
237.8460,67.7369,143.5448,245.2817
235.7485,71.1612,147.0694,245.0278
248.5795,76.9440,130.0960,233.1468
241.9890,77.4783,136.0525,235.0502
250.5371,76.5733,125.6433,231.5153
247.3771,67.8328,127.9097,239.3940
249.8978,66.4724,125.5499,240.5679
250.9667,63.3701,124.7074,241.2842
253.4408,56.1844,127.1707,246.0104
253.4622,65.4904,124.5125,238.0099
256.3452,67.8678,125.3772,236.1609
252.8638,54.3581,150.0237,250.9020
254.4165,58.4669,143.0364,243.5587
262.9224,65.0961,140.2167,235.1733
244.0000,54.0000,220.0000,247.0000
253.0000,62.0000,198.0000,229.0000
139.0000,78.0000,192.0000,210.0000
2
0
0
0
0
1
339.2822,48.6641,81.0906,243.2231
339.8510,50.2327,79.5612,241.8053
340.5271,51.0867,83.5253,241.2474
349.4580,39.6696,91.3708,254.5402
353.7357,36.0086,94.0156,258.0004
356.0956,26.0808,95.4611,269.8973
366.1082,20.0152,107.4935,280.0002
370.5374,37.4858,91.2944,258.0225
379.3904,32.2690,92.1636,266.1413
392.4627,34.2746,91.3834,265.3450
398.6318,44.0875,89.5158,254.9984
402.1516,52.3612,98.8791,249.3885
402.0258,52.4939,99.5885,250.5213
402.3123,55.1222,105.8923,249.4886
404.5787,42.6874,149.9426,275.5114
405.5452,43.9847,150.0576,275.0720
402.2960,40.9699,165.6878,284.1740
420.3480,42.4489,169.0099,285.2034
421.2626,42.9541,169.1527,286.0996
424.3155,43.6660,171.2870,287.1906
451.4716,47.3704,169.8244,285.0074
452.3625,47.8929,170.1942,285.1829
456.0416,45.6362,180.3283,292.6111
479.0744,48.1780,159.9256,291.6023
479.9921,49.0817,159.0079,291.9035
2
0
0
0
0
1
381.4785,66.3679,90.2470,222.4829
384.8978,67.2840,93.0724,222.4062
386.9342,68.2420,90.0372,219.5107
387.7929,68.9984,94.7729,222.9801
378.7585,73.1948,104.5027,222.5502
381.8771,71.9882,101.5083,226.0115
385.5323,75.0202,98.7123,225.6731
384.5885,79.7168,100.2834,223.1402
387.3038,81.5184,96.9929,220.9745
389.1667,82.3813,93.4265,219.8123
374.7625,75.7640,105.7340,224.7321
377.8618,74.9694,101.5437,223.5570
380.1047,73.5810,98.6036,225.6660
368.7538,69.0733,109.4955,227.2409
375.3762,69.4868,101.5047,226.0056
380.1703,70.5386,93.9213,221.9131
379.6324,73.5066,89.7297,219.4610
373.7751,72.9644,97.0982,221.1028
371.4099,75.4361,99.0105,219.8032
370.3281,81.5193,99.2304,215.1031
370.3860,81.7347,98.5565,214.5359
369.0210,83.9596,97.7987,212.4865
366.6467,85.5159,96.0548,209.4530
366.5542,85.7423,95.0423,209.2474
359.4086,83.4582,102.4442,215.1399
348.2885,80.7836,111.9524,217.3243
349.8857,82.4966,109.2466,212.9838
348.6358,80.8707,109.8406,217.4108
347.0550,77.8848,112.1218,222.9619
347.9759,78.4534,111.1022,222.6163
348.6681,78.1696,109.3296,222.4007
347.9641,77.1574,111.9731,224.0981
348.9867,77.4822,110.5333,224.2917
349.6957,77.8884,109.1534,221.9842
346.8322,77.1798,113.2059,224.3403
347.8852,77.9810,108.0431,222.5386
347.3684,81.1830,106.5875,215.8685
344.2974,84.4813,108.5024,213.6931
346.8454,87.7199,102.3153,207.8074
343.0706,90.7864,104.2740,207.7975
339.2510,103.3098,101.5336,192.2078
340.8064,107.3346,96.3877,185.6566
340.0178,111.2483,93.4872,183.5798
329.8416,114.6067,102.6024,189.3695
326.3871,112.7635,108.5374,195.0566
319.6234,111.9568,116.4712,201.2473
307.5560,108.9426,129.6742,213.2315
310.5135,109.4661,126.7914,213.5365
307.6215,108.7931,130.1493,217.9232
303.8179,108.7179,132.1502,220.2672
314.3900,121.9743,110.5427,188.5487
298.3870,120.7311,134.7811,193.5555
290.7308,124.3981,138.5580,183.1546
284.0817,122.9318,150.0476,189.0388
289.2133,125.8320,138.2636,179.4815
278.0749,122.3154,152.7944,186.8544
284.5218,124.1484,141.0287,180.0302
275.8228,120.9284,153.9450,186.9706
278.1761,118.4905,146.8934,184.7086
272.5303,116.4776,156.5618,191.8004
276.2818,115.0718,148.3889,190.8492
281.5256,106.1679,139.8755,197.1985
284.5066,106.5727,135.5210,195.7655
286.6528,103.1197,133.8903,197.8042
288.2976,101.3050,135.1480,199.2505
289.9019,102.9308,133.9934,197.9796
292.0744,103.3485,134.8349,197.0878
309.5685,88.4467,134.2739,225.8594
309.7824,88.9920,134.4906,225.9739
310.3636,87.6302,142.2485,224.9809
302.0923,99.7522,127.6440,199.3891
302.5373,100.4601,127.5550,199.0715
309.6748,91.2066,155.3471,222.7343
301.6436,108.8958,126.1644,193.3183
301.7618,109.3964,126.6185,193.1125
302.6297,111.8748,126.4518,191.4449
305.8745,114.2835,127.5588,191.5606
306.4078,115.0967,127.5726,191.5771
310.4564,91.2579,191.1002,240.9129
311.9113,113.4296,137.1523,199.4567
312.4258,114.1588,137.0845,199.5796
