1
532.0000,47.0000,19.0000,25.0000
527.0000,59.0000,21.0000,20.0000
525.0000,74.0000,22.0000,22.0000
522.0000,79.0000,23.0000,25.0000
521.0000,101.0000,21.0000,19.0000
519.0000,110.0000,21.0000,23.0000
514.0000,75.0000,27.0000,68.0000
514.0000,74.0000,23.0000,82.0000
513.0000,148.0000,23.0000,24.0000
517.0000,73.0000,26.0000,107.0000
518.0000,70.0000,38.0000,117.0000
520.0000,65.0000,41.0000,126.0000
521.0000,66.0000,52.0000,135.0000
522.0000,64.0000,58.0000,142.0000
523.0000,64.0000,68.0000,152.0000
524.0000,63.0000,75.0000,164.0000
524.0000,65.0000,80.0000,170.0000
523.0000,63.0000,89.0000,183.0000
524.0000,62.0000,94.0000,192.0000
525.0000,63.0000,100.0000,207.0000
524.0000,62.0000,103.0000,215.0000
523.0000,60.0000,110.0000,222.0000
525.0000,59.0000,109.0000,219.0000
526.0000,65.0000,116.0000,214.0000
526.0000,59.0000,117.0000,220.0000
527.0000,59.0000,118.0000,222.0000
527.0000,59.0000,122.0000,222.0000
527.0000,58.0000,128.0000,226.0000
526.0000,57.0000,126.0000,229.0000
527.0000,56.0000,133.0000,229.0000
527.0000,57.0000,132.0000,227.0000
527.0000,61.0000,136.0000,220.0000
526.0000,58.0000,140.0000,224.0000
525.0000,59.0000,137.0000,222.0000
523.0000,60.0000,144.0000,226.0000
522.0000,62.0000,143.0000,227.0000
521.0000,62.0000,143.0000,230.0000
522.0000,62.0000,146.0000,228.0000
522.0000,64.0000,148.0000,226.0000
520.0000,64.0000,150.0000,228.0000
