8.9082,8.6715,8.7347,0,0,0,0,0,0,0,0,0,0,0,0
0.099132,0.099781,0.10047,0,0,0,0,0,0,0,0,0,0,0,0
0.032318,0.031215,0.031138,0,0,0,0,0,0,0,0,0,0,0,0
0.02126,0.020219,0.020446,0,0,0,0,0,0,0,0,0,0,0,0
0.030353,0.029454,0.029633,0,0,0,0,0,0,0,0,0,0,0,0
0.044441,0.043791,0.04424,0,0,0,0,0,0,0,0,0,0,0,0
0.01741,0.016963,0.017007,0,0,0,0,0,0,0,0,0,0,0,0
0.016149,0.015596,0.015687,0,0,0,0,0,0,0,0,0,0,0,0
0.016285,0.015664,0.015857,0,0,0,0,0,0,0,0,0,0,0,0
0.017001,0.01593,0.015797,0,0,0,0,0,0,0,0,0,0,0,0
0.015754,0.015804,0.015043,0,0,0,0,0,0,0,0,0,0,0,0
0.016521,0.016099,0.01569,0,0,0,0,0,0,0,0,0,0,0,0
0.015861,0.015362,0.015081,0,0,0,0,0,0,0,0,0,0,0,0
0.016279,0.015741,0.015732,0,0,0,0,0,0,0,0,0,0,0,0
0.016242,0.015279,0.015238,0,0,0,0,0,0,0,0,0,0,0,0
0.015899,0.015222,0.016158,0,0,0,0,0,0,0,0,0,0,0,0
0.015848,0.015574,0.01545,0,0,0,0,0,0,0,0,0,0,0,0
0.016291,0.015327,0.015687,0,0,0,0,0,0,0,0,0,0,0,0
0.016158,0.015418,0.015704,0,0,0,0,0,0,0,0,0,0,0,0
0.016516,0.015493,0.016149,0,0,0,0,0,0,0,0,0,0,0,0
0.016588,0.016029,0.016294,0,0,0,0,0,0,0,0,0,0,0,0
0.016481,0.015865,0.01606,0,0,0,0,0,0,0,0,0,0,0,0
0.016208,0.015547,0.01563,0,0,0,0,0,0,0,0,0,0,0,0
0.016246,0.015797,0.015901,0,0,0,0,0,0,0,0,0,0,0,0
0.017638,0.017556,0.017284,0,0,0,0,0,0,0,0,0,0,0,0
0.01627,0.015884,0.015939,0,0,0,0,0,0,0,0,0,0,0,0
0.016764,0.015906,0.016106,0,0,0,0,0,0,0,0,0,0,0,0
0.016306,0.016141,0.016006,0,0,0,0,0,0,0,0,0,0,0,0
0.01733,0.015851,0.01569,0,0,0,0,0,0,0,0,0,0,0,0
0.016587,0.015723,0.0158,0,0,0,0,0,0,0,0,0,0,0,0
0.016343,0.015838,0.015659,0,0,0,0,0,0,0,0,0,0,0,0
0.016265,0.015786,0.01601,0,0,0,0,0,0,0,0,0,0,0,0
0.016662,0.016315,0.015705,0,0,0,0,0,0,0,0,0,0,0,0
0.016581,0.016081,0.015813,0,0,0,0,0,0,0,0,0,0,0,0
0.016402,0.015772,0.015738,0,0,0,0,0,0,0,0,0,0,0,0
0.016277,0.015999,0.015907,0,0,0,0,0,0,0,0,0,0,0,0
0.017712,0.017429,0.017289,0,0,0,0,0,0,0,0,0,0,0,0
0.016417,0.016305,0.016299,0,0,0,0,0,0,0,0,0,0,0,0
0.016812,0.016355,0.017013,0,0,0,0,0,0,0,0,0,0,0,0
0.016889,0.015923,0.016107,0,0,0,0,0,0,0,0,0,0,0,0
0.016539,0.015901,0.016239,0,0,0,0,0,0,0,0,0,0,0,0
0.016715,0.0159,0.01692,0,0,0,0,0,0,0,0,0,0,0,0
0.016819,0.0163,0.01656,0,0,0,0,0,0,0,0,0,0,0,0
0.016724,0.01606,0.016242,0,0,0,0,0,0,0,0,0,0,0,0
0.016761,0.01597,0.016233,0,0,0,0,0,0,0,0,0,0,0,0
0.016776,0.016177,0.016255,0,0,0,0,0,0,0,0,0,0,0,0
0.01632,0.015718,0.01623,0,0,0,0,0,0,0,0,0,0,0,0
0.01664,0.016652,0.016445,0,0,0,0,0,0,0,0,0,0,0,0
0.016643,0.016486,0.01623,0,0,0,0,0,0,0,0,0,0,0,0
0.016846,0.016021,0.016303,0,0,0,0,0,0,0,0,0,0,0,0
0.0172,0.0163,0.016885,0,0,0,0,0,0,0,0,0,0,0,0
0.035416,0.035354,0.034508,0,0,0,0,0,0,0,0,0,0,0,0
0.020138,0.0195,0.019661,0,0,0,0,0,0,0,0,0,0,0,0
0.020636,0.020148,0.020046,0,0,0,0,0,0,0,0,0,0,0,0
0.020508,0.020596,0.020379,0,0,0,0,0,0,0,0,0,0,0,0
0.027232,0.026678,0.026398,0,0,0,0,0,0,0,0,0,0,0,0
0.021313,0.019073,0.019257,0,0,0,0,0,0,0,0,0,0,0,0
0.021129,0.019007,0.018943,0,0,0,0,0,0,0,0,0,0,0,0
0.023387,0.022523,0.02197,0,0,0,0,0,0,0,0,0,0,0,0
0.021017,0.020103,0.020226,0,0,0,0,0,0,0,0,0,0,0,0
0.021263,0.020699,0.02089,0,0,0,0,0,0,0,0,0,0,0,0
0.017364,0.016906,0.017299,0,0,0,0,0,0,0,0,0,0,0,0
0.019702,0.019131,0.018646,0,0,0,0,0,0,0,0,0,0,0,0
0.020044,0.019505,0.019113,0,0,0,0,0,0,0,0,0,0,0,0
0.019184,0.018916,0.018612,0,0,0,0,0,0,0,0,0,0,0,0
0.019174,0.019085,0.018442,0,0,0,0,0,0,0,0,0,0,0,0
0.019745,0.019232,0.018619,0,0,0,0,0,0,0,0,0,0,0,0
0.019752,0.019277,0.018372,0,0,0,0,0,0,0,0,0,0,0,0
0.019657,0.018793,0.018665,0,0,0,0,0,0,0,0,0,0,0,0
0.019326,0.01903,0.018413,0,0,0,0,0,0,0,0,0,0,0,0
0.019588,0.018627,0.018803,0,0,0,0,0,0,0,0,0,0,0,0
0.018927,0.018696,0.018432,0,0,0,0,0,0,0,0,0,0,0,0
0.019331,0.019132,0.018762,0,0,0,0,0,0,0,0,0,0,0,0
0.019012,0.018755,0.01946,0,0,0,0,0,0,0,0,0,0,0,0
0.019036,0.018644,0.019302,0,0,0,0,0,0,0,0,0,0,0,0
0.019111,0.018909,0.019912,0,0,0,0,0,0,0,0,0,0,0,0
0.017073,0.016258,0.01697,0,0,0,0,0,0,0,0,0,0,0,0
NaN,NaN,NaN,0,0,0,0,0,0,0,0,0,0,0,0
NaN,NaN,NaN,0,0,0,0,0,0,0,0,0,0,0,0
NaN,NaN,NaN,0,0,0,0,0,0,0,0,0,0,0,0
NaN,NaN,NaN,0,0,0,0,0,0,0,0,0,0,0,0
8.7445,8.7453,8.6787,0,0,0,0,0,0,0,0,0,0,0,0
0.099603,0.10074,0.10114,0,0,0,0,0,0,0,0,0,0,0,0
0.0336,0.033204,0.033293,0,0,0,0,0,0,0,0,0,0,0,0
0.022253,0.021582,0.022648,0,0,0,0,0,0,0,0,0,0,0,0
0.031165,0.030187,0.031126,0,0,0,0,0,0,0,0,0,0,0,0
0.044608,0.044631,0.044014,0,0,0,0,0,0,0,0,0,0,0,0
0.016483,0.016372,0.016177,0,0,0,0,0,0,0,0,0,0,0,0
0.016286,0.016293,0.016255,0,0,0,0,0,0,0,0,0,0,0,0
0.017244,0.016607,0.016327,0,0,0,0,0,0,0,0,0,0,0,0
0.017434,0.016667,0.016542,0,0,0,0,0,0,0,0,0,0,0,0
0.016541,0.01618,0.016252,0,0,0,0,0,0,0,0,0,0,0,0
0.016884,0.016073,0.01586,0,0,0,0,0,0,0,0,0,0,0,0
0.016752,0.016342,0.016274,0,0,0,0,0,0,0,0,0,0,0,0
0.017679,0.017098,0.016813,0,0,0,0,0,0,0,0,0,0,0,0
0.01691,0.016726,0.016247,0,0,0,0,0,0,0,0,0,0,0,0
0.016549,0.016286,0.016241,0,0,0,0,0,0,0,0,0,0,0,0
0.016559,0.016341,0.016074,0,0,0,0,0,0,0,0,0,0,0,0
0.016551,0.016425,0.01626,0,0,0,0,0,0,0,0,0,0,0,0
0.016661,0.015735,0.015839,0,0,0,0,0,0,0,0,0,0,0,0
0.016749,0.016381,0.016565,0,0,0,0,0,0,0,0,0,0,0,0
0.017024,0.016074,0.016199,0,0,0,0,0,0,0,0,0,0,0,0
0.016225,0.015539,0.016164,0,0,0,0,0,0,0,0,0,0,0,0
0.015944,0.015444,0.015459,0,0,0,0,0,0,0,0,0,0,0,0
0.017828,0.016578,0.016527,0,0,0,0,0,0,0,0,0,0,0,0
0.015855,0.015271,0.015524,0,0,0,0,0,0,0,0,0,0,0,0
0.016003,0.015494,0.015018,0,0,0,0,0,0,0,0,0,0,0,0
0.015954,0.015182,0.015128,0,0,0,0,0,0,0,0,0,0,0,0
NaN,NaN,NaN,0,0,0,0,0,0,0,0,0,0,0,0
NaN,NaN,NaN,0,0,0,0,0,0,0,0,0,0,0,0
NaN,NaN,NaN,0,0,0,0,0,0,0,0,0,0,0,0
NaN,NaN,NaN,0,0,0,0,0,0,0,0,0,0,0,0
8.7257,8.7587,8.6919,0,0,0,0,0,0,0,0,0,0,0,0
0.098481,0.099842,0.098717,0,0,0,0,0,0,0,0,0,0,0,0
0.031857,0.031718,0.03107,0,0,0,0,0,0,0,0,0,0,0,0
0.022427,0.021571,0.021937,0,0,0,0,0,0,0,0,0,0,0,0
0.031042,0.030697,0.029766,0,0,0,0,0,0,0,0,0,0,0,0
0.045771,0.046044,0.043428,0,0,0,0,0,0,0,0,0,0,0,0
0.016646,0.016598,0.016065,0,0,0,0,0,0,0,0,0,0,0,0
0.015729,0.015313,0.015076,0,0,0,0,0,0,0,0,0,0,0,0
0.016055,0.015686,0.015577,0,0,0,0,0,0,0,0,0,0,0,0
0.017193,0.016902,0.016585,0,0,0,0,0,0,0,0,0,0,0,0
0.016399,0.016108,0.015914,0,0,0,0,0,0,0,0,0,0,0,0
0.016323,0.015781,0.01553,0,0,0,0,0,0,0,0,0,0,0,0
0.015631,0.015521,0.01531,0,0,0,0,0,0,0,0,0,0,0,0
NaN,NaN,NaN,0,0,0,0,0,0,0,0,0,0,0,0
NaN,NaN,NaN,0,0,0,0,0,0,0,0,0,0,0,0
NaN,NaN,NaN,0,0,0,0,0,0,0,0,0,0,0,0
NaN,NaN,NaN,0,0,0,0,0,0,0,0,0,0,0,0
8.6742,8.7284,8.769,0,0,0,0,0,0,0,0,0,0,0,0
0.099491,0.0996,0.10025,0,0,0,0,0,0,0,0,0,0,0,0
0.032841,0.032468,0.033049,0,0,0,0,0,0,0,0,0,0,0,0
0.021457,0.021452,0.021565,0,0,0,0,0,0,0,0,0,0,0,0
0.030941,0.030802,0.030305,0,0,0,0,0,0,0,0,0,0,0,0
0.045902,0.045134,0.045016,0,0,0,0,0,0,0,0,0,0,0,0
0.020233,0.018089,0.018112,0,0,0,0,0,0,0,0,0,0,0,0
0.018187,0.016087,0.016413,0,0,0,0,0,0,0,0,0,0,0,0
0.018474,0.016463,0.017211,0,0,0,0,0,0,0,0,0,0,0,0
0.016958,0.016299,0.016356,0,0,0,0,0,0,0,0,0,0,0,0
0.017205,0.016628,0.016952,0,0,0,0,0,0,0,0,0,0,0,0
0.016618,0.016451,0.016185,0,0,0,0,0,0,0,0,0,0,0,0
0.017346,0.017023,0.016711,0,0,0,0,0,0,0,0,0,0,0,0
0.01658,0.016043,0.016443,0,0,0,0,0,0,0,0,0,0,0,0
0.016633,0.016175,0.016379,0,0,0,0,0,0,0,0,0,0,0,0
0.016644,0.016281,0.016264,0,0,0,0,0,0,0,0,0,0,0,0
0.016646,0.016359,0.016392,0,0,0,0,0,0,0,0,0,0,0,0
0.016696,0.016394,0.016307,0,0,0,0,0,0,0,0,0,0,0,0
0.016645,0.016301,0.016266,0,0,0,0,0,0,0,0,0,0,0,0
0.017007,0.016316,0.016227,0,0,0,0,0,0,0,0,0,0,0,0
0.016865,0.016201,0.016082,0,0,0,0,0,0,0,0,0,0,0,0
0.017001,0.016211,0.016334,0,0,0,0,0,0,0,0,0,0,0,0
0.016876,0.016532,0.043609,0,0,0,0,0,0,0,0,0,0,0,0
0.016788,0.016545,0.016407,0,0,0,0,0,0,0,0,0,0,0,0
0.017435,0.016353,0.016355,0,0,0,0,0,0,0,0,0,0,0,0
0.016913,0.01612,0.016241,0,0,0,0,0,0,0,0,0,0,0,0
0.016927,0.01623,0.016061,0,0,0,0,0,0,0,0,0,0,0,0
0.017131,0.016072,0.015924,0,0,0,0,0,0,0,0,0,0,0,0
0.016644,0.016292,0.016035,0,0,0,0,0,0,0,0,0,0,0,0
0.016992,0.01635,0.016177,0,0,0,0,0,0,0,0,0,0,0,0
0.016538,0.016399,0.016003,0,0,0,0,0,0,0,0,0,0,0,0
0.01656,0.015995,0.015921,0,0,0,0,0,0,0,0,0,0,0,0
0.016498,0.015943,0.016345,0,0,0,0,0,0,0,0,0,0,0,0
0.016601,0.016048,0.016143,0,0,0,0,0,0,0,0,0,0,0,0
0.016473,0.015905,0.016306,0,0,0,0,0,0,0,0,0,0,0,0
0.017376,0.016699,0.016268,0,0,0,0,0,0,0,0,0,0,0,0
0.016961,0.016987,0.016573,0,0,0,0,0,0,0,0,0,0,0,0
0.016594,0.015977,0.01607,0,0,0,0,0,0,0,0,0,0,0,0
0.016839,0.016654,0.016583,0,0,0,0,0,0,0,0,0,0,0,0
0.016901,0.016455,0.016178,0,0,0,0,0,0,0,0,0,0,0,0
0.016293,0.016036,0.016131,0,0,0,0,0,0,0,0,0,0,0,0
0.016513,0.016821,0.016119,0,0,0,0,0,0,0,0,0,0,0,0
0.017303,0.017065,0.017552,0,0,0,0,0,0,0,0,0,0,0,0
0.016791,0.016259,0.01633,0,0,0,0,0,0,0,0,0,0,0,0
0.016457,0.016147,0.015816,0,0,0,0,0,0,0,0,0,0,0,0
0.016744,0.016127,0.016233,0,0,0,0,0,0,0,0,0,0,0,0
0.01634,0.016124,0.015826,0,0,0,0,0,0,0,0,0,0,0,0
0.016624,0.016126,0.016063,0,0,0,0,0,0,0,0,0,0,0,0
0.01622,0.016302,0.016034,0,0,0,0,0,0,0,0,0,0,0,0
0.016421,0.01613,0.015901,0,0,0,0,0,0,0,0,0,0,0,0
0.016581,0.016487,0.01612,0,0,0,0,0,0,0,0,0,0,0,0
0.01668,0.016456,0.015868,0,0,0,0,0,0,0,0,0,0,0,0
0.017288,0.016545,0.016486,0,0,0,0,0,0,0,0,0,0,0,0
0.01668,0.01641,0.015952,0,0,0,0,0,0,0,0,0,0,0,0
0.017085,0.016723,0.016563,0,0,0,0,0,0,0,0,0,0,0,0
0.016621,0.016265,0.016329,0,0,0,0,0,0,0,0,0,0,0,0
0.016548,0.016014,0.016388,0,0,0,0,0,0,0,0,0,0,0,0
0.016591,0.015978,0.01644,0,0,0,0,0,0,0,0,0,0,0,0
0.016468,0.016179,0.016348,0,0,0,0,0,0,0,0,0,0,0,0
0.016746,0.016138,0.016115,0,0,0,0,0,0,0,0,0,0,0,0
0.016844,0.016315,0.016362,0,0,0,0,0,0,0,0,0,0,0,0
0.016478,0.015981,0.016105,0,0,0,0,0,0,0,0,0,0,0,0
0.016632,0.016573,0.016029,0,0,0,0,0,0,0,0,0,0,0,0
0.016839,0.016345,0.016252,0,0,0,0,0,0,0,0,0,0,0,0
0.017277,0.016363,0.016394,0,0,0,0,0,0,0,0,0,0,0,0
0.016713,0.016513,0.016539,0,0,0,0,0,0,0,0,0,0,0,0
0.016787,0.016328,0.017313,0,0,0,0,0,0,0,0,0,0,0,0
0.01664,0.016255,0.018153,0,0,0,0,0,0,0,0,0,0,0,0
0.016901,0.016146,0.01697,0,0,0,0,0,0,0,0,0,0,0,0
0.016476,0.016275,0.016521,0,0,0,0,0,0,0,0,0,0,0,0
0.016711,0.016688,0.016567,0,0,0,0,0,0,0,0,0,0,0,0
0.016641,0.016933,0.016881,0,0,0,0,0,0,0,0,0,0,0,0
0.016912,0.016737,0.016525,0,0,0,0,0,0,0,0,0,0,0,0
0.016626,0.016883,0.016285,0,0,0,0,0,0,0,0,0,0,0,0
0.016695,0.017754,0.01652,0,0,0,0,0,0,0,0,0,0,0,0
0.01671,0.018123,0.016362,0,0,0,0,0,0,0,0,0,0,0,0
0.017149,0.017647,0.01672,0,0,0,0,0,0,0,0,0,0,0,0
0.017969,0.01696,0.016503,0,0,0,0,0,0,0,0,0,0,0,0
0.017867,0.016676,0.01618,0,0,0,0,0,0,0,0,0,0,0,0
0.017373,0.016399,0.016408,0,0,0,0,0,0,0,0,0,0,0,0
0.017062,0.016495,0.016268,0,0,0,0,0,0,0,0,0,0,0,0
0.017313,0.016985,0.016261,0,0,0,0,0,0,0,0,0,0,0,0
0.016876,0.016545,0.016331,0,0,0,0,0,0,0,0,0,0,0,0
0.016952,0.01645,0.016282,0,0,0,0,0,0,0,0,0,0,0,0
0.016682,0.016306,0.016532,0,0,0,0,0,0,0,0,0,0,0,0
0.016643,0.016327,0.015991,0,0,0,0,0,0,0,0,0,0,0,0
0.016461,0.016161,0.015858,0,0,0,0,0,0,0,0,0,0,0,0
0.016701,0.016418,0.016077,0,0,0,0,0,0,0,0,0,0,0,0
0.016532,0.01693,0.016207,0,0,0,0,0,0,0,0,0,0,0,0
0.01665,0.016462,0.016109,0,0,0,0,0,0,0,0,0,0,0,0
0.016692,0.016476,0.016754,0,0,0,0,0,0,0,0,0,0,0,0
0.016896,0.016428,0.016352,0,0,0,0,0,0,0,0,0,0,0,0
0.017585,0.016761,0.016504,0,0,0,0,0,0,0,0,0,0,0,0
0.01726,0.016592,0.016413,0,0,0,0,0,0,0,0,0,0,0,0
0.016295,0.016895,0.016042,0,0,0,0,0,0,0,0,0,0,0,0
0.016873,0.016152,0.016293,0,0,0,0,0,0,0,0,0,0,0,0
0.016357,0.016412,0.016052,0,0,0,0,0,0,0,0,0,0,0,0
0.016289,0.0161,0.015723,0,0,0,0,0,0,0,0,0,0,0,0
0.016594,0.015964,0.016007,0,0,0,0,0,0,0,0,0,0,0,0
0.016945,0.016237,0.016504,0,0,0,0,0,0,0,0,0,0,0,0
0.016484,0.015836,0.016083,0,0,0,0,0,0,0,0,0,0,0,0
0.017052,0.016367,0.016092,0,0,0,0,0,0,0,0,0,0,0,0
0.016873,0.016442,0.016347,0,0,0,0,0,0,0,0,0,0,0,0
0.01682,0.015681,0.015652,0,0,0,0,0,0,0,0,0,0,0,0
0.016437,0.015961,0.015753,0,0,0,0,0,0,0,0,0,0,0,0
0.01648,0.015835,0.015725,0,0,0,0,0,0,0,0,0,0,0,0
0.016316,0.015687,0.016787,0,0,0,0,0,0,0,0,0,0,0,0
0.016062,0.016061,0.016042,0,0,0,0,0,0,0,0,0,0,0,0
0.016216,0.016054,0.01588,0,0,0,0,0,0,0,0,0,0,0,0
0.015824,0.015943,0.016061,0,0,0,0,0,0,0,0,0,0,0,0
0.016498,0.01614,0.016105,0,0,0,0,0,0,0,0,0,0,0,0
0.016099,0.015909,0.015867,0,0,0,0,0,0,0,0,0,0,0,0
0.016029,0.015886,0.015711,0,0,0,0,0,0,0,0,0,0,0,0
0.016314,0.01598,0.016204,0,0,0,0,0,0,0,0,0,0,0,0
0.015918,0.015919,0.015542,0,0,0,0,0,0,0,0,0,0,0,0
0.016304,0.015937,0.015605,0,0,0,0,0,0,0,0,0,0,0,0
0.016138,0.015957,0.015583,0,0,0,0,0,0,0,0,0,0,0,0
0.016242,0.015876,0.015763,0,0,0,0,0,0,0,0,0,0,0,0
0.016236,0.015858,0.015666,0,0,0,0,0,0,0,0,0,0,0,0
0.016455,0.016375,0.015684,0,0,0,0,0,0,0,0,0,0,0,0
0.016269,0.015872,0.015567,0,0,0,0,0,0,0,0,0,0,0,0
0.016037,0.016067,0.015611,0,0,0,0,0,0,0,0,0,0,0,0
0.016239,0.01596,0.015691,0,0,0,0,0,0,0,0,0,0,0,0
0.016266,0.015519,0.015933,0,0,0,0,0,0,0,0,0,0,0,0
0.016246,0.015927,0.015502,0,0,0,0,0,0,0,0,0,0,0,0
0.016182,0.016346,0.015683,0,0,0,0,0,0,0,0,0,0,0,0
0.01609,0.016074,0.016148,0,0,0,0,0,0,0,0,0,0,0,0
0.016223,0.01562,0.015481,0,0,0,0,0,0,0,0,0,0,0,0
0.016248,0.016458,0.01564,0,0,0,0,0,0,0,0,0,0,0,0
0.016166,0.015924,0.015635,0,0,0,0,0,0,0,0,0,0,0,0
0.01613,0.015534,0.016037,0,0,0,0,0,0,0,0,0,0,0,0
0.016739,0.016302,0.015459,0,0,0,0,0,0,0,0,0,0,0,0
0.016793,0.016361,0.016138,0,0,0,0,0,0,0,0,0,0,0,0
0.017111,0.016272,0.015281,0,0,0,0,0,0,0,0,0,0,0,0
0.016012,0.015575,0.015596,0,0,0,0,0,0,0,0,0,0,0,0
0.016899,0.015967,0.015554,0,0,0,0,0,0,0,0,0,0,0,0
0.016483,0.016149,0.01554,0,0,0,0,0,0,0,0,0,0,0,0
0.016521,0.016121,0.015486,0,0,0,0,0,0,0,0,0,0,0,0
0.01642,0.015688,0.015584,0,0,0,0,0,0,0,0,0,0,0,0
0.017162,0.015781,0.015621,0,0,0,0,0,0,0,0,0,0,0,0
0.016388,0.015839,0.015868,0,0,0,0,0,0,0,0,0,0,0,0
0.016516,0.016337,0.015983,0,0,0,0,0,0,0,0,0,0,0,0
0.016569,0.016239,0.016061,0,0,0,0,0,0,0,0,0,0,0,0
0.016658,0.016099,0.01605,0,0,0,0,0,0,0,0,0,0,0,0
0.016412,0.016117,0.016098,0,0,0,0,0,0,0,0,0,0,0,0
0.016382,0.015983,0.015717,0,0,0,0,0,0,0,0,0,0,0,0
0.016211,0.016286,0.016051,0,0,0,0,0,0,0,0,0,0,0,0
0.016473,0.016333,0.015755,0,0,0,0,0,0,0,0,0,0,0,0
0.016428,0.016247,0.01583,0,0,0,0,0,0,0,0,0,0,0,0
0.016759,0.01589,0.015904,0,0,0,0,0,0,0,0,0,0,0,0
0.016779,0.016146,0.016574,0,0,0,0,0,0,0,0,0,0,0,0
0.017679,0.015991,0.015887,0,0,0,0,0,0,0,0,0,0,0,0
0.016398,0.016031,0.01576,0,0,0,0,0,0,0,0,0,0,0,0
0.016048,0.015813,0.015929,0,0,0,0,0,0,0,0,0,0,0,0
0.01613,0.016545,0.015915,0,0,0,0,0,0,0,0,0,0,0,0
0.01653,0.016357,0.016001,0,0,0,0,0,0,0,0,0,0,0,0
0.016465,0.015783,0.01571,0,0,0,0,0,0,0,0,0,0,0,0
0.01592,0.015676,0.015705,0,0,0,0,0,0,0,0,0,0,0,0
0.016236,0.015866,0.015918,0,0,0,0,0,0,0,0,0,0,0,0
0.016405,0.01585,0.015458,0,0,0,0,0,0,0,0,0,0,0,0
0.016246,0.015951,0.015617,0,0,0,0,0,0,0,0,0,0,0,0
0.016736,0.016031,0.015653,0,0,0,0,0,0,0,0,0,0,0,0
0.01638,0.015731,0.015688,0,0,0,0,0,0,0,0,0,0,0,0
0.016564,0.01585,0.015815,0,0,0,0,0,0,0,0,0,0,0,0
0.01625,0.01618,0.015967,0,0,0,0,0,0,0,0,0,0,0,0
0.016092,0.015865,0.015701,0,0,0,0,0,0,0,0,0,0,0,0
0.016293,0.015794,0.016279,0,0,0,0,0,0,0,0,0,0,0,0
0.016875,0.016247,0.016959,0,0,0,0,0,0,0,0,0,0,0,0
0.01635,0.01576,0.016404,0,0,0,0,0,0,0,0,0,0,0,0
0.016155,0.015629,0.015727,0,0,0,0,0,0,0,0,0,0,0,0
0.016203,0.015931,0.015834,0,0,0,0,0,0,0,0,0,0,0,0
0.016438,0.015763,0.015914,0,0,0,0,0,0,0,0,0,0,0,0
0.016389,0.015926,0.016338,0,0,0,0,0,0,0,0,0,0,0,0
0.016151,0.01601,0.016149,0,0,0,0,0,0,0,0,0,0,0,0
0.0161,0.015983,0.015893,0,0,0,0,0,0,0,0,0,0,0,0
0.016519,0.016006,0.016065,0,0,0,0,0,0,0,0,0,0,0,0
0.016159,0.016185,0.015799,0,0,0,0,0,0,0,0,0,0,0,0
0.016225,0.015803,0.016891,0,0,0,0,0,0,0,0,0,0,0,0
0.016591,0.016229,0.017384,0,0,0,0,0,0,0,0,0,0,0,0
0.016079,0.015816,0.016881,0,0,0,0,0,0,0,0,0,0,0,0
0.016007,0.015989,0.017421,0,0,0,0,0,0,0,0,0,0,0,0
0.01613,0.01567,0.016116,0,0,0,0,0,0,0,0,0,0,0,0
0.01615,0.016011,0.015944,0,0,0,0,0,0,0,0,0,0,0,0
0.016407,0.015879,0.016013,0,0,0,0,0,0,0,0,0,0,0,0
0.016176,0.016252,0.016054,0,0,0,0,0,0,0,0,0,0,0,0
0.016122,0.016332,0.016392,0,0,0,0,0,0,0,0,0,0,0,0
0.016125,0.015791,0.016814,0,0,0,0,0,0,0,0,0,0,0,0
0.016527,0.015872,0.016069,0,0,0,0,0,0,0,0,0,0,0,0
0.016084,0.01631,0.015993,0,0,0,0,0,0,0,0,0,0,0,0
0.016285,0.016099,0.015933,0,0,0,0,0,0,0,0,0,0,0,0
0.016139,0.01631,0.016101,0,0,0,0,0,0,0,0,0,0,0,0
0.016106,0.016186,0.015991,0,0,0,0,0,0,0,0,0,0,0,0
0.016198,0.016022,0.01592,0,0,0,0,0,0,0,0,0,0,0,0
0.016327,0.016123,0.015863,0,0,0,0,0,0,0,0,0,0,0,0
0.016039,0.016096,0.015859,0,0,0,0,0,0,0,0,0,0,0,0
0.017105,0.016157,0.016156,0,0,0,0,0,0,0,0,0,0,0,0
0.016351,0.016088,0.016139,0,0,0,0,0,0,0,0,0,0,0,0
0.016662,0.016018,0.015998,0,0,0,0,0,0,0,0,0,0,0,0
0.016003,0.015878,0.01571,0,0,0,0,0,0,0,0,0,0,0,0
0.016293,0.016047,0.015848,0,0,0,0,0,0,0,0,0,0,0,0
0.016219,0.015884,0.015882,0,0,0,0,0,0,0,0,0,0,0,0
0.016427,0.016222,0.01594,0,0,0,0,0,0,0,0,0,0,0,0
0.016,0.016349,0.015938,0,0,0,0,0,0,0,0,0,0,0,0
0.016164,0.01632,0.015954,0,0,0,0,0,0,0,0,0,0,0,0
0.016076,0.016064,0.015745,0,0,0,0,0,0,0,0,0,0,0,0
0.015791,0.016252,0.015687,0,0,0,0,0,0,0,0,0,0,0,0
0.016211,0.016043,0.015583,0,0,0,0,0,0,0,0,0,0,0,0
0.016021,0.015918,0.015927,0,0,0,0,0,0,0,0,0,0,0,0
0.016333,0.015832,0.015683,0,0,0,0,0,0,0,0,0,0,0,0
0.016189,0.016039,0.015937,0,0,0,0,0,0,0,0,0,0,0,0
0.016197,0.016002,0.016144,0,0,0,0,0,0,0,0,0,0,0,0
0.017011,0.016009,0.015776,0,0,0,0,0,0,0,0,0,0,0,0
0.016366,0.015943,0.015601,0,0,0,0,0,0,0,0,0,0,0,0
0.016404,0.015908,0.01585,0,0,0,0,0,0,0,0,0,0,0,0
0.016173,0.015821,0.01551,0,0,0,0,0,0,0,0,0,0,0,0
0.016345,0.016789,0.015611,0,0,0,0,0,0,0,0,0,0,0,0
0.016158,0.015915,0.015609,0,0,0,0,0,0,0,0,0,0,0,0
0.016069,0.015752,0.015379,0,0,0,0,0,0,0,0,0,0,0,0
0.016413,0.016237,0.015836,0,0,0,0,0,0,0,0,0,0,0,0
0.016516,0.016276,0.015988,0,0,0,0,0,0,0,0,0,0,0,0
0.016154,0.015832,0.015757,0,0,0,0,0,0,0,0,0,0,0,0
0.016816,0.015917,0.015898,0,0,0,0,0,0,0,0,0,0,0,0
0.016295,0.015778,0.015848,0,0,0,0,0,0,0,0,0,0,0,0
0.016189,0.01586,0.016158,0,0,0,0,0,0,0,0,0,0,0,0
0.016204,0.015732,0.015868,0,0,0,0,0,0,0,0,0,0,0,0
0.016248,0.01605,0.015592,0,0,0,0,0,0,0,0,0,0,0,0
0.016641,0.015878,0.015881,0,0,0,0,0,0,0,0,0,0,0,0
0.016294,0.015933,0.015619,0,0,0,0,0,0,0,0,0,0,0,0
0.016129,0.015729,0.015646,0,0,0,0,0,0,0,0,0,0,0,0
0.016441,0.016576,0.016194,0,0,0,0,0,0,0,0,0,0,0,0
0.01683,0.016688,0.016502,0,0,0,0,0,0,0,0,0,0,0,0
0.016833,0.016395,0.016254,0,0,0,0,0,0,0,0,0,0,0,0
0.016952,0.016448,0.016301,0,0,0,0,0,0,0,0,0,0,0,0
0.01635,0.015762,0.015783,0,0,0,0,0,0,0,0,0,0,0,0
0.016139,0.01565,0.015938,0,0,0,0,0,0,0,0,0,0,0,0
0.016267,0.01575,0.015618,0,0,0,0,0,0,0,0,0,0,0,0
0.016267,0.015543,0.015653,0,0,0,0,0,0,0,0,0,0,0,0
0.016216,0.0158,0.015608,0,0,0,0,0,0,0,0,0,0,0,0
0.016006,0.015659,0.015594,0,0,0,0,0,0,0,0,0,0,0,0
0.016633,0.016408,0.016038,0,0,0,0,0,0,0,0,0,0,0,0
0.016247,0.016053,0.01568,0,0,0,0,0,0,0,0,0,0,0,0
0.016285,0.016026,0.015581,0,0,0,0,0,0,0,0,0,0,0,0
0.016317,0.015785,0.015705,0,0,0,0,0,0,0,0,0,0,0,0
0.016202,0.015873,0.015831,0,0,0,0,0,0,0,0,0,0,0,0
0.015996,0.01573,0.015789,0,0,0,0,0,0,0,0,0,0,0,0
0.016281,0.015793,0.015655,0,0,0,0,0,0,0,0,0,0,0,0
0.016099,0.015796,0.015462,0,0,0,0,0,0,0,0,0,0,0,0
0.015989,0.015868,0.016441,0,0,0,0,0,0,0,0,0,0,0,0
0.016058,0.015893,0.015666,0,0,0,0,0,0,0,0,0,0,0,0
0.016099,0.015438,0.015474,0,0,0,0,0,0,0,0,0,0,0,0
0.016709,0.016403,0.016392,0,0,0,0,0,0,0,0,0,0,0,0
0.01733,0.016935,0.017449,0,0,0,0,0,0,0,0,0,0,0,0
0.017131,0.016629,0.016647,0,0,0,0,0,0,0,0,0,0,0,0
0.016817,0.016433,0.016265,0,0,0,0,0,0,0,0,0,0,0,0
0.016681,0.016697,0.016471,0,0,0,0,0,0,0,0,0,0,0,0
0.017527,0.01671,0.016634,0,0,0,0,0,0,0,0,0,0,0,0
0.016746,0.016313,0.01619,0,0,0,0,0,0,0,0,0,0,0,0
0.016922,0.016739,0.016339,0,0,0,0,0,0,0,0,0,0,0,0
0.016676,0.016329,0.016334,0,0,0,0,0,0,0,0,0,0,0,0
0.016964,0.016452,0.016392,0,0,0,0,0,0,0,0,0,0,0,0
0.017199,0.016713,0.016235,0,0,0,0,0,0,0,0,0,0,0,0
NaN,NaN,NaN,0,0,0,0,0,0,0,0,0,0,0,0
NaN,NaN,NaN,0,0,0,0,0,0,0,0,0,0,0,0
