1
93.4750,23.4750,140.6500,140.6500
91.3652,17.1458,136.4305,136.4305
93.4117,15.0993,132.3376,132.3376
91.4266,13.1142,128.3675,128.3675
91.4844,5.4699,128.2519,128.2519
99.2000,-7.4000,129.2000,129.2000
102.8000,-31.8000,125.6000,125.6000
113.4000,-26.2000,123.4000,123.4000
121.8000,-29.0000,122.0000,122.0000
127.2000,-4.8000,118.6000,118.6000
145.6000,-11.2000,119.4000,119.4000
141.2000,-33.4000,113.4000,113.4000
146.4000,-48.4000,118.8000,118.8000
163.6000,-26.2000,118.2000,118.2000
163.6000,0.0000,118.2000,118.2000
167.0000,-23.2000,120.2000,120.2000
175.9068,8.7986,116.5940,116.5940
177.6557,17.5432,113.0962,113.0962
179.3522,26.0254,109.7033,109.7033
185.6000,41.2000,108.6000,108.6000
187.2290,46.0870,105.3420,105.3420
188.8091,53.9877,102.1817,102.1817
190.3865,61.6959,99.0271,99.0271
185.7952,63.2272,108.2096,108.2096
186.1216,76.2552,101.6312,101.6312
187.6461,74.7308,104.6801,104.6801
181.3653,74.7308,104.6801,104.6801
192.2000,76.4000,101.0000,101.0000
184.2063,68.6873,110.3654,110.3654
187.5173,55.4434,110.3654,110.3654
187.5173,48.8215,110.3654,110.3654
194.1394,48.9487,86.4203,86.4203
2
0
0
0
0
1
186.8900,139.1100,71.7800,71.7800
179.4000,140.4000,71.0000,71.0000
186.7601,141.1841,64.7998,64.7998
186.7601,139.2401,64.7998,64.7998
189.6761,134.3801,66.7438,66.7438
191.6000,140.8000,68.2000,68.2000
194.5779,143.7778,62.2443,62.2443
200.8000,154.0000,64.8000,64.8000
200.8000,157.8880,64.8000,64.8000
202.8315,167.5788,68.7463,68.7463
202.8315,175.8284,68.7463,68.7463
202.8315,184.0780,68.7463,68.7463
203.8627,189.2339,66.6839,66.6839
212.3631,205.6235,57.2122,57.2122
216.6291,211.5543,58.8756,58.8756
221.0447,219.5025,57.1093,57.1093
225.3279,223.7857,55.3960,55.3960
231.9754,230.4332,55.3960,55.3960
236.9611,233.7570,55.3960,55.3960
241.5575,235.0296,66.1457,66.1457
248.5028,238.0062,68.1301,68.1301
254.6652,237.9755,72.2792,72.2792
262.3195,236.8914,74.4476,74.4476
270.2036,238.0751,76.6810,76.6810
273.5497,234.5199,83.7914,83.7914
279.1074,225.4567,91.5612,91.5612
282.6000,207.2000,86.2000,86.2000
277.5836,190.6395,119.3210,119.3210
284.7428,154.8432,119.3210,119.3210
277.6000,157.6000,124.8000,124.8000
288.8320,165.0880,124.8000,124.8000
288.8000,141.8000,122.0000,122.0000
307.8000,119.8000,119.8000,119.8000
307.8000,91.0480,119.8000,119.8000
329.8000,75.6000,125.0000,125.0000
325.5505,93.4073,117.6125,117.6125
337.0000,67.2000,115.8000,115.8000
337.0000,67.2000,115.8000,115.8000
371.8000,39.8000,117.0000,117.0000
364.2000,30.0000,115.4000,115.4000
386.6695,33.2528,80.0694,80.0694
385.3614,65.5739,73.0772,73.0772
398.3219,70.1365,64.6947,64.6947
394.4000,42.6000,69.0000,69.0000
396.3166,58.4533,64.9221,64.9221
394.3690,72.0869,64.9221,64.9221
388.5259,74.0346,64.9221,64.9221
378.3315,69.8637,77.5204,77.5204
368.4000,40.0000,77.0000,77.0000
356.8500,51.5500,77.0000,77.0000
356.8411,58.7974,58.5378,58.5378
343.0000,57.8000,61.0000,61.0000
325.0000,57.4000,63.4000,63.4000
313.5880,57.4000,63.4000,63.4000
300.8000,62.0000,66.6000,66.6000
289.0000,72.8000,67.6000,67.6000
280.8880,64.6880,67.6000,67.6000
270.7480,64.6880,67.6000,67.6000
252.0000,52.4000,70.8000,70.8000
252.0000,60.8960,70.8000,70.8000
248.7175,57.6135,77.3651,77.3651
234.7196,54.5079,84.4628,84.4628
224.2397,46.8683,89.6066,89.6066
218.8633,46.8683,89.6066,89.6066
212.0621,50.7393,86.9184,86.9184
205.3868,52.1213,89.5260,89.5260
198.5918,50.6978,86.8402,86.8402
191.9225,52.0786,89.4454,89.4454
186.3094,58.2822,100.6716,100.6716
186.3094,61.3023,100.6716,100.6716
159.0000,60.8000,97.2000,97.2000
153.1680,60.8000,97.2000,97.2000
152.8000,73.4000,91.0000,91.0000
138.9477,81.3877,85.6219,85.6219
127.5270,69.9670,108.4633,108.4633
124.2731,99.2521,108.4633,108.4633
131.0171,110.1087,77.4443,77.4443
110.9097,103.9413,89.7792,89.7792
108.2519,123.1537,84.3213,84.3213
91.3862,119.2443,92.1401,92.1401
68.7057,107.9675,120.2220,120.2220
69.0281,129.7509,106.3359,106.3359
70.6232,140.9162,103.1458,103.1458
71.5575,142.3509,96.6139,96.6139
75.8156,163.4089,82.9657,82.9657
78.2673,168.2024,78.0624,78.0624
80.7869,165.8254,82.8164,82.8164
84.5136,157.1296,85.3009,85.3009
87.1110,141.8139,90.4957,90.4957
83.0515,120.6003,104.9093,104.9093
90.9197,112.7321,101.7621,101.7621
103.1312,103.5735,101.7621,101.7621
115.3426,97.4678,101.7621,101.7621
129.0805,89.9272,98.7092,98.7092
140.9256,84.0047,98.7092,98.7092
152.7707,81.0434,98.7092,98.7092
167.2270,86.7047,87.3865,87.3865
177.6741,86.5867,82.2220,82.2220
191.4979,95.4773,64.4409,64.4409
196.2449,102.0432,58.8135,58.8135
196.2449,105.5720,58.8135,58.8135
197.1271,113.5118,57.0491,57.0491
202.2615,123.7807,57.0491,57.0491
205.6844,132.3380,57.0491,57.0491
209.1074,139.1839,57.0491,57.0491
209.1074,142.6069,57.0491,57.0491
209.1074,147.7413,57.0491,57.0491
209.1074,151.1642,57.0491,57.0491
209.1074,154.5872,57.0491,57.0491
209.1074,158.0101,57.0491,57.0491
209.1074,164.8560,57.0491,57.0491
209.1074,164.8560,57.0491,57.0491
210.8188,171.7019,57.0491,57.0491
210.8188,175.1248,57.0491,57.0491
210.8188,175.1248,57.0491,57.0491
210.8188,178.5478,57.0491,57.0491
211.6746,179.4035,55.3376,55.3376
211.6746,182.7238,55.3376,55.3376
218.2404,187.6793,52.0672,52.0672
218.9973,188.5313,56.8952,56.8952
223.2644,185.9710,55.1884,55.1884
222.4366,183.5372,56.8440,56.8440
222.4366,180.1266,56.8440,56.8440
224.1419,180.1266,56.8440,56.8440
226.6999,179.2739,58.5493,58.5493
