0.00014,0.000123,0.000101,0.000126,0.000133,0.000135,0.000124,0.000169,0.000123,0.000126,0.000131,0.000127,0.000109,0.000127,0.000118
0.063764,0.063099,0.054705,0.062459,0.063476,0.062399,0.067346,0.063471,0.063524,0.062082,0.061545,0.061758,0.056873,0.061375,0.061688
0.045981,0.040352,0.039832,0.044691,0.041122,0.043081,0.044642,0.045394,0.046364,0.04563,0.042114,0.045368,0.036678,0.041931,0.044428
0.033735,0.029609,0.031405,0.033341,0.031526,0.03364,0.033789,0.033983,0.034811,0.033262,0.031919,0.034289,0.030242,0.031067,0.034181
0.025171,0.024243,0.024311,0.025247,0.024472,0.02462,0.025239,0.025178,0.024234,0.02484,0.024471,0.024945,0.024474,0.023231,0.024922
0.023978,0.023106,0.023486,0.023762,0.024112,0.023952,0.023985,0.023855,0.023536,0.023471,0.024073,0.023728,0.023825,0.021694,0.024292
0.023186,0.022776,0.023204,0.023165,0.023402,0.023095,0.022868,0.023061,0.022948,0.022937,0.023339,0.02306,0.022952,0.02085,0.023317
0.023577,0.023279,0.023543,0.023506,0.023654,0.023679,0.02339,0.023329,0.02305,0.022898,0.023306,0.023106,0.023456,0.021019,0.023588
0.023128,0.02294,0.023127,0.023293,0.022982,0.023,0.022855,0.023274,0.023041,0.022779,0.023022,0.022778,0.022901,0.020222,0.023061
0.02285,0.022672,0.022985,0.022918,0.023016,0.022919,0.022901,0.023192,0.022503,0.022522,0.022897,0.022525,0.022845,0.020083,0.023041
0.022261,0.022126,0.022241,0.022095,0.021936,0.022187,0.021943,0.022356,0.022193,0.021987,0.021786,0.021704,0.022243,0.019,0.022426
0.021896,0.021526,0.021997,0.022149,0.021478,0.022531,0.022128,0.022149,0.021848,0.021493,0.022127,0.02124,0.022211,0.018327,0.022115
0.020999,0.020952,0.021182,0.021272,0.020883,0.020646,0.021168,0.021201,0.020874,0.020776,0.021114,0.020734,0.020862,0.017772,0.021104
0.020738,0.020728,0.021089,0.020951,0.02085,0.020663,0.020847,0.020824,0.020771,0.020413,0.020628,0.020289,0.021295,0.017453,0.021169
0.019522,0.019351,0.019533,0.019667,0.01954,0.019238,0.019727,0.019618,0.019684,0.019334,0.019595,0.019419,0.019886,0.016627,0.019972
0.019013,0.019213,0.019116,0.01921,0.019314,0.01882,0.019418,0.019634,0.01922,0.01866,0.019224,0.0187,0.019408,0.015899,0.019294
0.018797,0.01835,0.018657,0.018451,0.018678,0.017993,0.018541,0.018508,0.018755,0.017961,0.018428,0.018291,0.01893,0.015953,0.018619
0.01851,0.017703,0.018443,0.018131,0.0184,0.018118,0.018241,0.01851,0.018254,0.017661,0.018281,0.018224,0.018419,0.015587,0.018374
0.01762,0.017164,0.017465,0.016956,0.017338,0.017357,0.01744,0.017535,0.017397,0.016927,0.017061,0.017065,0.017449,0.01481,0.01727
0.017259,0.016771,0.017304,0.017299,0.017547,0.017425,0.017298,0.017219,0.017088,0.016514,0.01737,0.017358,0.017434,0.015019,0.017099
0.016878,0.016849,0.016685,0.017081,0.017117,0.016662,0.016794,0.017057,0.016616,0.016268,0.016941,0.017217,0.017055,0.015846,0.016965
0.016955,0.017092,0.016781,0.016963,0.017317,0.016884,0.017099,0.017257,0.016675,0.016165,0.0169,0.017193,0.017069,0.016952,0.017151
0.016278,0.016317,0.016305,0.016309,0.016767,0.016409,0.016416,0.016624,0.016286,0.01587,0.016375,0.016493,0.016587,0.016251,0.016627
0.016592,0.016849,0.016764,0.016698,0.017188,0.016535,0.016827,0.016672,0.016962,0.015835,0.017,0.016984,0.016802,0.01686,0.016554
0.016225,0.01659,0.016448,0.016815,0.016558,0.016322,0.016665,0.016305,0.016529,0.01591,0.016557,0.01634,0.016371,0.017651,0.016413
0.025683,0.025679,0.025476,0.025883,0.025845,0.025995,0.025959,0.025802,0.025823,0.025079,0.025995,0.025763,0.025969,0.025869,0.025377
0.021496,0.021499,0.021295,0.021555,0.021752,0.021808,0.02157,0.021522,0.021701,0.021509,0.021917,0.021648,0.02141,0.021614,0.021642
0.019223,0.018808,0.020057,0.019314,0.019389,0.01923,0.019189,0.01953,0.019253,0.018766,0.019504,0.019102,0.018868,0.019438,0.019328
0.018353,0.01752,0.018048,0.018224,0.026798,0.017951,0.018278,0.017941,0.018062,0.017787,0.018043,0.017827,0.017333,0.01824,0.018127
0.017774,0.017545,0.017945,0.017742,0.02392,0.017822,0.017707,0.018292,0.017726,0.017457,0.017762,0.017867,0.015714,0.017889,0.017822
0.015573,0.015128,0.015592,0.015462,0.018935,0.015246,0.015455,0.015474,0.015391,0.015267,0.015344,0.015359,0.013661,0.015374,0.015376
0.014966,0.014627,0.01482,0.014843,0.01724,0.014728,0.014909,0.014776,0.014905,0.014551,0.014586,0.015041,0.013264,0.014963,0.014943
0.01423,0.014246,0.014179,0.014299,0.014891,0.014529,0.01393,0.014334,0.014418,0.014245,0.013964,0.014526,0.012529,0.014434,0.014574
0.013736,0.014174,0.014375,0.013956,0.014567,0.014022,0.013727,0.014447,0.014056,0.013661,0.013584,0.014074,0.012075,0.014283,0.014034
0.027654,0.027598,0.027795,0.028001,0.028028,0.027972,0.027437,0.027877,0.027724,0.027644,0.027468,0.027722,0.023725,0.02786,0.027997
0.021636,0.020666,0.021674,0.021497,0.022063,0.021825,0.021532,0.02148,0.021772,0.021101,0.021318,0.021555,0.018358,0.021272,0.021507
0.018841,0.017312,0.019075,0.018884,0.019154,0.018855,0.018706,0.01885,0.018988,0.018719,0.018577,0.018669,0.01657,0.018603,0.018826
0.017911,0.016332,0.017786,0.018067,0.018753,0.01801,0.017821,0.018494,0.018023,0.01753,0.018315,0.018012,0.015498,0.017843,0.018092
0.016921,0.015395,0.016216,0.016857,0.017139,0.016713,0.017092,0.016957,0.016876,0.016669,0.016873,0.016479,0.014383,0.016845,0.017129
0.015587,0.015009,0.015488,0.01665,0.017001,0.016114,0.016316,0.016675,0.016676,0.016074,0.016418,0.016097,0.014485,0.015919,0.016508
0.014829,0.014783,0.014931,0.016084,0.016243,0.015569,0.016059,0.016145,0.016081,0.016117,0.015545,0.015509,0.013606,0.01489,0.016186
0.014136,0.014537,0.013884,0.01532,0.016288,0.015301,0.015334,0.015354,0.014179,0.015071,0.015026,0.015208,0.013187,0.014432,0.015726
0.013037,0.013547,0.013382,0.014085,0.014515,0.014629,0.014201,0.014441,0.013112,0.014311,0.013731,0.013969,0.012381,0.013286,0.01465
0.012329,0.012811,0.01271,0.013393,0.014566,0.013909,0.014352,0.014313,0.012691,0.013285,0.01269,0.014043,0.011996,0.013222,0.013787
0.011202,0.01223,0.012142,0.012636,0.013387,0.012838,0.013404,0.013579,0.011845,0.012419,0.0118,0.012622,0.011462,0.012101,0.013563
0.012023,0.012532,0.012415,0.012821,0.013948,0.013614,0.013655,0.014056,0.012367,0.012285,0.012136,0.012697,0.011794,0.012475,0.013134
0.011807,0.012319,0.012325,0.012476,0.013549,0.012705,0.013068,0.013485,0.011809,0.012192,0.011862,0.012252,0.011266,0.011765,0.012949
NaN,NaN,NaN,NaN,NaN,NaN,NaN,NaN,NaN,NaN,NaN,NaN,NaN,NaN,NaN
NaN,NaN,NaN,NaN,NaN,NaN,NaN,NaN,NaN,NaN,NaN,NaN,NaN,NaN,NaN
NaN,NaN,NaN,NaN,NaN,NaN,NaN,NaN,NaN,NaN,NaN,NaN,NaN,NaN,NaN
NaN,NaN,NaN,NaN,NaN,NaN,NaN,NaN,NaN,NaN,NaN,NaN,NaN,NaN,NaN
0.000211,0.000201,9.6e-05,0.000152,0.0002,0.000161,0.000131,0.000226,0.000166,9.4e-05,0.000137,0.000109,0.000135,8.7e-05,9.1e-05
0.10831,0.11188,0.090956,0.11025,0.10984,0.11106,0.10145,0.11406,0.1138,0.10006,0.11393,0.10663,0.1015,0.096248,0.10025
0.055601,0.055471,0.051031,0.058567,0.05926,0.060296,0.053271,0.05941,0.057075,0.051866,0.060117,0.058014,0.054683,0.054572,0.05486
0.054221,0.051297,0.043344,0.052767,0.052066,0.052473,0.053178,0.052332,0.052259,0.050144,0.051523,0.051217,0.053404,0.048596,0.053762
0.049533,0.048068,0.041291,0.04914,0.048803,0.04968,0.048497,0.04868,0.049295,0.049766,0.04749,0.049602,0.048643,0.045052,0.049378
0.04987,0.049514,0.042787,0.047399,0.049056,0.048314,0.048552,0.047504,0.049288,0.049189,0.048476,0.049691,0.047387,0.044775,0.048362
0.045386,0.047427,0.04261,0.047336,0.04716,0.04751,0.047352,0.046781,0.047177,0.048249,0.04697,0.047093,0.044761,0.042184,0.046289
0.047102,0.048069,0.044248,0.046841,0.047664,0.048966,0.047645,0.046162,0.046992,0.048151,0.046693,0.046764,0.044883,0.042895,0.047417
0.047079,0.047225,0.043881,0.046676,0.047715,0.048041,0.047637,0.04601,0.047963,0.046573,0.047441,0.047113,0.042074,0.04126,0.047821
0.044173,0.045651,0.040585,0.046378,0.047228,0.046186,0.046492,0.044878,0.047136,0.046905,0.048236,0.044666,0.044327,0.039457,0.044972
0.059701,0.062287,0.053651,0.057078,0.061178,0.062004,0.060515,0.059062,0.062356,0.057837,0.062214,0.060829,0.056644,0.052484,0.060429
0.043037,0.044557,0.039516,0.041743,0.042559,0.044132,0.043338,0.043568,0.043839,0.04208,0.042929,0.04312,0.041948,0.037257,0.043869
0.043589,0.041992,0.040424,0.041711,0.041426,0.043606,0.042668,0.042116,0.043428,0.042417,0.041438,0.042084,0.042533,0.041328,0.041777
0.041673,0.041463,0.037826,0.039209,0.042106,0.043433,0.03724,0.041308,0.042648,0.041419,0.041466,0.041826,0.040665,0.039045,0.042583
0.040076,0.03936,0.036018,0.040656,0.042399,0.040764,0.037418,0.041018,0.042151,0.039158,0.038698,0.039124,0.038041,0.038153,0.041474
0.04034,0.039019,0.034765,0.041814,0.040195,0.038936,0.036872,0.041212,0.040689,0.03936,0.03938,0.036737,0.041455,0.037212,0.03734
0.038751,0.039944,0.03432,0.038978,0.040935,0.039612,0.036568,0.041047,0.040714,0.035818,0.042367,0.039979,0.040586,0.038675,0.036898
0.03957,0.038026,0.033569,0.040364,0.03946,0.038173,0.035062,0.042484,0.039242,0.037629,0.039717,0.03728,0.040164,0.038138,0.035666
0.036084,0.038948,0.03241,0.039789,0.039692,0.03817,0.035111,0.040673,0.036323,0.03763,0.037599,0.036612,0.036199,0.037484,0.033679
0.034517,0.03744,0.033594,0.038564,0.037431,0.0378,0.034472,0.039911,0.036234,0.038323,0.03866,0.038352,0.038656,0.037059,0.034553
0.052437,0.05864,0.048946,0.056789,0.062396,0.063247,0.04985,0.06508,0.055637,0.052781,0.062427,0.054291,0.055428,0.053401,0.05223
0.043694,0.036107,0.032166,0.040051,0.037355,0.037601,0.039219,0.036267,0.039207,0.039044,0.037631,0.041613,0.039132,0.036305,0.038178
0.036954,0.032223,0.030128,0.036026,0.033773,0.036222,0.036577,0.033709,0.034518,0.038423,0.036051,0.036668,0.035698,0.036338,0.036278
0.037262,0.034005,0.03375,0.037362,0.034617,0.035641,0.036279,0.035387,0.036634,0.038678,0.037816,0.037065,0.035807,0.041823,0.036368
0.036977,0.036584,0.037285,0.037608,0.035046,0.035662,0.036356,0.037915,0.038583,0.035988,0.037799,0.034251,0.033892,0.036844,0.037637
0.036883,0.034524,0.035648,0.035736,0.032845,0.036259,0.033075,0.036284,0.036615,0.03837,0.035054,0.034697,0.034938,0.034678,0.035111
0.034645,0.031625,0.031272,0.034781,0.033762,0.034238,0.031368,0.034409,0.033094,0.036115,0.033461,0.033068,0.034665,0.033965,0.033445
0.034732,0.032537,0.031558,0.037693,0.034668,0.034242,0.035418,0.033341,0.033782,0.036025,0.032029,0.034498,0.032136,0.030947,0.034759
0.036631,0.033615,0.034153,0.035805,0.034787,0.035906,0.035447,0.032924,0.034695,0.036124,0.031593,0.038175,0.033881,0.035683,0.032677
0.033459,0.035865,0.032474,0.034738,0.032775,0.035263,0.035474,0.033667,0.035117,0.0341,0.033344,0.034626,0.031477,0.032485,0.032464
0.053437,0.05126,0.051856,0.048688,0.047857,0.051794,0.049891,0.053377,0.04872,0.04908,0.050688,0.050707,0.046599,0.052968,0.054055
0.039392,0.038562,0.038624,0.042215,0.038324,0.040097,0.042916,0.041777,0.041203,0.042865,0.042908,0.041138,0.040031,0.041195,0.041248
0.037792,0.037324,0.038951,0.041333,0.039002,0.040624,0.040453,0.040651,0.040333,0.042448,0.041577,0.039601,0.04005,0.039052,0.040147
0.038913,0.040639,0.03868,0.039561,0.036806,0.038206,0.039846,0.03895,0.038634,0.040512,0.039679,0.039367,0.037587,0.039891,0.037294
0.036353,0.038056,0.036918,0.036874,0.037958,0.036439,0.036613,0.037673,0.037484,0.036908,0.038923,0.039896,0.042572,0.038412,0.038155
0.035241,0.03498,0.036466,0.036988,0.035851,0.037918,0.036601,0.039744,0.036319,0.035613,0.03758,0.038118,0.039828,0.037985,0.038909
0.03681,0.037213,0.034712,0.036914,0.034988,0.034402,0.037166,0.038808,0.036571,0.037731,0.037009,0.037961,0.040174,0.03784,0.039797
0.035364,0.038127,0.035244,0.03688,0.035933,0.034572,0.03715,0.038076,0.036757,0.03807,0.037241,0.037831,0.03835,0.037212,0.039337
0.034211,0.035932,0.031703,0.03298,0.035487,0.034922,0.033995,0.034963,0.034472,0.034526,0.032563,0.036291,0.037957,0.034348,0.035782
0.036711,0.035507,0.033758,0.034349,0.03543,0.034363,0.033028,0.033981,0.033078,0.032873,0.031577,0.034956,0.037191,0.033859,0.035641
0.049796,0.046981,0.047853,0.044596,0.047658,0.050231,0.049996,0.049732,0.047803,0.049943,0.045574,0.046968,0.055539,0.052688,0.049958
0.029147,0.02972,0.027887,0.027606,0.029704,0.029138,0.029812,0.028962,0.029707,0.029036,0.026594,0.029427,0.033745,0.028847,0.02838
0.03095,0.033322,0.030188,0.029878,0.03115,0.033674,0.029358,0.030811,0.032405,0.031753,0.031804,0.031668,0.035498,0.03089,0.030686
0.031612,0.032669,0.030461,0.029298,0.029973,0.032397,0.032794,0.030912,0.031643,0.032592,0.032715,0.032254,0.036246,0.031131,0.031309
0.030541,0.031528,0.029277,0.02935,0.030989,0.031363,0.03098,0.030403,0.030804,0.031262,0.030783,0.032062,0.033447,0.032306,0.032958
0.031792,0.031129,0.0278,0.031517,0.030151,0.030507,0.03136,0.03243,0.032307,0.030603,0.031629,0.031281,0.03664,0.03103,0.032414
0.034686,0.034861,0.031598,0.03514,0.034306,0.036804,0.034828,0.036581,0.035562,0.036644,0.034849,0.036544,0.040234,0.034727,0.034835
0.03491,0.034546,0.032806,0.034981,0.033338,0.034126,0.031409,0.035183,0.033819,0.035531,0.033273,0.034606,0.039132,0.032564,0.034159
0.028752,0.028464,0.028868,0.029578,0.02801,0.028917,0.026869,0.029894,0.029191,0.029748,0.029011,0.028936,0.032547,0.028404,0.028972
0.027029,0.027219,0.02682,0.027634,0.026745,0.027945,0.027028,0.026892,0.029043,0.029083,0.027143,0.028898,0.032363,0.026812,0.027143
0.043731,0.041697,0.045384,0.043873,0.039711,0.042798,0.043619,0.042256,0.043952,0.043069,0.04149,0.044837,0.048636,0.040015,0.041691
0.036278,0.02498,0.026001,0.026305,0.026454,0.027376,0.027977,0.026475,0.026975,0.025617,0.024905,0.026918,0.03025,0.025388,0.025545
0.036122,0.028542,0.029135,0.030779,0.029823,0.032011,0.030641,0.031568,0.031904,0.031479,0.0269,0.030229,0.032616,0.030588,0.031457
0.036539,0.033376,0.02991,0.031647,0.031821,0.033185,0.032052,0.033966,0.032478,0.030645,0.027677,0.033436,0.031918,0.03318,0.0331
0.036886,0.033453,0.031879,0.033012,0.03284,0.033713,0.033922,0.035301,0.032925,0.032431,0.031132,0.031058,0.033227,0.034059,0.033204
0.035175,0.029994,0.032226,0.031472,0.03281,0.033614,0.031103,0.032152,0.031142,0.03193,0.02857,0.030399,0.032364,0.033254,0.031118
0.03717,0.029794,0.030644,0.028907,0.032603,0.032433,0.031703,0.031209,0.033786,0.031915,0.027551,0.031412,0.030754,0.031291,0.031032
0.028682,0.023571,0.024593,0.027117,0.027423,0.0262,0.027575,0.027933,0.027604,0.027687,0.024749,0.026469,0.026134,0.026663,0.024084
0.033034,0.027563,0.027198,0.030244,0.030465,0.029726,0.029602,0.028616,0.030604,0.028933,0.027767,0.031697,0.030666,0.029096,0.029111
0.031161,0.026952,0.027354,0.028878,0.028163,0.029869,0.028931,0.028603,0.028236,0.027897,0.025403,0.029685,0.029527,0.027572,0.029036
0.043072,0.042079,0.043768,0.041007,0.043144,0.040108,0.043596,0.038996,0.039965,0.041305,0.036293,0.041982,0.040687,0.044115,0.038015
0.037922,0.030898,0.030641,0.032638,0.031966,0.03147,0.033886,0.032943,0.032219,0.031424,0.033818,0.032951,0.031242,0.032116,0.031903
0.035762,0.031738,0.02914,0.030807,0.029396,0.031894,0.031547,0.032192,0.030279,0.031597,0.031166,0.031565,0.029675,0.032355,0.031215
0.034007,0.030471,0.029466,0.028892,0.027984,0.030313,0.030591,0.029541,0.029512,0.030505,0.030515,0.030721,0.030738,0.030621,0.030137
0.032073,0.02996,0.027786,0.027916,0.025993,0.02744,0.028324,0.027698,0.028169,0.028878,0.028003,0.029317,0.028773,0.029361,0.027761
0.035316,0.031618,0.030892,0.031314,0.028675,0.029653,0.032368,0.029903,0.030545,0.030677,0.030154,0.031319,0.031858,0.03265,0.032441
0.029314,0.025837,0.025011,0.02449,0.025664,0.025259,0.025711,0.02412,0.024767,0.025322,0.023656,0.025641,0.025511,0.027975,0.026762
0.1116,0.091968,0.092158,0.09342,0.092881,0.091938,0.095976,0.091216,0.087454,0.10148,0.096226,0.092117,0.089431,0.099267,0.10141
0.033492,0.032694,0.029336,0.028848,0.029251,0.032009,0.029787,0.028332,0.028844,0.033115,0.030071,0.029974,0.028721,0.029466,0.02944
0.026556,0.026362,0.023941,0.023811,0.02358,0.026309,0.024765,0.023351,0.024128,0.025436,0.024756,0.023441,0.024519,0.026523,0.026188
0.089747,0.08416,0.079315,0.092442,0.088791,0.09335,0.083687,0.094262,0.087639,0.093599,0.084348,0.080594,0.085905,0.088081,0.091245
0.026162,0.028808,0.026204,0.028368,0.029049,0.027861,0.027871,0.027168,0.027963,0.027899,0.026158,0.027328,0.026943,0.027698,0.027971
0.022718,0.02596,0.02257,0.023194,0.025182,0.024089,0.022483,0.023384,0.022796,0.025493,0.023313,0.023868,0.024005,0.023538,0.024446
0.028354,0.023399,0.021227,0.022912,0.023264,0.023604,0.024225,0.022413,0.022235,0.025019,0.021908,0.021546,0.024336,0.023284,0.022375
0.021803,0.083464,0.022835,0.021878,0.091243,0.025504,0.081952,0.024918,0.021331,0.025577,0.021382,0.079351,0.023136,0.08477,0.021544
NaN,NaN,NaN,NaN,NaN,NaN,NaN,NaN,NaN,NaN,NaN,NaN,NaN,NaN,NaN
NaN,NaN,NaN,NaN,NaN,NaN,NaN,NaN,NaN,NaN,NaN,NaN,NaN,NaN,NaN
NaN,NaN,NaN,NaN,NaN,NaN,NaN,NaN,NaN,NaN,NaN,NaN,NaN,NaN,NaN
NaN,NaN,NaN,NaN,NaN,NaN,NaN,NaN,NaN,NaN,NaN,NaN,NaN,NaN,NaN
0.000124,0.000168,0.00014,0.000191,8.2e-05,0.000213,0.000146,0.000137,0.000161,0.000146,0.000103,0.000109,0.000242,7.8e-05,8.8e-05
