1
387.0000,473.0000,446.0000,473.0000,446.0000,536.0000,387.0000,536.0000
392.0000,467.0000,452.0000,467.0000,452.0000,531.0000,392.0000,531.0000
400.0000,461.0000,460.0000,461.0000,460.0000,526.0000,400.0000,526.0000
402.0000,455.0000,464.0000,455.0000,464.0000,522.0000,402.0000,522.0000
397.0000,456.0000,460.0000,456.0000,460.0000,523.0000,397.0000,523.0000
387.0000,458.0000,452.0000,458.0000,452.0000,527.0000,387.0000,527.0000
381.0000,463.0000,445.0000,463.0000,445.0000,531.0000,381.0000,531.0000
366.0000,475.0000,431.0000,475.0000,431.0000,544.0000,366.0000,544.0000
366.0000,486.0000,428.0000,486.0000,428.0000,553.0000,366.0000,553.0000
370.0000,517.0000,431.0000,517.0000,431.0000,581.0000,370.0000,581.0000
372.0000,517.0000,433.0000,517.0000,433.0000,581.0000,372.0000,581.0000
2
0
0
0
0
1
790.0000,415.0000,868.0000,415.0000,868.0000,455.0000,790.0000,455.0000
854.0000,401.0000,934.0000,401.0000,934.0000,442.0000,854.0000,442.0000
920.0000,387.0000,1000.0000,387.0000,1000.0000,429.0000,920.0000,429.0000
981.0000,377.0000,1060.0000,377.0000,1060.0000,418.0000,981.0000,418.0000
1039.0000,370.0000,1117.0000,370.0000,1117.0000,411.0000,1039.0000,411.0000
1097.0000,363.0000,1173.0000,363.0000,1173.0000,403.0000,1097.0000,403.0000
1149.0000,354.0000,1225.0000,354.0000,1225.0000,393.0000,1149.0000,393.0000
1202.0000,343.0000,1277.0000,343.0000,1277.0000,382.0000,1202.0000,382.0000
1254.0000,334.0000,1328.0000,334.0000,1328.0000,372.0000,1254.0000,372.0000
1300.0000,327.0000,1376.0000,327.0000,1376.0000,366.0000,1300.0000,366.0000
1348.0000,318.0000,1422.0000,318.0000,1422.0000,356.0000,1348.0000,356.0000
1391.0000,308.0000,1463.0000,308.0000,1463.0000,346.0000,1391.0000,346.0000
1427.0000,301.0000,1499.0000,301.0000,1499.0000,339.0000,1427.0000,339.0000
1464.0000,293.0000,1536.0000,293.0000,1536.0000,330.0000,1464.0000,330.0000
1499.0000,286.0000,1570.0000,286.0000,1570.0000,323.0000,1499.0000,323.0000
1492.0000,288.0000,1563.0000,288.0000,1563.0000,325.0000,1492.0000,325.0000
1494.0000,291.0000,1565.0000,291.0000,1565.0000,328.0000,1494.0000,328.0000
1516.0000,294.0000,1587.0000,294.0000,1587.0000,331.0000,1516.0000,331.0000
1542.0000,295.0000,1612.0000,295.0000,1612.0000,331.0000,1542.0000,331.0000
1558.0000,302.0000,1626.0000,302.0000,1626.0000,337.0000,1558.0000,337.0000
1570.0000,306.0000,1638.0000,306.0000,1638.0000,342.0000,1570.0000,342.0000
1577.0000,311.0000,1645.0000,311.0000,1645.0000,346.0000,1577.0000,346.0000
1587.0000,312.0000,1654.0000,312.0000,1654.0000,347.0000,1587.0000,347.0000
1593.0000,310.0000,1659.0000,310.0000,1659.0000,344.0000,1593.0000,344.0000
1593.0000,315.0000,1658.0000,315.0000,1658.0000,349.0000,1593.0000,349.0000
1600.0000,305.0000,1663.0000,305.0000,1663.0000,337.0000,1600.0000,337.0000
1601.0000,298.0000,1664.0000,298.0000,1664.0000,330.0000,1601.0000,330.0000
1598.0000,293.0000,1660.0000,293.0000,1660.0000,325.0000,1598.0000,325.0000
1596.0000,290.0000,1657.0000,290.0000,1657.0000,322.0000,1596.0000,322.0000
1598.0000,286.0000,1659.0000,286.0000,1659.0000,317.0000,1598.0000,317.0000
1598.0000,280.0000,1659.0000,280.0000,1659.0000,312.0000,1598.0000,312.0000
1595.0000,272.0000,1657.0000,272.0000,1657.0000,304.0000,1595.0000,304.0000
1590.0000,267.0000,1654.0000,267.0000,1654.0000,300.0000,1590.0000,300.0000
1590.0000,259.0000,1654.0000,259.0000,1654.0000,292.0000,1590.0000,292.0000
1589.0000,250.0000,1652.0000,250.0000,1652.0000,283.0000,1589.0000,283.0000
1586.0000,242.0000,1650.0000,242.0000,1650.0000,275.0000,1586.0000,275.0000
1585.0000,233.0000,1649.0000,233.0000,1649.0000,266.0000,1585.0000,266.0000
1581.0000,228.0000,1645.0000,228.0000,1645.0000,262.0000,1581.0000,262.0000
1575.0000,222.0000,1640.0000,222.0000,1640.0000,256.0000,1575.0000,256.0000
1572.0000,219.0000,1636.0000,219.0000,1636.0000,252.0000,1572.0000,252.0000
1572.0000,216.0000,1636.0000,216.0000,1636.0000,249.0000,1572.0000,249.0000
1567.0000,210.0000,1630.0000,210.0000,1630.0000,243.0000,1567.0000,243.0000
1563.0000,205.0000,1627.0000,205.0000,1627.0000,238.0000,1563.0000,238.0000
1560.0000,200.0000,1625.0000,200.0000,1625.0000,234.0000,1560.0000,234.0000
1558.0000,197.0000,1622.0000,197.0000,1622.0000,230.0000,1558.0000,230.0000
1557.0000,195.0000,1621.0000,195.0000,1621.0000,228.0000,1557.0000,228.0000
1554.0000,196.0000,1618.0000,196.0000,1618.0000,229.0000,1554.0000,229.0000
1548.0000,196.0000,1612.0000,196.0000,1612.0000,229.0000,1548.0000,229.0000
1537.0000,201.0000,1601.0000,201.0000,1601.0000,234.0000,1537.0000,234.0000
1532.0000,205.0000,1596.0000,205.0000,1596.0000,238.0000,1532.0000,238.0000
1520.0000,207.0000,1585.0000,207.0000,1585.0000,241.0000,1520.0000,241.0000
1495.0000,207.0000,1560.0000,207.0000,1560.0000,240.0000,1495.0000,240.0000
1457.0000,203.0000,1522.0000,203.0000,1522.0000,237.0000,1457.0000,237.0000
1424.0000,237.0000,1489.0000,237.0000,1489.0000,271.0000,1424.0000,271.0000
2
0
0
0
0
1
1032.0000,293.0000,1111.0000,293.0000,1111.0000,347.0000,1032.0000,347.0000
982.0000,304.0000,1063.0000,304.0000,1063.0000,359.0000,982.0000,359.0000
934.0000,318.0000,1016.0000,318.0000,1016.0000,374.0000,934.0000,374.0000
886.0000,332.0000,970.0000,332.0000,970.0000,389.0000,886.0000,389.0000
838.0000,346.0000,922.0000,346.0000,922.0000,404.0000,838.0000,404.0000
792.0000,364.0000,877.0000,364.0000,877.0000,422.0000,792.0000,422.0000
743.0000,380.0000,830.0000,380.0000,830.0000,440.0000,743.0000,440.0000
696.0000,399.0000,783.0000,399.0000,783.0000,458.0000,696.0000,458.0000
651.0000,418.0000,738.0000,418.0000,738.0000,478.0000,651.0000,478.0000
608.0000,436.0000,696.0000,436.0000,696.0000,497.0000,608.0000,497.0000
562.0000,455.0000,652.0000,455.0000,652.0000,516.0000,562.0000,516.0000
517.0000,476.0000,608.0000,476.0000,608.0000,537.0000,517.0000,537.0000
473.0000,496.0000,566.0000,496.0000,566.0000,560.0000,473.0000,560.0000
432.0000,518.0000,526.0000,518.0000,526.0000,582.0000,432.0000,582.0000
428.0000,511.0000,521.0000,511.0000,521.0000,574.0000,428.0000,574.0000
415.0000,515.0000,509.0000,515.0000,509.0000,578.0000,415.0000,578.0000
406.0000,516.0000,499.0000,516.0000,499.0000,579.0000,406.0000,579.0000
409.0000,532.0000,501.0000,532.0000,501.0000,594.0000,409.0000,594.0000
403.0000,540.0000,496.0000,540.0000,496.0000,604.0000,403.0000,604.0000
400.0000,550.0000,492.0000,550.0000,492.0000,613.0000,400.0000,613.0000
396.0000,558.0000,488.0000,558.0000,488.0000,621.0000,396.0000,621.0000
393.0000,563.0000,483.0000,563.0000,483.0000,624.0000,393.0000,624.0000
386.0000,561.0000,475.0000,561.0000,475.0000,622.0000,386.0000,622.0000
360.0000,560.0000,449.0000,560.0000,449.0000,621.0000,360.0000,621.0000
356.0000,553.0000,446.0000,553.0000,446.0000,613.0000,356.0000,613.0000
364.0000,549.0000,455.0000,549.0000,455.0000,611.0000,364.0000,611.0000
371.0000,547.0000,464.0000,547.0000,464.0000,610.0000,371.0000,610.0000
384.0000,546.0000,478.0000,546.0000,478.0000,610.0000,384.0000,610.0000
389.0000,541.0000,483.0000,541.0000,483.0000,605.0000,389.0000,605.0000
402.0000,535.0000,495.0000,535.0000,495.0000,599.0000,402.0000,599.0000
409.0000,533.0000,500.0000,533.0000,500.0000,595.0000,409.0000,595.0000
414.0000,531.0000,504.0000,531.0000,504.0000,592.0000,414.0000,592.0000
413.0000,533.0000,503.0000,533.0000,503.0000,594.0000,413.0000,594.0000
409.0000,535.0000,499.0000,535.0000,499.0000,596.0000,409.0000,596.0000
411.0000,534.0000,501.0000,534.0000,501.0000,595.0000,411.0000,595.0000
410.0000,533.0000,500.0000,533.0000,500.0000,594.0000,410.0000,594.0000
407.0000,531.0000,497.0000,531.0000,497.0000,591.0000,407.0000,591.0000
408.0000,530.0000,497.0000,530.0000,497.0000,590.0000,408.0000,590.0000
409.0000,527.0000,497.0000,527.0000,497.0000,587.0000,409.0000,587.0000
406.0000,522.0000,494.0000,522.0000,494.0000,582.0000,406.0000,582.0000
401.0000,520.0000,490.0000,520.0000,490.0000,581.0000,401.0000,581.0000
402.0000,517.0000,490.0000,517.0000,490.0000,577.0000,402.0000,577.0000
382.0000,505.0000,473.0000,505.0000,473.0000,567.0000,382.0000,567.0000
391.0000,505.0000,483.0000,505.0000,483.0000,568.0000,391.0000,568.0000
393.0000,504.0000,485.0000,504.0000,485.0000,566.0000,393.0000,566.0000
402.0000,512.0000,493.0000,512.0000,493.0000,574.0000,402.0000,574.0000
407.0000,508.0000,497.0000,508.0000,497.0000,569.0000,407.0000,569.0000
413.0000,506.0000,502.0000,506.0000,502.0000,567.0000,413.0000,567.0000
428.0000,510.0000,517.0000,510.0000,517.0000,570.0000,428.0000,570.0000
434.0000,505.0000,523.0000,505.0000,523.0000,566.0000,434.0000,566.0000
444.0000,497.0000,533.0000,497.0000,533.0000,557.0000,444.0000,557.0000
449.0000,483.0000,538.0000,483.0000,538.0000,544.0000,449.0000,544.0000
464.0000,486.0000,554.0000,486.0000,554.0000,547.0000,464.0000,547.0000
2
0
0
0
0
1
1014.0000,372.0000,1098.0000,372.0000,1098.0000,413.0000,1014.0000,413.0000
1082.0000,363.0000,1167.0000,363.0000,1167.0000,404.0000,1082.0000,404.0000
1150.0000,352.0000,1238.0000,352.0000,1238.0000,394.0000,1150.0000,394.0000
1214.0000,343.0000,1301.0000,343.0000,1301.0000,385.0000,1214.0000,385.0000
1275.0000,339.0000,1361.0000,339.0000,1361.0000,380.0000,1275.0000,380.0000
1338.0000,325.0000,1423.0000,325.0000,1423.0000,366.0000,1338.0000,366.0000
1399.0000,314.0000,1482.0000,314.0000,1482.0000,354.0000,1399.0000,354.0000
1457.0000,307.0000,1538.0000,307.0000,1538.0000,346.0000,1457.0000,346.0000
1509.0000,296.0000,1592.0000,296.0000,1592.0000,336.0000,1509.0000,336.0000
1563.0000,288.0000,1645.0000,288.0000,1645.0000,327.0000,1563.0000,327.0000
1586.0000,285.0000,1667.0000,285.0000,1667.0000,325.0000,1586.0000,325.0000
1594.0000,285.0000,1676.0000,285.0000,1676.0000,324.0000,1594.0000,324.0000
1597.0000,280.0000,1678.0000,280.0000,1678.0000,318.0000,1597.0000,318.0000
1595.0000,273.0000,1676.0000,273.0000,1676.0000,312.0000,1595.0000,312.0000
1594.0000,270.0000,1675.0000,270.0000,1675.0000,309.0000,1594.0000,309.0000
1597.0000,258.0000,1676.0000,258.0000,1676.0000,296.0000,1597.0000,296.0000
1597.0000,259.0000,1677.0000,259.0000,1677.0000,297.0000,1597.0000,297.0000
1596.0000,262.0000,1675.0000,262.0000,1675.0000,301.0000,1596.0000,301.0000
1592.0000,263.0000,1672.0000,263.0000,1672.0000,301.0000,1592.0000,301.0000
1586.0000,268.0000,1666.0000,268.0000,1666.0000,306.0000,1586.0000,306.0000
1581.0000,263.0000,1660.0000,263.0000,1660.0000,301.0000,1581.0000,301.0000
1580.0000,257.0000,1659.0000,257.0000,1659.0000,295.0000,1580.0000,295.0000
1580.0000,255.0000,1658.0000,255.0000,1658.0000,293.0000,1580.0000,293.0000
1578.0000,256.0000,1656.0000,256.0000,1656.0000,293.0000,1578.0000,293.0000
1578.0000,257.0000,1656.0000,257.0000,1656.0000,295.0000,1578.0000,295.0000
1575.0000,256.0000,1655.0000,256.0000,1655.0000,295.0000,1575.0000,295.0000
1570.0000,255.0000,1651.0000,255.0000,1651.0000,294.0000,1570.0000,294.0000
1569.0000,256.0000,1649.0000,256.0000,1649.0000,295.0000,1569.0000,295.0000
1547.0000,250.0000,1628.0000,250.0000,1628.0000,289.0000,1547.0000,289.0000
1535.0000,233.0000,1614.0000,233.0000,1614.0000,272.0000,1535.0000,272.0000
1536.0000,223.0000,1616.0000,223.0000,1616.0000,262.0000,1536.0000,262.0000
1533.0000,224.0000,1613.0000,224.0000,1613.0000,262.0000,1533.0000,262.0000
1532.0000,227.0000,1612.0000,227.0000,1612.0000,265.0000,1532.0000,265.0000
1532.0000,229.0000,1613.0000,229.0000,1613.0000,268.0000,1532.0000,268.0000
1530.0000,231.0000,1610.0000,231.0000,1610.0000,269.0000,1530.0000,269.0000
1524.0000,236.0000,1604.0000,236.0000,1604.0000,274.0000,1524.0000,274.0000
1519.0000,245.0000,1597.0000,245.0000,1597.0000,282.0000,1519.0000,282.0000
1512.0000,250.0000,1589.0000,250.0000,1589.0000,288.0000,1512.0000,288.0000
1500.0000,259.0000,1576.0000,259.0000,1576.0000,296.0000,1500.0000,296.0000
1485.0000,268.0000,1562.0000,268.0000,1562.0000,305.0000,1485.0000,305.0000
1461.0000,274.0000,1539.0000,274.0000,1539.0000,312.0000,1461.0000,312.0000
1454.0000,291.0000,1533.0000,291.0000,1533.0000,329.0000,1454.0000,329.0000
2
0
0
0
0
1
1072.0000,354.0000,1149.0000,354.0000,1149.0000,403.0000,1072.0000,403.0000
1027.0000,366.0000,1104.0000,366.0000,1104.0000,414.0000,1027.0000,414.0000
981.0000,374.0000,1057.0000,374.0000,1057.0000,422.0000,981.0000,422.0000
936.0000,386.0000,1013.0000,386.0000,1013.0000,434.0000,936.0000,434.0000
891.0000,396.0000,969.0000,396.0000,969.0000,444.0000,891.0000,444.0000
848.0000,404.0000,926.0000,404.0000,926.0000,453.0000,848.0000,453.0000
806.0000,413.0000,885.0000,413.0000,885.0000,463.0000,806.0000,463.0000
764.0000,424.0000,843.0000,424.0000,843.0000,474.0000,764.0000,474.0000
721.0000,434.0000,800.0000,434.0000,800.0000,484.0000,721.0000,484.0000
679.0000,443.0000,759.0000,443.0000,759.0000,493.0000,679.0000,493.0000
641.0000,450.0000,721.0000,450.0000,721.0000,501.0000,641.0000,501.0000
604.0000,458.0000,683.0000,458.0000,683.0000,508.0000,604.0000,508.0000
567.0000,465.0000,648.0000,465.0000,648.0000,516.0000,567.0000,516.0000
530.0000,476.0000,609.0000,476.0000,609.0000,526.0000,530.0000,526.0000
493.0000,483.0000,573.0000,483.0000,573.0000,533.0000,493.0000,533.0000
457.0000,490.0000,537.0000,490.0000,537.0000,540.0000,457.0000,540.0000
427.0000,496.0000,506.0000,496.0000,506.0000,546.0000,427.0000,546.0000
396.0000,500.0000,474.0000,500.0000,474.0000,549.0000,396.0000,549.0000
369.0000,501.0000,447.0000,501.0000,447.0000,551.0000,369.0000,551.0000
341.0000,504.0000,419.0000,504.0000,419.0000,553.0000,341.0000,553.0000
320.0000,500.0000,400.0000,500.0000,400.0000,550.0000,320.0000,550.0000
316.0000,499.0000,397.0000,499.0000,397.0000,550.0000,316.0000,550.0000
308.0000,495.0000,390.0000,495.0000,390.0000,547.0000,308.0000,547.0000
301.0000,494.0000,383.0000,494.0000,383.0000,546.0000,301.0000,546.0000
291.0000,496.0000,373.0000,496.0000,373.0000,547.0000,291.0000,547.0000
288.0000,499.0000,369.0000,499.0000,369.0000,550.0000,288.0000,550.0000
286.0000,507.0000,365.0000,507.0000,365.0000,556.0000,286.0000,556.0000
284.0000,518.0000,360.0000,518.0000,360.0000,566.0000,284.0000,566.0000
258.0000,511.0000,336.0000,511.0000,336.0000,560.0000,258.0000,560.0000
261.0000,512.0000,338.0000,512.0000,338.0000,560.0000,261.0000,560.0000
274.0000,515.0000,352.0000,515.0000,352.0000,564.0000,274.0000,564.0000
279.0000,516.0000,359.0000,516.0000,359.0000,566.0000,279.0000,566.0000
287.0000,524.0000,366.0000,524.0000,366.0000,574.0000,287.0000,574.0000
287.0000,545.0000,369.0000,545.0000,369.0000,597.0000,287.0000,597.0000
287.0000,557.0000,369.0000,557.0000,369.0000,609.0000,287.0000,609.0000
289.0000,565.0000,371.0000,565.0000,371.0000,617.0000,289.0000,617.0000
291.0000,573.0000,372.0000,573.0000,372.0000,625.0000,291.0000,625.0000
290.0000,581.0000,372.0000,581.0000,372.0000,632.0000,290.0000,632.0000
304.0000,588.0000,386.0000,588.0000,386.0000,639.0000,304.0000,639.0000
316.0000,586.0000,399.0000,586.0000,399.0000,638.0000,316.0000,638.0000
326.0000,587.0000,407.0000,587.0000,407.0000,638.0000,326.0000,638.0000
337.0000,584.0000,418.0000,584.0000,418.0000,635.0000,337.0000,635.0000
2
0
0
0
0
1
921.0000,502.0000,1010.0000,502.0000,1010.0000,546.0000,921.0000,546.0000
986.0000,500.0000,1076.0000,500.0000,1076.0000,544.0000,986.0000,544.0000
1052.0000,497.0000,1141.0000,497.0000,1141.0000,540.0000,1052.0000,540.0000
1115.0000,496.0000,1202.0000,496.0000,1202.0000,538.0000,1115.0000,538.0000
1174.0000,493.0000,1261.0000,493.0000,1261.0000,535.0000,1174.0000,535.0000
1236.0000,488.0000,1323.0000,488.0000,1323.0000,530.0000,1236.0000,530.0000
1294.0000,485.0000,1380.0000,485.0000,1380.0000,527.0000,1294.0000,527.0000
1350.0000,481.0000,1435.0000,481.0000,1435.0000,523.0000,1350.0000,523.0000
1403.0000,480.0000,1487.0000,480.0000,1487.0000,521.0000,1403.0000,521.0000
1455.0000,476.0000,1538.0000,476.0000,1538.0000,517.0000,1455.0000,517.0000
1503.0000,474.0000,1586.0000,474.0000,1586.0000,515.0000,1503.0000,515.0000
1547.0000,472.0000,1626.0000,472.0000,1626.0000,510.0000,1547.0000,510.0000
1555.0000,480.0000,1633.0000,480.0000,1633.0000,518.0000,1555.0000,518.0000
1560.0000,489.0000,1640.0000,489.0000,1640.0000,529.0000,1560.0000,529.0000
1599.0000,459.0000,1678.0000,459.0000,1678.0000,497.0000,1599.0000,497.0000
