1.9625
0.30011
0.18132
0.16606
0.17737
0.14839
0.1299
0.12789
0.14331
0.10925
0.1086
0.11046
0.10735
0.10768
0.12604
0.1075
0.10732
0.10724
0.10833
0.10858
0.12684
0.10864
0.10911
0.10733
0.1074
0.1057
0.12742
0.10638
0.10798
0.10868
0.12534
0.10854
0.1281
0.10874
0.10913
0.11223
0.10868
0.11422
0.12763
0.10825
0.10953
0.11018
0.10724
0.1101
0.12582
0.10877
0.10799
0.1078
0.10857
0.10998
0.12886
0.12569
0.12222
0.10805
0.10723
0.11223
0.13957
0.12573
0.10853
0.10923
0.10574
0.10802
0.12782
0.1076
0.10847
0.11182
0.10706
0.10702
0.12735
0.11216
0.16506
0.10765
0.10813
0.10697
0.14661
0.1186
0.11674
0.10706
0.11001
0.10993
0.12669
0.10702
0.12617
0.13623
0.1417
0.10768
0.12469
0.10549
0.10894
0.10833
0.10946
0.12707
0.15867
0.11585
0.1063
0.10578
0.10655
0.10675
0.12862
0.10686
0.1234
0.11957
0.10667
0.10761
0.12469
0.10476
0.10618
0.10488
0.10996
0.10602
0.1246
0.10477
0.11753
0.10804
0.10734
0.10668
0.12572
0.10896
0.10554
0.10773
0.10749
0.10555
0.12587
0.11979
0.10665
0.11055
0.10466
0.10802
0.12586
0.10547
0.10599
0.1075
0.10597
0.1105
0.12501
0.10577
0.10638
0.10605
0.10509
0.10711
0.12771
0.10654
0.1061
0.11506
0.10909
0.10636
0.12628
0.10502
0.10622
0.1058
0.11803
0.10706
0.14454
0.10581
0.10506
0.10562
0.10996
0.10791
