1
290.2887,139.3509,47.0551,168.2625
290.8980,143.7087,47.0918,168.5254
293.0792,143.5968,47.1102,168.7887
291.4837,140.1781,47.1838,168.9206
293.6692,145.7027,47.2023,169.1185
295.5421,141.1824,47.2207,169.1846
293.6685,138.9073,47.2023,169.2507
295.5728,138.8793,47.1470,169.3168
293.4281,140.0036,47.0365,169.3168
294.0841,134.3818,46.9630,169.3168
291.6204,136.6305,46.8896,169.3168
289.1683,137.7549,46.7980,169.3168
286.7210,137.7268,46.7066,169.3829
284.3017,138.8516,46.5606,169.3829
282.8022,136.6582,46.4515,169.2506
280.3807,137.8383,46.3426,169.1184
278.8727,136.7715,46.2702,168.9863
279.8099,137.8936,46.2341,168.9863
277.3844,139.0158,46.1618,168.9863
274.9627,139.0719,46.0897,168.8542
272.8279,136.8854,46.0717,168.7223
273.4169,136.8854,46.1257,168.7223
271.5791,136.8854,46.1257,168.7223
273.3786,139.1262,46.2158,168.7223
270.9387,140.2747,46.1797,168.6564
272.7710,142.5426,46.1977,168.5905
270.0407,144.8657,46.1255,168.3930
268.8538,142.7970,46.0354,167.9983
269.7785,142.8528,46.0175,167.8671
267.3720,146.2806,45.9276,167.6703
265.5802,147.5054,45.8379,167.4084
265.6030,148.7560,45.7842,167.0814
263.4976,150.0320,45.7305,166.6898
262.2981,151.3603,45.6948,166.1689
262.9277,153.7603,45.6412,165.7145
260.1772,157.2542,45.6947,165.2614
258.9558,150.8342,45.7126,164.8741
259.5098,153.1608,45.8376,164.5520
256.6714,153.2974,46.0703,164.2307
254.4534,153.5155,46.2503,163.7174
256.2347,151.5043,46.3948,163.3337
254.0319,152.7787,46.5036,162.8871
253.0514,155.0773,46.6307,162.5690
255.1416,150.8940,46.8129,162.2514
253.8359,155.3385,46.9592,161.9346
256.1123,148.9939,46.7391,161.6815
255.5925,154.4428,46.5017,161.4921
257.8467,147.0700,46.2837,161.1767
256.1563,151.5385,45.9221,160.7359
255.4320,149.5105,45.4737,160.4848
255.2735,153.9066,45.1362,160.1713
255.1311,147.6045,44.7659,159.9836
254.5737,145.5063,44.6785,159.9211
252.8306,143.4089,44.5912,159.8587
251.7572,140.2773,44.3299,159.7338
253.0451,143.5125,44.0702,159.6090
250.7405,148.8121,43.9841,159.6090
251.3466,138.2660,43.9326,159.4843
250.9600,142.6347,44.1557,159.1728
250.2783,142.6347,44.3799,159.1728
248.6868,141.6306,44.6573,159.0484
247.2560,141.6306,45.2329,159.0484
249.0883,140.6800,45.8690,158.7999
247.4510,136.5410,46.1378,158.6138
249.7106,136.6199,45.8675,158.4279
249.9924,139.8550,45.9212,158.2423
251.2198,136.8076,45.9033,157.9950
252.0961,137.9355,45.9929,157.8099
251.1417,140.1624,46.0827,157.5017
253.2150,137.1554,46.2448,157.1940
251.5643,134.1282,46.5157,156.9484
253.6725,137.3071,47.3697,156.8258
254.8836,135.2242,48.2209,156.8258
254.6435,136.2917,48.0325,156.7645
256.9480,131.1126,47.8637,156.7033
254.8343,137.4863,47.6019,156.3972
256.5808,134.3706,47.2114,156.3972
255.1700,139.6674,46.8426,156.1529
257.5107,133.4716,46.4583,156.0919
255.7908,138.7321,46.1498,155.9090
258.0816,132.4424,45.8073,156.0917
256.3781,137.6511,45.5210,156.0307
254.9650,135.5529,45.2898,156.0916
256.5740,136.6153,45.0422,156.0307
255.7888,136.6412,44.7782,155.9697
257.9818,137.7029,44.5159,155.9088
257.4867,136.6934,44.2898,155.8479
259.6410,134.6753,44.0649,155.7261
257.9658,129.5564,43.8756,155.6045
260.0636,129.6339,43.7385,155.4221
261.5594,131.7497,43.6359,155.3007
259.8498,126.6706,43.5678,155.1187
261.8894,132.9284,43.5337,154.9369
263.3204,132.9026,43.5677,154.9975
261.2880,129.8920,43.5848,154.8158
263.3212,132.0253,43.5677,154.6344
264.1747,132.1023,43.6018,154.4532
266.2087,132.1792,43.5847,154.2722
267.9453,134.3049,43.5847,154.0914
269.6747,137.4771,43.6018,153.8506
271.4119,134.4887,43.6018,153.6703
272.2081,132.5753,43.7721,153.3702
274.3954,142.7091,44.0969,153.4900
278.4951,132.2361,44.0969,154.1495
282.5947,152.6579,44.0969,154.2700
286.0501,161.5963,44.9238,154.9328
266.8680,180.6043,45.8363,153.7829
270.3989,181.1404,46.8389,154.9243
277.9260,175.7907,48.1563,157.8291
286.3205,168.5065,48.7206,157.7058
289.2404,179.6075,49.4629,161.1556
298.1582,177.3869,50.1198,161.3445
305.4721,172.0833,50.9225,161.2184
310.8065,175.7501,51.8972,162.6669
315.2264,177.1004,52.8500,162.0315
323.5967,173.9800,53.7996,161.7783
2
0
0
0
0
1
278.1877,138.6296,49.2680,118.0461
276.4455,138.6296,49.5182,118.0461
278.6487,136.3171,49.7503,117.9539
277.1950,134.7505,50.0612,117.9539
278.7658,144.1500,50.2763,117.9539
277.0047,140.8994,50.4924,118.2303
276.5520,140.5068,50.7685,119.1540
276.7796,138.5484,51.0263,120.0383
276.3137,141.3185,51.3253,121.0230
276.5352,139.4097,51.6060,121.7322
273.3224,138.3184,51.9083,122.3979
273.9170,143.7439,52.1314,123.0194
270.6888,141.0072,52.3961,123.6922
272.6982,142.3830,52.5803,124.3203
272.6458,142.9403,52.7035,124.9516
271.2547,141.8823,52.6830,125.4885
273.0127,143.3823,52.6624,125.8807
270.9406,143.2151,52.6007,126.2741
270.2944,144.7035,52.4774,126.7180
269.9982,144.5142,52.3544,127.1635
269.3463,143.4375,52.2521,127.7099
271.1333,144.9853,52.1297,128.0591
270.8304,144.8152,52.0279,128.4593
272.6011,145.5190,51.9262,128.8106
270.9287,143.6585,51.8045,129.1628
273.0272,146.1030,51.7236,129.4655
274.4182,149.2840,51.6832,130.0724
275.4822,151.6378,51.6024,130.6313
276.2104,153.1992,51.5016,131.0395
276.9200,154.7220,51.4413,131.5514
277.9448,156.2508,51.4413,132.0652
276.9029,156.0316,51.4815,132.5811
277.5867,153.2582,51.4815,132.8918
277.2106,154.8026,51.5619,133.4109
275.8153,155.4892,51.6223,133.8800
275.0269,156.2226,51.0577,134.2460
274.2809,156.1558,50.4195,134.4034
272.8831,155.1517,49.7696,134.6659
271.4537,155.9118,49.2447,134.9815
270.0475,157.5701,48.7060,135.2979
268.2848,159.2098,48.2875,135.6678
270.6657,157.2728,47.9668,135.9858
268.4678,156.2794,47.8919,136.1983
270.6941,155.2846,47.8919,136.4111
269.7161,154.2881,47.9480,136.6242
271.8494,155.9892,48.1727,136.8911
274.0167,154.9666,48.3421,137.1584
276.1997,155.8091,48.4932,137.3192
278.0996,153.0050,48.5689,137.4801
279.6558,146.5231,48.7017,137.6949
278.9686,150.1120,48.7969,137.8563
280.8561,145.4432,48.9303,138.0717
281.8146,150.0047,48.9685,138.1256
280.8472,150.7843,48.9494,138.4493
282.4644,153.3356,48.9685,138.9361
280.8547,154.0276,48.9303,139.4788
283.1536,156.5053,48.8729,140.1871
284.8331,147.8476,48.7393,140.8442
286.2168,151.3783,48.5299,141.3394
287.9248,153.0678,48.3024,141.7811
288.0210,152.9030,48.0760,142.1687
290.6309,154.6968,47.9445,142.3909
288.8639,156.4225,47.6074,142.7802
290.3023,149.6432,47.1983,143.1149
290.7725,151.4251,46.8295,143.3944
291.2234,154.1866,46.5003,143.6184
292.6516,152.1361,46.0462,143.9550
291.5279,153.9285,45.8123,144.2362
292.8056,146.0505,45.6692,144.7433
290.6979,146.8434,45.6335,145.1391
291.6146,142.9159,45.6157,145.3092
289.8349,156.4492,45.5266,145.2524
288.0134,156.5216,45.5443,145.0822
289.7979,154.6429,45.6155,144.9688
287.6699,153.6080,45.6333,145.1387
286.1623,152.5719,45.6155,145.3088
288.3357,152.4995,45.4908,145.4791
290.1709,151.4368,45.4375,145.7064
291.9058,152.3077,45.6150,145.9341
294.0262,152.2350,45.6150,146.1051
296.4344,152.1865,45.6506,146.2193
298.8671,151.1427,45.6328,146.3906
301.3217,150.0976,45.5615,146.5622
303.7572,150.9249,45.5259,146.9057
306.1833,149.8274,45.5081,147.1926
308.2988,149.7052,45.5081,147.4801
306.7349,145.5674,45.6325,147.9986
308.7652,139.4249,45.8464,148.5767
307.0602,134.2944,46.9926,149.0410
307.3021,134.1954,47.8920,149.2739
312.3668,152.2366,48.6965,148.8074
313.4824,154.1141,49.1150,149.0399
313.3030,155.8708,49.5370,149.5639
310.4000,157.7828,50.1756,149.7392
308.7256,158.8020,50.1952,149.6807
306.9507,152.8878,50.4501,149.5637
303.5586,150.8021,52.1252,149.7974
300.0625,149.7079,53.8356,150.0315
297.8818,140.6914,55.6020,150.1487
296.1464,136.7529,57.0790,150.0314
296.8666,144.8230,58.0600,149.7970
294.9677,144.8478,58.8992,149.7384
292.4352,138.8568,59.3363,149.7969
290.6423,133.8334,58.9191,149.9140
293.9387,151.8274,59.4484,149.7383
297.5706,153.7416,59.2627,149.9138
302.0373,153.5922,58.9386,150.2651
304.0334,156.3862,58.8465,150.7347
306.4464,159.2890,58.6856,150.9702
308.4437,161.1939,58.5710,151.2061
309.2702,163.0515,58.4566,151.5605
312.9192,162.8753,58.0912,151.9749
314.2018,164.5910,57.7962,152.6873
317.0995,163.2982,57.2995,153.3434
320.6382,164.0365,57.0309,154.0023
322.5602,163.7297,56.9641,154.7242
323.6856,165.5791,56.9864,155.2077
327.0252,161.4049,57.1422,155.3290
328.8750,164.3704,57.2538,155.6324
329.0746,165.2489,57.6787,155.9971
331.1717,160.9239,58.1519,156.4237
333.3632,163.9363,58.4472,156.6681
334.3820,165.8870,58.7896,156.9741
335.4263,167.8415,59.0882,157.2807
338.0847,168.8076,59.2959,157.4650
338.3800,163.5531,59.5275,157.5265
338.3010,161.4348,59.7136,157.5880
340.5909,161.4610,59.9235,157.5265
339.6459,157.2767,60.2746,157.5265
342.2876,157.2505,60.6513,157.5880
344.5229,157.2244,61.0778,157.6496
347.2100,155.1306,61.4356,157.6496
349.9332,156.1775,61.7476,157.6496
353.1008,157.2244,62.0129,157.6496
356.2923,158.2451,62.2552,157.7112
359.5582,158.1404,62.3525,157.9576
364.4752,156.9341,62.4742,158.3278
368.2090,156.8026,62.4742,158.6370
371.9843,156.6183,62.3766,159.0708
374.5007,156.4863,62.3035,159.3815
378.2864,156.4069,62.1575,159.5683
379.5763,156.2479,62.0361,159.9423
380.4208,153.9378,61.9876,160.3796
382.0879,147.4412,61.9392,160.6302
380.0519,150.5612,61.8908,160.8184
381.7883,153.6049,61.6732,161.1954
383.5187,145.8442,61.4564,161.8250
383.1412,152.2113,61.3844,162.0147
382.2036,152.1844,61.6721,162.0780
384.2411,155.4402,61.6962,162.0146
387.0680,156.5161,61.7926,162.0146
389.8789,157.5920,61.9375,162.0146
391.4727,152.2664,62.0584,161.8881
395.1404,146.9449,62.1554,161.7616
397.4828,152.3965,62.4710,161.5720
401.2579,149.2581,63.3495,161.3827
404.4656,151.4551,63.7207,161.2566
407.3112,152.4456,63.9945,161.4456
410.5941,152.4456,64.2695,161.4456
413.4323,153.6249,64.6210,161.1933
416.7258,149.4503,64.9491,160.9415
418.8931,146.3776,64.9237,160.6271
420.1972,148.6176,64.8984,160.3761
420.1972,150.9073,64.8984,160.0003
420.0679,151.0667,65.2026,159.6253
420.0571,152.1532,65.2281,159.5629
421.3133,152.1267,65.3300,159.6252
421.2482,153.1073,65.4831,159.8123
422.0527,154.1420,65.6366,159.8747
419.3939,155.1771,65.7391,159.9372
420.7144,157.2747,65.7134,159.9996
417.2452,158.2575,65.6621,160.1871
418.1064,158.2043,65.6878,160.3123
415.0093,159.1891,65.7904,160.5002
414.5397,161.1342,65.8675,160.9390
411.0405,162.0693,65.8675,161.2534
406.6446,159.9277,65.9190,161.2534
402.2015,159.9545,66.0734,161.1904
399.0533,152.4884,66.2541,161.1274
395.4896,146.1487,66.3576,160.9386
393.6939,140.9119,66.4354,160.6871
391.0248,138.9112,66.4873,160.3733
388.4309,140.1093,66.3575,160.0601
386.2386,133.9179,66.3315,159.6224
384.0803,143.5373,66.2279,159.4353
383.5965,136.2055,66.3314,159.2485
382.2531,145.7759,66.3832,159.1241
382.2090,139.5415,66.4869,158.8754
383.8867,137.5106,66.6947,158.6893
384.7947,139.7762,66.6426,158.3173
383.9207,134.6773,66.6165,157.9463
384.7501,144.2481,66.7466,157.6378
384.6947,142.1807,66.8770,157.5762
386.4600,136.0069,66.9031,157.3300
383.8166,147.5516,66.8509,157.2071
385.5812,141.3140,66.8770,157.1456
382.8610,144.3663,67.0076,157.3298
385.5531,142.0679,66.9552,157.8215
385.1085,141.9893,66.9552,158.0064
383.8191,144.0353,66.8506,158.1299
386.1941,141.8039,66.4850,158.4387
385.9623,142.8560,65.9916,158.4387
387.0141,135.4122,65.5791,158.6244
385.3374,141.6797,65.4254,158.7483
385.5004,138.4117,65.0421,158.9964
385.6731,135.1651,64.6356,159.1827
386.2526,129.8268,64.2821,159.3070
386.6581,136.2271,64.3323,159.1826
388.0145,137.3371,64.1564,159.0582
389.4630,137.4691,63.7554,158.7476
388.8491,140.5526,63.2075,158.9336
389.9614,142.5315,62.5656,159.2440
387.6659,144.5936,62.1012,159.3684
393.2538,139.1698,61.5675,159.6797
392.9778,141.1845,61.2549,159.9292
395.9066,143.2820,61.0635,159.9917
395.1868,138.9791,60.8488,160.1167
398.0860,143.2587,60.6824,160.0541
399.7986,137.8913,60.4454,160.1792
400.0495,139.9389,59.8551,160.3669
402.6431,143.1337,59.3641,160.3669
403.6779,135.5460,58.7844,160.6801
402.3409,137.6000,58.2562,160.8684
401.0256,139.6564,57.7101,161.0569
400.4890,141.7153,57.1690,161.2456
398.8281,140.5107,56.6107,161.5606
397.5312,142.5491,56.1242,161.8130
396.1522,132.7171,55.8612,162.1922
393.2958,135.8944,55.5993,162.3190
391.1636,137.9154,55.4039,162.6360
388.9929,132.4074,55.3173,162.8901
384.6674,135.5714,55.1228,163.0810
383.2581,135.4901,54.9936,163.2721
380.7840,135.3275,54.8003,163.6548
378.9826,131.9042,54.7575,164.0383
375.7555,133.9467,54.6505,164.3587
373.9772,131.5728,54.5651,164.8082
371.5132,132.4757,54.3946,165.2588
369.7704,131.1862,54.2459,165.7107
367.6900,129.9207,54.0552,166.0991
365.6440,130.8858,53.8018,166.4235
364.1970,126.2995,53.8438,166.8135
362.8115,126.1887,53.7387,167.0742
361.7855,122.7493,53.6337,167.3352
361.2334,124.8884,53.2566,167.5313
360.6145,121.4396,53.0486,167.7931
360.3680,118.0133,52.7999,167.9897
360.0612,120.1607,52.6968,168.1866
360.0874,114.4926,52.6350,168.3837
359.6767,117.7912,52.7789,168.5152
359.6767,112.2240,52.7789,168.4494
359.2912,112.2799,52.8614,168.3178
358.2030,110.2680,52.9440,167.7918
357.0603,111.5215,53.1508,167.4641
356.6191,113.7457,53.3584,167.4641
355.9016,112.6892,53.3793,167.3333
355.4496,116.0783,53.6086,167.2026
354.7198,117.2164,53.6505,167.1373
353.5798,117.4107,53.8182,166.6802
352.7757,117.5767,54.0284,166.2896
352.3272,118.7914,54.2395,166.0298
352.9845,121.2170,54.3878,165.5109
350.0591,122.3710,54.4727,165.3816
351.4789,123.6889,54.5366,164.8648
348.2195,125.0027,54.5366,164.3496
348.9347,121.9741,54.5579,163.7718
346.7881,119.8806,54.4939,163.5799
344.6530,119.9077,54.4088,163.5160
344.0027,119.8806,54.2388,163.5798
341.1573,119.8263,54.1540,163.7076
339.0445,118.6576,54.0483,163.8995
336.5770,119.6644,53.9427,164.0916
332.3232,119.6916,53.8373,164.0275
330.9378,113.1561,53.7322,164.0275
325.6480,115.3891,53.5853,163.8993
324.2780,113.2395,53.4597,163.8353
321.8196,113.2395,53.3970,163.8353
319.3730,112.1787,53.3136,163.7713
316.9213,107.9645,53.2511,163.4514
313.4381,105.8479,53.1263,163.3237
310.6863,107.0139,52.9603,163.1323
307.2574,113.6220,52.7534,162.8774
304.1658,112.6215,52.6092,162.6866
301.4059,114.8092,52.5270,162.6230
298.2928,112.7034,52.4654,162.4960
294.7913,115.9406,52.5064,162.4960
291.9757,116.9927,52.5679,162.5594
288.7903,118.0182,52.6706,162.6864
288.7729,118.0182,52.7117,162.6864
287.6965,118.0182,52.7735,162.6864
289.3962,120.2329,52.8972,162.5593
286.1733,123.5793,53.0418,162.3053
282.9240,125.7888,53.2283,162.1785
284.6383,127.8351,53.3531,162.4319
281.0333,131.0441,53.4990,162.4954
280.2961,133.2292,53.5617,162.4319
279.9404,135.4404,53.5617,162.3050
278.5266,136.6529,53.5407,161.9880
277.8155,134.5015,53.5407,161.9880
279.6643,137.7555,53.3734,161.9247
276.5187,138.8846,53.2692,161.7982
276.1826,139.9590,53.2276,161.7982
274.7865,138.9652,53.1860,161.6086
272.3759,132.6602,53.0405,161.2930
274.4717,138.0424,53.0820,161.2299
269.5720,131.6987,52.9990,161.0410
266.3253,134.9604,53.1854,160.9152
263.6852,136.0824,53.5801,160.7895
260.6520,136.1358,54.0196,160.6639
258.6880,131.9482,54.4205,160.4756
260.1877,136.3174,55.1433,160.2249
256.6906,136.3706,55.6172,160.0997
255.7396,135.3074,56.1169,160.0997
252.4882,136.4769,56.7526,159.8495
253.7602,134.3805,57.3068,159.7871
251.6671,129.2077,57.7545,159.4750
251.4754,135.4559,58.2057,159.7242
253.5916,136.5961,58.6832,159.5370
255.7544,137.8144,59.0958,159.1631
257.5988,134.6172,59.3728,159.2253
256.3174,138.9259,59.6048,159.0387
258.9792,136.8400,59.8609,158.9765
261.2550,137.9749,60.1181,158.7903
263.5406,138.2385,60.3764,158.1700
265.8459,139.6040,60.6123,157.4286
268.1704,138.7677,60.8253,156.9366
270.1294,137.9600,60.9679,156.3849
270.0889,137.0253,61.0632,156.1405
272.0556,140.2137,61.2063,155.9575
271.6492,137.0549,61.2063,156.0794
272.4316,141.2267,61.2780,156.0184
271.2311,139.2582,61.2301,155.7746
269.2184,139.3875,61.1823,155.4704
269.2286,135.3869,61.1584,155.1667
267.5838,138.7872,61.2062,154.4394
269.6262,138.9154,61.1823,154.1378
265.9696,140.9882,61.1823,154.0775
263.5826,144.0065,61.0628,154.1979
262.3864,146.0801,61.0151,154.1377
259.2058,141.9602,60.8721,154.1979
258.0234,143.8545,60.8007,156.9686
254.8439,138.6427,60.6820,156.9686
254.1387,136.3234,60.4449,159.9731
251.4193,133.7738,60.2324,163.4725
250.2793,129.9744,60.0913,167.3039
247.9250,129.6689,59.9974,170.6369
248.7318,124.9097,59.9739,173.8364
247.0989,128.0265,60.0676,174.6512
249.0035,128.9834,60.2788,177.8577
246.1215,131.2569,60.4672,178.0661
248.4705,132.4099,60.6089,178.1357
245.9852,133.5336,60.7746,181.0582
248.3663,135.9383,60.8696,181.0582
248.7503,134.8562,60.9171,183.6043
251.1775,136.2888,60.9171,183.1023
253.6451,136.3192,60.8220,185.8917
255.7050,137.7080,60.7269,185.5287
254.1221,137.8312,60.6558,188.1377
256.9518,139.2054,60.6321,187.8437
254.5460,137.9580,60.6084,190.7788
255.3912,138.1481,60.5137,193.3125
252.9902,137.0569,60.4900,195.8800
251.3533,130.8458,60.5609,198.2520
249.7245,131.0103,60.6082,197.8647
247.6920,129.9263,60.6556,197.3237
246.4635,126.1918,60.7030,196.8612
244.4581,125.0480,60.6793,196.4767
242.8563,125.2110,60.6556,196.0930
240.8223,124.1042,60.7030,195.6334
239.5726,117.8359,60.7978,195.0985
238.3210,119.8117,60.8928,193.4980
236.6631,120.1650,60.9879,192.6666
235.7823,121.6683,61.1547,192.1398
234.9091,120.7752,61.2980,191.2391
236.9241,121.1879,61.3459,190.2680
233.6243,121.7881,61.4418,188.8559
235.6542,119.7501,61.4658,187.7493
232.3786,120.3112,61.4898,186.4292
233.1851,116.9995,61.5138,185.4825
235.6054,118.2928,61.5859,188.2357
236.3722,115.9803,61.7062,190.7357
237.9703,114.9670,61.8026,193.1199
238.7501,114.1014,61.8992,195.1567
238.7090,114.5550,61.9959,197.1388
238.6987,117.6641,62.0201,195.9837
238.6575,109.0420,62.1170,194.8353
238.1831,105.6134,62.2626,193.7698
238.9067,104.9700,62.5058,195.2836
240.0481,102.7006,62.7500,194.5208
243.3192,94.1428,62.8970,193.3810
246.1803,96.8717,63.0445,193.0033
243.5532,94.6608,63.3153,192.1740
247.2953,88.5034,63.4143,191.6485
243.9159,90.4760,63.4391,190.0016
246.8964,92.5263,63.3647,188.1461
247.3172,92.9948,63.3647,189.9834
243.5091,85.7090,63.4142,189.3155
245.2356,88.8834,63.3151,187.7625
243.0808,90.4108,63.4388,187.1024
245.6084,87.5531,63.4388,185.0560
241.4273,90.8404,63.3645,183.1042
244.3517,90.5364,63.4140,180.9585
241.4566,91.1673,63.2901,179.4741
243.1588,90.7502,63.2407,177.6513
240.6810,91.4875,63.1418,175.9164
241.5616,94.5540,63.0432,174.1985
240.3893,95.0167,62.8462,173.1097
243.7906,94.4707,62.6989,171.6897
240.5118,83.3829,62.5764,170.9520
240.8858,86.2210,62.6742,169.6164
238.6591,86.7279,63.0169,168.4238
241.1491,78.0320,63.0662,167.8317
242.3322,78.0599,63.2386,167.7661
240.9673,73.8542,63.4856,167.1763
241.7157,74.9644,63.7088,167.1763
239.4734,78.3781,64.0075,166.9804
237.6457,79.5147,64.3075,166.9152
239.1617,79.6255,64.7597,166.6544
236.0116,78.7125,65.0885,166.1987
229.7227,67.8690,65.6479,165.7442
224.3824,70.1804,65.9043,165.4853
226.3627,71.3892,66.3935,165.2267
221.8326,71.4441,66.6787,165.0976
224.7993,68.2646,66.9913,164.8396
221.1402,69.4687,67.2268,164.5821
220.6715,73.8405,67.2793,164.5821
218.0914,61.7909,68.0940,164.6463
219.3123,66.1917,68.4132,164.5820
219.7325,68.3775,68.4934,164.5820
219.8689,56.3826,69.2426,164.5177
219.6735,59.6328,69.7024,164.5820
222.0457,49.8785,70.6553,164.3891
218.0693,42.2915,71.1797,164.2607
219.7473,44.4731,71.6802,164.2607
217.1769,44.5822,72.1282,164.0041
215.5005,43.6020,72.6917,163.7478
212.3628,40.4486,73.2596,163.4919
210.0276,40.5029,74.1754,163.3642
207.1831,40.6113,75.0736,163.1090
210.1618,36.3871,76.2759,162.8541
204.9826,30.0065,77.7359,162.5997
202.4403,33.3538,78.8594,162.3456
203.2651,30.2274,80.6153,162.0919
199.4642,28.2091,82.0008,161.7753
201.2611,28.2897,82.8977,161.5858
199.1830,32.6086,83.9016,161.5226
200.0048,25.1272,85.9008,161.4595
200.3614,24.0550,87.7463,161.4595
201.6579,17.7827,88.8089,161.0811
200.8027,15.7503,89.4333,160.8294
198.2044,13.8011,89.9573,160.3897
196.8156,17.1828,90.4141,159.9511
194.4139,10.9691,90.4141,159.5762
196.6204,15.2343,90.8733,159.5139
194.2066,9.0376,90.8733,159.1400
197.1485,11.2568,91.0508,158.8914
194.4125,6.1394,91.7977,158.5190
195.5860,9.4290,93.3396,158.2094
191.2936,2.2061,94.6886,157.9004
192.6770,5.3779,95.8722,157.8387
195.4146,1.0000,96.9208,157.3454
193.0975,3.2204,97.8295,157.0381
193.7309,5.5146,97.8677,156.5474
193.6984,9.6989,97.9442,156.4862
194.3651,10.7900,97.9059,156.3640
194.3326,11.8803,97.9824,156.2418
194.9833,10.9465,97.9824,155.9977
194.9507,12.0342,98.0589,155.8758
196.2205,12.1377,98.1355,155.6323
197.5891,12.2669,97.9822,155.3283
195.6371,8.1926,97.9822,155.2069
194.9864,10.3312,97.9822,155.0251
196.2715,7.3972,98.0205,154.6617
195.5880,9.6311,98.0971,154.2388
194.9529,10.8345,98.0587,153.8171
196.3203,11.0899,97.9055,153.2162
194.4186,13.2520,97.7908,152.9170
191.1717,15.2575,97.7908,152.9767
193.3796,9.3147,98.7076,152.6182
191.1018,11.4177,99.4402,152.4393
192.9178,12.5059,99.8286,152.2607
188.7248,14.5534,100.3355,152.2012
189.3744,16.6759,100.3747,151.9634
190.5742,18.9212,100.6884,151.4292
188.4346,20.9827,101.0031,151.3109
188.3004,21.1585,101.3187,150.8971
188.1154,23.2378,101.7541,150.7203
188.5884,25.3396,102.2310,150.4848
189.0466,26.5638,102.7502,149.9557
186.1467,28.8043,103.1515,149.3699
189.4004,32.0776,103.5545,148.6698
189.1254,35.2122,104.2017,148.2633
193.0696,40.3565,104.6901,147.7420
188.7767,42.5640,104.9764,147.1649
195.7826,40.7805,104.8944,146.7625
199.0913,44.0454,105.3041,145.9599
203.9338,44.3604,105.4275,145.2187
205.8941,47.3739,105.7570,144.9351
204.1384,48.2642,106.5832,145.1049
204.7400,48.2401,106.8330,145.1616
201.7958,46.1917,107.0834,145.4451
207.4669,46.1676,107.1252,145.5019
208.8185,45.1289,107.2926,145.6724
209.5488,41.1627,107.2507,145.9001
215.1397,40.6541,107.5021,147.0969
219.3694,41.1913,107.6281,148.1312
221.4421,43.4784,107.7962,149.6935
222.1221,46.6096,107.8804,151.6816
222.8206,49.8832,107.9226,153.4591
224.2719,52.2271,107.8804,155.1376
223.5734,52.6134,107.8383,156.6526
223.6092,46.6839,107.7540,158.3660
224.9866,48.9975,107.8803,160.3455
221.4763,43.1678,107.7117,161.5356
229.2549,41.6123,107.9221,162.6714
227.7499,44.4750,108.0907,163.5610
228.3600,41.7053,110.0330,164.9666
224.5422,36.1183,110.4198,165.2244
230.3533,29.5078,110.5492,165.2889
234.6295,22.8671,110.8515,165.4181
233.8382,24.9817,110.9814,165.6119
237.3204,17.2009,111.4583,165.8060
237.7645,20.5316,112.1549,165.7412
240.4829,18.3028,112.7682,165.8060
243.2537,19.4039,113.2969,165.8060
245.2663,20.5324,113.8722,165.7412
245.7767,22.7887,114.4504,165.6117
243.9906,20.8091,115.0763,165.0942
243.6658,19.9047,115.8405,164.6427
242.5312,17.9093,116.7003,164.1925
242.1437,19.1632,117.6120,163.8077
245.5997,21.6651,118.6687,163.0399
247.5501,21.9629,119.6421,162.3393
249.5761,20.0224,120.4834,161.8320
254.1566,22.6285,121.0011,160.7573
254.7391,25.2172,121.5210,159.6898
254.6382,28.0009,121.7583,158.1303
254.4765,24.1943,122.1388,157.2038
257.4370,22.4979,122.8068,156.2827
260.7194,27.3497,122.7588,154.6344
262.1460,29.7629,123.2383,153.7887
259.4863,31.0905,123.7197,153.0678
274.1925,34.5719,123.9130,152.0514
284.0257,27.2515,124.0098,152.6453
286.4550,25.9337,124.1067,153.3608
288.9480,27.9960,124.0582,153.3009
291.3783,21.8115,124.1552,153.4806
293.9548,26.1687,123.9127,152.8211
299.8382,19.2171,123.6223,152.4629
299.3867,23.6972,122.7530,151.4505
304.7871,14.8971,121.5543,150.8589
300.3677,19.1046,120.5572,150.3875
287.5385,26.9442,118.7205,148.3901
287.2625,29.8018,117.5148,148.6220
292.1984,29.6538,116.9180,148.9703
292.4896,21.4677,116.2330,149.6104
294.4385,24.3489,115.2795,149.8442
291.7209,25.1698,114.4689,150.2539
291.0178,26.9658,114.3348,150.7234
287.9807,27.9667,114.3348,150.7234
288.7400,29.7183,114.3348,151.3122
286.2534,29.4922,114.8261,151.8442
290.0088,31.3072,114.9606,152.3187
286.5926,30.0428,115.8138,152.9137
287.3424,31.7945,115.8591,153.5707
285.8036,32.5338,115.8591,154.2306
289.7083,30.1270,115.7233,155.0741
293.7043,29.6636,117.1699,156.1644
295.8635,30.2858,117.5818,157.1404
298.6549,29.9206,118.3626,157.9998
297.0633,31.5469,118.4088,159.1107
301.0145,23.7016,118.3626,160.1673
299.4818,26.4936,118.2701,161.1058
305.1169,20.8502,117.9467,161.7980
299.6342,23.7780,117.9467,162.4933
304.6274,25.8013,117.2556,162.8106
303.4010,27.6933,116.4770,163.4466
308.1579,20.9910,116.2040,163.8936
305.8815,23.0861,116.1132,164.0856
310.0645,18.5369,115.3421,164.5343
310.9836,21.8421,114.9817,164.4700
308.0440,24.0264,114.7122,164.4700
308.9581,20.6680,114.3537,164.6628
310.4579,20.6953,114.3984,164.5984
308.2928,19.4383,114.1303,164.9842
312.4612,21.4652,113.2386,165.3709
309.7917,22.3986,112.4424,165.7585
313.2265,24.3249,111.3883,166.4060
311.9505,26.2035,110.9097,167.1860
318.3029,18.8483,109.8266,166.2064
314.2005,20.8625,109.1830,166.6609
322.4660,16.8506,108.5006,165.6843
319.0435,18.9136,108.0768,166.0079
315.6345,12.1890,107.6546,166.2673
319.2805,15.8878,107.4864,165.3581
316.6216,8.0365,107.0246,165.7456
320.2463,10.0177,106.8573,166.2636
316.8934,9.8521,106.3982,166.6533
321.3094,2.1606,105.9826,166.5231
319.4795,4.3723,105.3202,166.5231
321.7525,3.4047,104.9088,166.1978
319.7671,5.6948,104.6629,166.0031
318.4465,1.0000,104.4994,165.8085
323.3735,2.1561,104.3361,165.6790
321.6067,3.6139,103.6025,164.8376
320.4199,1.5615,103.1573,164.5157
325.3008,3.1456,102.9558,163.3589
324.2581,4.7728,102.1917,162.0827
322.4937,6.3873,101.5530,160.8164
324.5843,6.6543,101.3943,160.1882
322.1772,5.8565,100.7210,159.5625
325.7054,8.2406,100.2882,158.9392
323.3078,8.3725,99.6614,158.6288
325.3760,9.7156,99.4668,157.9472
322.9651,10.7907,98.9228,157.8855
323.7698,5.7581,98.5750,157.3921
323.9171,9.9126,98.2285,157.4536
327.2275,10.0172,98.1134,157.2076
326.0385,13.1230,97.8451,157.2690
328.7025,16.2300,97.6922,157.3304
325.6696,12.9389,97.1961,157.6992
330.3652,15.9235,96.7785,158.0688
328.0195,12.5121,96.2492,158.6862
331.9503,15.4363,96.0236,159.2441
332.7155,10.9949,95.7236,159.7417
336.5771,13.0104,95.6114,159.9913
335.4660,12.9041,95.2379,160.2413
338.1223,10.7759,94.9403,160.2413
333.7563,12.8509,94.8290,160.3665
338.4320,6.6211,94.1993,159.9907
339.1514,10.8974,93.9785,159.9282
334.8921,11.9328,93.7215,159.9906
339.4354,9.8345,93.2822,159.9281
341.3866,11.8524,93.0636,160.1780
338.9764,11.7194,92.9182,160.4909
340.9972,13.8509,92.5189,160.4909
339.8913,9.5346,92.2298,160.6163
341.8818,12.8410,91.8695,160.3653
343.8188,13.8527,91.6183,160.4906
343.9253,10.6022,91.3678,160.6160
343.9860,12.7353,91.2250,160.6160
347.1058,12.7353,91.0112,160.6160
344.1292,10.4422,90.9046,160.9924
346.6948,14.7185,90.5495,160.9924
344.3798,14.6383,90.3373,161.1811
348.6990,15.6017,90.0550,161.4329
346.3668,15.4408,89.9143,161.8113
351.2181,12.2710,89.7386,161.6849
348.2087,12.2441,89.8087,161.7480
351.7274,11.4923,89.9491,160.9898
351.1002,12.6415,90.0193,160.8012
354.0144,12.8284,90.1952,160.3615
353.9245,13.8401,90.4066,160.4868
355.6205,13.7868,90.6538,160.6121
359.0971,14.8800,90.9725,160.5494
363.7790,1.0000,91.3278,160.4867
366.9933,1.0000,92.3267,159.9225
371.3157,1.0000,93.6972,159.3602
367.0380,1.0000,94.9782,159.2980
371.5792,1.0000,96.1655,158.8002
374.1016,1.1582,97.7432,158.4280
376.6817,1.0000,99.3086,157.8091
2
0
0
0
0
1
336.7439,36.6735,26.1117,131.8969
334.7932,39.3449,26.2137,131.7938
332.9959,34.1375,26.3468,131.6909
331.1719,33.3286,26.5218,131.5365
328.9880,36.8881,26.6876,131.3824
327.8848,31.6969,26.7814,131.2798
327.6714,35.2930,26.8651,131.0233
326.0168,30.1161,26.9805,130.9210
324.5207,30.2030,27.1281,130.7164
322.6562,32.8722,27.2764,130.5632
320.8041,31.1815,27.3723,130.4612
318.5728,35.5999,27.4899,130.2574
317.0759,33.0482,27.5758,130.1556
315.9406,34.7984,27.6620,130.1048
313.3413,39.1615,27.7268,130.0032
312.2090,35.7299,27.7918,129.9524
310.5203,37.4989,27.8570,129.8508
308.4623,40.1289,27.9114,129.7494
307.3271,39.2888,27.9659,129.6987
305.8275,41.9157,27.9987,129.5974
304.3168,45.3797,28.0533,129.5468
303.1524,42.0031,28.1629,129.3949
301.0672,42.9698,28.2289,129.1422
299.8721,46.5288,28.3943,128.8395
299.0236,47.5555,28.6162,128.4369
297.4464,50.1995,28.7503,128.2362
295.6565,47.7725,28.9188,127.9357
294.0674,45.3724,29.0430,127.5859
292.2979,43.7839,29.1224,127.3367
291.8482,47.2085,29.2703,127.2372
290.4341,44.7160,29.3961,127.1378
288.0184,48.1353,29.5683,127.0385
288.0970,47.2706,29.8455,127.0881
286.6155,49.7602,30.0671,127.1874
285.1180,48.0499,30.3020,127.2371
283.8905,46.3178,30.3493,127.3365
283.8704,50.4823,30.3967,127.4857
284.2489,53.8686,30.4561,127.4857
283.8191,57.2127,30.5156,127.5853
283.0794,51.2819,30.8255,127.5853
283.5554,53.8025,31.1506,127.6351
283.3795,53.8237,31.5643,127.5853
282.9603,55.7300,32.0575,127.0869
283.7905,56.8693,32.6085,126.3919
283.7581,58.7997,33.1944,125.7994
284.2706,60.4914,33.5445,125.7503
285.0001,59.7816,33.9245,125.4555
283.2936,58.2195,34.2293,125.2105
283.6459,54.0621,34.4700,125.2105
282.0894,54.1661,34.3623,124.9660
281.6901,55.9503,34.2281,124.6731
281.5139,55.2052,34.1077,124.4783
281.5705,52.8080,33.9745,124.2838
280.9332,53.0349,33.8816,123.7497
282.0919,51.5352,33.8022,123.4114
280.9976,54.1987,33.7362,122.9293
282.3306,52.5456,33.7625,122.9773
282.5436,56.7513,33.7889,122.6891
283.6038,55.1422,33.9341,122.6411
284.6854,53.4930,34.0401,122.6890
285.7648,55.2447,34.1598,122.4015
287.0691,53.5988,34.2932,122.4493
288.4127,52.8873,34.3468,122.2101
290.6594,53.1104,34.4273,121.6850
292.9341,54.1811,34.4542,121.0671
294.5586,52.0104,34.4004,120.4996
297.7453,57.0116,34.4273,120.0289
299.1399,53.9429,34.3735,119.7476
301.0173,51.6567,34.2526,119.5137
304.0197,56.4980,34.1456,119.3269
305.8847,54.9528,34.0255,119.2337
308.0030,56.5759,33.8262,119.1406
310.1089,54.2420,33.6280,119.0475
312.1913,55.8626,33.4572,118.9545
313.9853,54.3222,33.4180,118.8615
315.7718,54.3222,33.3919,118.8615
317.3517,54.3420,33.3267,118.8151
318.8787,52.7837,33.3787,118.7687
320.6132,53.5329,33.4700,118.8615
322.1079,55.0721,33.6138,118.9544
323.7932,55.0721,33.8502,118.9544
325.5353,55.8620,33.9824,118.9544
327.2842,57.4419,34.1151,118.9544
329.0739,55.8423,34.1684,119.0008
329.6865,58.2328,34.3286,118.9543
330.1197,56.6924,34.3823,118.8614
331.4781,55.9228,34.4091,118.8150
332.6092,56.6527,34.4360,118.9542
333.4325,55.8627,34.6512,118.9542
333.1794,59.7926,35.2468,119.0007
333.7938,54.3202,35.4533,118.8612
334.5825,59.9046,35.8134,118.7219
334.9035,56.8299,36.1771,118.5364
335.6903,59.2504,36.5869,118.3975
335.8057,61.6681,36.8871,118.2588
337.5204,56.2102,36.8871,118.1664
338.0287,60.1533,36.8438,118.1202
339.2092,56.2509,36.9446,118.0741
339.9207,59.5049,37.0023,117.7973
341.8680,57.9795,37.0457,117.7053
343.6454,57.2565,36.9154,117.5674
346.4461,61.3162,36.6703,117.2000
348.7534,59.9348,36.3981,116.7879
351.0375,57.7439,36.1422,116.4686
351.5956,54.0701,35.9587,116.0136
352.5925,57.4599,35.8603,115.2886
355.0274,57.4024,35.7343,115.4237
356.9436,55.1796,35.6924,115.2433
362.5728,54.5483,35.8318,114.9282
365.6066,57.6201,35.4119,114.8833
368.6166,56.0943,34.9693,114.8833
371.8329,56.1706,34.5048,114.7038
372.4401,58.4367,34.1544,114.7486
375.5076,57.7128,33.8742,114.6590
377.8640,57.0085,33.6228,114.5246
380.4539,57.0465,33.3076,114.4351
383.0142,57.8254,33.0083,114.3904
384.6526,60.1043,32.7634,114.3904
386.6815,61.5856,32.5970,114.4798
389.1492,63.0490,32.3933,114.6139
391.1389,63.0109,32.2667,114.7035
393.3406,62.9919,32.1281,114.7483
395.0901,57.6388,32.0277,114.7931
395.1007,61.4694,32.0027,114.7483
396.8593,57.6784,31.8651,114.7034
395.4362,59.2209,31.7282,114.6586
396.9954,62.3046,31.5299,114.5691
397.0844,64.6060,31.3205,114.5243
396.3148,63.8455,31.1737,114.5243
395.0158,62.3435,31.3077,114.4796
395.5459,66.9428,31.0386,114.3901
394.7936,60.1632,30.8689,114.2561
393.6457,62.4773,30.6759,114.1668
392.2554,64.0884,30.5921,113.9438
391.0568,64.1073,30.5443,113.8993
389.9108,66.3764,30.3772,113.8993
391.2169,67.8702,30.1518,113.9438
390.0506,67.0946,30.0693,113.9883
389.7212,70.2360,29.9049,113.7212
389.6070,71.1044,29.7063,113.4546
389.1039,74.2687,29.4974,113.1001
390.5486,75.1137,29.3246,112.8792
389.4337,76.7815,29.1986,112.4823
389.6276,79.9934,29.1986,111.9551
389.5888,83.9151,29.2898,111.4740
388.9421,87.0427,29.4386,111.0821
389.9733,86.3235,29.3121,111.0387
389.1169,87.7982,29.4953,111.0387
389.1022,90.8030,29.5298,110.9086
388.0923,92.3128,29.5991,110.8220
388.7409,90.8410,29.9228,110.8220
386.9824,92.1840,30.3202,111.1250
388.2357,91.5937,30.6874,112.5141
386.4170,92.9572,31.1309,112.8217
385.2128,94.6242,31.5322,114.1879
385.3123,94.0745,31.7908,115.4815
383.5020,95.5890,32.0765,115.5266
384.0771,98.7152,32.2268,115.3912
382.5523,99.5007,32.2898,115.3461
382.5202,102.5454,32.3655,115.3912
383.2993,99.6336,33.0608,116.8336
383.3542,103.4934,33.9648,116.8792
384.3128,99.0694,34.8935,118.1576
384.0984,102.9729,35.9431,118.2037
385.0950,103.0514,36.9680,118.0190
386.0953,103.0514,38.0799,118.0190
386.8729,103.8352,39.2253,118.0190
386.6320,103.0514,40.4051,118.0190
385.5856,104.5405,41.6047,118.2034
383.6931,104.5994,42.8073,118.0649
384.5885,102.2865,44.0447,117.9727
381.9708,102.2277,45.3867,118.1109
381.3981,105.3258,46.7341,118.2032
380.8084,106.8761,48.1215,118.2494
378.3638,106.0712,49.3622,118.2956
377.3149,108.9778,50.2877,118.8501
376.0543,112.0558,50.8966,119.0358
375.4797,113.6170,51.4533,119.0823
373.4467,114.4275,52.2171,119.0358
372.8051,119.3482,52.9106,118.6173
372.7788,121.9476,53.7993,118.0613
371.7695,125.3188,54.4928,117.5078
371.0639,127.1331,55.3017,116.9111
370.6966,129.7339,56.1658,116.2718
370.0346,132.3398,56.8459,115.5905
369.9402,134.9688,57.9562,114.8229
367.9871,136.7988,58.9297,114.1052
367.6740,138.5984,59.6663,113.4367
365.8316,138.8244,60.2723,112.9049
363.6502,137.5498,60.6961,112.3757
360.8188,138.5385,60.7198,111.8050
360.0627,138.6313,60.6012,111.5867
358.4228,137.9830,60.6722,111.3687
356.7609,138.1864,60.7907,110.8902
357.6187,134.6333,60.6720,110.5870
355.8661,137.0016,61.0038,110.1982
356.3826,137.9530,61.6949,109.6816
354.4468,138.1351,62.3937,109.2532
354.3846,134.6526,62.5400,108.9118
351.5710,136.1714,63.2973,108.7416
348.7547,132.6331,63.9896,108.5717
347.0975,136.9950,64.8895,108.4869
350.1354,131.9521,65.8527,108.4869
347.1617,125.3602,66.6758,108.7411
346.6304,131.5523,67.9260,109.4632
348.0175,127.0637,68.9077,109.7626
346.6676,131.8744,69.9306,110.4486
345.3325,126.5019,70.8867,111.0094
343.9556,132.4177,71.9112,112.7006
344.0034,129.1996,72.9225,113.2289
344.5481,131.9816,73.9195,113.7597
345.6526,128.7144,74.7857,114.3373
344.6718,131.4288,75.9250,115.0966
344.2180,131.1804,76.9927,115.6811
345.3428,132.4671,77.9551,116.2685
347.5429,132.2162,78.8687,116.8589
346.6133,135.7858,79.8237,117.5893
348.8131,136.9962,80.8839,118.4161
347.9134,140.5938,81.7369,119.2025
348.2255,135.5079,82.2797,119.9940
349.4139,138.3566,83.3404,120.7909
349.0265,137.9154,84.2519,121.8289
350.3553,140.8885,85.0747,122.4476
352.3467,135.6642,85.7061,123.2607
351.9057,141.1074,86.7439,123.9348
355.0163,136.8072,87.5572,124.3705
356.3245,141.5148,88.5832,124.9535
354.2068,134.6070,89.4137,125.5880
353.7615,141.7792,90.4615,126.3729
356.3596,135.6951,91.4156,126.8666
360.2144,132.2620,92.3440,127.0153
359.2026,137.9343,93.2819,127.5610
363.2290,132.8518,94.0107,127.5610
363.4163,139.4590,95.0389,127.9597
367.5028,135.0829,95.8185,128.2596
370.8433,135.7643,96.9414,128.6604
373.7563,131.2788,97.6609,129.1630
375.3127,134.4952,98.5764,129.6675
375.5091,136.7771,99.6546,130.3766
375.0459,130.4136,100.7446,131.0896
377.9561,131.8935,101.7678,131.7041
376.0638,134.2112,103.0399,132.4244
379.5364,133.9034,104.5291,133.1486
376.2045,130.0129,105.8357,133.9808
378.5414,132.3262,106.9520,134.8181
376.6238,133.7810,108.1218,135.6081
374.6672,130.7868,109.3466,136.2967
373.3602,133.2758,110.7134,136.8291
372.1655,129.3460,111.7946,137.5240
369.4001,130.8756,113.0610,138.2223
368.1801,127.6860,114.1651,139.2482
368.4644,127.2699,115.2800,140.2273
368.7897,123.1261,116.3157,141.2133
365.9511,128.3071,117.5425,142.2613
370.9662,125.1659,118.5986,142.9838
366.4180,127.4922,120.0347,144.2125
369.9452,129.9821,121.1132,145.1138
369.4626,126.5130,122.2486,146.4743
373.0346,125.0540,123.3947,147.6186
374.9193,123.5100,124.7443,148.9449
376.8867,121.0373,125.9625,150.1085
372.2443,123.5294,127.0450,151.2812
373.4465,126.9952,128.1864,152.5813
373.0208,121.3718,129.1879,153.8926
371.6697,127.9889,130.3485,155.1550
377.3826,122.3993,131.1632,156.1853
375.1180,119.8064,132.3929,157.4055
376.4807,120.3291,133.3238,158.6352
376.9012,118.7489,134.4174,159.8746
377.2806,116.1213,135.6251,161.0611
373.2727,115.5598,136.5787,162.3823
373.7262,121.4636,137.6457,163.7144
374.2289,116.5713,138.6136,164.9934
370.1558,120.4335,139.5340,166.2180
375.3911,116.8186,140.2971,166.9322
373.9936,124.2181,141.3932,167.7799
371.8575,116.7810,142.0007,169.5494
377.2089,121.0877,142.7218,170.0130
373.0624,112.7613,143.5581,171.0092
378.5202,122.6127,144.1749,171.8776
374.4751,111.8838,144.6818,172.9519
381.7770,119.6075,145.5861,173.6950
376.6530,110.0340,146.2685,174.5092
385.2006,120.1449,146.7256,175.2590
380.1340,112.8419,147.1841,176.0121
387.7821,117.3711,147.5866,176.3559
389.5217,112.3353,148.1054,177.1826
394.2426,107.6289,148.5683,177.1826
396.0678,101.6871,148.9165,177.3210
394.3867,106.2205,150.5452,177.7366
388.1384,97.6045,151.1333,178.5697
383.8981,109.1365,151.6646,179.3370
388.6569,103.8370,152.3163,180.5980
384.1559,108.4242,153.3873,181.0918
383.8248,106.9511,154.1662,181.7285
380.5999,112.7135,154.5275,182.3674
379.2916,111.0483,155.1915,183.4359
378.0291,113.2105,155.7371,184.0808
378.9599,109.2988,155.9804,184.6561
377.6911,113.8359,156.5288,185.5217
382.6025,106.2900,154.7556,185.8840
381.3950,114.5604,155.1788,186.7553
382.2194,115.6455,155.6637,187.1201
380.9531,114.1855,156.2110,187.6318
379.7342,110.2606,156.6381,188.0715
383.8169,113.6951,156.8217,188.8062
382.5672,110.9054,157.3118,189.4699
389.6708,122.0405,157.8033,189.9140
395.7487,105.6140,158.2965,189.9882
393.0156,125.0748,159.7805,191.6951
402.0345,122.3379,161.0288,192.1444
394.5224,115.8624,161.0917,192.3696
397.6247,108.1338,161.3434,192.5199
401.6157,116.8593,162.0367,193.0463
396.8274,120.6731,163.1760,193.1217
404.1146,111.8562,163.8771,192.7445
397.0682,118.1600,165.0934,192.9704
404.3039,113.1623,166.1252,192.6689
396.0577,116.8407,167.3582,193.0452
404.3929,101.4895,166.0507,192.9698
400.4233,119.5257,167.6074,195.7588
406.7675,105.9412,168.3931,197.1352
396.2561,115.1376,169.4456,200.1385
401.3759,100.9168,167.9894,202.3275
397.6387,114.7893,168.9081,204.4614
401.6206,103.1805,167.4565,206.2185
407.5699,102.8039,166.5407,207.1046
397.3953,104.4199,167.0612,209.7743
399.8914,103.1662,166.4086,212.7242
406.6875,103.7312,166.0186,214.7185
392.2177,107.3315,166.3428,216.3121
398.2102,94.9063,165.2382,218.5091
402.9834,68.0984,164.3346,220.1308
411.0589,61.7030,163.3075,221.4206
414.9901,53.2116,161.7127,220.6422
417.5137,45.8856,158.3016,220.6422
416.0945,37.2042,156.6938,220.3837
416.7709,48.7658,155.1024,220.7280
417.0799,46.8603,154.3754,221.7627
410.8777,36.1468,152.0838,222.7155
414.4125,44.8727,150.8957,223.0635
406.2959,35.9480,148.7737,223.1507
412.3471,29.7242,146.1586,223.8480
415.2104,14.4876,143.9890,224.7224
409.1864,32.2460,142.4142,225.0735
409.3756,30.5645,141.9691,225.5131
412.4867,24.4620,141.3036,225.7774
411.4545,16.8531,139.3166,226.0420
411.6396,21.2437,138.8812,226.3069
413.7377,25.6394,138.2844,226.5721
417.7093,29.8522,137.5822,227.2801
418.1890,35.5120,138.6033,228.1679
419.1554,21.7618,138.4951,228.4353
421.1557,23.6959,138.1164,227.4538
421.3392,9.1202,137.6848,226.2099
420.3563,11.8241,137.8461,226.9168
426.2376,20.2626,139.0846,228.3350
422.1738,25.8350,142.1270,229.4945
418.6581,28.7686,145.9578,229.7635
414.9749,24.0387,150.0629,230.1225
412.9321,17.7351,152.5248,230.5719
410.8051,15.8594,155.1464,231.3826
410.8823,18.6252,154.9646,232.1056
410.6765,15.3113,155.4488,232.6496
412.7927,19.7144,155.3274,233.1949
410.9102,11.7780,154.9026,233.6503
414.1505,14.6873,154.5396,234.1067
413.3038,6.7587,154.1170,234.4725
414.4552,9.6393,153.8160,235.0220
413.5104,10.7708,153.6358,236.0319
414.5816,12.1030,153.5157,236.5851
416.6970,15.0488,153.3358,237.0472
419.3444,13.3172,154.2942,237.4176
417.8843,11.5042,155.3188,237.9740
417.9359,12.8474,155.1975,238.5318
417.7298,14.2730,155.6824,238.9045
417.6522,17.3270,155.8649,239.1844
420.8091,20.5036,155.7431,239.1844
423.9635,28.5247,155.6214,238.9976
414.3268,57.2511,158.8433,238.6241
418.3087,33.8781,159.4017,237.6920
423.3897,30.6818,159.8998,237.7849
411.6564,59.1045,162.5232,237.7849
417.0257,45.2089,162.5867,237.0418
422.7210,38.7551,161.8881,237.4122
410.7612,65.0443,164.7338,238.6178
413.9062,44.6034,165.0555,238.2449
420.7567,39.6593,164.4108,238.7103
410.7395,66.2904,164.8603,239.4562
413.8870,66.3302,167.7583,239.3627
418.4545,55.4817,167.4961,238.7082
406.5253,58.3746,169.3936,239.3609
410.2093,45.2215,168.6657,240.3894
413.8494,51.4472,168.0069,240.7650
418.5073,54.4850,167.5475,241.1412
406.1016,78.2247,167.9401,241.8006
409.7261,60.4816,167.2841,241.9895
414.5306,49.0320,166.4346,242.4621
413.7846,52.1314,165.5895,242.7463
413.0423,53.5822,164.7486,243.1256
411.2372,54.9949,163.8476,243.6004
411.6180,56.4104,162.9516,244.0762
411.9967,59.4089,162.0604,244.6483
411.2972,65.6230,161.1742,245.3172
411.5916,68.6775,160.4816,245.7964
412.8970,71.8196,159.9174,246.0844
410.1094,65.0379,158.9804,246.6612
412.4056,66.5120,158.5457,247.0466
415.7221,69.6291,158.1741,247.4326
415.9847,66.1786,157.5562,247.8192
416.2462,67.7008,156.9408,248.1096
415.4646,65.8473,156.3277,248.5942
415.7760,65.7234,155.5949,248.8855
415.9827,67.1696,155.1087,249.3716
418.1714,70.3160,154.8058,249.7613
418.4027,65.0915,154.2615,250.3466
417.6601,61.6003,153.5987,250.7378
417.8896,63.1405,153.0587,251.0316
417.8641,61.3901,153.1185,251.2278
418.1692,59.9304,152.4007,250.7371
420.5728,61.8035,151.5078,250.2474
418.8875,55.0733,150.7384,250.4429
421.1648,60.1457,150.0907,250.2472
423.5070,51.8367,149.2699,250.2472
423.8540,54.9526,148.4536,250.7360
425.1109,53.2043,147.8157,250.9319
426.4851,56.6203,146.8918,250.7358
426.1925,46.6717,145.2852,250.6379
428.4597,53.4957,144.4907,250.2463
427.6442,50.2136,144.1520,250.1485
427.9074,51.8748,143.5326,250.1485
429.0750,58.4778,143.0280,250.2462
429.3125,50.1689,142.4693,250.2462
431.2756,55.1958,142.3023,250.1485
427.6847,50.2539,141.8576,250.0508
429.8513,56.8128,141.1927,250.2461
429.1481,55.1926,140.6411,250.1484
428.4710,56.9368,140.0368,249.9530
427.9828,55.3184,138.9975,249.8553
427.3828,52.1245,138.2373,249.5625
425.9829,53.8646,137.2113,249.3675
424.5706,54.0302,136.2466,248.9779
423.2134,57.3369,135.1822,248.9779
421.8220,57.3369,134.2317,248.9779
420.2175,55.7662,133.8122,248.7834
418.3514,57.4596,134.0213,248.6862
415.5257,52.5466,134.3877,248.5891
413.8748,54.1561,134.0728,248.6862
411.3151,55.8488,133.8109,248.5890
411.2484,57.4171,133.9677,248.7832
407.4897,59.0692,134.4387,248.7832
402.4680,63.9841,135.7516,248.8804
397.4422,67.2482,139.0923,248.9776
395.0407,62.2881,142.5696,248.9776
390.6383,64.0241,146.2453,248.7831
387.2150,62.4960,149.7300,248.4916
383.3869,62.6610,151.7186,248.1033
381.7749,59.6542,153.1410,247.4249
379.8173,58.2165,152.9615,246.9417
377.9127,58.4215,152.6628,246.4593
376.0879,56.9894,152.1857,245.9780
375.3300,55.5602,151.5912,245.4975
374.6001,57.4757,150.9399,244.8263
374.9259,56.0531,150.1734,244.3481
374.2278,57.8786,149.4694,243.8708
374.5504,58.0001,148.7104,243.5851
373.9332,61.4374,147.8391,243.1093
372.3133,64.8276,147.0306,242.7294
372.7771,71.4766,145.9393,242.2554
372.1229,81.4105,145.1982,241.5930
370.7971,86.1432,146.0490,241.7817
369.4636,87.6284,146.9047,242.0650
367.1467,89.1153,147.7655,242.3487
366.9259,90.6844,145.9762,242.4434
366.6835,92.2541,144.2655,242.5381
365.4860,96.4015,142.5749,240.3591
365.1546,93.2890,141.1268,240.1713
363.9597,98.9110,139.5281,238.2011
368.1524,103.7750,138.3836,237.9220
365.5334,88.2125,135.8970,237.3643
373.4072,97.6306,134.3575,237.4571
367.6301,96.1326,133.2554,237.2716
364.5551,96.1720,132.1623,237.1789
361.5272,92.9825,131.0265,237.2715
370.4457,104.0120,130.5147,237.2715
365.6789,91.2887,129.4950,237.5496
369.1186,102.2522,129.4950,237.7352
364.3460,92.6616,128.5845,238.0138
359.8631,94.1236,131.0959,238.2927
357.1426,90.8796,131.3520,238.4789
351.4511,90.7609,132.4295,238.7583
360.3332,95.7156,132.2225,238.2920
354.3406,91.5222,131.8610,236.9888
351.8450,90.0665,133.6123,236.7111
349.4494,87.1191,135.0737,236.2488
346.6015,85.9817,137.5535,235.2336
354.7768,103.1648,137.6610,231.5581
335.6252,86.3271,137.5535,231.3772
348.6646,93.2029,136.9624,229.6600
361.7161,84.8149,138.3534,227.8657
359.3503,96.1259,139.5965,226.1745
355.7350,87.7901,141.5595,224.5843
352.5154,100.3922,142.4996,223.0052
349.7238,86.3238,142.3883,221.2629
346.4381,97.2702,145.6699,219.7072
343.9472,95.1182,146.9786,217.9049
341.8487,101.4489,147.3231,216.6281
338.5714,101.9884,148.1288,215.3588
335.5220,101.0588,148.3602,214.1810
333.1328,104.5434,149.3454,212.6751
332.6866,102.2132,150.3955,211.5120
331.0137,95.6117,151.9817,210.5206
327.6075,99.1765,155.2469,208.7114
326.0095,104.1661,159.0068,206.7547
321.7331,109.1774,161.6155,204.6549
318.5134,96.5044,164.1407,202.4964
314.9164,103.8331,167.4749,201.0726
311.4688,108.4397,170.3533,199.6588
307.7357,111.8869,173.8136,197.7870
304.6481,116.6809,175.6468,195.7783
304.0941,112.2931,171.4615,193.8664
303.4109,113.7736,167.7108,193.4120
301.8795,116.5992,166.0730,192.8076
300.7216,111.7659,163.6078,192.1297
300.9117,110.6176,160.6041,191.8295
299.7386,114.5029,158.3456,191.6797
309.0707,115.9031,156.1807,191.3802
306.2964,118.5719,155.3876,191.0811
313.0294,116.1927,154.1129,190.7079
311.3663,116.3194,153.2099,190.4100
318.8697,127.8258,152.3122,190.1124
318.1870,120.4088,151.5387,189.7411
329.7344,136.9148,150.4140,189.4447
328.8854,127.0078,147.7113,189.0747
328.1742,130.7745,147.0766,189.0747
329.7125,127.0078,145.7552,189.0747
332.9308,134.6668,145.0150,188.7792
334.0623,128.4301,142.3527,188.7055
334.2041,133.5679,139.7948,188.4106
334.4129,133.6617,137.1190,188.1898
339.0795,122.5082,134.7087,187.9693
339.3032,132.5252,132.0777,187.8959
342.8115,141.4466,130.0140,187.4555
341.9697,142.7848,127.9317,187.2358
345.3679,144.0903,125.9328,187.0896
350.3646,145.3638,124.0143,187.0165
350.3234,147.8786,122.1734,186.9434
356.5705,143.0371,120.8372,186.6513
355.5273,146.8485,119.5155,186.4326
356.1424,149.4484,118.0682,186.1413
362.1992,149.6029,116.7308,185.7777
361.0558,154.6301,115.7732,185.5600
366.1492,157.3102,114.6426,185.0526
365.7495,162.4408,113.7917,184.5466
369.7544,166.3317,113.2583,184.0420
367.3289,170.3343,113.6565,183.2512
366.4420,172.9506,113.9673,182.8217
369.1098,168.3069,113.0324,182.3218
366.7454,168.5490,113.2973,181.7520
367.9116,162.7255,112.3237,181.2551
368.9931,165.4337,111.5339,180.5470
369.2338,164.2947,110.9675,180.4060
368.0916,167.9486,110.1873,180.2650
371.8051,170.4924,110.0581,179.9130
367.6758,165.8329,109.4563,179.6319
372.1096,170.7833,109.2852,179.2108
367.3924,162.5718,108.4314,178.9308
372.0907,169.8199,107.5420,178.6512
368.8771,167.5065,106.7018,178.5117
366.2199,172.3372,106.2850,178.3025
363.0085,170.2059,105.5377,177.7453
362.6231,170.4124,104.7956,177.2593
362.0663,169.4707,104.4681,176.7053
360.8697,169.7641,104.0192,176.0151
359.2291,166.8128,103.0034,174.7087
357.7585,170.8154,101.6354,173.4803
355.1263,167.8201,99.8886,172.3960
352.9373,156.8013,98.7960,171.3859
352.0024,159.3620,97.9084,170.7164
350.2145,162.0261,97.5260,169.7828
354.3755,151.1179,96.8783,168.9206
352.6707,153.7540,96.3485,167.9968
351.0392,151.8017,95.6711,167.3406
349.8956,153.0796,95.3721,166.9484
350.3706,144.4877,94.2544,166.2962
350.2767,149.0982,93.0026,165.8415
349.6437,142.7657,91.5858,165.1937
351.6659,138.6520,91.1207,164.5484
350.8944,139.9906,90.0885,163.9699
350.0718,127.1692,89.2087,163.3935
352.2489,130.6685,88.2678,162.8190
350.2267,130.8577,87.5093,162.3738
355.1807,128.8898,86.7914,161.9298
356.3478,131.4168,85.4014,161.0443
361.2676,123.1287,84.5007,160.4152
360.0471,129.7333,83.4114,159.9139
357.2638,130.8749,82.1407,162.2252
362.1184,119.2134,80.9856,164.3163
358.4749,137.6540,79.4355,167.1405
362.6553,112.7364,78.2874,168.3157
365.8785,62.4669,76.8195,170.8799
376.4382,57.7576,75.9793,173.9504
374.7858,21.8617,75.1186,176.8722
382.6300,25.0917,74.2676,180.3268
389.8551,7.8779,73.5134,184.2010
394.9932,8.0919,72.9103,186.5754
402.4615,14.5346,72.4261,188.9076
410.4093,9.4227,71.8320,192.0807
420.6650,12.8666,71.2708,195.9823
2
0
0
0
0
1
368.8918,125.1936,46.1258,132.1547
366.3878,132.9603,46.2519,132.4644
366.2573,124.9335,46.5590,132.7231
363.7529,130.9268,46.6318,133.1379
364.2716,123.6991,46.8686,133.5020
360.2022,130.6806,46.9235,133.7627
362.0017,122.5085,47.0885,134.1807
359.1327,128.5899,47.2172,134.5476
361.8763,119.4541,47.4017,135.0206
358.6813,124.6321,47.5128,135.4953
361.1581,124.4971,47.6241,135.8129
357.6635,130.6299,47.6614,136.2373
360.4803,129.5669,47.7358,136.6098
358.2297,134.8512,47.8104,136.9834
356.9359,138.3533,47.8664,137.3044
359.7649,131.8113,47.9412,137.6799
357.5045,135.3770,48.0161,137.8950
355.2805,137.0939,47.9974,138.1643
357.7826,137.9426,48.1099,138.3262
355.2427,139.7108,48.0723,138.4883
357.4294,141.5271,48.1850,138.5424
354.8776,143.3212,48.1661,138.6506
352.9425,146.0833,48.2038,138.6506
355.1352,147.8557,48.3167,138.8131
352.8973,147.8327,48.2979,138.8673
352.5284,151.4983,48.4111,138.9216
351.5238,154.2197,48.5056,139.0301
353.7463,152.3271,48.5814,139.1387
351.1654,154.1288,48.5814,139.2474
352.7704,156.8335,48.6004,139.4106
350.8501,152.1584,48.5624,139.5195
348.9233,156.7446,48.5434,139.6285
350.2127,160.4534,48.5434,139.6285
348.2866,153.9165,48.5245,139.7376
346.6674,159.4842,48.5434,139.7376
348.3195,163.2192,48.4486,139.6830
346.0754,155.7753,48.4297,139.7376
343.8322,161.3894,48.4108,139.6284
342.8598,156.7765,48.4297,139.5739
340.6166,163.2876,48.4108,139.5194
341.2435,156.8253,48.4486,139.4649
338.6375,161.5255,48.5243,139.3014
339.8700,165.3182,48.6570,139.0838
337.1882,163.4709,48.8851,139.0838
334.1854,167.2115,49.0760,138.9751
334.1283,166.3348,49.2102,138.8665
331.1791,166.3809,49.2294,138.7580
328.5883,169.1913,49.1717,138.6496
328.6209,167.3499,49.0949,138.6496
326.6974,172.9662,49.0182,138.4330
326.7300,164.7617,48.9416,138.2708
323.1793,169.4215,48.8843,138.1087
323.5364,174.1218,48.8079,137.8390
320.9678,172.3827,48.7507,137.6236
318.7260,175.2158,48.6936,137.4086
320.3831,175.2614,48.5984,137.3012
317.1963,175.3526,48.5035,137.0867
314.3216,176.3540,48.4467,136.8725
311.7720,178.1945,48.3899,136.8190
309.2254,179.1485,48.3332,136.7121
306.3528,177.3555,48.2955,136.6587
303.1697,180.1234,48.2389,136.5520
300.3187,181.9596,48.1635,136.4986
298.4397,179.2857,48.0694,136.3920
295.5907,181.1424,48.0131,136.2854
293.0559,178.4952,47.9756,136.1257
289.8940,182.1337,47.9193,136.0725
288.3108,179.4680,47.9006,135.9662
285.4321,184.0051,47.9381,135.9131
283.2276,181.3877,47.8819,135.7007
280.7077,183.2350,47.8258,135.5947
278.2226,182.4247,47.6950,135.3828
276.0451,182.4921,47.6018,135.2242
273.5557,183.4350,47.5089,135.1186
271.7101,181.7077,47.3975,134.9602
269.2551,183.6122,47.2494,134.6966
266.8156,183.7687,47.0833,134.3283
264.3455,186.6232,47.0097,133.9085
261.9106,185.9118,46.8628,133.4901
259.4599,186.9977,46.7713,133.0208
256.7034,188.0798,46.6799,132.5531
254.5722,188.2778,46.5888,132.0871
252.1359,189.1330,46.4978,132.1387
249.7043,189.2866,46.4070,131.7774
248.1942,192.9401,46.3344,131.4171
245.7097,191.9147,46.3887,131.7764
243.2375,192.9429,46.4069,131.4161
241.0726,193.1392,46.4250,130.9541
238.5909,195.1176,46.4613,130.3914
237.3722,192.7148,46.4250,129.9330
234.8750,194.5699,46.4975,129.6284
232.0575,196.3991,46.5883,129.3753
229.5593,196.4421,46.6429,129.2742
227.0659,195.7124,46.6794,128.9712
