1
290.2887,139.3509,47.0551,168.2625
290.8980,143.7087,47.0918,168.5254
293.0792,143.5968,47.1102,168.7887
291.4837,140.1781,47.1838,168.9206
293.6692,145.7027,47.2023,169.1185
295.5421,141.1824,47.2207,169.1846
293.6685,138.9073,47.2023,169.2507
295.5728,138.8793,47.1470,169.3168
293.4281,140.0036,47.0365,169.3168
294.0841,134.3818,46.9630,169.3168
291.6204,136.6305,46.8896,169.3168
289.1683,137.7549,46.7980,169.3168
286.7210,137.7268,46.7066,169.3829
284.3017,138.8516,46.5606,169.3829
282.8022,136.6582,46.4515,169.2506
280.3807,137.8383,46.3426,169.1184
278.8727,136.7715,46.2702,168.9863
279.8099,137.8936,46.2341,168.9863
277.3844,139.0158,46.1618,168.9863
274.9627,139.0719,46.0897,168.8542
272.8279,136.8854,46.0717,168.7223
273.4169,136.8854,46.1257,168.7223
271.5791,136.8854,46.1257,168.7223
273.3786,139.1262,46.2158,168.7223
270.9387,140.2747,46.1797,168.6564
272.7710,142.5426,46.1977,168.5905
270.0407,144.8657,46.1255,168.3930
268.8538,142.7970,46.0354,167.9983
269.7785,142.8528,46.0175,167.8671
267.3720,146.2806,45.9276,167.6703
265.5802,147.5054,45.8379,167.4084
265.6030,148.7560,45.7842,167.0814
263.4976,150.0320,45.7305,166.6898
262.2981,151.3603,45.6948,166.1689
262.9277,153.7603,45.6412,165.7145
260.1772,157.2542,45.6947,165.2614
258.9558,150.8342,45.7126,164.8741
259.5098,153.1608,45.8376,164.5520
256.6714,153.2974,46.0703,164.2307
254.4534,153.5155,46.2503,163.7174
256.2347,151.5043,46.3948,163.3337
254.0319,152.7787,46.5036,162.8871
253.0514,155.0773,46.6307,162.5690
255.1416,150.8940,46.8129,162.2514
253.8359,155.3385,46.9592,161.9346
256.1123,148.9939,46.7391,161.6815
255.5925,154.4428,46.5017,161.4921
257.8467,147.0700,46.2837,161.1767
256.1563,151.5385,45.9221,160.7359
255.4320,149.5105,45.4737,160.4848
255.2735,153.9066,45.1362,160.1713
255.1311,147.6045,44.7659,159.9836
254.5737,145.5063,44.6785,159.9211
252.8306,143.4089,44.5912,159.8587
251.7572,140.2773,44.3299,159.7338
253.0451,143.5125,44.0702,159.6090
250.7405,148.8121,43.9841,159.6090
251.3466,138.2660,43.9326,159.4843
250.9600,142.6347,44.1557,159.1728
250.2783,142.6347,44.3799,159.1728
248.6868,141.6306,44.6573,159.0484
247.2560,141.6306,45.2329,159.0484
249.0883,140.6800,45.8690,158.7999
247.4510,136.5410,46.1378,158.6138
249.7106,136.6199,45.8675,158.4279
249.9924,139.8550,45.9212,158.2423
251.2198,136.8076,45.9033,157.9950
252.0961,137.9355,45.9929,157.8099
251.1417,140.1624,46.0827,157.5017
253.2150,137.1554,46.2448,157.1940
251.5643,134.1282,46.5157,156.9484
253.6725,137.3071,47.3697,156.8258
254.8836,135.2242,48.2209,156.8258
254.6435,136.2917,48.0325,156.7645
256.9480,131.1126,47.8637,156.7033
254.8343,137.4863,47.6019,156.3972
256.5808,134.3706,47.2114,156.3972
255.1700,139.6674,46.8426,156.1529
257.5107,133.4716,46.4583,156.0919
255.7908,138.7321,46.1498,155.9090
258.0816,132.4424,45.8073,156.0917
256.3781,137.6511,45.5210,156.0307
254.9650,135.5529,45.2898,156.0916
256.5740,136.6153,45.0422,156.0307
255.7888,136.6412,44.7782,155.9697
257.9818,137.7029,44.5159,155.9088
257.4867,136.6934,44.2898,155.8479
259.6410,134.6753,44.0649,155.7261
257.9658,129.5564,43.8756,155.6045
260.0636,129.6339,43.7385,155.4221
261.5594,131.7497,43.6359,155.3007
259.8498,126.6706,43.5678,155.1187
261.8894,132.9284,43.5337,154.9369
263.3204,132.9026,43.5677,154.9975
261.2880,129.8920,43.5848,154.8158
263.3212,132.0253,43.5677,154.6344
264.1747,132.1023,43.6018,154.4532
266.2087,132.1792,43.5847,154.2722
267.9453,134.3049,43.5847,154.0914
269.6747,137.4771,43.6018,153.8506
271.4119,134.4887,43.6018,153.6703
272.2081,132.5753,43.7721,153.3702
274.3954,142.7091,44.0969,153.4900
278.4951,132.2361,44.0969,154.1495
282.5947,152.6579,44.0969,154.2700
286.0501,161.5963,44.9238,154.9328
266.8680,180.6043,45.8363,153.7829
270.3989,181.1404,46.8389,154.9243
277.9260,175.7907,48.1563,157.8291
286.3205,168.5065,48.7206,157.7058
289.2404,179.6075,49.4629,161.1556
298.1582,177.3869,50.1198,161.3445
305.4721,172.0833,50.9225,161.2184
310.8065,175.7501,51.8972,162.6669
315.2264,177.1004,52.8500,162.0315
323.5967,173.9800,53.7996,161.7783
2
0
0
0
0
1
278.1877,138.6296,49.2680,118.0461
276.4455,138.6296,49.5182,118.0461
278.6487,136.3171,49.7503,117.9539
277.1950,134.7505,50.0612,117.9539
278.7658,144.1500,50.2763,117.9539
277.0047,140.8994,50.4924,118.2303
276.5520,140.5068,50.7685,119.1540
276.7796,138.5484,51.0263,120.0383
276.3137,141.3185,51.3253,121.0230
276.5352,139.4097,51.6060,121.7322
273.3224,138.3184,51.9083,122.3979
273.9170,143.7439,52.1314,123.0194
270.6888,141.0072,52.3961,123.6922
272.6982,142.3830,52.5803,124.3203
272.6458,142.9403,52.7035,124.9516
271.2547,141.8823,52.6830,125.4885
273.0127,143.3823,52.6624,125.8807
270.9406,143.2151,52.6007,126.2741
270.2944,144.7035,52.4774,126.7180
269.9982,144.5142,52.3544,127.1635
269.3463,143.4375,52.2521,127.7099
271.1333,144.9853,52.1297,128.0591
270.8304,144.8152,52.0279,128.4593
272.6011,145.5190,51.9262,128.8106
270.9287,143.6585,51.8045,129.1628
273.0272,146.1030,51.7236,129.4655
274.4182,149.2840,51.6832,130.0724
275.4822,151.6378,51.6024,130.6313
276.2104,153.1992,51.5016,131.0395
276.9200,154.7220,51.4413,131.5514
277.9448,156.2508,51.4413,132.0652
276.9029,156.0316,51.4815,132.5811
277.5867,153.2582,51.4815,132.8918
277.2106,154.8026,51.5619,133.4109
275.8153,155.4892,51.6223,133.8800
275.0269,156.2226,51.0577,134.2460
274.2809,156.1558,50.4195,134.4034
272.8831,155.1517,49.7696,134.6659
271.4537,155.9118,49.2447,134.9815
270.0475,157.5701,48.7060,135.2979
268.2848,159.2098,48.2875,135.6678
270.6657,157.2728,47.9668,135.9858
268.4678,156.2794,47.8919,136.1983
270.6941,155.2846,47.8919,136.4111
269.7161,154.2881,47.9480,136.6242
271.8494,155.9892,48.1727,136.8911
274.0167,154.9666,48.3421,137.1584
276.1997,155.8091,48.4932,137.3192
278.0996,153.0050,48.5689,137.4801
279.6558,146.5231,48.7017,137.6949
278.9686,150.1120,48.7969,137.8563
280.8561,145.4432,48.9303,138.0717
281.8146,150.0047,48.9685,138.1256
280.8472,150.7843,48.9494,138.4493
282.4644,153.3356,48.9685,138.9361
280.8547,154.0276,48.9303,139.4788
283.1536,156.5053,48.8729,140.1871
284.8331,147.8476,48.7393,140.8442
286.2168,151.3783,48.5299,141.3394
287.9248,153.0678,48.3024,141.7811
288.0210,152.9030,48.0760,142.1687
290.6309,154.6968,47.9445,142.3909
288.8639,156.4225,47.6074,142.7802
290.3023,149.6432,47.1983,143.1149
290.7725,151.4251,46.8295,143.3944
291.2234,154.1866,46.5003,143.6184
292.6516,152.1361,46.0462,143.9550
291.5279,153.9285,45.8123,144.2362
292.8056,146.0505,45.6692,144.7433
290.6979,146.8434,45.6335,145.1391
291.6146,142.9159,45.6157,145.3092
289.8349,156.4492,45.5266,145.2524
288.0134,156.5216,45.5443,145.0822
289.7979,154.6429,45.6155,144.9688
287.6699,153.6080,45.6333,145.1387
286.1623,152.5719,45.6155,145.3088
288.3357,152.4995,45.4908,145.4791
290.1709,151.4368,45.4375,145.7064
291.9058,152.3077,45.6150,145.9341
294.0262,152.2350,45.6150,146.1051
296.4344,152.1865,45.6506,146.2193
298.8671,151.1427,45.6328,146.3906
301.3217,150.0976,45.5615,146.5622
303.7572,150.9249,45.5259,146.9057
306.1833,149.8274,45.5081,147.1926
308.2988,149.7052,45.5081,147.4801
306.7349,145.5674,45.6325,147.9986
308.7652,139.4249,45.8464,148.5767
307.0602,134.2944,46.9926,149.0410
307.3021,134.1954,47.8920,149.2739
312.3668,152.2366,48.6965,148.8074
313.4824,154.1141,49.1150,149.0399
313.3030,155.8708,49.5370,149.5639
310.4000,157.7828,50.1756,149.7392
308.7256,158.8020,50.1952,149.6807
306.9507,152.8878,50.4501,149.5637
303.5586,150.8021,52.1252,149.7974
300.0625,149.7079,53.8356,150.0315
297.8818,140.6914,55.6020,150.1487
296.1464,136.7529,57.0790,150.0314
296.8666,144.8230,58.0600,149.7970
294.9677,144.8478,58.8992,149.7384
292.4352,138.8568,59.3363,149.7969
290.6423,133.8334,58.9191,149.9140
293.9387,151.8274,59.4484,149.7383
297.5706,153.7416,59.2627,149.9138
302.0373,153.5922,58.9386,150.2651
304.0334,156.3862,58.8465,150.7347
306.4464,159.2890,58.6856,150.9702
308.4437,161.1939,58.5710,151.2061
309.2702,163.0515,58.4566,151.5605
312.9192,162.8753,58.0912,151.9749
314.2018,164.5910,57.7962,152.6873
317.0995,163.2982,57.2995,153.3434
320.6382,164.0365,57.0309,154.0023
322.5602,163.7297,56.9641,154.7242
323.6856,165.5791,56.9864,155.2077
327.0252,161.4049,57.1422,155.3290
328.8750,164.3704,57.2538,155.6324
329.0746,165.2489,57.6787,155.9971
331.1717,160.9239,58.1519,156.4237
333.3632,163.9363,58.4472,156.6681
334.3820,165.8870,58.7896,156.9741
335.4263,167.8415,59.0882,157.2807
338.0847,168.8076,59.2959,157.4650
338.3800,163.5531,59.5275,157.5265
338.3010,161.4348,59.7136,157.5880
340.5909,161.4610,59.9235,157.5265
339.6459,157.2767,60.2746,157.5265
342.2876,157.2505,60.6513,157.5880
344.5229,157.2244,61.0778,157.6496
347.2100,155.1306,61.4356,157.6496
349.9332,156.1775,61.7476,157.6496
353.1008,157.2244,62.0129,157.6496
356.2923,158.2451,62.2552,157.7112
359.5582,158.1404,62.3525,157.9576
364.4752,156.9341,62.4742,158.3278
368.2090,156.8026,62.4742,158.6370
371.9843,156.6183,62.3766,159.0708
374.5007,156.4863,62.3035,159.3815
378.2864,156.4069,62.1575,159.5683
379.5763,156.2479,62.0361,159.9423
380.4208,153.9378,61.9876,160.3796
382.0879,147.4412,61.9392,160.6302
380.0519,150.5612,61.8908,160.8184
381.7883,153.6049,61.6732,161.1954
383.5187,145.8442,61.4564,161.8250
383.1412,152.2113,61.3844,162.0147
382.2036,152.1844,61.6721,162.0780
384.2411,155.4402,61.6962,162.0146
387.0680,156.5161,61.7926,162.0146
389.8789,157.5920,61.9375,162.0146
391.4727,152.2664,62.0584,161.8881
395.1404,146.9449,62.1554,161.7616
397.4828,152.3965,62.4710,161.5720
401.2579,149.2581,63.3495,161.3827
404.4656,151.4551,63.7207,161.2566
407.3112,152.4456,63.9945,161.4456
410.5941,152.4456,64.2695,161.4456
413.4323,153.6249,64.6210,161.1933
416.7258,149.4503,64.9491,160.9415
418.8931,146.3776,64.9237,160.6271
420.1972,148.6176,64.8984,160.3761
420.1972,150.9073,64.8984,160.0003
420.0679,151.0667,65.2026,159.6253
420.0571,152.1532,65.2281,159.5629
421.3133,152.1267,65.3300,159.6252
421.2482,153.1073,65.4831,159.8123
422.0527,154.1420,65.6366,159.8747
419.3939,155.1771,65.7391,159.9372
420.7144,157.2747,65.7134,159.9996
417.2452,158.2575,65.6621,160.1871
418.1064,158.2043,65.6878,160.3123
415.0093,159.1891,65.7904,160.5002
414.5397,161.1342,65.8675,160.9390
411.0405,162.0693,65.8675,161.2534
406.6446,159.9277,65.9190,161.2534
402.2015,159.9545,66.0734,161.1904
399.0533,152.4884,66.2541,161.1274
395.4896,146.1487,66.3576,160.9386
393.6939,140.9119,66.4354,160.6871
391.0248,138.9112,66.4873,160.3733
388.4309,140.1093,66.3575,160.0601
386.2386,133.9179,66.3315,159.6224
384.0803,143.5373,66.2279,159.4353
383.5965,136.2055,66.3314,159.2485
382.2531,145.7759,66.3832,159.1241
382.2090,139.5415,66.4869,158.8754
383.8867,137.5106,66.6947,158.6893
384.7947,139.7762,66.6426,158.3173
383.9207,134.6773,66.6165,157.9463
384.7501,144.2481,66.7466,157.6378
384.6947,142.1807,66.8770,157.5762
386.4600,136.0069,66.9031,157.3300
383.8166,147.5516,66.8509,157.2071
385.5812,141.3140,66.8770,157.1456
382.8610,144.3663,67.0076,157.3298
385.5531,142.0679,66.9552,157.8215
385.1085,141.9893,66.9552,158.0064
383.8302,142.9861,66.8245,158.1299
386.6591,139.7570,66.4329,158.3152
386.9018,143.9623,65.8620,158.3152
387.1423,141.7808,65.2960,158.5007
387.1965,138.4916,65.1685,158.8103
384.2538,140.5745,64.9648,158.8723
385.7314,136.2753,64.5334,159.0585
386.2885,130.9148,64.2309,159.2449
386.6937,135.1977,64.2811,159.1205
387.5901,138.3941,64.1807,159.0583
389.9235,137.4434,63.7043,158.8098
389.2995,140.5281,63.1817,158.9959
389.1422,140.5017,62.5647,159.0580
387.2726,142.5878,62.0760,159.1201
392.4769,145.7314,61.4697,159.1823
392.7218,147.7398,60.8935,159.4310
394.7639,140.2758,60.8459,159.5556
397.2488,143.3750,60.7033,159.7425
397.3496,145.4170,60.4662,159.9297
400.0298,138.9917,59.8284,160.0547
400.2781,141.0112,59.2442,160.3048
403.2484,143.0870,58.7350,160.4300
403.8530,134.4310,58.2303,160.7433
402.9733,134.3509,57.5706,160.9317
402.0367,136.4348,57.0759,161.0574
401.0702,138.4669,56.6746,161.3091
398.6144,140.5558,56.2540,161.4351
397.7459,141.5474,55.6606,161.6243
396.3506,136.0200,55.4650,162.0031
393.1462,139.1667,55.2050,162.1929
391.3499,135.8278,55.1187,162.4464
389.2086,135.7199,54.9895,162.7002
384.1785,137.7997,54.7962,162.8909
383.0959,134.4465,54.7748,163.1454
380.5952,135.3944,54.6678,163.4640
378.4171,129.7770,54.6678,163.9110
375.9122,132.9063,54.5824,164.2312
374.1361,131.5976,54.4971,164.7444
371.3224,132.5275,54.3055,165.1305
369.5824,131.2390,54.1570,165.5820
367.5055,129.9745,53.9666,165.9701
365.4628,130.9389,53.7137,166.2943
364.0806,128.5370,53.6088,166.7490
362.7011,127.2913,53.5041,167.0747
361.3687,126.0709,53.2951,167.3357
360.7848,122.6539,53.0036,167.5318
360.5912,123.6273,52.6309,167.8590
360.6873,117.9703,52.4048,168.0557
360.7308,121.2346,52.3024,168.2527
360.7395,113.3297,52.2820,168.4498
360.6701,116.6296,52.4454,168.5815
360.6265,117.7491,52.5478,168.5815
359.9025,114.5305,52.6094,168.2522
359.1863,111.3462,52.6505,167.8578
358.7929,106.9990,52.7533,167.5956
358.6966,111.5899,52.9800,167.2682
357.9226,112.7562,53.1455,167.1376
356.0256,115.0592,53.4570,166.9417
355.2535,116.2232,53.6031,166.8113
354.8353,117.3863,53.7497,166.6810
354.0322,119.6554,53.9597,166.5507
352.8856,120.9826,54.1283,166.0303
352.4632,123.3531,54.2763,165.6411
352.8056,119.2557,54.3187,164.9294
349.5682,120.5700,54.2975,164.4140
348.1169,121.7710,54.3187,164.1571
347.0529,120.7627,54.2762,163.9647
345.2687,118.6939,54.2338,163.7085
344.2423,117.5796,54.1067,163.7725
343.5686,117.5796,54.0011,163.7725
340.3502,118.6128,53.9800,163.9004
338.5847,119.5923,53.9167,164.1565
336.1232,119.5106,53.8114,164.3489
333.3002,115.1723,53.7273,164.2847
330.8295,109.7721,53.6644,164.1563
326.5710,113.1787,53.6224,163.8357
324.4522,113.2603,53.5805,163.6437
321.2944,113.2603,53.4759,163.6437
318.8441,112.2007,53.3923,163.5798
316.7523,107.9643,53.3089,163.3242
313.2653,105.8494,53.1840,163.1966
310.5106,107.0144,53.0178,163.0054
307.0779,113.5903,52.8107,162.8143
303.9830,112.5902,52.6663,162.6235
301.2201,114.7770,52.5840,162.5600
298.1036,112.6720,52.5223,162.4330
294.5983,115.9080,52.5634,162.4330
292.8269,112.6720,52.6250,162.4330
288.6071,113.6967,52.6866,162.5599
288.2310,109.3248,52.7484,162.6869
286.4533,105.0034,52.8102,162.6869
289.2326,123.5583,52.8721,162.2421
287.0645,129.0530,53.0167,161.9886
284.8641,131.2044,53.2238,161.9886
283.4238,133.3558,53.2861,161.9886
279.8499,135.5610,53.3694,161.8620
278.7690,135.5341,53.4111,161.9252
281.2606,136.6900,53.3902,161.7355
279.1422,134.6763,53.3694,161.4196
278.7967,135.7750,53.3485,161.3566
279.1952,138.0251,53.2443,161.1044
276.4020,140.2985,53.1611,160.7898
275.7401,135.9742,53.0573,160.9154
276.8058,138.1380,53.0366,160.8525
271.5757,130.7944,52.9123,160.5384
272.2785,135.0854,52.9123,160.4757
268.6945,138.3090,53.0776,160.4130
266.8440,139.5074,53.2850,160.0997
265.0306,133.3145,53.3890,159.6619
261.5384,135.4880,54.0981,159.5372
258.7453,136.6004,54.7532,159.4125
257.4909,128.1581,55.1382,159.3503
256.4656,133.4755,55.8274,159.2880
256.5398,136.6488,56.5252,159.2880
253.6964,136.7810,57.0331,158.9769
254.6149,133.6403,57.5455,158.9148
252.1692,132.7169,57.9052,158.6044
253.1113,135.9556,58.4028,158.4185
254.8856,135.9293,58.7906,158.4804
257.1109,132.8510,59.0662,158.2947
255.4047,136.0571,59.3892,158.1711
258.0569,136.1621,59.6444,157.9239
260.3541,136.3194,59.8308,157.5538
262.2414,134.4100,60.0645,157.1230
264.5747,133.5753,60.2053,156.6319
266.5138,135.9156,60.3464,156.0201
269.2788,134.1542,60.4407,155.2888
270.4528,135.5979,60.5115,154.3182
272.8437,135.8029,60.5588,153.8360
270.7928,138.9442,60.6534,153.6557
273.2497,136.7504,60.5586,154.0158
270.8569,138.8471,60.5113,153.8955
272.4944,141.9641,60.4404,153.7753
270.0862,136.9603,60.4404,153.5350
271.6315,139.1269,60.5821,153.2351
268.3930,139.2796,60.6294,152.8760
270.8489,136.2847,60.5347,152.7565
266.8492,138.1360,60.4874,153.1742
264.0575,141.2638,60.4401,152.9947
261.2681,143.2196,60.3929,153.1740
262.5314,145.2031,60.2514,153.2937
259.3605,138.0264,60.1807,153.4135
255.8138,138.6631,60.0632,156.7095
253.9292,132.9135,59.8051,157.9950
252.3803,133.6742,59.7117,161.1425
250.0507,132.0691,59.5951,164.9193
248.4974,127.1408,59.5252,168.7846
246.8965,126.8326,59.5717,172.1471
248.8250,125.4036,59.6881,175.5093
245.9811,127.4724,59.8513,176.1264
248.3062,128.4958,59.9916,176.4704
245.8462,133.1247,60.1556,176.6082
248.1231,135.3823,60.4376,176.8152
247.6917,134.0320,60.5084,179.9923
250.0624,135.2273,60.6029,182.8047
252.0947,135.2880,60.5556,185.5182
253.7535,132.8857,60.4373,188.2720
256.1917,135.8237,60.3665,187.2424
253.8065,138.2173,60.3193,187.4618
257.0410,138.4663,60.2487,186.8760
254.6405,138.4042,60.2487,189.9419
253.0401,137.3636,60.2487,192.3904
253.8503,137.5872,60.2251,194.8704
251.8506,135.1608,60.2251,197.5347
250.2509,130.8976,60.2251,198.3063
248.2112,129.8112,60.3192,197.7641
246.9795,126.1012,60.3899,197.2233
244.9744,126.1994,60.3899,196.9922
242.6183,125.1202,60.2720,196.4535
244.2193,119.9345,60.2720,199.4464
240.5571,120.7954,60.4132,197.4207
238.9223,121.2215,60.4840,196.4182
237.6671,120.3411,60.6021,195.4208
235.9769,118.2647,60.7915,194.1994
239.1156,117.2975,61.0052,193.4408
236.2596,117.6829,61.0529,192.5340
234.6277,116.7559,61.0768,191.7067
234.1714,115.8011,61.1960,193.9533
232.9116,117.5077,61.2917,192.9684
234.1429,116.6427,61.2677,191.9885
235.7398,116.9615,61.3395,191.2385
237.3487,117.3425,61.3874,193.3302
237.3181,117.5992,61.4594,195.7468
239.7363,111.4898,61.5314,197.8878
242.9030,106.7919,61.7718,199.6657
240.3598,107.2891,61.9648,198.4958
241.5942,109.0356,61.9648,197.4878
242.3452,105.5603,62.1342,196.4078
243.8615,102.1040,62.4498,198.4025
241.6325,91.0368,62.8157,199.6425
244.0414,94.4838,63.0365,197.7709
248.1228,93.5316,63.2827,196.9211
245.5594,91.4721,63.3816,195.6134
247.5797,89.0689,63.5797,195.1550
244.5925,89.1661,63.6542,194.9263
248.3546,88.7778,63.7537,195.8400
244.5337,86.0142,63.7786,196.2225
246.6937,89.3370,63.6789,194.5362
244.1142,83.1684,63.7784,193.8523
244.5484,85.8396,63.7535,193.6251
247.4590,86.8039,63.8780,191.3561
244.5321,81.3716,63.7782,189.1884
245.8238,85.8315,63.7284,187.5625
243.2952,85.5201,63.7035,185.3645
240.7570,86.3510,63.7035,183.4095
239.5302,88.3606,63.6039,181.5468
238.7277,90.4704,63.5046,179.4193
238.3693,92.4363,63.3557,177.5970
242.2189,93.2324,63.2072,175.7239
238.9135,81.9425,63.0838,174.8316
239.3428,86.0350,63.0591,173.3974
241.4261,86.8122,63.0838,171.5686
240.5674,75.7038,63.1331,170.8984
242.5902,75.9592,63.3057,170.2976
240.8036,76.3550,63.5530,169.3663
241.2256,71.8843,63.5530,169.3001
238.5668,76.4094,63.8509,169.2340
238.9802,78.6571,63.8758,169.2340
236.6897,76.5780,64.2750,168.8374
234.8543,75.5689,64.5763,168.5736
231.1342,71.2311,65.2574,168.2443
227.5699,72.4322,65.4868,168.0472
223.8517,74.7198,66.0496,167.9159
220.9131,64.7679,66.7720,167.7191
218.4411,69.3621,67.3719,167.3915
220.5326,69.4733,67.7141,167.1300
219.1949,74.0237,67.6876,166.8688
217.5205,59.7844,68.4544,166.4777
217.3841,64.4000,68.7753,166.0225
218.5944,66.7152,69.1514,165.7631
217.2627,49.1304,70.1238,165.6983
218.3337,50.3408,70.8908,165.4394
220.0638,51.4943,71.2508,165.3102
221.3058,48.2285,71.6683,165.2456
217.7602,40.5746,72.1722,165.1811
218.0358,43.8927,72.6515,165.1165
214.9239,41.8642,73.1623,164.7296
212.2154,40.8523,73.8196,164.5365
208.9064,39.8963,74.6847,164.2151
206.4887,40.0053,75.7058,163.9586
209.9575,34.6975,77.0070,163.6383
204.6904,29.4544,78.5712,163.1909
202.6164,32.8138,79.7682,162.9359
202.0867,31.8400,81.0145,162.6813
200.3786,30.8407,82.5019,162.4906
203.5014,25.4725,84.1777,162.4272
198.9176,36.3665,84.4408,162.1734
200.3195,25.6241,86.4199,162.1100
197.7801,29.9840,86.9937,161.9834
198.7910,21.3518,88.6928,162.0466
200.3960,14.9759,89.0739,161.8568
196.0336,15.1371,89.5959,161.4774
198.3689,9.9632,89.7009,161.0359
195.3310,14.4279,89.8410,160.5955
198.2692,9.2556,89.9463,160.2191
195.8651,13.5912,89.9814,160.0314
197.4934,7.4275,90.3681,159.5313
194.3429,11.7975,92.1331,159.2197
195.7042,3.4711,93.2488,158.9087
193.8465,7.7185,94.7058,158.8466
195.2143,1.5740,95.9266,158.4123
193.7174,4.8614,96.4512,158.1029
195.2706,4.0215,97.3177,157.6088
192.9925,3.0795,98.1160,157.3626
192.9600,7.3640,98.1927,157.1167
195.4541,5.3555,98.4612,156.9326
194.0483,7.4919,98.6920,156.8100
194.7037,5.4873,98.6920,156.6262
196.6371,5.5914,98.7691,156.3815
196.6043,6.7337,98.8462,156.1371
196.6207,8.9111,98.8076,155.8932
196.6535,6.8924,98.7304,155.7714
195.9651,9.0646,98.8075,155.5280
195.3089,9.1937,98.8075,155.2242
195.3417,11.3842,98.7304,154.9210
195.4401,13.6217,98.4990,154.4974
196.8300,11.7750,98.3066,154.0146
195.7202,12.9256,97.8458,153.7138
191.8542,12.9511,97.7693,153.6538
193.5422,13.0021,98.3804,153.5337
189.5734,15.0922,98.4957,153.4138
192.6312,15.2451,100.5348,153.0542
187.6741,15.2705,101.2025,152.9944
188.3462,17.5310,101.2025,152.4566
190.2447,19.8089,101.4792,151.8610
189.4361,21.0695,101.7963,151.2678
187.9996,22.1996,101.9951,150.9724
189.8622,24.2548,102.3935,150.8544
189.7432,25.3067,102.6735,150.7366
189.5728,27.4838,103.0746,150.3244
189.4359,29.7049,103.3967,149.7959
191.2897,31.9431,103.8814,149.2108
187.6508,34.1725,104.3277,148.6279
192.3792,37.3555,104.6130,148.1054
192.9523,40.5273,104.8991,147.5847
199.0998,40.8949,105.1859,146.7200
201.8589,43.1358,105.2681,146.0322
205.9308,42.4812,105.5559,145.2906
208.4718,40.7445,106.1744,144.8366
211.1334,42.8605,106.5477,144.3840
210.4258,44.9699,106.5477,143.9328
209.1346,41.8874,106.2563,144.4388
210.9692,44.7649,106.9204,144.4388
208.5018,42.6307,107.7140,144.9466
213.4731,41.6682,107.7981,144.9466
217.7503,41.7163,107.8402,144.8333
220.5253,44.6017,108.0509,144.8333
221.1890,47.6313,108.1775,146.7569
222.5898,49.7266,108.2620,148.7060
223.2548,51.9485,108.3889,150.4487
225.4321,54.2463,108.3465,152.0942
223.3456,51.5193,108.1772,153.7577
224.0999,53.7912,108.0927,155.6196
222.0721,48.0041,107.7972,157.0786
226.3671,47.4564,107.7972,158.3671
224.1659,45.8527,107.9235,159.6662
231.1894,43.1224,108.2607,161.1007
228.2418,42.6678,108.4299,162.1705
227.3058,35.8832,108.9382,162.9307
231.5016,27.1734,109.2786,163.0580
232.8622,32.4250,109.4920,163.4402
235.6252,24.8005,109.8342,163.5040
233.1271,24.6648,110.5636,163.8233
236.5412,26.8677,111.1682,163.7594
235.4892,26.8406,111.9064,163.8233
235.8979,26.7318,112.6933,164.0793
235.5425,22.2372,113.5297,164.3998
238.9162,14.6225,114.4610,164.3355
243.8758,15.9320,115.3105,163.8220
248.2405,17.2647,115.8510,163.2460
250.3177,19.7309,116.3941,162.5446
250.0278,20.9452,117.0761,162.2271
249.7363,21.1607,117.7621,161.7202
251.7695,23.6039,118.4981,161.0253
251.4548,22.9355,119.2387,160.0818
252.7613,23.3076,119.8908,159.2063
255.7070,25.8450,120.4528,158.2113
256.3469,28.4453,120.8292,157.0371
255.3038,27.8717,121.3956,155.9329
255.0217,25.2053,122.0594,154.8974
258.1626,26.5425,122.2978,154.1713
259.7868,28.9484,122.2978,153.3282
262.0608,33.3776,122.6800,152.4897
267.5395,35.7826,123.2071,151.5962
285.4779,24.7593,123.3515,151.4778
284.5769,26.4945,123.5443,152.1286
287.0792,29.4494,123.4477,152.3069
291.1780,26.3140,123.4477,152.5449
295.3793,23.2244,123.2066,152.6640
300.6974,20.4111,122.2441,152.1273
302.6457,22.8356,121.4801,151.1765
305.5297,17.2138,120.3886,150.2317
305.9694,20.6057,119.3540,149.2927
292.0397,28.6856,118.5615,148.9428
291.4689,28.4631,118.0520,149.4665
294.0951,20.3241,117.4064,149.9335
293.8027,23.2862,116.2599,149.9921
292.5674,24.1328,115.5332,150.3437
291.3974,26.0298,114.6758,150.5786
291.4736,27.8296,114.4966,151.0491
289.1736,28.5569,114.5413,151.6982
290.7138,30.3198,114.4966,152.2907
288.4709,31.0782,114.4071,152.8856
290.7121,32.9057,114.4965,153.3634
292.8980,31.4544,114.7201,154.3818
285.6798,28.1226,115.5716,154.9849
289.6131,29.8465,115.3458,155.7719
290.7046,27.3639,116.3821,156.7455
295.2258,29.0813,116.6549,157.6027
295.1677,30.7035,116.7916,158.7108
298.2312,28.2268,116.8829,159.5788
296.6594,31.0615,116.9285,160.3891
300.6389,21.0231,116.7001,161.4542
296.7641,24.8292,116.7001,162.5894
301.6270,25.7200,116.1987,163.0340
300.8553,27.6146,116.1987,163.6709
305.5237,20.8488,116.1079,164.2463
304.0202,22.7302,116.0172,164.9520
307.9686,15.9115,115.7906,165.5319
307.2958,19.0168,115.5645,165.9846
308.0248,21.1111,115.6547,166.2439
308.7544,23.2362,115.7451,166.4387
308.0242,23.1257,115.6547,166.6988
305.8162,23.0427,115.4288,166.8941
308.4798,15.2016,114.5721,167.0897
310.8764,18.4748,114.3036,167.2202
308.7511,16.1151,113.9464,167.5468
312.1372,19.2583,113.1007,168.0050
311.7054,21.2943,112.3496,168.4644
313.6078,24.4267,111.3841,168.9908
313.2380,25.1842,110.5139,169.8490
319.4393,16.5839,109.7368,168.8538
315.1034,17.5651,109.6511,169.1835
322.6580,12.3690,109.0086,168.1922
318.4594,14.9099,108.6680,167.4695
322.2119,16.4669,108.3284,166.4229
318.8668,10.8582,107.7360,166.6179
320.4408,5.5749,107.3993,166.0321
316.9104,7.6698,107.3154,166.2915
322.1662,1.0000,106.6866,166.4864
318.7478,3.2111,106.3949,166.4864
322.4571,5.5881,105.9793,166.0962
319.1846,1.3416,105.3997,165.7069
319.9370,3.8175,105.2762,165.0596
318.6436,1.0000,105.0294,164.9951
322.9156,2.2326,104.8243,164.6729
321.8018,4.6384,104.1691,164.1583
323.4447,2.7034,103.5588,163.5812
323.0149,5.0390,102.9520,163.1978
323.9891,4.1449,102.2683,162.7515
322.9025,5.2797,101.6292,162.6244
326.5300,5.5767,101.0337,161.9256
323.4102,5.8186,100.4811,161.3563
326.3628,8.2295,99.8139,160.7260
324.5897,9.4569,99.3070,160.3493
323.5016,10.6282,98.7639,160.0988
321.0586,7.5716,98.3396,159.7861
324.4380,10.8345,98.0707,159.5988
322.6308,4.5284,97.7259,159.4742
326.6868,8.7909,97.3441,159.4118
325.4909,11.8609,97.1160,159.6609
328.8122,12.8946,96.8884,159.7233
326.3190,14.8833,96.6991,160.0353
331.0709,9.4368,96.0948,160.3478
331.7888,11.4067,95.9071,160.7236
334.4319,12.4207,95.6823,160.8492
334.0347,9.1094,95.1217,161.1005
337.9984,8.0396,94.7129,161.1005
333.2184,11.2758,94.1210,161.0376
337.8123,5.9556,93.6062,160.9747
338.5116,10.2582,93.4234,160.9118
336.7900,12.3686,93.0950,160.9747
339.4329,9.2151,92.6950,160.8489
337.6632,11.2713,92.5139,161.0374
340.2895,6.0313,92.1164,160.7858
340.9930,11.4233,91.9005,160.6602
341.0845,11.3966,91.6851,160.7229
341.1911,9.2620,91.4344,160.7229
343.1796,12.4906,91.0415,160.6601
342.6657,9.1832,90.8281,160.9112
342.7713,11.3203,90.5798,160.9112
344.6961,12.3622,90.2967,160.9740
345.9703,11.2398,90.1204,161.0998
345.4167,11.1328,90.0148,161.3515
347.8974,15.3919,89.8038,161.4146
345.5865,14.2396,89.6284,161.6037
350.3481,15.2323,89.6284,161.7931
347.3870,13.9967,89.5934,162.1723
349.7817,13.0005,89.5584,161.9822
348.5922,13.0812,89.5584,161.7924
351.5510,13.3767,89.5934,161.0972
352.0864,13.5104,89.7333,160.7826
353.7996,13.6706,89.9086,160.4057
354.9340,14.7624,90.0491,160.3431
357.2362,12.5796,90.2601,160.4684
357.6708,13.6452,90.6480,160.4684
361.6888,1.0000,91.1083,160.4057
365.0164,1.0000,91.8201,159.7164
368.6901,1.0000,93.2189,159.1549
373.1472,1.0000,94.3841,158.5954
367.9763,1.0000,94.7528,158.5954
372.9943,1.0000,96.2704,157.4803
376.0470,1.0000,98.1130,156.9267
2
0
0
0
0
1
336.7439,36.6735,26.1117,131.8969
334.7932,39.3449,26.2137,131.7938
332.9959,34.1375,26.3468,131.6909
331.1719,33.3286,26.5218,131.5365
328.9880,36.8881,26.6876,131.3824
327.8848,31.6969,26.7814,131.2798
327.6714,35.2930,26.8651,131.0233
326.0168,30.1161,26.9805,130.9210
324.5207,30.2030,27.1281,130.7164
322.6562,32.8722,27.2764,130.5632
320.8041,31.1815,27.3723,130.4612
318.5728,35.5999,27.4899,130.2574
317.0759,33.0482,27.5758,130.1556
315.9406,34.7984,27.6620,130.1048
313.3413,39.1615,27.7268,130.0032
312.2090,35.7299,27.7918,129.9524
310.5203,37.4989,27.8570,129.8508
308.4623,40.1289,27.9114,129.7494
307.3271,39.2888,27.9659,129.6987
305.8275,41.9157,27.9987,129.5974
304.3168,45.3797,28.0533,129.5468
303.1524,42.0031,28.1629,129.3949
301.0672,42.9698,28.2289,129.1422
299.8721,46.5288,28.3943,128.8395
299.0236,47.5555,28.6162,128.4369
297.4464,50.1995,28.7503,128.2362
295.6565,47.7725,28.9188,127.9357
294.0674,45.3724,29.0430,127.5859
292.2979,43.7839,29.1224,127.3367
291.8482,47.2085,29.2703,127.2372
290.4341,44.7160,29.3961,127.1378
288.0184,48.1353,29.5683,127.0385
288.0970,47.2706,29.8455,127.0881
286.6155,49.7602,30.0671,127.1874
285.1180,48.0499,30.3020,127.2371
283.8905,46.3178,30.3493,127.3365
283.8704,50.4823,30.3967,127.4857
284.2489,53.8686,30.4561,127.4857
283.8191,57.2127,30.5156,127.5853
283.0794,51.2819,30.8255,127.5853
283.5554,53.8025,31.1506,127.6351
283.3795,53.8237,31.5643,127.5853
282.9603,55.7300,32.0575,127.0869
283.7905,56.8693,32.6085,126.3919
283.7581,58.7997,33.1944,125.7994
284.2706,60.4914,33.5445,125.7503
285.0001,59.7816,33.9245,125.4555
283.2936,58.2195,34.2293,125.2105
283.6459,54.0621,34.4700,125.2105
282.0894,54.1661,34.3623,124.9660
281.6901,55.9503,34.2281,124.6731
281.5139,55.2052,34.1077,124.4783
281.5705,52.8080,33.9745,124.2838
280.9332,53.0349,33.8816,123.7497
282.0919,51.5352,33.8022,123.4114
280.9976,54.1987,33.7362,122.9293
282.3306,52.5456,33.7625,122.9773
282.5436,56.7513,33.7889,122.6891
283.6038,55.1422,33.9341,122.6411
284.6854,53.4930,34.0401,122.6890
285.7648,55.2447,34.1598,122.4015
287.0691,53.5988,34.2932,122.4493
288.4127,52.8873,34.3468,122.2101
290.6594,53.1104,34.4273,121.6850
292.9341,54.1811,34.4542,121.0671
294.5586,52.0104,34.4004,120.4996
297.7453,57.0116,34.4273,120.0289
299.1399,53.9429,34.3735,119.7476
301.0173,51.6567,34.2526,119.5137
304.0197,56.4980,34.1456,119.3269
305.8847,54.9528,34.0255,119.2337
308.0030,56.5759,33.8262,119.1406
310.1089,54.2420,33.6280,119.0475
312.1913,55.8626,33.4572,118.9545
313.9853,54.3222,33.4180,118.8615
315.7718,54.3222,33.3919,118.8615
317.3517,54.3420,33.3267,118.8151
318.8787,52.7837,33.3787,118.7687
320.6132,53.5329,33.4700,118.8615
322.1079,55.0721,33.6138,118.9544
323.7932,55.0721,33.8502,118.9544
325.5353,55.8620,33.9824,118.9544
327.2842,57.4419,34.1151,118.9544
329.0739,55.8423,34.1684,119.0008
329.6865,58.2328,34.3286,118.9543
330.1197,56.6924,34.3823,118.8614
331.4781,55.9228,34.4091,118.8150
332.6092,56.6527,34.4360,118.9542
333.4325,55.8627,34.6512,118.9542
333.1794,59.7926,35.2468,119.0007
333.7938,54.3202,35.4533,118.8612
334.5825,59.9046,35.8134,118.7219
334.9035,56.8299,36.1771,118.5364
335.6903,59.2504,36.5869,118.3975
335.8057,61.6681,36.8871,118.2588
337.5204,56.2102,36.8871,118.1664
338.0287,60.1533,36.8438,118.1202
339.2092,56.2509,36.9446,118.0741
339.9207,59.5049,37.0023,117.7973
341.8680,57.9795,37.0457,117.7053
343.6454,57.2565,36.9154,117.5674
346.4461,61.3162,36.6703,117.2000
348.7534,59.9348,36.3981,116.7879
351.0375,57.7439,36.1422,116.4686
351.5956,54.0701,35.9587,116.0136
352.5925,57.4599,35.8603,115.2886
355.0274,57.4024,35.7343,115.4237
356.9436,55.1796,35.6924,115.2433
362.5728,54.5483,35.8318,114.9282
365.6066,57.6201,35.4119,114.8833
368.6166,56.0943,34.9693,114.8833
371.8329,56.1706,34.5048,114.7038
372.4401,58.4367,34.1544,114.7486
375.5076,57.7128,33.8742,114.6590
377.8640,57.0085,33.6228,114.5246
380.4539,57.0465,33.3076,114.4351
383.0142,57.8254,33.0083,114.3904
384.6526,60.1043,32.7634,114.3904
386.6815,61.5856,32.5970,114.4798
389.1492,63.0490,32.3933,114.6139
391.1389,63.0109,32.2667,114.7035
393.3406,62.9919,32.1281,114.7483
395.0901,57.6388,32.0277,114.7931
395.1007,61.4694,32.0027,114.7483
396.8593,57.6784,31.8651,114.7034
395.4362,59.2209,31.7282,114.6586
396.9954,62.3046,31.5299,114.5691
397.0844,64.6060,31.3205,114.5243
396.3148,63.8455,31.1737,114.5243
395.0158,62.3435,31.3077,114.4796
395.5459,66.9428,31.0386,114.3901
394.7936,60.1632,30.8689,114.2561
393.6457,62.4773,30.6759,114.1668
392.2554,64.0884,30.5921,113.9438
391.0568,64.1073,30.5443,113.8993
389.9108,66.3764,30.3772,113.8993
391.2169,67.8702,30.1518,113.9438
390.0506,67.0946,30.0693,113.9883
389.7212,70.2360,29.9049,113.7212
389.6070,71.1044,29.7063,113.4546
389.1039,74.2687,29.4974,113.1001
390.5486,75.1137,29.3246,112.8792
389.4337,76.7815,29.1986,112.4823
389.6276,79.9934,29.1986,111.9551
389.5888,83.9151,29.2898,111.4740
388.9421,87.0427,29.4386,111.0821
389.9733,86.3235,29.3121,111.0387
389.1169,87.7982,29.4953,111.0387
389.1022,90.8030,29.5298,110.9086
388.0923,92.3128,29.5991,110.8220
388.7409,90.8410,29.9228,110.8220
386.9824,92.1840,30.3202,111.1250
388.2357,91.5937,30.6874,112.5141
386.4170,92.9572,31.1309,112.8217
385.2128,94.6242,31.5322,114.1879
385.3123,94.0745,31.7908,115.4815
383.5020,95.5890,32.0765,115.5266
384.0771,98.7152,32.2268,115.3912
382.5523,99.5007,32.2898,115.3461
382.5202,102.5454,32.3655,115.3912
383.2993,99.6336,33.0608,116.8336
383.3542,103.4934,33.9648,116.8792
384.3128,99.0694,34.8935,118.1576
384.0984,102.9729,35.9431,118.2037
385.0950,103.0514,36.9680,118.0190
386.0953,103.0514,38.0799,118.0190
386.8729,103.8352,39.2253,118.0190
386.6320,103.0514,40.4051,118.0190
385.5856,104.5405,41.6047,118.2034
383.6931,104.5994,42.8073,118.0649
384.5885,102.2865,44.0447,117.9727
381.9708,102.2277,45.3867,118.1109
381.3981,105.3258,46.7341,118.2032
380.8084,106.8761,48.1215,118.2494
378.3638,106.0712,49.3622,118.2956
377.3149,108.9778,50.2877,118.8501
376.0543,112.0558,50.8966,119.0358
375.4797,113.6170,51.4533,119.0823
373.4467,114.4275,52.2171,119.0358
372.8051,119.3482,52.9106,118.6173
372.7788,121.9476,53.7993,118.0613
371.7695,125.3188,54.4928,117.5078
371.0639,127.1331,55.3017,116.9111
370.6966,129.7339,56.1658,116.2718
370.0346,132.3398,56.8459,115.5905
369.9402,134.9688,57.9562,114.8229
367.9871,136.7988,58.9297,114.1052
367.6740,138.5984,59.6663,113.4367
365.8316,138.8244,60.2723,112.9049
363.6502,137.5498,60.6961,112.3757
360.8188,138.5385,60.7198,111.8050
360.0627,138.6313,60.6012,111.5867
358.4228,137.9830,60.6722,111.3687
356.7609,138.1864,60.7907,110.8902
357.6187,134.6333,60.6720,110.5870
355.8661,137.0016,61.0038,110.1982
356.3826,137.9530,61.6949,109.6816
354.4468,138.1351,62.3937,109.2532
354.3846,134.6526,62.5400,108.9118
351.5710,136.1714,63.2973,108.7416
348.7547,132.6331,63.9896,108.5717
347.0975,136.9950,64.8895,108.4869
350.1354,131.9521,65.8527,108.4869
347.1617,125.3602,66.6758,108.7411
346.6304,131.5523,67.9260,109.4632
348.0175,127.0637,68.9077,109.7626
346.6676,131.8744,69.9306,110.4486
345.3325,126.5019,70.8867,111.0094
343.9556,132.4177,71.9112,112.7006
344.0034,129.1996,72.9225,113.2289
344.5481,131.9816,73.9195,113.7597
345.6526,128.7144,74.7857,114.3373
344.6718,131.4288,75.9250,115.0966
344.2180,131.1804,76.9927,115.6811
345.3428,132.4671,77.9551,116.2685
347.5429,132.2162,78.8687,116.8589
346.6133,135.7858,79.8237,117.5893
348.8131,136.9962,80.8839,118.4161
347.9134,140.5938,81.7369,119.2025
348.2255,135.5079,82.2797,119.9940
349.4139,138.3566,83.3404,120.7909
349.0265,137.9154,84.2519,121.8289
350.3553,140.8885,85.0747,122.4476
352.3467,135.6642,85.7061,123.2607
351.9057,141.1074,86.7439,123.9348
355.0163,136.8072,87.5572,124.3705
356.3245,141.5148,88.5832,124.9535
354.2068,134.6070,89.4137,125.5880
353.7615,141.7792,90.4615,126.3729
356.3596,135.6951,91.4156,126.8666
360.2144,132.2620,92.3440,127.0153
359.2026,137.9343,93.2819,127.5610
363.2290,132.8518,94.0107,127.5610
363.4163,139.4590,95.0389,127.9597
367.5028,135.0829,95.8185,128.2596
370.8433,135.7643,96.9414,128.6604
373.7563,131.2788,97.6609,129.1630
375.3127,134.4952,98.5764,129.6675
375.5091,136.7771,99.6546,130.3766
375.0459,130.4136,100.7446,131.0896
377.9561,131.8935,101.7678,131.7041
376.0638,134.2112,103.0399,132.4244
379.5364,133.9034,104.5291,133.1486
376.2045,130.0129,105.8357,133.9808
378.5414,132.3262,106.9520,134.8181
376.6238,133.7810,108.1218,135.6081
374.6672,130.7868,109.3466,136.2967
373.3602,133.2758,110.7134,136.8291
372.1655,129.3460,111.7946,137.5240
369.4001,130.8756,113.0610,138.2223
368.1801,127.6860,114.1651,139.2482
368.4644,127.2699,115.2800,140.2273
368.7897,123.1261,116.3157,141.2133
365.9511,128.3071,117.5425,142.2613
370.9662,125.1659,118.5986,142.9838
366.4180,127.4922,120.0347,144.2125
369.9452,129.9821,121.1132,145.1138
369.4626,126.5130,122.2486,146.4743
373.0346,125.0540,123.3947,147.6186
374.9193,123.5100,124.7443,148.9449
376.8867,121.0373,125.9625,150.1085
372.2443,123.5294,127.0450,151.2812
373.4465,126.9952,128.1864,152.5813
373.0208,121.3718,129.1879,153.8926
371.6697,127.9889,130.3485,155.1550
377.3826,122.3993,131.1632,156.1853
375.1180,119.8064,132.3929,157.4055
376.4807,120.3291,133.3238,158.6352
376.9012,118.7489,134.4174,159.8746
377.2806,116.1213,135.6251,161.0611
373.2727,115.5598,136.5787,162.3823
373.7262,121.4636,137.6457,163.7144
374.2289,116.5713,138.6136,164.9934
370.1558,120.4335,139.5340,166.2180
375.3911,116.8186,140.2971,166.9322
373.9936,124.2181,141.3932,167.7799
371.8575,116.7810,142.0007,169.5494
377.2089,121.0877,142.7218,170.0130
373.0624,112.7613,143.5581,171.0092
378.5202,122.6127,144.1749,171.8776
374.4751,111.8838,144.6818,172.9519
381.7770,119.6075,145.5861,173.6950
376.6530,110.0340,146.2685,174.5092
385.2006,120.1449,146.7256,175.2590
380.1340,112.8419,147.1841,176.0121
387.7821,117.3711,147.5866,176.3559
389.5217,112.3353,148.1054,177.1826
394.2426,107.6289,148.5683,177.1826
396.0678,101.6871,148.9165,177.3210
394.3867,106.2205,150.5452,177.7366
388.1384,97.6045,151.1333,178.5697
383.8981,109.1365,151.6646,179.3370
388.6569,103.8370,152.3163,180.5980
384.1559,108.4242,153.3873,181.0918
383.8248,106.9511,154.1662,181.7285
380.5999,112.7135,154.5275,182.3674
379.2916,111.0483,155.1915,183.4359
378.0291,113.2105,155.7371,184.0808
378.9599,109.2988,155.9804,184.6561
377.6911,113.8359,156.5288,185.5217
382.6025,106.2900,154.7556,185.8840
381.3950,114.5604,155.1788,186.7553
382.2194,115.6455,155.6637,187.1201
380.9531,114.1855,156.2110,187.6318
379.7342,110.2606,156.6381,188.0715
383.8169,113.6951,156.8217,188.8062
382.5672,110.9054,157.3118,189.4699
389.6708,122.0405,157.8033,189.9140
395.7487,105.6140,158.2965,189.9882
393.0156,125.0748,159.7805,191.6951
402.0345,122.3379,161.0288,192.1444
394.5224,115.8624,161.0917,192.3696
397.6247,108.1338,161.3434,192.5199
401.6157,116.8593,162.0367,193.0463
396.8274,120.6731,163.1760,193.1217
404.1146,111.8562,163.8771,192.7445
397.0682,118.1600,165.0934,192.9704
404.3039,113.1623,166.1252,192.6689
396.0577,116.8407,167.3582,193.0452
404.3929,101.4895,166.0507,192.9698
400.4233,119.5257,167.6074,195.7588
406.7675,105.9412,168.3931,197.1352
396.2561,115.1376,169.4456,200.1385
401.3759,100.9168,167.9894,202.3275
397.6387,114.7893,168.9081,204.4614
401.6206,103.1805,167.4565,206.2185
407.5699,102.8039,166.5407,207.1046
397.3953,104.4199,167.0612,209.7743
399.8914,103.1662,166.4086,212.7242
406.6875,103.7312,166.0186,214.7185
392.2177,107.3315,166.3428,216.3121
398.2102,94.9063,165.2382,218.5091
402.9834,68.0984,164.3346,220.1308
411.0589,61.7030,163.3075,221.4206
414.9901,53.2116,161.7127,220.6422
417.5137,45.8856,158.3016,220.6422
416.0945,37.2042,156.6938,220.3837
416.7709,48.7658,155.1024,220.7280
417.0799,46.8603,154.3754,221.7627
410.8777,36.1468,152.0838,222.7155
414.4125,44.8727,150.8957,223.0635
406.2959,35.9480,148.7737,223.1507
412.3471,29.7242,146.1586,223.8480
415.2104,14.4876,143.9890,224.7224
409.1864,32.2460,142.4142,225.0735
409.3756,30.5645,141.9691,225.5131
412.4867,24.4620,141.3036,225.7774
411.4545,16.8531,139.3166,226.0420
411.6396,21.2437,138.8812,226.3069
413.7377,25.6394,138.2844,226.5721
417.7093,29.8522,137.5822,227.2801
418.1890,35.5120,138.6033,228.1679
419.1554,21.7618,138.4951,228.4353
421.1557,23.6959,138.1164,227.4538
421.3392,9.1202,137.6848,226.2099
420.3563,11.8241,137.8461,226.9168
426.2376,20.2626,139.0846,228.3350
422.1738,25.8350,142.1270,229.4945
418.6581,28.7686,145.9578,229.7635
414.9749,24.0387,150.0629,230.1225
412.9321,17.7351,152.5248,230.5719
410.8051,15.8594,155.1464,231.3826
410.8823,18.6252,154.9646,232.1056
410.6765,15.3113,155.4488,232.6496
412.7927,19.7144,155.3274,233.1949
410.9102,11.7780,154.9026,233.6503
414.1505,14.6873,154.5396,234.1067
413.3038,6.7587,154.1170,234.4725
414.4552,9.6393,153.8160,235.0220
413.5104,10.7708,153.6358,236.0319
414.5816,12.1030,153.5157,236.5851
416.6970,15.0488,153.3358,237.0472
419.3444,13.3172,154.2942,237.4176
417.8843,11.5042,155.3188,237.9740
417.9359,12.8474,155.1975,238.5318
417.7298,14.2730,155.6824,238.9045
417.6522,17.3270,155.8649,239.1844
420.8091,20.5036,155.7431,239.1844
423.9635,28.5247,155.6214,238.9976
414.3268,57.2511,158.8433,238.6241
418.3087,33.8781,159.4017,237.6920
423.3897,30.6818,159.8998,237.7849
411.6564,59.1045,162.5232,237.7849
417.0257,45.2089,162.5867,237.0418
422.7210,38.7551,161.8881,237.4122
410.7612,65.0443,164.7338,238.6178
413.9062,44.6034,165.0555,238.2449
420.7567,39.6593,164.4108,238.7103
410.7395,66.2904,164.8603,239.4562
413.8870,66.3302,167.7583,239.3627
418.4545,55.4817,167.4961,238.7082
406.5253,58.3746,169.3936,239.3609
410.2093,45.2215,168.6657,240.3894
413.8494,51.4472,168.0069,240.7650
418.5073,54.4850,167.5475,241.1412
406.1016,78.2247,167.9401,241.8006
409.7261,60.4816,167.2841,241.9895
414.5306,49.0320,166.4346,242.4621
413.7846,52.1314,165.5895,242.7463
413.0423,53.5822,164.7486,243.1256
411.2372,54.9949,163.8476,243.6004
411.6180,56.4104,162.9516,244.0762
411.9967,59.4089,162.0604,244.6483
411.2972,65.6230,161.1742,245.3172
411.5916,68.6775,160.4816,245.7964
412.8970,71.8196,159.9174,246.0844
410.1094,65.0379,158.9804,246.6612
412.4056,66.5120,158.5457,247.0466
415.7221,69.6291,158.1741,247.4326
415.9847,66.1786,157.5562,247.8192
416.2462,67.7008,156.9408,248.1096
415.4646,67.4949,156.3277,248.5942
416.7622,67.4123,155.7171,248.7884
415.9350,68.8992,155.2305,249.1772
420.2387,70.3884,154.8060,249.5665
419.3649,68.5240,154.4432,250.0539
421.6982,71.7620,153.7796,250.2493
419.9621,71.5543,153.0587,250.7381
421.4359,64.7692,151.9825,251.0319
418.8623,56.5591,150.9139,250.7377
421.2424,61.8041,150.0296,250.1501
421.5164,55.1595,149.3850,250.1501
422.8060,58.5233,148.6847,250.0524
424.1390,51.8813,147.8716,250.0524
424.5072,54.9947,147.0052,250.5407
424.8000,48.2565,146.3161,250.7365
427.0834,51.7115,145.5159,250.4426
428.7020,53.4162,143.9812,250.3448
426.9570,46.8495,143.5875,250.1492
429.1501,55.1968,142.9144,250.0515
427.4418,50.2153,142.4678,250.0515
429.6178,55.1553,141.8000,250.1492
430.7007,53.5357,141.4677,250.0515
427.9763,50.2562,141.2466,249.9538
429.1488,55.2357,140.6949,249.9538
428.3780,50.2562,140.3102,249.9538
428.5643,53.5344,139.8717,250.0514
427.8445,55.2364,139.3799,249.9538
427.2197,53.6595,138.6721,249.7585
426.5521,52.1254,138.0763,249.4658
426.0478,53.9062,137.1054,249.1735
424.6365,54.0717,136.1414,248.7841
423.2126,55.7238,135.2374,248.7841
421.7758,57.2933,134.3921,248.9785
420.1917,55.7225,133.9196,248.7840
418.3241,57.4159,134.1289,248.6868
416.2087,55.8471,134.9148,248.4925
413.7225,55.8058,134.4405,248.5896
412.0039,55.8884,134.2829,248.3954
411.0008,55.8059,134.5452,248.5894
407.2259,57.4567,135.0182,248.5894
401.4428,65.6693,135.9676,248.6865
398.2826,65.6693,139.1543,248.6865
394.9328,64.0179,142.6875,248.6865
391.4743,62.4490,146.3662,248.4922
386.1771,64.1404,149.6823,248.3952
383.0709,62.6559,152.3134,248.0070
381.3514,59.6091,153.9794,247.4258
379.3831,58.1714,153.7989,246.9425
377.4681,58.4174,153.4985,246.3638
375.6588,58.6219,152.9589,245.8826
374.9224,55.5195,152.3016,245.4984
374.2144,57.3943,151.5877,244.9230
374.5667,54.3041,150.7587,244.5403
373.9160,61.0027,149.9343,244.0627
374.3392,56.2621,148.9386,243.7767
373.7210,62.8993,148.0659,243.3958
370.1321,66.2935,147.2562,243.0155
372.5524,72.9907,146.1633,242.4459
370.9751,82.9324,145.3069,241.7830
370.7821,86.0231,143.4905,242.0663
370.5201,87.5100,141.8651,242.3500
371.2031,90.6080,140.2580,242.6340
369.9923,89.8427,138.7239,240.6436
370.5911,95.3958,137.3150,238.8576
368.9953,99.4802,136.7786,236.7116
367.7464,97.9476,135.4429,236.6192
366.6446,101.9937,133.8027,234.4933
371.0873,102.9280,131.7121,232.2949
369.2943,95.3308,129.7570,232.0227
370.7591,104.4984,128.3378,232.2040
364.5590,93.5503,126.8839,232.5668
363.9692,88.8013,126.2892,232.8393
373.9280,96.4937,124.5626,232.9303
371.3638,101.0181,122.8109,233.2032
368.9579,97.6498,122.7149,233.8409
368.4486,106.7340,123.9133,234.3890
365.8155,90.8967,124.3006,235.0299
362.2249,96.9836,126.9225,235.3971
358.2424,90.5746,128.3603,235.7649
353.4903,91.9445,129.5136,236.2254
361.2308,95.3956,129.5136,235.4872
357.0165,95.3174,129.3112,235.6712
353.8607,93.8698,130.6750,235.3950
351.5612,95.9410,132.0022,234.1996
347.9453,95.0467,134.3226,232.6444
347.7669,100.2222,134.7423,231.3721
357.0278,123.8068,134.0054,230.1068
359.7864,122.8135,133.7961,228.8484
357.6096,100.6260,134.7368,227.4181
354.2097,86.3168,136.4210,225.5526
351.8316,94.4050,137.7532,224.1429
350.5280,100.9542,138.6680,222.7420
348.3410,88.2335,139.4805,221.3499
344.9371,97.4939,143.1310,220.3123
341.3253,98.4083,144.9201,218.1608
340.1464,101.9214,145.4296,216.7121
336.8870,93.9704,146.2817,215.1036
334.6285,97.2557,147.0246,214.0953
333.2616,100.7745,147.9435,212.5063
334.7107,102.7854,149.1571,211.0952
333.4230,96.1619,149.8562,210.1881
330.0147,98.3254,153.1929,208.3818
328.5650,103.2724,156.6038,206.5096
325.4712,108.2436,158.9896,204.4930
322.3566,105.0184,161.3496,202.4960
319.8387,117.8939,162.2320,200.6767
317.8995,108.2991,161.7250,198.1682
316.6107,116.9186,159.7034,196.4652
315.7093,119.1039,156.8338,194.3931
314.8761,112.9399,153.8931,193.7097
314.1096,113.1007,150.8874,193.3313
312.9072,114.5450,149.0013,192.9538
311.7446,113.3918,147.0806,192.6523
310.5970,114.7991,145.1846,192.3512
310.4523,118.7269,143.2564,192.1258
313.6868,114.9632,142.3610,191.9757
313.0723,118.8833,141.5825,191.7507
319.9357,120.3158,140.9188,191.3762
319.3743,124.3190,140.0381,190.9277
325.2794,118.0747,139.2723,190.7040
330.0886,127.0344,138.8370,190.4805
329.8581,124.6311,137.2100,190.1829
336.1223,132.3034,135.3341,189.9600
335.9875,126.0908,133.5367,189.7374
343.3699,136.2336,132.8586,189.5891
342.5758,132.6140,130.5751,189.2189
342.7059,137.7029,128.2288,189.0710
343.7703,132.8377,125.7243,188.7018
344.7722,138.0380,123.3670,188.2595
344.8541,138.1005,121.2467,188.1124
344.8943,140.6614,119.2574,187.9654
347.3889,136.9791,117.1145,187.8186
347.3501,139.5983,115.3761,187.5251
350.1466,142.2134,114.2043,187.2321
354.3556,139.8511,113.2229,186.9395
354.2428,143.6994,111.7191,186.6474
359.3433,145.1248,110.1917,186.2100
359.9287,148.9890,108.8143,185.8463
363.3610,149.1433,107.5392,185.4833
367.2530,152.9924,106.7830,185.1210
366.9339,155.6662,105.8654,184.6149
371.5211,159.5280,104.9969,184.1822
370.4578,163.4113,104.2177,183.6785
372.6205,167.3144,104.0141,183.1046
371.2218,171.1446,104.0548,182.6754
375.2986,172.6609,104.2173,181.9618
371.9075,165.6828,104.0545,181.3221
371.0783,170.8002,104.3797,180.6138
374.0068,167.3819,104.0127,180.1905
370.8296,161.6084,103.3626,179.6978
375.1024,166.5905,102.9992,179.2065
371.2037,166.6500,102.5164,179.0665
373.9098,171.5253,102.5565,178.7867
370.0619,166.8951,101.9956,178.5073
374.2443,172.9109,101.7167,178.2981
370.5461,163.5869,100.8823,177.9499
374.6662,170.7952,100.6459,177.6718
370.9401,166.1643,99.9775,177.4636
369.0479,172.1745,99.7432,177.1864
365.8852,171.2038,99.3926,176.7019
366.7267,172.6119,98.9655,176.1497
364.3773,164.6576,98.3083,175.5992
362.8431,168.4474,97.3098,174.9133
361.2761,171.2641,96.4356,173.7517
360.1234,175.0717,96.1342,172.9373
356.3409,161.7215,96.0216,171.9240
354.6512,164.4330,96.9968,170.9166
353.0247,154.5869,96.2769,170.0487
352.6252,160.6000,95.7128,169.1851
350.3847,148.6067,95.0024,168.3260
353.8703,152.3793,94.2231,167.3397
351.6647,152.6015,93.5238,166.8168
350.0499,148.3920,92.9392,166.2955
351.3151,151.9258,92.8666,165.7758
351.2534,142.2382,91.5607,165.2578
350.5998,146.8199,90.2374,164.8059
351.7234,137.2985,89.0036,164.0334
352.6838,140.8932,88.1345,163.2645
351.8937,129.2112,87.2393,162.6905
352.9076,131.6690,86.2170,161.9914
352.5927,132.9599,85.6108,161.4852
356.3591,129.9841,84.7747,160.9175
357.9916,131.3732,83.5826,160.1632
363.6530,126.3744,82.0154,159.4124
362.6046,133.0965,80.6378,158.5406
360.5966,137.0708,79.0629,159.0980
357.8927,139.3423,78.0128,161.2110
362.0371,140.6805,76.7939,163.1002
365.4156,119.7498,76.0439,163.9285
368.8495,66.5724,75.0934,166.1056
372.1905,57.3068,74.2720,169.7392
382.3137,53.5871,73.6628,173.1870
387.4867,5.0542,73.0010,176.4343
392.1768,1.0000,72.2310,179.6046
396.7456,1.0000,71.6385,181.7795
402.7159,3.7764,71.0229,183.7677
410.9695,7.5899,70.4680,186.2801
419.1119,11.9504,70.0276,190.5733
2
0
0
0
0
1
368.8918,125.1936,46.1258,132.1547
366.3878,132.9603,46.2519,132.4644
366.2573,124.9335,46.5590,132.7231
363.7529,130.9268,46.6318,133.1379
364.2716,123.6991,46.8686,133.5020
360.2022,130.6806,46.9235,133.7627
362.0017,122.5085,47.0885,134.1807
359.1327,128.5899,47.2172,134.5476
361.8763,119.4541,47.4017,135.0206
358.6813,124.6321,47.5128,135.4953
361.1581,124.4971,47.6241,135.8129
357.6635,130.6299,47.6614,136.2373
360.4803,129.5669,47.7358,136.6098
358.2297,134.8512,47.8104,136.9834
356.9359,138.3533,47.8664,137.3044
359.7649,131.8113,47.9412,137.6799
357.5045,135.3770,48.0161,137.8950
355.2805,137.0939,47.9974,138.1643
357.7826,137.9426,48.1099,138.3262
355.2427,139.7108,48.0723,138.4883
357.4294,141.5271,48.1850,138.5424
354.8776,143.3212,48.1661,138.6506
352.9425,146.0833,48.2038,138.6506
355.1352,147.8557,48.3167,138.8131
352.8973,147.8327,48.2979,138.8673
352.5284,151.4983,48.4111,138.9216
351.5238,154.2197,48.5056,139.0301
353.7463,152.3271,48.5814,139.1387
351.1654,154.1288,48.5814,139.2474
352.7704,156.8335,48.6004,139.4106
350.8501,152.1584,48.5624,139.5195
348.9233,156.7446,48.5434,139.6285
350.2127,160.4534,48.5434,139.6285
348.2866,153.9165,48.5245,139.7376
346.6674,159.4842,48.5434,139.7376
348.3195,163.2192,48.4486,139.6830
346.0754,155.7753,48.4297,139.7376
343.8322,161.3894,48.4108,139.6284
342.8598,156.7765,48.4297,139.5739
340.6166,163.2876,48.4108,139.5194
341.2435,156.8253,48.4486,139.4649
338.6375,161.5255,48.5243,139.3014
339.8700,165.3182,48.6570,139.0838
337.1882,163.4709,48.8851,139.0838
334.1854,167.2115,49.0760,138.9751
334.1283,166.3348,49.2102,138.8665
331.1791,166.3809,49.2294,138.7580
328.5883,169.1913,49.1717,138.6496
328.6209,167.3499,49.0949,138.6496
326.6974,172.9662,49.0182,138.4330
326.7300,164.7617,48.9416,138.2708
323.1793,169.4215,48.8843,138.1087
323.5364,174.1218,48.8079,137.8390
320.9678,172.3827,48.7507,137.6236
318.7260,175.2158,48.6936,137.4086
320.3831,175.2614,48.5984,137.3012
317.1963,175.3526,48.5035,137.0867
314.3216,176.3540,48.4467,136.8725
311.7720,178.1945,48.3899,136.8190
309.2254,179.1485,48.3332,136.7121
306.3528,177.3555,48.2955,136.6587
303.1697,180.1234,48.2389,136.5520
300.3187,181.9596,48.1635,136.4986
298.4397,179.2857,48.0694,136.3920
295.5907,181.1424,48.0131,136.2854
293.0559,178.4952,47.9756,136.1257
289.8940,182.1337,47.9193,136.0725
288.3108,179.4680,47.9006,135.9662
285.4321,184.0051,47.9381,135.9131
283.2276,181.3877,47.8819,135.7007
280.7077,183.2350,47.8258,135.5947
278.2226,182.4247,47.6950,135.3828
276.0451,182.4921,47.6018,135.2242
273.5557,183.4350,47.5089,135.1186
271.7101,181.7077,47.3975,134.9602
269.2551,183.6122,47.2494,134.6966
266.8156,183.7687,47.0833,134.3283
264.3455,186.6232,47.0097,133.9085
261.9106,185.9118,46.8628,133.4901
259.4599,186.9977,46.7713,133.0208
256.7034,188.0798,46.6799,132.5531
254.5722,188.2778,46.5888,132.0871
252.1359,189.1330,46.4978,132.1387
249.7043,189.2866,46.4070,131.7774
248.1942,192.9401,46.3344,131.4171
245.7097,191.9147,46.3887,131.7764
243.2375,192.9429,46.4069,131.4161
241.0726,193.1392,46.4250,130.9541
238.5909,195.1176,46.4613,130.3914
237.3722,192.7148,46.4250,129.9330
234.8750,194.5699,46.4975,129.6284
232.0575,196.3991,46.5883,129.3753
229.5593,196.4421,46.6429,129.2742
227.0659,195.7124,46.6794,128.9712
