0.2188
0.18567
0.20961
0.23392
0.22656
0.18879
0.21436
0.23224
0.18659
0.23119
0.24328
0.22166
0.18492
0.20392
0.19471
0.19111
0.1909
0.20498
0.1847
0.18172
0.18074
0.20249
0.2025
0.18258
0.18207
0.20341
0.23233
0.21069
0.1895
0.21492
0.17908
0.17304
0.17513
0.18116
0.20827
0.18201
0.17932
0.20472
0.19641
0.22064
0.19197
0.15981
0.15259
0.14356
0.15012
0.15154
0.13439
0.1601
0.12956
0.12183
0.17705
0.13069
0.12974
0.12624
0.12717
0.12085
0.13675
0.15735
0.12589
0.18019
0.12637
0.12982
0.13691
0.12441
0.13262
0.12853
0.13642
0.12526
0.13062
0.12631
0.13142
0.12341
0.12335
0.12155
0.12648
0.12691
0.14086
0.17016
0.17026
0.12448
0.13249
0.14502
0.15935
0.16677
0.14267
0.12924
0.14431
0.12443
0.17715
0.13008
0.12822
0.12494
0.15402
0.13302
0.155
0.12247
0.12275
0.12068
0.11445
0.11041
0.12351
0.11591
0.12889
0.11793
0.11892
0.11891
0.12037
0.13204
0.14292
0.14292
0.13601
0.13522
0.13357
0.131
0.13057
0.12829
0.11825
0.12015
0.11689
0.11876
0.11726
0.11525
0.11372
0.12178
0.13457
0.11602
0.11876
0.11344
0.11317
0.11472
0.1134
0.11956
0.13807
0.14447
0.10694
0.10562
0.1064
0.10864
0.12938
0.11344
0.15788
0.10668
0.10644
0.10211
0.10645
0.12347
0.1126
0.1183
0.10146
0.10929
0.10691
0.098367
0.11342
0.10677
0.10823
0.10599
0.10879
0.10499
0.11652
0.12657
0.13132
0.14248
0.13666
0.14178
0.17429
0.16926
0.15264
0.15214
0.15224
0.16542
0.16355
0.18881
0.15921
0.1673
0.1983
0.17189
0.17084
0.16174
0.18457
0.18064
0.19137
0.17263
0.21646
0.17497
0.18335
0.18345
0.1836
0.22609
0.21099
0.18822
0.19582
0.18761
0.18019
0.18138
0.20191
0.18394
0.17921
0.17404
0.17523
0.18904
0.19643
0.17555
0.17487
0.1702
0.18786
0.17686
0.17334
0.17441
0.18613
0.17461
0.17021
0.16964
0.18644
0.16971
0.18529
0.16499
0.16482
0.1686
0.1701
0.17024
0.1606
0.16028
0.17751
0.15752
0.1589
0.15393
0.14526
0.17328
0.1623
0.18487
0.15724
0.15707
0.17136
0.1665
0.16407
0.16553
0.17314
0.19278
0.24759
0.17022
0.16504
0.18713
0.16919
0.19739
0.16398
0.17436
0.17781
0.16824
0.16774
0.16794
0.18627
0.17567
0.17088
0.16436
0.18787
0.21719
0.18354
0.18866
0.20405
0.19178
0.20388
0.19654
0.18912
0.18777
0.18195
0.18458
0.19498
0.19242
0.18742
0.18794
0.20658
0.20125
0.19615
0.19509
0.20585
0.19947
0.20023
0.20066
0.2072
0.2408
0.19854
0.22154
0.19848
0.19469
0.193
0.20912
0.20006
0.19397
0.19275
0.20482
0.19956
0.18747
0.18663
0.19002
0.20964
0.26207
0.22487
0.26862
0.27934
0.23079
0.20725
0.22095
0.23022
0.17691
0.19817
0.17627
0.17123
0.16559
0.16136
0.18022
0.20861
0.15848
0.15569
0.2028
0.17787
0.14607
0.14452
0.13493
0.15103
0.14092
0.14073
0.13988
0.13769
0.12823
0.15726
0.15744
0.1663
0.13947
0.1397
0.15682
0.13899
0.13133
0.12816
0.1237
0.12368
0.12194
0.12155
0.1359
0.12212
0.12844
0.11954
0.12041
0.14025
0.15105
0.14384
0.15232
0.15058
0.15351
0.16802
0.19348
0.16181
0.16613
0.17702
0.2078
0.17746
0.17971
0.17866
0.18862
0.1878
0.21027
0.18041
0.19302
0.18388
0.18246
0.18127
0.19823
0.23529
0.1824
0.18583
0.19388
0.21941
0.18283
0.18276
0.20357
0.2063
0.17534
0.17983
0.18642
0.17631
0.17603
0.16982
0.17293
0.17316
0.20026
0.17962
0.17681
0.18191
0.19618
0.18537
0.18535
0.18047
0.19399
0.18505
0.17916
0.17852
0.19225
0.18683
0.20412
0.17657
0.1956
0.19308
0.21861
0.19088
0.21733
0.19961
0.21406
0.1988
0.24889
0.21821
0.20861
0.19952
0.19341
0.18921
0.20583
0.16612
0.19037
0.15931
0.16062
0.16293
0.15257
0.16085
0.16438
0.1498
0.14641
0.14783
0.14875
0.15148
0.16223
0.16318
0.15366
0.15399
0.1537
0.18087
0.16006
0.15828
0.16591
0.19455
0.20134
0.19026
0.18644
0.19218
0.20722
0.19878
0.18351
0.18482
0.19871
0.19363
0.1954
0.19434
0.21106
0.20636
0.20295
0.20359
0.25847
0.1952
0.1951
0.21414
0.19916
0.18628
0.19308
0.20866
0.22089
0.20261
0.19276
0.19601
0.18054
0.18302
0.16825
0.18575
0.20328
0.15884
0.16005
0.16323
0.16602
0.19138
0.16069
0.1692
0.19889
0.19278
0.18741
0.20317
0.22351
0.20236
0.23367
0.2015
0.21531
0.25235
0.22279
0.22955
0.21943
0.19941
0.20146
0.21054
0.20693
0.20072
0.2101
0.225
0.21909
0.2086
0.23203
0.21119
0.20663
0.20799
0.21702
0.21126
0.20617
0.21113
0.22501
0.20944
0.20876
0.21387
0.23394
0.2405
0.21089
0.2119
0.21432
0.19386
0.18959
0.15803
0.15795
0.23198
0.16122
0.15362
0.14725
0.1583
0.14955
0.18201
0.16696
0.15018
0.17194
0.2074
0.15192
0.17279
0.18486
0.19286
0.16305
0.14596
0.13964
0.14207
0.14122
0.1315
0.15502
0.1373
0.12911
0.12198
0.14568
0.11808
0.14019
0.12262
0.11664
0.11657
0.117
0.11339
0.13906
0.11504
0.14408
0.11138
0.11278
0.1096
0.11303
0.11332
0.1305
0.16647
0.12306
0.10552
0.11668
0.11673
0.11213
0.14577
0.12109
0.14698
0.1517
0.12125
0.11934
0.12297
0.15934
0.12618
0.12245
0.1174
0.11649
0.11419
0.1138
0.11136
0.11743
0.10672
0.10973
0.093379
0.092052
0.098418
0.10597
0.10633
0.12467
0.11792
0.11408
0.10991
0.11448
0.11439
0.10824
0.13539
0.11857
0.14822
0.11192
0.11092
0.1043
0.13916
0.1111
0.14336
0.11695
0.115
0.11131
0.11148
0.11141
0.11536
0.13814
0.13981
0.14487
0.12294
0.11526
0.11352
0.12304
0.11585
0.12489
0.12206
0.11711
0.11693
0.11752
0.13387
0.12728
0.12442
0.12242
0.15192
0.12005
0.12722
0.14801
0.15796
0.14244
0.11938
0.11378
0.11408
0.123
0.14028
0.13331
0.12381
0.12232
0.12599
0.12954
0.15117
0.14276
0.13498
0.13382
0.13223
0.13211
0.15144
0.13388
0.1322
0.13116
0.16125
0.16308
0.14147
0.12592
0.13048
0.13038
0.12722
0.15223
0.14536
0.13182
0.13704
0.16799
0.14466
0.22459
0.20271
0.15096
0.16681
0.17425
0.23464
0.19395
0.14077
0.13626
0.14044
0.19408
0.15628
0.13875
0.13862
0.1319
0.17124
0.1825
0.12708
0.13453
0.13658
0.16105
0.13895
0.12716
0.13731
0.13259
0.13298
0.1387
0.13179
0.16129
0.12617
0.12394
0.12322
0.13616
0.13958
0.13859
0.13577
0.13741
0.13119
