1
816.6483,257.2093,886.2307,283.3136,826.6534,442.1299,757.0613,416.0151
820.7497,253.9926,890.4801,282.6230,825.1375,441.7774,755.3975,413.1361
826.5084,250.7731,896.8741,282.5804,824.2804,443.1851,753.9053,411.3663
823.6109,249.4911,901.2262,274.1277,844.9991,451.2785,767.3727,426.6310
832.2574,242.5137,909.4956,277.7381,829.1031,454.0286,751.8547,418.7915
768.3326,244.2025,908.3425,244.2025,908.3425,432.0686,768.3326,432.0686
770.7443,243.2549,909.9309,243.2549,909.9309,430.0162,770.7443,430.0162
774.0845,236.7114,912.5907,236.7114,912.5907,422.5597,774.0845,422.5597
775.8292,236.0398,913.8459,236.0398,913.8459,421.2313,775.8292,421.2313
760.4641,246.0654,900.8862,246.0654,900.8862,434.4768,760.4641,434.4768
760.4641,254.0654,900.8862,254.0654,900.8862,442.4768,760.4641,442.4768
768.4641,270.0654,908.8862,270.0654,908.8862,458.4768,768.4641,458.4768
768.4641,270.0654,908.8862,270.0654,908.8862,458.4768,768.4641,458.4768
768.4641,270.0654,908.8862,270.0654,908.8862,458.4768,768.4641,458.4768
768.4641,270.0654,908.8862,270.0654,908.8862,458.4768,768.4641,458.4768
768.4641,270.0654,908.8862,270.0654,908.8862,458.4768,768.4641,458.4768
760.4641,278.0654,900.8862,278.0654,900.8862,466.4768,760.4641,466.4768
760.4641,278.0654,900.8862,278.0654,900.8862,466.4768,760.4641,466.4768
768.4641,278.0654,908.8862,278.0654,908.8862,466.4768,768.4641,466.4768
768.4641,278.0654,908.8862,278.0654,908.8862,466.4768,768.4641,466.4768
752.4641,278.0654,892.8862,278.0654,892.8862,466.4768,752.4641,466.4768
752.4641,278.0654,892.8862,278.0654,892.8862,466.4768,752.4641,466.4768
752.4641,278.0654,892.8862,278.0654,892.8862,466.4768,752.4641,466.4768
752.4641,278.0654,892.8862,278.0654,892.8862,466.4768,752.4641,466.4768
752.4641,286.0654,892.8862,286.0654,892.8862,474.4768,752.4641,474.4768
752.4641,286.0654,892.8862,286.0654,892.8862,474.4768,752.4641,474.4768
752.4641,286.0654,892.8862,286.0654,892.8862,474.4768,752.4641,474.4768
752.4641,294.0654,892.8862,294.0654,892.8862,482.4768,752.4641,482.4768
752.4641,294.0654,892.8862,294.0654,892.8862,482.4768,752.4641,482.4768
760.4641,302.0654,900.8862,302.0654,900.8862,490.4768,760.4641,490.4768
752.4641,302.0654,892.8862,302.0654,892.8862,490.4768,752.4641,490.4768
744.4641,206.0654,884.8862,206.0654,884.8862,394.4768,744.4641,394.4768
889.8747,141.8503,1042.1252,141.8503,1042.1252,346.1497,889.8747,346.1497
888.4058,144.2211,1041.5942,144.2211,1041.5942,349.7790,888.4058,349.7790
728.4641,182.0654,868.8862,182.0654,868.8862,370.4768,728.4641,370.4768
728.4641,182.0654,868.8862,182.0654,868.8862,370.4768,728.4641,370.4768
728.4641,174.0654,868.8862,174.0654,868.8862,362.4768,728.4641,362.4768
720.4641,174.0654,860.8862,174.0654,860.8862,362.4768,720.4641,362.4768
712.4641,174.0654,852.8862,174.0654,852.8862,362.4768,712.4641,362.4768
704.4641,166.0654,844.8862,166.0654,844.8862,354.4768,704.4641,354.4768
688.4641,158.0654,828.8862,158.0654,828.8862,346.4768,688.4641,346.4768
680.4641,158.0654,820.8862,158.0654,820.8862,346.4768,680.4641,346.4768
672.4641,158.0654,812.8862,158.0654,812.8862,346.4768,672.4641,346.4768
664.4641,158.0654,804.8862,158.0654,804.8862,346.4768,664.4641,346.4768
656.4641,158.0654,796.8862,158.0654,796.8862,346.4768,656.4641,346.4768
632.4641,158.0654,772.8862,158.0654,772.8862,346.4768,632.4641,346.4768
624.4641,158.0654,764.8862,158.0654,764.8862,346.4768,624.4641,346.4768
616.4641,158.0654,756.8862,158.0654,756.8862,346.4768,616.4641,346.4768
608.4641,158.0654,748.8862,158.0654,748.8862,346.4768,608.4641,346.4768
600.4641,158.0654,740.8862,158.0654,740.8862,346.4768,600.4641,346.4768
592.4641,158.0654,732.8862,158.0654,732.8862,346.4768,592.4641,346.4768
592.4641,174.0654,732.8862,174.0654,732.8862,362.4768,592.4641,362.4768
584.4641,174.0654,724.8862,174.0654,724.8862,362.4768,584.4641,362.4768
584.4641,174.0654,724.8862,174.0654,724.8862,362.4768,584.4641,362.4768
576.4641,166.0654,716.8862,166.0654,716.8862,354.4768,576.4641,354.4768
568.4641,174.0654,708.8862,174.0654,708.8862,362.4768,568.4641,362.4768
568.4641,182.0654,708.8862,182.0654,708.8862,370.4768,568.4641,370.4768
568.4641,190.0654,708.8862,190.0654,708.8862,378.4768,568.4641,378.4768
568.4641,198.0654,708.8862,198.0654,708.8862,386.4768,568.4641,386.4768
568.4641,206.0654,708.8862,206.0654,708.8862,394.4768,568.4641,394.4768
602.0704,265.7208,755.9296,265.7208,755.9296,472.2792,602.0704,472.2792
594.0674,274.0594,745.9326,274.0594,745.9326,477.9406,594.0674,477.9406
587.2648,278.6669,736.7352,278.6669,736.7352,479.3331,587.2648,479.3331
585.1860,283.9036,732.8140,283.9036,732.8140,482.0964,585.1860,482.0964
579.0577,293.0739,724.9423,293.0739,724.9423,488.9261,579.0577,488.9261
572.1575,299.5505,715.8425,299.5505,715.8425,492.4495,572.1575,492.4495
560.1217,304.2241,701.5535,304.2241,701.5535,494.0470,560.1217,494.0470
553.9203,311.1239,694.7549,311.1239,694.7549,500.1472,553.9203,500.1472
553.1714,313.4601,693.5038,313.4601,693.5038,501.8110,553.1714,501.8110
546.9196,321.2924,686.7556,321.2924,686.7556,508.9787,546.9196,508.9787
544.1721,323.6307,683.5031,323.6307,683.5031,510.6405,544.1721,510.6405
537.9296,324.9756,676.7456,324.9756,676.7456,511.2955,537.9296,511.2955
536.1946,326.3309,674.4806,326.3309,674.4806,511.9403,536.1946,511.9403
531.4041,331.6115,669.2711,331.6115,669.2711,516.6596,531.4041,516.6596
528.6065,333.3828,666.0687,333.3828,666.0687,517.8883,528.6065,517.8883
