44.631,44.201,43.505,0,0,0,0,0,0,0,0,0,0,0,0
6.0996,6.1392,5.6417,0,0,0,0,0,0,0,0,0,0,0,0
1.3774,1.363,1.289,0,0,0,0,0,0,0,0,0,0,0,0
1.3663,1.1829,1.2424,0,0,0,0,0,0,0,0,0,0,0,0
1.2882,1.3381,1.2677,0,0,0,0,0,0,0,0,0,0,0,0
1.3014,1.2939,1.3325,0,0,0,0,0,0,0,0,0,0,0,0
4.5175,4.4211,4.4718,0,0,0,0,0,0,0,0,0,0,0,0
1.2787,1.224,1.2725,0,0,0,0,0,0,0,0,0,0,0,0
1.3493,1.2243,1.3423,0,0,0,0,0,0,0,0,0,0,0,0
1.3894,1.3113,1.2902,0,0,0,0,0,0,0,0,0,0,0,0
1.392,1.2478,1.2215,0,0,0,0,0,0,0,0,0,0,0,0
1.2824,1.3482,1.2512,0,0,0,0,0,0,0,0,0,0,0,0
4.2953,4.2283,4.1191,0,0,0,0,0,0,0,0,0,0,0,0
1.2671,1.3891,1.3127,0,0,0,0,0,0,0,0,0,0,0,0
1.31,1.3481,1.3147,0,0,0,0,0,0,0,0,0,0,0,0
1.2004,1.3571,1.4681,0,0,0,0,0,0,0,0,0,0,0,0
1.39,1.3505,1.4493,0,0,0,0,0,0,0,0,0,0,0,0
1.4065,1.4084,1.3552,0,0,0,0,0,0,0,0,0,0,0,0
4.1335,4.1773,4.1075,0,0,0,0,0,0,0,0,0,0,0,0
1.375,1.3564,1.4084,0,0,0,0,0,0,0,0,0,0,0,0
1.3633,1.4708,1.2992,0,0,0,0,0,0,0,0,0,0,0,0
1.2902,1.5115,1.3314,0,0,0,0,0,0,0,0,0,0,0,0
1.3418,1.2861,1.4123,0,0,0,0,0,0,0,0,0,0,0,0
1.4378,1.3647,1.4789,0,0,0,0,0,0,0,0,0,0,0,0
4.0597,4.3445,4.1298,0,0,0,0,0,0,0,0,0,0,0,0
1.4901,1.4234,1.3457,0,0,0,0,0,0,0,0,0,0,0,0
1.4433,1.3785,1.3461,0,0,0,0,0,0,0,0,0,0,0,0
1.4833,1.3437,1.3418,0,0,0,0,0,0,0,0,0,0,0,0
1.29,1.2855,1.3316,0,0,0,0,0,0,0,0,0,0,0,0
1.2984,1.2976,1.4082,0,0,0,0,0,0,0,0,0,0,0,0
4.3307,4.2552,4.2638,0,0,0,0,0,0,0,0,0,0,0,0
1.4669,1.4399,1.3925,0,0,0,0,0,0,0,0,0,0,0,0
1.4011,1.2764,1.3489,0,0,0,0,0,0,0,0,0,0,0,0
1.3899,1.4867,1.4168,0,0,0,0,0,0,0,0,0,0,0,0
1.4212,1.4205,1.3578,0,0,0,0,0,0,0,0,0,0,0,0
1.4802,1.3953,1.4527,0,0,0,0,0,0,0,0,0,0,0,0
4.299,4.4645,4.0518,0,0,0,0,0,0,0,0,0,0,0,0
1.4425,1.4088,1.4929,0,0,0,0,0,0,0,0,0,0,0,0
1.3897,1.4424,1.5494,0,0,0,0,0,0,0,0,0,0,0,0
1.3851,1.5128,1.3565,0,0,0,0,0,0,0,0,0,0,0,0
1.427,1.457,1.5391,0,0,0,0,0,0,0,0,0,0,0,0
1.4262,1.6531,1.4175,0,0,0,0,0,0,0,0,0,0,0,0
4.406,4.5056,4.1791,0,0,0,0,0,0,0,0,0,0,0,0
1.5275,1.5759,1.5893,0,0,0,0,0,0,0,0,0,0,0,0
1.405,1.4724,1.4553,0,0,0,0,0,0,0,0,0,0,0,0
1.4248,1.3637,1.4636,0,0,0,0,0,0,0,0,0,0,0,0
1.3532,1.3486,1.477,0,0,0,0,0,0,0,0,0,0,0,0
1.457,1.455,1.432,0,0,0,0,0,0,0,0,0,0,0,0
4.2419,4.1459,4.089,0,0,0,0,0,0,0,0,0,0,0,0
1.5966,1.4409,1.6197,0,0,0,0,0,0,0,0,0,0,0,0
1.5108,1.355,1.5776,0,0,0,0,0,0,0,0,0,0,0,0
1.4626,1.4703,1.4929,0,0,0,0,0,0,0,0,0,0,0,0
1.5728,1.5435,1.6208,0,0,0,0,0,0,0,0,0,0,0,0
1.496,1.5769,1.7079,0,0,0,0,0,0,0,0,0,0,0,0
4.455,4.2996,4.5143,0,0,0,0,0,0,0,0,0,0,0,0
1.6486,1.5341,1.4896,0,0,0,0,0,0,0,0,0,0,0,0
1.6214,1.4523,1.5594,0,0,0,0,0,0,0,0,0,0,0,0
1.6758,1.4531,1.5677,0,0,0,0,0,0,0,0,0,0,0,0
1.6262,1.4456,1.5738,0,0,0,0,0,0,0,0,0,0,0,0
1.6876,1.5344,1.5712,0,0,0,0,0,0,0,0,0,0,0,0
4.3971,4.3319,4.5678,0,0,0,0,0,0,0,0,0,0,0,0
1.6042,1.5161,1.6424,0,0,0,0,0,0,0,0,0,0,0,0
1.4926,1.5694,1.6362,0,0,0,0,0,0,0,0,0,0,0,0
1.5932,1.526,1.5687,0,0,0,0,0,0,0,0,0,0,0,0
1.674,1.4913,1.5006,0,0,0,0,0,0,0,0,0,0,0,0
1.5029,1.6129,1.5527,0,0,0,0,0,0,0,0,0,0,0,0
4.3739,4.4388,4.5818,0,0,0,0,0,0,0,0,0,0,0,0
1.6309,1.6356,1.4451,0,0,0,0,0,0,0,0,0,0,0,0
1.6706,1.5117,1.451,0,0,0,0,0,0,0,0,0,0,0,0
1.5615,1.5353,1.4749,0,0,0,0,0,0,0,0,0,0,0,0
1.5656,1.4837,1.4244,0,0,0,0,0,0,0,0,0,0,0,0
1.5181,1.623,1.381,0,0,0,0,0,0,0,0,0,0,0,0
4.4246,4.4593,4.3157,0,0,0,0,0,0,0,0,0,0,0,0
1.4698,1.4656,1.4588,0,0,0,0,0,0,0,0,0,0,0,0
1.3753,1.6325,1.4428,0,0,0,0,0,0,0,0,0,0,0,0
1.3913,1.5522,1.4378,0,0,0,0,0,0,0,0,0,0,0,0
1.4035,1.5193,1.3811,0,0,0,0,0,0,0,0,0,0,0,0
1.5439,1.4863,1.4162,0,0,0,0,0,0,0,0,0,0,0,0
4.4923,4.3403,3.9723,0,0,0,0,0,0,0,0,0,0,0,0
1.5212,1.5922,1.4249,0,0,0,0,0,0,0,0,0,0,0,0
1.4254,1.5769,1.3943,0,0,0,0,0,0,0,0,0,0,0,0
1.4753,1.4238,1.3468,0,0,0,0,0,0,0,0,0,0,0,0
1.5276,1.6224,1.3375,0,0,0,0,0,0,0,0,0,0,0,0
1.4814,1.4728,1.3578,0,0,0,0,0,0,0,0,0,0,0,0
4.2961,4.3282,4.2772,0,0,0,0,0,0,0,0,0,0,0,0
1.4404,1.4679,1.4419,0,0,0,0,0,0,0,0,0,0,0,0
1.3884,1.5152,1.387,0,0,0,0,0,0,0,0,0,0,0,0
1.5299,1.4629,1.4925,0,0,0,0,0,0,0,0,0,0,0,0
1.5972,1.423,1.5998,0,0,0,0,0,0,0,0,0,0,0,0
1.5603,1.4829,1.5153,0,0,0,0,0,0,0,0,0,0,0,0
4.453,4.1599,4.2083,0,0,0,0,0,0,0,0,0,0,0,0
1.4054,1.5041,1.3547,0,0,0,0,0,0,0,0,0,0,0,0
1.3587,1.6591,1.4495,0,0,0,0,0,0,0,0,0,0,0,0
1.3136,1.573,1.4054,0,0,0,0,0,0,0,0,0,0,0,0
1.3541,1.5134,1.3063,0,0,0,0,0,0,0,0,0,0,0,0
1.5304,1.5674,1.5307,0,0,0,0,0,0,0,0,0,0,0,0
4.4823,4.4377,4.366,0,0,0,0,0,0,0,0,0,0,0,0
1.6344,1.6669,1.5541,0,0,0,0,0,0,0,0,0,0,0,0
1.455,1.531,1.605,0,0,0,0,0,0,0,0,0,0,0,0
1.5705,1.5077,1.7032,0,0,0,0,0,0,0,0,0,0,0,0
1.4398,1.5195,1.5729,0,0,0,0,0,0,0,0,0,0,0,0
1.5249,1.4152,1.5862,0,0,0,0,0,0,0,0,0,0,0,0
4.4519,4.3396,4.5801,0,0,0,0,0,0,0,0,0,0,0,0
1.576,1.5978,1.6218,0,0,0,0,0,0,0,0,0,0,0,0
1.5138,1.5925,1.708,0,0,0,0,0,0,0,0,0,0,0,0
1.4444,1.5557,1.5861,0,0,0,0,0,0,0,0,0,0,0,0
1.4722,1.4262,1.5147,0,0,0,0,0,0,0,0,0,0,0,0
1.4341,1.5038,1.3454,0,0,0,0,0,0,0,0,0,0,0,0
4.3131,4.229,4.4843,0,0,0,0,0,0,0,0,0,0,0,0
1.4448,1.4196,1.4592,0,0,0,0,0,0,0,0,0,0,0,0
1.4484,1.3552,1.5837,0,0,0,0,0,0,0,0,0,0,0,0
1.5717,1.4589,1.6026,0,0,0,0,0,0,0,0,0,0,0,0
1.463,1.4947,1.5111,0,0,0,0,0,0,0,0,0,0,0,0
1.5458,1.5305,1.5286,0,0,0,0,0,0,0,0,0,0,0,0
4.2992,4.5079,4.2131,0,0,0,0,0,0,0,0,0,0,0,0
1.6028,1.5907,1.6094,0,0,0,0,0,0,0,0,0,0,0,0
1.5492,1.6268,1.3644,0,0,0,0,0,0,0,0,0,0,0,0
1.5452,1.4869,1.4836,0,0,0,0,0,0,0,0,0,0,0,0
1.545,1.3614,1.4517,0,0,0,0,0,0,0,0,0,0,0,0
1.4962,1.5513,1.4455,0,0,0,0,0,0,0,0,0,0,0,0
4.4867,4.3123,4.4955,0,0,0,0,0,0,0,0,0,0,0,0
1.5333,1.4357,1.6184,0,0,0,0,0,0,0,0,0,0,0,0
1.4972,1.5745,1.6564,0,0,0,0,0,0,0,0,0,0,0,0
1.6226,1.4203,1.5516,0,0,0,0,0,0,0,0,0,0,0,0
1.4076,1.5071,1.5893,0,0,0,0,0,0,0,0,0,0,0,0
1.6334,1.5122,1.6296,0,0,0,0,0,0,0,0,0,0,0,0
4.5272,4.4706,4.3756,0,0,0,0,0,0,0,0,0,0,0,0
1.7376,1.5275,1.5409,0,0,0,0,0,0,0,0,0,0,0,0
1.6082,1.5461,1.4478,0,0,0,0,0,0,0,0,0,0,0,0
1.4444,1.5779,1.5287,0,0,0,0,0,0,0,0,0,0,0,0
1.49,1.5269,1.3877,0,0,0,0,0,0,0,0,0,0,0,0
1.5485,1.5575,1.5054,0,0,0,0,0,0,0,0,0,0,0,0
4.3228,4.5246,4.489,0,0,0,0,0,0,0,0,0,0,0,0
1.4987,1.6245,1.5617,0,0,0,0,0,0,0,0,0,0,0,0
1.5318,1.5326,1.521,0,0,0,0,0,0,0,0,0,0,0,0
1.4886,1.6112,1.5601,0,0,0,0,0,0,0,0,0,0,0,0
1.5335,1.6092,1.5877,0,0,0,0,0,0,0,0,0,0,0,0
1.4152,1.5959,1.614,0,0,0,0,0,0,0,0,0,0,0,0
4.3313,4.4618,4.5883,0,0,0,0,0,0,0,0,0,0,0,0
1.5111,1.5461,1.604,0,0,0,0,0,0,0,0,0,0,0,0
1.6384,1.5039,1.6569,0,0,0,0,0,0,0,0,0,0,0,0
1.4538,1.5361,1.5936,0,0,0,0,0,0,0,0,0,0,0,0
1.5505,1.5007,1.5497,0,0,0,0,0,0,0,0,0,0,0,0
1.4492,1.5278,1.3873,0,0,0,0,0,0,0,0,0,0,0,0
4.2635,4.5014,4.4165,0,0,0,0,0,0,0,0,0,0,0,0
1.3505,1.6662,1.6457,0,0,0,0,0,0,0,0,0,0,0,0
1.3901,1.5261,1.5386,0,0,0,0,0,0,0,0,0,0,0,0
1.5016,1.523,1.5835,0,0,0,0,0,0,0,0,0,0,0,0
1.489,1.6779,1.5963,0,0,0,0,0,0,0,0,0,0,0,0
1.4179,1.4666,1.5268,0,0,0,0,0,0,0,0,0,0,0,0
4.6195,4.5598,4.7387,0,0,0,0,0,0,0,0,0,0,0,0
1.578,1.5311,1.6308,0,0,0,0,0,0,0,0,0,0,0,0
1.512,1.3842,1.5965,0,0,0,0,0,0,0,0,0,0,0,0
1.4952,1.3784,1.4528,0,0,0,0,0,0,0,0,0,0,0,0
1.5164,1.44,1.7208,0,0,0,0,0,0,0,0,0,0,0,0
1.5179,1.4041,1.5912,0,0,0,0,0,0,0,0,0,0,0,0
4.4863,4.5285,4.5308,0,0,0,0,0,0,0,0,0,0,0,0
1.4918,1.6023,1.6092,0,0,0,0,0,0,0,0,0,0,0,0
1.5694,1.6309,1.5551,0,0,0,0,0,0,0,0,0,0,0,0
1.4802,1.4668,1.4645,0,0,0,0,0,0,0,0,0,0,0,0
1.4842,1.4564,1.5384,0,0,0,0,0,0,0,0,0,0,0,0
1.5606,1.4563,1.6595,0,0,0,0,0,0,0,0,0,0,0,0
4.4856,4.288,4.4883,0,0,0,0,0,0,0,0,0,0,0,0
1.4605,1.427,1.5059,0,0,0,0,0,0,0,0,0,0,0,0
1.5731,1.6072,1.5415,0,0,0,0,0,0,0,0,0,0,0,0
1.4632,1.5221,1.4688,0,0,0,0,0,0,0,0,0,0,0,0
1.5735,1.4612,1.4085,0,0,0,0,0,0,0,0,0,0,0,0
1.5407,1.5399,1.5674,0,0,0,0,0,0,0,0,0,0,0,0
4.1872,4.0935,4.4753,0,0,0,0,0,0,0,0,0,0,0,0
1.4039,1.5453,1.5365,0,0,0,0,0,0,0,0,0,0,0,0
1.483,1.5068,1.6271,0,0,0,0,0,0,0,0,0,0,0,0
1.3508,1.5384,1.561,0,0,0,0,0,0,0,0,0,0,0,0
1.3675,1.5318,1.4581,0,0,0,0,0,0,0,0,0,0,0,0
1.4178,1.4839,1.5569,0,0,0,0,0,0,0,0,0,0,0,0
4.0582,4.4883,4.4969,0,0,0,0,0,0,0,0,0,0,0,0
1.5107,1.5775,1.5915,0,0,0,0,0,0,0,0,0,0,0,0
1.4896,1.529,1.7464,0,0,0,0,0,0,0,0,0,0,0,0
1.3907,1.6284,1.5713,0,0,0,0,0,0,0,0,0,0,0,0
1.3685,1.5702,1.3995,0,0,0,0,0,0,0,0,0,0,0,0
1.398,1.4772,1.5821,0,0,0,0,0,0,0,0,0,0,0,0
4.1222,4.4204,4.5606,0,0,0,0,0,0,0,0,0,0,0,0
1.4744,1.6988,1.628,0,0,0,0,0,0,0,0,0,0,0,0
1.6144,1.5352,1.5817,0,0,0,0,0,0,0,0,0,0,0,0
1.4987,1.5786,1.5751,0,0,0,0,0,0,0,0,0,0,0,0
1.5082,1.7629,1.5545,0,0,0,0,0,0,0,0,0,0,0,0
1.5701,1.7671,1.5424,0,0,0,0,0,0,0,0,0,0,0,0
4.2848,4.7953,4.378,0,0,0,0,0,0,0,0,0,0,0,0
1.4769,1.6972,1.6,0,0,0,0,0,0,0,0,0,0,0,0
1.7542,1.6268,1.4935,0,0,0,0,0,0,0,0,0,0,0,0
1.5541,1.6127,1.4697,0,0,0,0,0,0,0,0,0,0,0,0
1.6532,1.4509,1.5645,0,0,0,0,0,0,0,0,0,0,0,0
1.5931,1.5726,1.5785,0,0,0,0,0,0,0,0,0,0,0,0
4.5456,4.688,4.638,0,0,0,0,0,0,0,0,0,0,0,0
1.4719,1.5207,1.4573,0,0,0,0,0,0,0,0,0,0,0,0
1.4771,1.654,1.6753,0,0,0,0,0,0,0,0,0,0,0,0
1.3797,1.4373,1.4889,0,0,0,0,0,0,0,0,0,0,0,0
1.3547,1.5187,1.5635,0,0,0,0,0,0,0,0,0,0,0,0
1.3953,1.5001,1.5451,0,0,0,0,0,0,0,0,0,0,0,0
4.2752,4.3336,4.3306,0,0,0,0,0,0,0,0,0,0,0,0
1.4642,1.401,1.4764,0,0,0,0,0,0,0,0,0,0,0,0
1.5479,1.3645,1.4644,0,0,0,0,0,0,0,0,0,0,0,0
1.4166,1.545,1.4007,0,0,0,0,0,0,0,0,0,0,0,0
1.3371,1.4486,1.4326,0,0,0,0,0,0,0,0,0,0,0,0
1.3298,1.4274,1.378,0,0,0,0,0,0,0,0,0,0,0,0
4.2243,4.2114,4.2212,0,0,0,0,0,0,0,0,0,0,0,0
1.6157,1.4523,1.4433,0,0,0,0,0,0,0,0,0,0,0,0
1.4262,1.479,1.4317,0,0,0,0,0,0,0,0,0,0,0,0
1.3588,1.4994,1.5694,0,0,0,0,0,0,0,0,0,0,0,0
1.5063,1.4676,1.4866,0,0,0,0,0,0,0,0,0,0,0,0
1.5598,1.5039,1.5073,0,0,0,0,0,0,0,0,0,0,0,0
4.2902,4.3369,4.2882,0,0,0,0,0,0,0,0,0,0,0,0
1.4524,1.5173,1.511,0,0,0,0,0,0,0,0,0,0,0,0
1.622,1.4524,1.4307,0,0,0,0,0,0,0,0,0,0,0,0
1.6158,1.4185,1.3955,0,0,0,0,0,0,0,0,0,0,0,0
1.5023,1.5049,1.4613,0,0,0,0,0,0,0,0,0,0,0,0
1.4986,1.4124,1.4301,0,0,0,0,0,0,0,0,0,0,0,0
4.5161,4.1945,4.3058,0,0,0,0,0,0,0,0,0,0,0,0
1.5567,1.4141,1.4405,0,0,0,0,0,0,0,0,0,0,0,0
1.6037,1.4344,1.4236,0,0,0,0,0,0,0,0,0,0,0,0
1.523,1.3429,1.4383,0,0,0,0,0,0,0,0,0,0,0,0
1.4874,1.4988,1.4734,0,0,0,0,0,0,0,0,0,0,0,0
1.4086,1.4884,1.5297,0,0,0,0,0,0,0,0,0,0,0,0
4.3146,4.197,4.6873,0,0,0,0,0,0,0,0,0,0,0,0
1.6143,1.6112,1.5375,0,0,0,0,0,0,0,0,0,0,0,0
1.4698,1.4769,1.4366,0,0,0,0,0,0,0,0,0,0,0,0
1.5686,1.5231,1.4061,0,0,0,0,0,0,0,0,0,0,0,0
1.6515,1.5976,1.3498,0,0,0,0,0,0,0,0,0,0,0,0
1.5631,1.565,1.4368,0,0,0,0,0,0,0,0,0,0,0,0
4.5296,4.3492,4.3781,0,0,0,0,0,0,0,0,0,0,0,0
1.4671,1.5028,1.4232,0,0,0,0,0,0,0,0,0,0,0,0
1.5454,1.3518,1.4319,0,0,0,0,0,0,0,0,0,0,0,0
1.646,1.4745,1.3788,0,0,0,0,0,0,0,0,0,0,0,0
1.521,1.4557,1.396,0,0,0,0,0,0,0,0,0,0,0,0
1.4939,1.6166,1.3314,0,0,0,0,0,0,0,0,0,0,0,0
4.498,4.3059,4.1651,0,0,0,0,0,0,0,0,0,0,0,0
1.5465,1.5971,1.4223,0,0,0,0,0,0,0,0,0,0,0,0
1.4615,1.5216,1.4494,0,0,0,0,0,0,0,0,0,0,0,0
1.4447,1.46,1.5838,0,0,0,0,0,0,0,0,0,0,0,0
1.5183,1.5057,1.4738,0,0,0,0,0,0,0,0,0,0,0,0
1.4785,1.4317,1.3552,0,0,0,0,0,0,0,0,0,0,0,0
