1
376.0000,460.0000,82.0000,87.0000
379.6900,453.4750,84.4600,89.6100
379.6900,453.4750,84.4600,89.6100
379.6900,453.4750,84.4600,89.6100
379.6900,453.4750,84.4600,89.6100
379.6900,453.4750,84.4600,89.6100
379.6900,453.4750,84.4600,89.6100
379.6900,453.4750,84.4600,89.6100
379.6900,453.4750,84.4600,89.6100
379.6900,453.4750,84.4600,89.6100
379.6900,453.4750,84.4600,89.6100
379.6900,453.4750,84.4600,89.6100
387.2914,448.0984,84.4600,89.6100
0
0
0
0
0
0
0
0
0
0
0
0
0
0
0
0
0
0
0
0
0
0
0
0
0
0
0
0
0
0
0
0
0
0
0
0
0
0
0
0
0
0
0
0
0
0
0
0
0
0
0
0
0
0
0
0
0
0
0
0
0
0
0
0
0
0
0
0
0
0
0
0
0
0
0
0
0
0
0
0
0
0
0
0
0
0
0
0
0
2
0
0
0
0
1
424.0200,528.0500,67.0000,65.0000
422.0100,528.0500,67.0000,65.0000
422.0100,528.0500,67.0000,65.0000
422.0100,528.0500,67.0000,65.0000
422.0100,528.0500,67.0000,65.0000
422.0100,528.0500,67.0000,65.0000
422.0100,528.0500,67.0000,65.0000
422.0100,528.0500,67.0000,65.0000
422.0100,528.0500,67.0000,65.0000
422.0100,528.0500,67.0000,65.0000
422.0100,528.0500,67.0000,65.0000
417.9900,530.0000,67.0000,65.0000
417.9900,530.0000,67.0000,65.0000
417.9900,530.0000,67.0000,65.0000
417.9900,530.0000,67.0000,65.0000
417.9900,530.0000,67.0000,65.0000
417.9900,530.0000,67.0000,65.0000
417.9900,530.0000,67.0000,65.0000
417.9900,530.0000,67.0000,65.0000
417.9900,530.0000,67.0000,65.0000
417.9900,530.0000,67.0000,65.0000
0
0
0
0
0
0
0
0
0
0
0
0
0
0
0
0
0
0
0
0
0
0
0
0
0
0
0
0
0
0
0
0
0
0
0
0
0
0
0
0
0
0
0
0
0
0
0
0
0
0
0
0
0
0
0
0
0
0
0
0
0
0
0
0
0
0
0
0
0
0
0
0
0
0
0
0
0
0
0
0
2
0
0
0
0
1
297.5200,512.3100,71.0000,77.0000
312.2000,526.0000,67.0000,73.0000
312.2000,526.0000,67.0000,73.0000
312.2000,526.0000,67.0000,73.0000
312.2000,526.0000,67.0000,73.0000
312.2000,526.0000,67.0000,73.0000
312.2000,526.0000,67.0000,73.0000
312.2000,526.0000,67.0000,73.0000
312.2000,526.0000,67.0000,73.0000
312.2000,526.0000,67.0000,73.0000
0
0
2
0
0
0
0
1
942.4000,500.8000,99.0000,47.2000
2
0
0
0
0
1
1368.6000,487.0000,82.0000,36.6000
1387.6000,481.6000,75.8000,33.8000
2
0
0
0
0
