0.025439
0.030466
0.025551
0.021398
0.020867
0.018012
0.017063
0.016642
0.015959
0.01656
0.014907
0.015302
0.014094
0.01473
0.013361
0.013891
0.013225
0.013923
0.013155
0.013993
0.013285
0.013959
0.013233
0.013943
0.013146
0.01385
0.013222
0.013916
0.013224
0.013998
0.01322
0.014143
0.013107
0.013974
0.013079
0.014011
0.013091
0.014058
0.013284
0.014026
0.013207
0.015447
0.013233
0.014165
0.013464
0.01423
0.013204
0.013901
0.013132
0.01376
0.013028
0.013778
0.013089
0.013737
0.013082
0.013787
0.013092
0.013858
0.013078
0.013839
0.013188
0.013926
0.013016
0.013814
0.013016
0.013841
0.013127
0.013879
0.013057
0.013819
0.01315
0.013753
0.013152
0.013867
0.013108
0.013931
0.013122
0.013809
0.013011
0.013802
0.01306
0.013877
0.013366
0.014007
0.013215
0.014163
0.019944
0.021598
0.018334
0.01882
0.016709
0.016962
0.015379
0.015763
0.014401
0.014607
0.01338
0.014134
0.013073
0.013876
0.013064
0.013844
0.01344
0.0138
0.013459
0.01364
0.013567
0.013621
0.013246
0.01366
0.013291
0.01359
0.01324
0.013798
0.013377
0.013672
0.013393
0.013592
0.01324
0.013367
0.013149
0.01349
0.013344
0.013743
0.013275
0.0136
0.01339
0.01364
0.013355
0.013845
0.013227
0.013914
0.013402
0.013677
0.01319
0.01382
0.013424
0.0145
0.013613
NaN
NaN
NaN
NaN
0.024924
0.030968
0.027776
0.022207
0.022273
0.018479
0.017552
0.01676
0.016261
0.017069
0.015071
0.016075
0.013488
0.013565
0.013103
0.012795
0.012681
0.013363
0.012663
0.012777
0.013116
0.013059
0.012838
0.012937
0.01282
0.01264
0.012779
0.01432
0.013078
0.012893
0.01285
0.012726
0.013747
NaN
NaN
NaN
NaN
0.021493
0.026064
0.022368
0.019392
0.019059
0.016965
0.016147
0.016508
0.016605
0.016103
0.014265
0.013697
0.013957
0.0142
0.013049
0.013864
0.014074
0.013172
0.013677
0.013851
0.013278
0.013533
0.013262
0.013768
0.013251
0.013655
0.013353
0.013566
0.013124
0.013638
0.013382
0.013715
0.013174
0.013767
0.013777
0.015362
0.013209
0.013659
0.01322
0.014291
0.013215
0.013879
0.013318
0.013747
0.013204
0.013646
0.013255
0.013688
0.013366
0.013725
0.013329
0.013812
0.013237
0.013773
0.013222
0.013825
0.013235
NaN
NaN
NaN
NaN
0.025878
0.03262
0.026723
0.022854
0.022267
0.019015
0.017733
0.016987
0.01622
0.015338
0.01492
0.014364
0.013871
0.0135
0.013197
0.012688
0.012535
0.012743
0.01256
0.012669
0.012622
0.012683
0.012713
0.012733
0.012733
0.012705
0.012714
0.012547
0.012745
0.01294
0.012964
0.012562
0.012576
0.012619
0.012611
0.012691
0.012824
0.012765
0.012711
0.012749
0.01253
0.012715
0.01263
0.012796
0.012612
0.01273
0.012651
0.012612
0.012664
0.012712
0.012754
0.012606
0.012768
0.014507
0.013148
0.012721
0.012635
0.012828
0.013075
0.013146
0.013066
0.01312
0.013422
0.01278
0.012829
0.01358
0.013128
0.012749
0.012802
0.013223
0.013103
0.01268
0.012752
0.012975
0.012885
0.013004
0.012753
0.012837
0.012824
0.013382
0.013184
0.012845
0.013416
0.012832
