1.2938
0.55999
0.092108
0.027957
0.035858
0.024856
0.029175
0.022775
0.022537
0.021931
0.022454
0.023302
0.019061
0.020865
0.019722
0.018001
0.029399
0.022099
0.019531
0.025652
0.025304
0.023081
0.022138
0.022476
0.018895
0.018265
0.01822
0.018846
0.019735
0.020205
0.020551
0.018857
0.018673
0.018555
0.019217
0.018941
0.018871
0.019797
0.015928
0.016705
0.016698
0.016193
0.015676
0.015037
0.015106
0.015179
0.015251
0.015113
0.014897
0.015113
0.015892
0.016386
0.016941
0.023468
0.0186
0.027932
0.027545
0.024313
0.017928
0.017711
0.017819
0.017911
0.017919
0.018005
0.017861
0.017882
0.017685
0.01775
0.017685
0.017686
0.01754
0.017738
0.017843
0.017805
0.0178
0.017852
0.017909
0.017865
0.017759
0.017832
0.018135
0.027482
0.022931
0.020879
0.01943
0.018234
0.017624
0.018357
0.019177
0.018274
0.028883
0.026704
0.023676
0.020763
0.021252
0.019016
0.018451
0.024787
0.019968
0.020601
0.018551
0.018645
0.01878
0.018855
0.018681
0.023808
0.023215
0.022165
0.018925
0.021255
0.019182
0.022741
0.022562
0.024763
0.023515
0.021546
0.023735
0.023032
0.022687
0.029315
0.022792
0.018211
0.018205
0.015947
0.023704
0.022119
0.022622
0.019259
0.018712
0.019498
0.02516
0.025195
0.022299
0.02073
0.019219
0.018313
0.01765
0.024311
0.020306
0.019299
0.022634
0.01998
0.01759
0.01739
0.017439
0.017437
0.017582
0.017935
0.017679
0.017839
0.017673
