0.00015
0.045569
0.023975
0.024378
0.023525
0.024686
0.02414
0.023984
0.023794
0.024975
0.024213
0.023676
0.023764
0.023354
0.022719
0.023066
0.023153
0.023205
0.023623
0.023616
0.023822
0.024034
0.023949
0.025475
0.024381
0.02458
0.023195
0.023338
0.023489
0.024148
0.024468
0.023861
0.024089
0.024882
0.024388
0.024289
0.024774
0.02453
0.024208
0.024234
0.023645
0.023674
0.023703
0.024156
0.024098
0.024103
0.02424
0.023502
0.024107
0.023544
0.023916
0.023833
0.024471
0.024196
0.024135
0.023973
0.024085
0.024265
0.023907
0.024267
0.023917
0.024165
0.02485
0.025053
0.024549
0.024705
0.024624
0.024812
0.024221
0.024846
0.025068
0.024758
0.024744
0.023793
0.025227
0.024399
0.024686
0.025925
0.025661
0.024075
0.02536
0.025439
0.0236
0.024139
0.024842
0.024824
0.024517
0.024913
0.024404
0.023853
0.024541
0.024371
0.024222
0.02398
0.024011
0.02379
0.023388
0.02477
0.025398
0.02478
0.023534
0.023216
0.024053
0.023939
0.025251
0.024489
0.024531
0.03284
0.02476
0.024876
0.025214
0.023816
0.023869
0.02401
0.023846
0.024267
0.025382
0.024806
0.023848
0.023778
0.023904
0.023939
0.023676
0.025482
0.023707
0.023771
0.023834
0.024444
0.023837
0.024644
0.025216
0.024764
0.024001
0.024192
0.025067
0.024007
0.023686
0.023635
0.024367
0.024076
0.024075
0.023905
0.023735
0.023952
0.024116
0.024273
0.024539
0.024119
0.024297
0.0247
0.023505
0.023378
0.023834
0.023727
0.023528
0.023793
0.023936
0.023562
0.024016
0.023838
0.024256
0.023919
0.024098
0.023969
0.023532
0.023426
0.023841
0.02381
0.024192
0.023972
0.024209
0.024299
0.024788
0.024516
0.024161
0.024981
0.024967
0.024581
0.02326
0.02441
0.023584
0.023978
0.024076
0.023931
0.023962
0.024306
0.024168
0.024839
0.024035
0.023901
0.023919
0.024011
0.023798
0.024152
0.024089
0.02379
0.023988
0.024453
0.024601
0.024265
0.024351
0.024706
0.024597
0.024604
0.024662
0.025077
0.024647
0.024694
0.025185
0.024713
0.024665
0.024124
0.024378
0.024994
0.024585
0.024529
0.024216
0.025201
0.024364
0.024575
0.02418
0.024044
0.024383
0.024999
0.023902
0.024527
0.0242
0.024154
0.024208
0.024476
0.02408
0.024011
0.024213
0.024114
0.024321
0.024475
0.024526
0.024586
0.024488
0.024626
0.024707
0.024556
0.025244
0.024432
0.024675
0.024777
0.024464
0.024763
0.024925
0.025105
0.024956
0.02484
0.025539
0.024789
0.025069
0.028249
0.025707
0.027013
0.025537
0.026368
0.026442
0.025217
0.025181
0.026873
0.025376
0.0255
0.027508
0.026078
0.026852
0.025686
0.027292
0.02684
0.026931
0.026635
0.026882
0.02727
0.027072
0.026881
0.027432
0.027349
0.027276
0.02714
0.027781
0.026891
0.026768
0.028465
0.026571
0.027355
0.025794
0.027848
0.026374
0.027662
0.02663
0.0263
0.025248
0.025503
0.026104
0.025372
0.026057
0.024996
0.025895
0.025078
0.02646
0.025494
0.025054
0.025976
0.025485
0.025534
0.024715
0.024629
0.024614
0.025245
0.024461
0.024565
0.024556
0.024952
0.025076
0.024854
0.02452
0.024768
0.0249
0.024474
0.02466
0.024628
0.024594
0.024851
0.024444
0.024911
0.023641
0.024222
0.024131
0.024436
0.024258
0.024945
0.024464
0.024576
0.024031
0.024472
0.024422
0.024159
0.024792
