1
782.8000,282.0000,869.2000,282.0000,869.2000,414.0000,782.8000,414.0000
785.5000,278.6000,875.5000,278.6000,875.5000,403.4000,785.5000,403.4000
787.7000,276.9000,875.3000,276.9000,875.3000,398.1000,787.7000,398.1000
790.5000,276.0000,880.5000,276.0000,880.5000,396.0000,790.5000,396.0000
792.1000,274.5000,886.9000,274.5000,886.9000,388.5000,792.1000,388.5000
789.6000,272.3000,890.4000,272.3000,890.4000,376.7000,789.6000,376.7000
785.9000,268.7000,895.1000,268.7000,895.1000,368.3000,785.9000,368.3000
809.9000,269.9000,907.1000,269.9000,907.1000,391.1000,809.9000,391.1000
809.7000,263.1000,909.3000,263.1000,909.3000,381.9000,809.7000,381.9000
817.0000,261.3000,913.0000,261.3000,913.0000,377.7000,817.0000,377.7000
824.9000,258.0000,922.1000,258.0000,922.1000,378.0000,824.9000,378.0000
830.0000,255.8000,926.0000,255.8000,926.0000,378.2000,830.0000,378.2000
833.1000,253.7000,927.9000,253.7000,927.9000,377.3000,833.1000,377.3000
833.8000,252.4000,932.2000,252.4000,932.2000,379.6000,833.8000,379.6000
836.7000,270.4000,960.3000,270.4000,960.3000,373.6000,836.7000,373.6000
837.4000,268.8000,964.6000,268.8000,964.6000,367.2000,837.4000,367.2000
849.0000,261.1000,969.0000,261.1000,969.0000,367.9000,849.0000,367.9000
852.0000,258.5000,972.0000,258.5000,972.0000,372.5000,852.0000,372.5000
854.5000,260.8000,968.5000,260.8000,968.5000,371.2000,854.5000,371.2000
856.2000,255.1000,973.8000,255.1000,973.8000,361.9000,856.2000,361.9000
862.1000,246.6000,980.9000,246.6000,980.9000,359.4000,862.1000,359.4000
867.2000,240.2000,984.8000,240.2000,984.8000,345.8000,867.2000,345.8000
867.4000,233.6000,982.6000,233.6000,982.6000,334.4000,867.4000,334.4000
866.0000,233.7000,986.0000,233.7000,986.0000,333.3000,866.0000,333.3000
882.6000,220.3000,983.4000,220.3000,983.4000,336.7000,882.6000,336.7000
881.8000,218.4000,980.2000,218.4000,980.2000,345.6000,881.8000,345.6000
871.3000,214.1000,987.7000,214.1000,987.7000,332.9000,871.3000,332.9000
869.6000,202.7000,982.4000,202.7000,982.4000,326.3000,869.6000,326.3000
867.7000,207.5000,991.3000,207.5000,991.3000,321.5000,867.7000,321.5000
859.0000,206.5000,991.0000,206.5000,991.0000,308.5000,859.0000,308.5000
856.7000,201.9000,992.3000,201.9000,992.3000,299.1000,856.7000,299.1000
847.9000,197.5000,993.1000,197.5000,993.1000,299.5000,847.9000,299.5000
844.4000,204.1000,995.6000,204.1000,995.6000,298.9000,844.4000,298.9000
833.8000,199.6000,992.2000,199.6000,992.2000,300.4000,833.8000,300.4000
836.1000,191.1000,990.9000,191.1000,990.9000,297.9000,836.1000,297.9000
829.0000,199.7000,985.0000,199.7000,985.0000,299.3000,829.0000,299.3000
817.0000,202.6000,973.0000,202.6000,973.0000,303.4000,817.0000,303.4000
818.6000,198.2000,967.4000,198.2000,967.4000,303.8000,818.6000,303.8000
812.8000,201.2000,959.2000,201.2000,959.2000,306.8000,812.8000,306.8000
809.8000,197.8000,944.2000,197.8000,944.2000,308.2000,809.8000,308.2000
790.5000,203.6000,928.5000,203.6000,928.5000,316.4000,790.5000,316.4000
784.3000,199.2000,924.7000,199.2000,924.7000,316.8000,784.3000,316.8000
758.4000,197.4000,909.6000,197.4000,909.6000,312.6000,758.4000,312.6000
761.7000,198.2000,909.3000,198.2000,909.3000,315.8000,761.7000,315.8000
762.6000,200.2000,899.4000,200.2000,899.4000,317.8000,762.6000,317.8000
683.1000,162.1000,813.9000,162.1000,813.9000,280.9000,683.1000,280.9000
670.5000,161.0000,808.5000,161.0000,808.5000,281.0000,670.5000,281.0000
658.9000,161.9000,792.1000,161.9000,792.1000,283.1000,658.9000,283.1000
660.0000,164.2000,792.0000,164.2000,792.0000,281.8000,660.0000,281.8000
653.9000,229.1000,787.1000,229.1000,787.1000,335.9000,653.9000,335.9000
668.2000,214.3000,797.8000,214.3000,797.8000,318.7000,668.2000,318.7000
640.2000,214.4000,769.8000,214.4000,769.8000,317.6000,640.2000,317.6000
617.2000,234.5000,746.8000,234.5000,746.8000,336.5000,617.2000,336.5000
606.6000,226.0000,743.4000,226.0000,743.4000,334.0000,606.6000,334.0000
595.8000,224.4000,730.2000,224.4000,730.2000,327.6000,595.8000,327.6000
575.3000,225.1000,715.7000,225.1000,715.7000,331.9000,575.3000,331.9000
569.5000,228.3000,707.5000,228.3000,707.5000,332.7000,569.5000,332.7000
567.4000,230.1000,706.6000,230.1000,706.6000,336.9000,567.4000,336.9000
569.1000,229.9000,711.9000,229.9000,711.9000,339.1000,569.1000,339.1000
569.1000,235.8000,711.9000,235.8000,711.9000,346.2000,569.1000,346.2000
542.2000,329.9000,683.8000,329.9000,683.8000,439.1000,542.2000,439.1000
546.3000,323.9000,686.7000,323.9000,686.7000,433.1000,546.3000,433.1000
546.7000,312.4000,682.3000,312.4000,682.3000,427.6000,546.7000,427.6000
547.0000,307.1000,679.0000,307.1000,679.0000,425.9000,547.0000,425.9000
543.1000,304.1000,673.9000,304.1000,673.9000,422.9000,543.1000,422.9000
541.4000,308.1000,668.6000,308.1000,668.6000,426.9000,541.4000,426.9000
539.7000,307.2000,663.3000,307.2000,663.3000,424.8000,539.7000,424.8000
538.7000,306.1000,662.3000,306.1000,662.3000,424.9000,538.7000,424.9000
534.8000,304.8000,657.2000,304.8000,657.2000,427.2000,534.8000,427.2000
537.7000,306.7000,661.3000,306.7000,661.3000,430.3000,537.7000,430.3000
534.7000,306.5000,658.3000,306.5000,658.3000,432.5000,534.7000,432.5000
538.1000,309.6000,656.9000,309.6000,656.9000,434.4000,538.1000,434.4000
536.7000,304.0000,648.3000,304.0000,648.3000,436.0000,536.7000,436.0000
595.6000,310.3000,696.4000,310.3000,696.4000,438.7000,595.6000,438.7000
592.3000,318.5000,696.7000,318.5000,696.7000,456.5000,592.3000,456.5000
