1
171.0000,24.0000,26.0000,61.0000
171.0000,24.0000,27.0000,60.0000
173.0000,21.0000,27.0000,60.0000
176.0000,17.0000,27.0000,61.0000
174.0000,18.0000,26.0000,60.0000
173.0000,18.0000,26.0000,60.0000
170.0000,21.0000,24.0000,56.0000
168.0000,24.0000,22.0000,53.0000
165.0000,23.0000,22.0000,55.0000
163.0000,24.0000,23.0000,54.0000
158.0000,20.0000,26.0000,61.0000
158.0000,22.0000,22.0000,53.0000
156.0000,23.0000,22.0000,52.0000
155.0000,25.0000,22.0000,52.0000
157.0000,31.0000,20.0000,47.0000
156.0000,25.0000,29.0000,66.0000
155.0000,23.0000,34.0000,73.0000
154.5208,21.9246,37.6311,77.7287
153.3141,22.7328,40.5543,79.8751
153.4240,23.3409,41.1714,79.0799
151.3795,25.4548,42.9225,78.8844
146.6797,28.0453,45.4810,78.0849
139.7040,29.7455,46.8016,79.3171
133.4151,31.4660,48.8054,80.4789
125.2243,31.4364,51.4295,83.9672
129.2600,33.6987,43.8796,73.8574
130.9350,34.1263,46.2963,79.1565
134.9008,34.5254,43.9263,79.8095
135.0068,34.7946,45.7789,82.0752
140.0000,38.0000,45.0000,66.0000
144.0000,41.0000,36.0000,54.0000
143.0000,40.0000,41.0000,57.0000
142.0000,40.0000,43.0000,59.0000
143.0000,40.0000,43.0000,60.0000
144.0000,40.0000,42.0000,60.0000
138.0000,37.0000,50.0000,76.0000
140.3543,38.7519,47.9494,71.1148
140.1288,39.1646,50.8393,74.0703
136.8764,37.9006,55.0750,82.9750
2
0
0
0
0
1
154.0000,129.0000,31.0000,39.0000
154.0000,130.0000,32.0000,40.0000
154.0000,130.0000,32.0000,40.0000
154.0000,128.0000,33.0000,42.0000
153.0000,125.0000,35.0000,45.0000
150.0000,119.0000,41.0000,52.0000
157.0000,111.0000,33.0000,41.0000
160.0000,106.0000,31.0000,39.0000
163.0000,99.0000,29.0000,38.0000
164.0000,94.0000,30.0000,37.0000
166.0000,88.0000,30.0000,37.0000
166.0000,83.0000,32.0000,38.0000
167.0000,81.0000,31.0000,38.0000
168.0000,80.0000,29.0000,37.0000
170.0000,80.0000,24.0000,29.0000
2
0
0
0
0
1
155.0000,100.0000,40.0000,41.0000
155.0000,96.0000,41.0000,44.0000
154.0000,93.0000,43.0000,46.0000
156.0000,99.0000,38.0000,40.0000
157.0000,100.0000,38.0000,40.0000
151.0000,85.0000,47.0000,48.0000
150.7630,85.7550,47.7535,49.2659
150.6933,86.6091,47.1758,49.1475
147.6263,88.1804,53.0847,54.0805
146.7531,98.6483,51.6397,52.1397
141.0751,98.4395,64.6035,65.5940
140.1592,102.1113,66.7698,67.7554
135.0000,118.0000,68.0000,69.0000
135.0000,132.0000,60.0000,61.0000
136.0000,123.0000,53.0000,64.0000
2
0
0
0
0
1
158.0000,80.0000,38.0000,67.0000
157.0000,80.0000,40.0000,68.0000
156.0000,79.0000,41.0000,69.0000
156.0000,77.0000,41.0000,70.0000
155.0000,77.0000,42.0000,70.0000
156.0000,78.0000,41.0000,69.0000
157.0000,79.0000,41.0000,69.0000
158.1678,79.4532,41.3109,68.9927
159.0000,80.0000,40.0000,68.0000
159.0000,80.0000,40.0000,68.0000
159.0000,79.0000,40.0000,68.0000
160.0000,80.0000,39.0000,67.0000
160.0000,79.0000,39.0000,68.0000
158.9709,79.6475,38.6111,66.6701
158.0000,79.0000,39.0000,67.0000
157.0000,79.0000,39.0000,67.0000
157.0000,80.0000,38.0000,66.0000
158.0000,80.0000,37.0000,67.0000
158.0000,80.0000,37.0000,67.0000
158.0000,81.0000,37.0000,67.0000
158.0000,82.0000,37.0000,66.0000
158.0000,82.0000,37.0000,66.0000
158.0000,82.0000,37.0000,66.0000
158.0000,81.0000,37.0000,67.0000
158.0000,81.0000,37.0000,67.0000
159.0000,81.0000,37.0000,67.0000
159.0000,81.0000,37.0000,66.0000
159.0000,80.0000,37.0000,67.0000
159.0000,80.0000,38.0000,67.0000
159.0000,80.0000,38.0000,67.0000
159.0000,81.0000,38.0000,66.0000
159.0000,81.0000,37.0000,67.0000
158.5508,81.9422,38.0887,66.4137
158.0000,82.0000,38.0000,67.0000
158.0000,83.0000,37.0000,67.0000
158.0000,81.0000,37.0000,68.0000
157.0000,80.0000,38.0000,68.0000
158.0000,79.0000,37.0000,67.0000
159.0000,79.0000,35.0000,65.0000
159.0000,78.0000,35.0000,65.0000
155.0000,76.0000,40.0000,68.0000
154.0000,76.0000,41.0000,67.0000
155.0000,77.0000,39.0000,62.0000
152.0000,75.0000,43.0000,69.0000
152.0000,76.0000,45.0000,70.0000
152.5483,76.5374,46.1748,71.8458
151.0000,75.0000,47.0000,75.0000
151.2896,74.9837,49.1732,77.3572
150.8363,75.4035,50.3147,78.5713
150.6924,78.9015,51.2366,79.8358
151.8961,81.2175,49.1338,77.3119
152.3281,81.7912,47.0158,76.1615
152.4768,81.7330,46.6475,76.0610
152.1721,82.3802,46.7716,75.6666
151.8109,82.9479,47.1801,75.3020
152.1686,83.6366,46.2334,74.7253
152.3522,83.6311,46.1451,75.0785
152.7449,83.4190,45.5342,74.4573
152.5034,83.9947,45.9010,73.9039
152.2847,84.3279,45.4425,74.1437
152.0000,85.0000,45.0000,74.0000
152.0000,85.0000,44.0000,74.0000
150.0000,86.0000,46.0000,74.0000
147.0000,88.0000,45.0000,74.0000
144.0000,92.0000,45.0000,74.0000
142.0000,94.0000,44.0000,73.0000
141.0000,92.0000,45.0000,73.0000
141.0000,92.0000,44.0000,73.0000
141.0000,92.0000,44.0000,73.0000
142.0000,93.0000,43.0000,72.0000
142.0000,94.0000,44.0000,73.0000
143.0000,94.0000,43.0000,72.0000
143.0000,93.0000,44.0000,73.0000
143.0000,93.0000,45.0000,73.0000
144.0000,92.0000,44.0000,72.0000
144.0000,91.0000,44.0000,73.0000
144.0000,90.0000,45.0000,73.0000
143.0000,88.0000,47.0000,75.0000
143.0483,87.5568,47.2799,74.5668
142.8310,86.1599,48.7039,75.3245
144.0168,86.4561,48.5076,74.9607
144.7142,86.2146,47.4817,74.9473
144.2645,85.8904,47.4445,74.6521
143.7990,84.7197,47.3977,74.7594
143.2971,84.0473,47.4692,74.3815
143.9388,84.2920,46.6775,73.6519
143.7743,83.1209,46.4697,73.3249
143.3662,81.9197,47.3006,73.7214
144.4891,81.5628,46.6315,73.0708
145.6522,78.3260,46.3931,73.7033
145.5994,75.1778,46.8740,73.2705
144.0649,70.7063,47.1019,73.6886
143.7434,67.4372,46.5252,73.1833
143.9317,67.2044,46.4991,72.9053
145.2112,68.3978,46.5071,73.5025
146.0000,69.0000,46.0000,75.0000
147.7532,69.1600,46.4350,76.1091
149.2112,70.9903,44.6341,73.3823
149.7399,70.4389,44.6438,72.4847
150.2894,68.5578,44.3357,72.0182
148.3973,65.4823,45.0481,72.3583
146.2840,65.3860,44.5535,72.9863
147.3612,69.0328,43.2361,71.9791
144.0000,70.0000,45.0000,72.0000
144.2790,70.5190,45.2811,72.4264
144.6171,69.2720,45.5611,72.1656
144.7029,68.4810,45.7621,72.1063
142.7016,69.1031,48.7123,74.6105
141.6872,70.5812,48.1434,74.6534
140.6290,70.8560,47.9142,75.4228
139.0528,70.3893,47.5876,74.7566
135.1333,71.4147,48.5728,75.8344
135.1062,74.7124,46.1087,74.8754
134.7435,77.8697,43.5383,73.7646
132.3454,77.2862,46.1539,75.1545
131.5101,77.2304,45.3974,74.2798
132.0013,79.5036,44.3671,73.0332
131.3552,79.0396,45.3354,75.2959
131.0000,78.0000,44.0000,74.0000
131.4389,76.8266,45.6211,74.9306
130.0516,76.3466,47.2412,75.6933
129.0009,75.8135,48.1200,76.2220
128.4993,75.2882,47.1363,75.6307
128.7986,74.8917,47.2882,75.4745
127.8745,72.6407,47.3300,75.5029
128.2814,72.2316,46.7947,75.6195
129.0008,72.6250,46.2945,75.0011
128.2827,71.9435,47.0303,75.7372
127.5303,71.0953,47.4694,76.4086
127.8415,70.6398,47.7023,76.6798
127.8930,69.2536,47.6487,76.1849
127.3846,69.2583,48.2113,75.6558
128.1398,69.3585,47.6886,74.6607
127.3846,67.6354,48.6653,75.3628
127.0722,65.9421,48.7807,76.1527
127.6487,65.5864,48.7936,76.2247
128.1878,65.3641,48.7349,76.9454
