1
483.0000,499.0000,37.0000,117.0000
483.0000,486.0000,38.0000,116.0000
489.0000,474.0000,38.0000,115.0000
488.0000,459.0000,38.0000,113.0000
486.0000,446.0000,38.0000,111.0000
485.0000,431.0000,39.0000,111.0000
485.0000,418.0000,39.0000,106.0000
486.0000,407.0000,38.0000,105.0000
484.0000,393.0000,38.0000,101.0000
486.0000,379.0000,39.0000,104.0000
487.0000,368.0000,38.0000,101.0000
488.0000,361.0000,37.0000,99.0000
488.0000,352.0000,38.0000,95.0000
491.0000,341.0000,38.0000,95.0000
489.0000,330.0000,37.0000,94.0000
486.0000,319.0000,38.0000,92.0000
485.0000,310.0000,39.0000,92.0000
495.0000,306.0000,38.0000,93.0000
507.0000,304.0000,39.0000,98.0000
519.0000,302.0000,39.0000,103.0000
527.0000,301.0000,40.0000,102.0000
530.0000,290.0000,36.0000,114.0000
520.0000,289.0000,35.0000,115.0000
495.0000,276.0000,37.0000,112.0000
479.0000,271.0000,36.0000,114.0000
476.0000,269.0000,34.0000,113.0000
483.0000,270.0000,34.0000,113.0000
491.0000,274.0000,35.0000,115.0000
501.0000,274.0000,38.0000,115.0000
517.0000,283.0000,41.0000,118.0000
532.0000,296.0000,41.0000,117.0000
546.0000,308.0000,40.0000,114.0000
552.0000,314.0000,39.0000,116.0000
546.0000,317.0000,38.0000,115.0000
541.0000,309.0000,39.0000,119.0000
537.0000,304.0000,39.0000,116.0000
537.0000,299.0000,39.0000,116.0000
543.0000,297.0000,38.0000,114.0000
543.0000,292.0000,38.0000,113.0000
544.0000,285.0000,38.0000,113.0000
547.0000,277.0000,38.0000,110.0000
547.0000,271.0000,37.0000,112.0000
545.0000,263.0000,38.0000,113.0000
544.0000,260.0000,39.0000,110.0000
545.0000,256.0000,40.0000,111.0000
546.0000,252.0000,40.0000,113.0000
544.0000,248.0000,40.0000,113.0000
542.0000,247.0000,40.0000,115.0000
540.0000,244.0000,41.0000,119.0000
537.0000,242.0000,40.0000,120.0000
535.0000,241.0000,39.0000,119.0000
531.0000,242.0000,41.0000,121.0000
528.0000,245.0000,41.0000,121.0000
524.0000,253.0000,39.0000,121.0000
519.0000,263.0000,39.0000,121.0000
510.0000,273.0000,39.0000,118.0000
504.0000,279.0000,38.0000,124.0000
501.0000,282.0000,39.0000,128.0000
499.0000,283.0000,39.0000,131.0000
496.0000,283.0000,41.0000,134.0000
492.0000,282.0000,41.0000,134.0000
494.0000,280.0000,42.0000,139.0000
490.0000,279.0000,44.0000,140.0000
489.0000,277.0000,45.0000,144.0000
489.0000,274.0000,46.0000,145.0000
490.0000,274.0000,46.0000,147.0000
491.0000,274.0000,46.0000,147.0000
491.0000,270.0000,48.0000,151.0000
494.0000,265.0000,47.0000,155.0000
493.0000,260.0000,48.0000,153.0000
490.0000,256.0000,49.0000,156.0000
488.0000,253.0000,50.0000,157.0000
488.0000,250.0000,51.0000,158.0000
487.0000,246.0000,53.0000,161.0000
487.0000,242.0000,53.0000,165.0000
488.0000,241.0000,53.0000,165.0000
486.0000,241.0000,54.0000,168.0000
485.0000,242.0000,55.0000,167.0000
480.0000,241.0000,56.0000,173.0000
476.0000,242.0000,56.0000,171.0000
475.0000,242.0000,57.0000,176.0000
475.0000,243.0000,57.0000,177.0000
476.0000,242.0000,57.0000,180.0000
476.0000,243.0000,58.0000,178.0000
476.0000,241.0000,59.0000,182.0000
477.0000,241.0000,60.0000,186.0000
480.0000,237.0000,61.0000,192.0000
481.0000,236.0000,63.0000,199.0000
481.0000,234.0000,65.0000,203.0000
481.0000,235.0000,65.0000,204.0000
481.0000,236.0000,66.0000,209.0000
480.0000,235.0000,67.0000,211.0000
480.0000,235.0000,67.0000,213.0000
481.0000,231.0000,69.0000,222.0000
481.0000,232.0000,68.0000,217.0000
482.0000,228.0000,67.0000,222.0000
481.0000,229.0000,68.0000,220.0000
478.0000,229.0000,70.0000,221.0000
478.0000,224.0000,70.0000,226.0000
478.0000,224.0000,70.0000,228.0000
478.0000,219.0000,73.0000,230.0000
477.0000,218.0000,75.0000,232.0000
476.0000,219.0000,79.0000,238.0000
479.0000,215.0000,78.0000,240.0000
483.0000,212.0000,79.0000,242.0000
484.0000,210.0000,79.0000,246.0000
487.0000,211.0000,79.0000,251.0000
486.0000,215.0000,83.0000,255.0000
487.0000,220.0000,84.0000,257.0000
490.0000,218.0000,83.0000,264.0000
493.0000,222.0000,83.0000,266.0000
493.0000,217.0000,83.0000,276.0000
493.0000,220.0000,84.0000,278.0000
494.0000,226.0000,85.0000,283.0000
498.0000,230.0000,86.0000,287.0000
495.0000,229.0000,88.0000,291.0000
497.0000,223.0000,88.0000,295.0000
498.0000,212.0000,89.0000,297.0000
496.0000,211.0000,91.0000,302.0000
500.0000,209.0000,91.0000,310.0000
495.0000,207.0000,95.0000,312.0000
497.0000,209.0000,100.0000,310.0000
483.0000,211.0000,100.0000,308.0000
468.0000,217.0000,100.0000,306.0000
449.0000,225.0000,99.0000,306.0000
409.0000,227.0000,102.0000,306.0000
357.0000,211.0000,100.0000,298.0000
319.0000,201.0000,98.0000,297.0000
2
0
