0.013893
0.018129
0.019005
0.018097
0.017692
0.017683
0.019382
0.018195
0.019819
0.018675
0.023736
0.017777
0.017457
0.018069
0.018933
0.017515
0.018033
0.018426
0.017394
0.01804
0.018371
0.021139
0.017456
0.01834
0.017686
0.017876
0.018213
0.017622
0.018094
0.017609
0.018215
0.019028
0.017375
0.017451
0.017469
0.01743
0.01797
0.017788
0.018523
0.017774
0.018355
0.017933
0.017703
0.018332
0.017612
0.018324
0.017604
0.017477
0.018099
0.017723
0.01761
0.018331
0.018469
0.018138
0.01836
0.017508
0.017608
0.017692
0.021139
0.017787
0.017625
0.018449
0.017536
0.018306
0.017785
0.018573
0.018109
0.018082
0.018006
0.0176
0.018334
0.017835
0.017625
0.01762
0.017537
0.017892
0.017635
0.018412
0.017624
0.017678
0.017814
0.018499
0.017532
0.022481
0.022064
0.018371
0.017606
0.017858
0.017617
0.017638
0.019462
0.017577
0.017769
0.018029
0.018072
0.017827
0.01771
NaN
NaN
NaN
NaN
0.013785
0.018319
0.018231
0.01826
NaN
NaN
NaN
NaN
0.014897
0.019392
0.018561
0.017468
0.018001
0.017862
0.026728
0.018569
NaN
NaN
NaN
NaN
0.014169
0.017541
0.018271
0.01783
0.01735
0.017424
0.017333
0.017362
0.017374
0.017309
0.019236
0.018026
0.017952
0.017694
0.017489
0.017465
0.017435
0.017344
0.017362
0.017395
0.017579
0.017588
0.017515
0.017386
0.017326
0.017441
0.020997
0.018235
0.017827
0.017637
0.017883
0.018187
0.019253
0.020162
0.019725
0.019182
0.01763
0.018073
0.017792
0.017558
0.017966
0.020294
0.018148
0.01849
0.018146
0.018468
0.018226
0.019481
0.017794
0.017763
0.018357
0.017945
0.018113
0.019219
0.022374
0.019826
0.019827
0.017694
0.017616
0.023151
0.017773
0.017608
0.018316
0.019815
0.017364
0.017602
0.018545
0.017544
0.017508
0.018049
0.017552
0.017692
0.017523
0.017518
0.017608
0.017767
0.017661
0.017465
0.01749
0.017714
0.01762
0.017594
0.017619
0.017652
0.017617
0.017536
0.01763
0.018486
0.017471
0.017793
0.017963
0.017673
0.017495
0.01755
0.017555
0.017571
0.017925
0.018964
0.018238
0.017729
0.017616
0.017588
0.017529
0.017651
0.017768
0.017496
0.017718
0.017708
0.017868
0.017558
0.017541
0.017532
0.017639
0.017835
0.018859
0.01884
0.017873
0.017981
0.01767
0.017702
0.017638
0.018692
0.018674
0.019475
0.018797
0.017854
0.017605
0.017957
0.017645
0.018202
0.017748
0.01875
0.017678
0.017492
0.017554
0.017917
0.017696
0.018795
0.017701
0.017619
0.01759
0.017677
NaN
NaN
NaN
NaN
0.01506
0.019034
0.018826
0.018712
0.018797
0.018813
0.020207
0.02563
0.020987
0.025334
0.01912
0.018028
0.01845
0.020555
0.019191
0.022962
0.021249
0.019711
0.018101
0.018059
0.017801
0.017629
0.017753
0.01757
0.017618
0.01847
0.018021
0.017758
0.017874
0.017679
0.017639
0.017465
0.017818
0.017768
0.022688
0.018373
0.01904
0.018466
0.017954
0.017915
0.017618
0.01908
0.01874
0.019004
0.019258
0.019008
0.017994
0.017954
0.017948
0.017949
0.01765
0.017725
0.019131
0.018392
0.018374
0.018185
0.018361
0.018479
0.017713
0.017619
0.017517
0.017627
0.017701
0.017634
0.018084
0.017861
0.017539
0.017596
0.017612
0.017703
0.017558
0.017522
0.018016
0.017697
0.019654
0.019466
0.018448
0.018464
0.018564
0.018517
0.01846
0.01856
0.018389
0.018743
0.018425
0.018503
0.018514
0.017485
0.018467
0.018332
0.017579
0.017537
0.017634
0.017627
0.017714
0.018277
0.017966
0.017456
0.018619
0.018464
0.018369
0.018399
0.019291
0.018421
0.017444
0.017617
0.018413
0.017541
0.017589
0.017518
0.017644
0.017503
0.017378
0.018101
0.017576
0.017487
0.01777
0.017516
NaN
NaN
NaN
NaN
0.01433
0.017594
0.018318
