0.000114
0.063945
0.042127
0.023719
0.019412
0.027314
0.020976
0.019638
0.018715
0.017914
0.025806
0.022952
0.021505
0.019654
0.019491
0.020265
0.01953
0.018916
0.026957
0.023534
0.02182
0.020615
0.019345
0.018849
0.018318
0.018277
0.026493
0.022825
0.021379
0.02026
0.018932
0.019058
0.018609
0.027407
0.024041
0.021522
0.020586
0.01932
0.018458
0.017094
0.016905
0.015782
0.016077
0.02402
0.02474
0.022228
0.018911
0.017163
0.016197
0.016376
0.016438
0.022469
0.020612
0.019325
0.018096
0.017025
0.016863
0.016839
0.015904
0.022689
0.018854
0.018086
0.016856
0.01681
0.016183
0.016663
0.016494
0.016148
0.023314
0.020783
0.019875
0.018512
0.017164
0.016879
0.017088
0.017797
0.017669
0.017204
0.016965
0.016872
0.023799
0.022081
0.020094
0.018313
0.017176
0.016362
0.016016
0.015734
0.022879
0.019619
0.017918
0.016977
0.01687
0.016324
0.016351
0.017394
0.016698
0.023912
0.02176
0.020318
0.01892
0.017679
0.017484
0.017499
0.01746
0.017434
0.016297
0.01609
0.015898
0.023339
0.019771
0.01767
0.017853
0.022165
0.020537
0.018475
0.017691
0.017542
0.017248
0.016536
0.016218
0.01651
0.02293
0.020277
0.017534
0.017739
0.022459
0.020454
0.019112
0.018166
0.017606
0.016536
0.022468
0.019254
0.017676
0.016808
0.016017
0.015668
0.015382
0.022813
0.01953
0.017267
0.016347
0.0164
0.016857
0.023198
0.020783
0.019062
0.017589
0.018062
0.017605
0.016775
0.016261
0.016181
0.015909
0.02326
0.020032
0.018998
0.018471
0.017778
0.016619
0.016976
0.022859
0.020156
0.018594
0.017592
0.01713
0.023351
0.021034
0.019673
0.01878
0.017963
0.021785
0.020231
0.019504
0.018901
0.017669
0.023231
0.019694
0.018934
0.018174
0.01721
0.022696
0.019754
0.017745
0.017067
0.017642
0.016551
0.023967
0.020242
0.016484
0.020212
0.017082
0.017169
0.01691
0.024378
0.023341
0.022851
0.022415
0.022207
0.020912
0.021576
0.021191
0.021217
0.020865
0.020909
0.020085
0.019535
0.019143
0.018899
0.018785
0.018923
0.018574
0.018486
0.017682
0.017007
0.021655
0.017788
0.017813
0.016991
0.017233
0.016944
0.016482
0.016734
0.016487
0.016325
0.022638
0.021385
0.020424
0.020218
0.019558
0.018769
0.018049
0.017845
0.017505
0.017582
0.017358
0.017694
0.017462
0.017114
0.016754
0.017367
0.017129
0.017251
0.017169
0.016884
0.016726
0.016748
0.016999
0.016625
0.016295
0.016075
0.018224
0.016729
0.015766
0.015783
0.021207
0.021527
0.021064
0.020567
0.020131
0.019876
0.019843
0.019947
0.020412
0.020445
0.020259
0.02037
0.019776
0.019707
0.017824
0.019358
0.018798
0.018949
0.018598
0.018454
0.019178
0.01969
0.016782
0.016852
0.023138
0.020934
0.020143
0.020366
0.019565
0.019905
0.018769
0.017977
0.021051
0.016897
0.018994
0.019915
0.016535
0.01917
0.02002
0.016976
0.01941
0.020693
0.016656
0.019491
0.017303
0.016638
0.016098
0.023285
0.017131
0.016514
0.022272
0.020306
0.018422
0.017052
0.021837
0.01754
0.017634
0.02254
0.021466
0.02149
0.020928
0.020684
0.019715
0.019168
0.018146
0.017894
0.017489
0.016904
0.022182
