1
99.1000,32.7000,144.5469,144.5469
95.4100,25.7700,144.0422,144.0422
92.3410,17.8770,143.5880,143.5880
95.6341,9.8877,143.1940,143.1940
89.6634,4.5888,143.0629,143.0629
98.0663,3.1589,143.8386,143.8386
105.2066,3.9159,144.7044,144.7044
108.6207,1.0000,145.5339,145.5339
118.8621,1.0000,146.3868,146.3868
108.1862,1.0000,146.9755,146.9755
118.8186,1.0000,147.1631,147.1631
127.9819,2.8000,147.3190,147.3190
136.9982,7.4800,147.1723,147.1723
136.0998,4.3480,146.5808,146.5808
145.9100,8.5348,146.9790,146.9790
148.6910,15.2535,146.0256,146.0256
155.2691,18.6253,145.9090,145.9090
166.7269,24.3625,145.2517,145.2517
173.2727,26.7363,145.1133,145.1133
177.5273,33.2736,144.1957,144.1957
179.7527,40.2274,143.2761,143.2761
180.8753,67.9227,142.2430,142.2430
192.6875,68.8923,140.3328,140.3328
185.7688,68.0892,138.4401,138.4401
182.3769,68.9089,138.0727,138.0727
181.1377,68.0909,137.0412,137.0412
173.8138,72.5091,135.5386,135.5386
169.4814,77.4509,133.9027,133.9027
223.9481,18.5451,130.0718,130.0718
170.8948,70.2545,128.6428,128.6428
215.0895,21.4255,127.3785,127.3785
237.5089,5.7425,125.9516,125.9516
253.2509,4.1743,123.5615,123.5615
2
0
0
0
0
1
180.7000,137.0000,75.8516,86.8301
179.1700,133.4000,75.4148,86.3301
173.6170,131.2400,74.8460,85.6790
181.1617,124.7240,74.1255,84.8542
186.4162,136.6724,73.6504,84.3104
179.7416,140.5672,73.3573,83.9748
176.3742,143.6567,72.9793,83.5421
191.3374,142.1657,72.6564,83.1725
185.6337,160.9166,72.5345,83.0329
191.3634,161.8917,72.2507,82.7080
194.6363,179.0892,71.8158,82.2101
199.4636,183.5089,71.4575,81.8000
204.4464,187.5509,71.3008,81.6207
207.6446,196.0551,71.1598,81.4592
210.6645,209.5055,71.1438,81.4409
213.6664,212.6505,71.0740,81.3610
223.8666,212.9651,70.8890,81.1493
224.8867,221.9965,70.7807,81.0253
233.0887,228.2997,70.7370,80.9753
238.4089,233.4300,70.7673,81.0100
250.6409,233.0430,70.9996,81.2759
258.1641,235.7043,71.4571,81.7996
268.8164,235.9704,71.8154,82.2097
277.9816,237.7970,72.6816,83.2013
284.2982,226.2797,73.5972,84.2494
294.8298,224.2280,72.4737,82.9633
303.0830,203.3228,72.3470,82.8182
303.9083,180.5323,73.7264,84.3973
307.5908,175.5532,74.7838,85.6077
318.7591,148.9553,76.6862,87.7856
325.2759,122.8955,78.4879,89.8480
333.1276,115.7896,77.5727,88.8003
340.2128,98.8790,78.1688,89.4827
344.5213,92.6879,81.6389,93.4550
363.8521,67.7688,85.3576,97.7119
371.1852,29.2769,88.5220,101.3343
372.8185,47.9277,88.0709,100.8180
357.6819,101.0928,88.6324,101.4607
366.0682,56.0093,88.5232,101.3357
370.5068,4.7009,88.3810,101.1730
395.2507,65.2701,87.6274,100.3103
393.2251,9.2270,88.6030,101.4271
411.9225,2.7227,88.9356,101.8078
376.8922,57.8723,91.7036,104.9764
412.0892,51.6872,90.1987,103.2538
347.2089,7.8687,89.4399,102.3852
377.6209,61.9869,90.8288,103.9750
411.2621,97.0987,88.7772,101.6265
2
0
0
0
0
1
252.8000,28.5000,103.1207,102.1195
247.5800,48.7500,103.3500,102.3466
240.7580,50.7750,103.2748,102.2721
231.0758,50.9775,103.3278,102.3246
222.9076,50.9977,103.4157,102.4117
212.1908,50.9998,103.4948,102.4900
213.8191,51.9000,104.6122,103.5965
207.6819,52.8900,106.0139,104.9847
199.8682,53.8890,107.2444,106.2032
190.9868,53.9889,108.2252,107.1745
184.6987,53.9989,108.4163,107.3637
176.8699,54.8999,109.3898,108.3278
178.7870,54.9900,109.9501,108.8826
162.7787,53.1990,108.6662,107.6112
162.0779,30.5199,109.1085,108.0492
151.2078,51.6520,108.6775,107.6224
154.6208,53.7652,108.4856,107.4323
145.9621,53.9765,108.3548,107.3029
131.5962,55.7977,110.6419,109.5678
148.1596,63.1798,109.6781,108.6133
116.5160,58.5180,110.6347,109.5605
122.3516,74.2518,110.1015,109.0326
112.1352,67.7252,110.0054,108.9374
99.4135,75.1725,114.1074,112.9996
101.7413,76.8173,113.2136,112.1144
87.5741,57.1817,112.1805,111.0914
37.5574,15.6182,112.3860,111.2949
2
0
0
0
0
1
72.9000,134.5000,93.2906,81.2531
85.5900,120.5500,93.5522,81.4809
92.2590,115.5550,93.7876,81.6860
99.2259,103.3555,94.0358,81.9021
115.2226,98.5356,94.1900,82.0365
133.0223,94.4536,94.2171,82.0601
141.1022,89.5454,93.8740,81.7612
150.9102,83.6545,93.2780,81.2421
160.8910,78.5655,92.4509,80.5218
177.1891,87.0565,91.8170,79.9696
181.5189,84.3057,90.8553,79.1320
181.0519,96.6306,89.9898,78.3782
178.3052,99.6631,89.3167,77.7920
192.4305,107.1663,88.1897,76.8104
196.5430,111.5166,86.8696,75.6606
196.0543,127.2517,85.3810,74.3641
197.8054,127.9252,83.7461,72.9402
198.8805,138.7925,81.9590,71.3837
198.0881,130.8793,80.3865,70.0141
197.1088,135.4879,79.0663,68.8642
200.6109,139.5488,78.1741,68.0872
195.5611,146.2549,77.6761,67.6535
202.2561,150.5255,77.3006,67.3264
200.2256,156.3526,76.8425,66.9273
201.8226,164.1353,76.3216,66.4737
201.9823,162.2135,76.0304,66.2200
200.1982,172.8214,75.7091,65.9402
196.4198,167.5821,75.3679,65.6431
204.1420,170.6582,75.0609,65.3756
199.5142,179.0658,74.7262,65.0842
205.3514,178.1066,74.5417,64.9234
213.1351,182.5107,74.3208,64.7311
212.1135,181.1511,73.9499,64.4080
212.0114,181.9151,73.6160,64.1172
212.9011,187.3915,73.0859,63.6555
212.0901,181.6391,72.6715,63.2946
223.7090,182.8639,72.1856,62.8714
