1
583.0000,475.0000,98.0000,114.0000
596.0000,488.0000,86.0000,99.0000
582.0000,488.0000,90.0000,101.0000
597.0000,488.0000,76.0000,85.0000
583.0000,479.0000,91.0000,94.0000
584.0000,479.0000,91.0000,93.0000
582.0000,487.0000,95.0000,102.0000
581.0000,479.0000,97.0000,109.0000
582.0000,480.0000,97.0000,109.0000
586.0000,482.0000,94.0000,112.0000
583.0000,482.0000,98.0000,112.0000
586.0000,481.0000,96.0000,113.0000
582.0000,479.0000,101.0000,115.0000
581.0000,479.0000,99.0000,111.0000
581.0000,480.0000,102.0000,110.0000
595.0000,481.0000,88.0000,93.0000
581.0000,479.0000,86.0000,111.0000
582.0000,490.0000,88.0000,100.0000
583.0000,489.0000,88.0000,101.0000
582.0000,478.0000,86.0000,112.0000
583.0000,490.0000,89.0000,100.0000
583.0000,479.0000,90.0000,95.0000
583.0000,489.0000,89.0000,103.0000
583.0000,478.0000,89.0000,115.0000
584.0000,490.0000,88.0000,109.0000
583.0000,478.0000,89.0000,125.0000
584.0000,490.0000,88.0000,114.0000
584.0000,479.0000,89.0000,135.0000
584.0000,480.0000,90.0000,124.0000
567.0000,481.0000,108.0000,123.0000
567.0000,493.0000,110.0000,111.0000
568.0000,480.0000,111.0000,125.0000
567.0000,484.0000,116.0000,120.0000
568.0000,479.0000,117.0000,125.0000
583.0000,480.0000,104.0000,121.0000
590.0000,480.0000,100.0000,120.0000
607.0000,479.0000,86.0000,120.0000
609.0000,477.0000,88.0000,121.0000
583.0000,475.0000,117.0000,123.0000
614.0000,473.0000,88.0000,125.0000
582.0000,472.0000,123.0000,117.0000
605.0000,470.0000,100.0000,120.0000
583.0000,470.0000,125.0000,140.0000
606.0000,471.0000,103.0000,141.0000
584.0000,498.0000,125.0000,116.0000
602.0000,472.0000,107.0000,133.0000
585.0000,473.0000,125.0000,132.0000
585.0000,472.0000,117.0000,134.0000
584.0000,472.0000,119.0000,135.0000
583.0000,485.0000,122.0000,121.0000
604.0000,508.0000,103.0000,99.0000
605.0000,509.0000,91.0000,113.0000
593.0000,489.0000,103.0000,137.0000
594.0000,488.0000,102.0000,140.0000
568.0000,486.0000,126.0000,142.0000
568.0000,485.0000,127.0000,126.0000
575.0000,484.0000,122.0000,128.0000
547.0000,482.0000,151.0000,130.0000
548.0000,482.0000,151.0000,130.0000
565.0000,480.0000,147.0000,149.0000
565.0000,489.0000,148.0000,142.0000
563.0000,487.0000,149.0000,144.0000
562.0000,482.0000,155.0000,150.0000
562.0000,487.0000,156.0000,146.0000
562.0000,489.0000,157.0000,145.0000
563.0000,490.0000,154.0000,123.0000
570.0000,491.0000,150.0000,123.0000
571.0000,496.0000,152.0000,119.0000
578.0000,491.0000,148.0000,124.0000
593.0000,492.0000,139.0000,123.0000
589.0000,491.0000,147.0000,142.0000
589.0000,490.0000,150.0000,142.0000
597.0000,485.0000,144.0000,145.0000
604.0000,483.0000,138.0000,144.0000
612.0000,483.0000,124.0000,131.0000
614.0000,483.0000,127.0000,125.0000
621.0000,505.0000,127.0000,100.0000
623.0000,504.0000,129.0000,92.0000
625.0000,503.0000,128.0000,93.0000
630.0000,499.0000,109.0000,93.0000
638.0000,498.0000,109.0000,94.0000
639.0000,497.0000,113.0000,95.0000
647.0000,496.0000,110.0000,96.0000
661.0000,494.0000,102.0000,96.0000
666.0000,471.0000,103.0000,117.0000
668.0000,468.0000,121.0000,110.0000
689.0000,474.0000,104.0000,102.0000
692.0000,472.0000,106.0000,103.0000
695.0000,471.0000,117.0000,102.0000
674.0000,472.0000,140.0000,101.0000
679.0000,472.0000,139.0000,100.0000
680.0000,474.0000,142.0000,98.0000
682.0000,473.0000,143.0000,97.0000
684.0000,473.0000,144.0000,96.0000
686.0000,472.0000,144.0000,96.0000
688.0000,443.0000,147.0000,124.0000
697.0000,443.0000,139.0000,124.0000
700.0000,445.0000,162.0000,119.0000
674.0000,446.0000,188.0000,116.0000
677.0000,445.0000,187.0000,116.0000
684.0000,445.0000,181.0000,115.0000
687.0000,446.0000,179.0000,114.0000
687.0000,445.0000,179.0000,113.0000
2
0
0
0
0
1
853.0000,530.0000,66.0000,97.0000
831.0000,531.0000,89.0000,97.0000
832.0000,532.0000,89.0000,97.0000
831.0000,533.0000,90.0000,96.0000
830.0000,532.0000,91.0000,96.0000
828.0000,530.0000,91.0000,97.0000
825.0000,528.0000,92.0000,99.0000
825.0000,526.0000,88.0000,97.0000
814.0000,522.0000,96.0000,98.0000
821.0000,516.0000,86.0000,102.0000
829.0000,526.0000,75.0000,89.0000
828.0000,532.0000,77.0000,80.0000
818.0000,524.0000,79.0000,83.0000
791.0000,513.0000,111.0000,86.0000
805.0000,513.0000,97.0000,81.0000
804.0000,511.0000,100.0000,84.0000
804.0000,511.0000,105.0000,93.0000
803.0000,499.0000,114.0000,103.0000
802.0000,499.0000,119.0000,102.0000
832.0000,499.0000,91.0000,99.0000
832.0000,498.0000,91.0000,115.0000
834.0000,495.0000,89.0000,98.0000
843.0000,508.0000,71.0000,86.0000
831.0000,507.0000,81.0000,95.0000
841.0000,500.0000,76.0000,100.0000
841.0000,498.0000,77.0000,101.0000
842.0000,494.0000,77.0000,106.0000
846.0000,495.0000,76.0000,99.0000
