0.009241,0,0,0,0,0,0,0,0,0,0,0,0,0,0
0.16723,0,0,0,0,0,0,0,0,0,0,0,0,0,0
0.1668,0,0,0,0,0,0,0,0,0,0,0,0,0,0
0.16556,0,0,0,0,0,0,0,0,0,0,0,0,0,0
0.16336,0,0,0,0,0,0,0,0,0,0,0,0,0,0
0.1608,0,0,0,0,0,0,0,0,0,0,0,0,0,0
0.16419,0,0,0,0,0,0,0,0,0,0,0,0,0,0
0.15777,0,0,0,0,0,0,0,0,0,0,0,0,0,0
0.1593,0,0,0,0,0,0,0,0,0,0,0,0,0,0
0.15867,0,0,0,0,0,0,0,0,0,0,0,0,0,0
0.15766,0,0,0,0,0,0,0,0,0,0,0,0,0,0
0.16493,0,0,0,0,0,0,0,0,0,0,0,0,0,0
0.16411,0,0,0,0,0,0,0,0,0,0,0,0,0,0
0.15851,0,0,0,0,0,0,0,0,0,0,0,0,0,0
0.15589,0,0,0,0,0,0,0,0,0,0,0,0,0,0
0.16195,0,0,0,0,0,0,0,0,0,0,0,0,0,0
0.16572,0,0,0,0,0,0,0,0,0,0,0,0,0,0
0.16022,0,0,0,0,0,0,0,0,0,0,0,0,0,0
0.16202,0,0,0,0,0,0,0,0,0,0,0,0,0,0
0.15677,0,0,0,0,0,0,0,0,0,0,0,0,0,0
0.15908,0,0,0,0,0,0,0,0,0,0,0,0,0,0
0.15935,0,0,0,0,0,0,0,0,0,0,0,0,0,0
0.16341,0,0,0,0,0,0,0,0,0,0,0,0,0,0
0.16204,0,0,0,0,0,0,0,0,0,0,0,0,0,0
0.16284,0,0,0,0,0,0,0,0,0,0,0,0,0,0
0.16121,0,0,0,0,0,0,0,0,0,0,0,0,0,0
0.16227,0,0,0,0,0,0,0,0,0,0,0,0,0,0
0.15677,0,0,0,0,0,0,0,0,0,0,0,0,0,0
0.16102,0,0,0,0,0,0,0,0,0,0,0,0,0,0
0.16002,0,0,0,0,0,0,0,0,0,0,0,0,0,0
0.16622,0,0,0,0,0,0,0,0,0,0,0,0,0,0
0.15733,0,0,0,0,0,0,0,0,0,0,0,0,0,0
0.15889,0,0,0,0,0,0,0,0,0,0,0,0,0,0
0.15712,0,0,0,0,0,0,0,0,0,0,0,0,0,0
0.16564,0,0,0,0,0,0,0,0,0,0,0,0,0,0
0.16428,0,0,0,0,0,0,0,0,0,0,0,0,0,0
0.16487,0,0,0,0,0,0,0,0,0,0,0,0,0,0
0.16046,0,0,0,0,0,0,0,0,0,0,0,0,0,0
0.16455,0,0,0,0,0,0,0,0,0,0,0,0,0,0
0.15791,0,0,0,0,0,0,0,0,0,0,0,0,0,0
0.15812,0,0,0,0,0,0,0,0,0,0,0,0,0,0
0.16246,0,0,0,0,0,0,0,0,0,0,0,0,0,0
0.16162,0,0,0,0,0,0,0,0,0,0,0,0,0,0
0.16202,0,0,0,0,0,0,0,0,0,0,0,0,0,0
0.15822,0,0,0,0,0,0,0,0,0,0,0,0,0,0
0.15802,0,0,0,0,0,0,0,0,0,0,0,0,0,0
NaN,0,0,0,0,0,0,0,0,0,0,0,0,0,0
NaN,0,0,0,0,0,0,0,0,0,0,0,0,0,0
NaN,0,0,0,0,0,0,0,0,0,0,0,0,0,0
NaN,0,0,0,0,0,0,0,0,0,0,0,0,0,0
0.007731,0,0,0,0,0,0,0,0,0,0,0,0,0,0
0.16618,0,0,0,0,0,0,0,0,0,0,0,0,0,0
0.17059,0,0,0,0,0,0,0,0,0,0,0,0,0,0
0.16653,0,0,0,0,0,0,0,0,0,0,0,0,0,0
0.16548,0,0,0,0,0,0,0,0,0,0,0,0,0,0
0.16464,0,0,0,0,0,0,0,0,0,0,0,0,0,0
0.16248,0,0,0,0,0,0,0,0,0,0,0,0,0,0
0.16539,0,0,0,0,0,0,0,0,0,0,0,0,0,0
0.17455,0,0,0,0,0,0,0,0,0,0,0,0,0,0
0.16813,0,0,0,0,0,0,0,0,0,0,0,0,0,0
0.19529,0,0,0,0,0,0,0,0,0,0,0,0,0,0
0.16825,0,0,0,0,0,0,0,0,0,0,0,0,0,0
0.17413,0,0,0,0,0,0,0,0,0,0,0,0,0,0
0.17329,0,0,0,0,0,0,0,0,0,0,0,0,0,0
0.17643,0,0,0,0,0,0,0,0,0,0,0,0,0,0
0.17126,0,0,0,0,0,0,0,0,0,0,0,0,0,0
0.17023,0,0,0,0,0,0,0,0,0,0,0,0,0,0
NaN,0,0,0,0,0,0,0,0,0,0,0,0,0,0
NaN,0,0,0,0,0,0,0,0,0,0,0,0,0,0
NaN,0,0,0,0,0,0,0,0,0,0,0,0,0,0
NaN,0,0,0,0,0,0,0,0,0,0,0,0,0,0
0.02186,0,0,0,0,0,0,0,0,0,0,0,0,0,0
0.16692,0,0,0,0,0,0,0,0,0,0,0,0,0,0
0.1772,0,0,0,0,0,0,0,0,0,0,0,0,0,0
0.16958,0,0,0,0,0,0,0,0,0,0,0,0,0,0
0.1728,0,0,0,0,0,0,0,0,0,0,0,0,0,0
0.17109,0,0,0,0,0,0,0,0,0,0,0,0,0,0
0.17242,0,0,0,0,0,0,0,0,0,0,0,0,0,0
0.1732,0,0,0,0,0,0,0,0,0,0,0,0,0,0
0.17076,0,0,0,0,0,0,0,0,0,0,0,0,0,0
0.16826,0,0,0,0,0,0,0,0,0,0,0,0,0,0
0.17162,0,0,0,0,0,0,0,0,0,0,0,0,0,0
0.17192,0,0,0,0,0,0,0,0,0,0,0,0,0,0
0.17321,0,0,0,0,0,0,0,0,0,0,0,0,0,0
0.1663,0,0,0,0,0,0,0,0,0,0,0,0,0,0
0.16744,0,0,0,0,0,0,0,0,0,0,0,0,0,0
0.16247,0,0,0,0,0,0,0,0,0,0,0,0,0,0
0.16436,0,0,0,0,0,0,0,0,0,0,0,0,0,0
0.16021,0,0,0,0,0,0,0,0,0,0,0,0,0,0
0.16595,0,0,0,0,0,0,0,0,0,0,0,0,0,0
0.1648,0,0,0,0,0,0,0,0,0,0,0,0,0,0
NaN,0,0,0,0,0,0,0,0,0,0,0,0,0,0
NaN,0,0,0,0,0,0,0,0,0,0,0,0,0,0
NaN,0,0,0,0,0,0,0,0,0,0,0,0,0,0
NaN,0,0,0,0,0,0,0,0,0,0,0,0,0,0
0.011988,0,0,0,0,0,0,0,0,0,0,0,0,0,0
0.17018,0,0,0,0,0,0,0,0,0,0,0,0,0,0
0.16721,0,0,0,0,0,0,0,0,0,0,0,0,0,0
0.1529,0,0,0,0,0,0,0,0,0,0,0,0,0,0
0.16477,0,0,0,0,0,0,0,0,0,0,0,0,0,0
0.16818,0,0,0,0,0,0,0,0,0,0,0,0,0,0
0.16619,0,0,0,0,0,0,0,0,0,0,0,0,0,0
NaN,0,0,0,0,0,0,0,0,0,0,0,0,0,0
NaN,0,0,0,0,0,0,0,0,0,0,0,0,0,0
NaN,0,0,0,0,0,0,0,0,0,0,0,0,0,0
NaN,0,0,0,0,0,0,0,0,0,0,0,0,0,0
0.008823,0,0,0,0,0,0,0,0,0,0,0,0,0,0
0.1757,0,0,0,0,0,0,0,0,0,0,0,0,0,0
0.16621,0,0,0,0,0,0,0,0,0,0,0,0,0,0
0.16801,0,0,0,0,0,0,0,0,0,0,0,0,0,0
0.17254,0,0,0,0,0,0,0,0,0,0,0,0,0,0
0.16483,0,0,0,0,0,0,0,0,0,0,0,0,0,0
0.16776,0,0,0,0,0,0,0,0,0,0,0,0,0,0
0.16424,0,0,0,0,0,0,0,0,0,0,0,0,0,0
0.1663,0,0,0,0,0,0,0,0,0,0,0,0,0,0
0.16704,0,0,0,0,0,0,0,0,0,0,0,0,0,0
0.17013,0,0,0,0,0,0,0,0,0,0,0,0,0,0
0.18754,0,0,0,0,0,0,0,0,0,0,0,0,0,0
0.16779,0,0,0,0,0,0,0,0,0,0,0,0,0,0
0.16513,0,0,0,0,0,0,0,0,0,0,0,0,0,0
0.1865,0,0,0,0,0,0,0,0,0,0,0,0,0,0
0.17088,0,0,0,0,0,0,0,0,0,0,0,0,0,0
0.16945,0,0,0,0,0,0,0,0,0,0,0,0,0,0
0.16497,0,0,0,0,0,0,0,0,0,0,0,0,0,0
0.16743,0,0,0,0,0,0,0,0,0,0,0,0,0,0
0.16449,0,0,0,0,0,0,0,0,0,0,0,0,0,0
0.17307,0,0,0,0,0,0,0,0,0,0,0,0,0,0
NaN,0,0,0,0,0,0,0,0,0,0,0,0,0,0
NaN,0,0,0,0,0,0,0,0,0,0,0,0,0,0
NaN,0,0,0,0,0,0,0,0,0,0,0,0,0,0
NaN,0,0,0,0,0,0,0,0,0,0,0,0,0,0
0.009355,0,0,0,0,0,0,0,0,0,0,0,0,0,0
0.15913,0,0,0,0,0,0,0,0,0,0,0,0,0,0
0.15602,0,0,0,0,0,0,0,0,0,0,0,0,0,0
0.15741,0,0,0,0,0,0,0,0,0,0,0,0,0,0
0.15988,0,0,0,0,0,0,0,0,0,0,0,0,0,0
0.15452,0,0,0,0,0,0,0,0,0,0,0,0,0,0
0.15562,0,0,0,0,0,0,0,0,0,0,0,0,0,0
0.15615,0,0,0,0,0,0,0,0,0,0,0,0,0,0
0.1511,0,0,0,0,0,0,0,0,0,0,0,0,0,0
0.15657,0,0,0,0,0,0,0,0,0,0,0,0,0,0
0.1543,0,0,0,0,0,0,0,0,0,0,0,0,0,0
0.15643,0,0,0,0,0,0,0,0,0,0,0,0,0,0
0.15603,0,0,0,0,0,0,0,0,0,0,0,0,0,0
0.15738,0,0,0,0,0,0,0,0,0,0,0,0,0,0
0.15623,0,0,0,0,0,0,0,0,0,0,0,0,0,0
NaN,0,0,0,0,0,0,0,0,0,0,0,0,0,0
NaN,0,0,0,0,0,0,0,0,0,0,0,0,0,0
NaN,0,0,0,0,0,0,0,0,0,0,0,0,0,0
NaN,0,0,0,0,0,0,0,0,0,0,0,0,0,0
0.006655,0,0,0,0,0,0,0,0,0,0,0,0,0,0
0.16738,0,0,0,0,0,0,0,0,0,0,0,0,0,0
0.16758,0,0,0,0,0,0,0,0,0,0,0,0,0,0
0.16483,0,0,0,0,0,0,0,0,0,0,0,0,0,0
0.16739,0,0,0,0,0,0,0,0,0,0,0,0,0,0
0.16297,0,0,0,0,0,0,0,0,0,0,0,0,0,0
0.16441,0,0,0,0,0,0,0,0,0,0,0,0,0,0
0.15872,0,0,0,0,0,0,0,0,0,0,0,0,0,0
0.15789,0,0,0,0,0,0,0,0,0,0,0,0,0,0
0.15971,0,0,0,0,0,0,0,0,0,0,0,0,0,0
0.16285,0,0,0,0,0,0,0,0,0,0,0,0,0,0
0.15893,0,0,0,0,0,0,0,0,0,0,0,0,0,0
0.1632,0,0,0,0,0,0,0,0,0,0,0,0,0,0
NaN,0,0,0,0,0,0,0,0,0,0,0,0,0,0
NaN,0,0,0,0,0,0,0,0,0,0,0,0,0,0
NaN,0,0,0,0,0,0,0,0,0,0,0,0,0,0
NaN,0,0,0,0,0,0,0,0,0,0,0,0,0,0
0.007793,0,0,0,0,0,0,0,0,0,0,0,0,0,0
0.16703,0,0,0,0,0,0,0,0,0,0,0,0,0,0
0.1622,0,0,0,0,0,0,0,0,0,0,0,0,0,0
0.16373,0,0,0,0,0,0,0,0,0,0,0,0,0,0
0.16255,0,0,0,0,0,0,0,0,0,0,0,0,0,0
0.16552,0,0,0,0,0,0,0,0,0,0,0,0,0,0
0.16502,0,0,0,0,0,0,0,0,0,0,0,0,0,0
0.16856,0,0,0,0,0,0,0,0,0,0,0,0,0,0
0.16925,0,0,0,0,0,0,0,0,0,0,0,0,0,0
0.16579,0,0,0,0,0,0,0,0,0,0,0,0,0,0
0.16278,0,0,0,0,0,0,0,0,0,0,0,0,0,0
0.16518,0,0,0,0,0,0,0,0,0,0,0,0,0,0
0.1627,0,0,0,0,0,0,0,0,0,0,0,0,0,0
0.16928,0,0,0,0,0,0,0,0,0,0,0,0,0,0
0.16395,0,0,0,0,0,0,0,0,0,0,0,0,0,0
0.16199,0,0,0,0,0,0,0,0,0,0,0,0,0,0
0.15865,0,0,0,0,0,0,0,0,0,0,0,0,0,0
0.16343,0,0,0,0,0,0,0,0,0,0,0,0,0,0
0.16478,0,0,0,0,0,0,0,0,0,0,0,0,0,0
0.16443,0,0,0,0,0,0,0,0,0,0,0,0,0,0
0.16499,0,0,0,0,0,0,0,0,0,0,0,0,0,0
0.16373,0,0,0,0,0,0,0,0,0,0,0,0,0,0
0.16474,0,0,0,0,0,0,0,0,0,0,0,0,0,0
0.1658,0,0,0,0,0,0,0,0,0,0,0,0,0,0
0.1687,0,0,0,0,0,0,0,0,0,0,0,0,0,0
0.16704,0,0,0,0,0,0,0,0,0,0,0,0,0,0
0.16368,0,0,0,0,0,0,0,0,0,0,0,0,0,0
0.16543,0,0,0,0,0,0,0,0,0,0,0,0,0,0
0.16387,0,0,0,0,0,0,0,0,0,0,0,0,0,0
0.16355,0,0,0,0,0,0,0,0,0,0,0,0,0,0
0.16303,0,0,0,0,0,0,0,0,0,0,0,0,0,0
NaN,0,0,0,0,0,0,0,0,0,0,0,0,0,0
NaN,0,0,0,0,0,0,0,0,0,0,0,0,0,0
NaN,0,0,0,0,0,0,0,0,0,0,0,0,0,0
NaN,0,0,0,0,0,0,0,0,0,0,0,0,0,0
0.006702,0,0,0,0,0,0,0,0,0,0,0,0,0,0
0.16658,0,0,0,0,0,0,0,0,0,0,0,0,0,0
0.16171,0,0,0,0,0,0,0,0,0,0,0,0,0,0
0.16332,0,0,0,0,0,0,0,0,0,0,0,0,0,0
0.15796,0,0,0,0,0,0,0,0,0,0,0,0,0,0
0.15778,0,0,0,0,0,0,0,0,0,0,0,0,0,0
0.16071,0,0,0,0,0,0,0,0,0,0,0,0,0,0
0.14597,0,0,0,0,0,0,0,0,0,0,0,0,0,0
0.15677,0,0,0,0,0,0,0,0,0,0,0,0,0,0
0.15524,0,0,0,0,0,0,0,0,0,0,0,0,0,0
0.1589,0,0,0,0,0,0,0,0,0,0,0,0,0,0
0.15876,0,0,0,0,0,0,0,0,0,0,0,0,0,0
0.1631,0,0,0,0,0,0,0,0,0,0,0,0,0,0
0.1587,0,0,0,0,0,0,0,0,0,0,0,0,0,0
0.15801,0,0,0,0,0,0,0,0,0,0,0,0,0,0
0.15654,0,0,0,0,0,0,0,0,0,0,0,0,0,0
0.15833,0,0,0,0,0,0,0,0,0,0,0,0,0,0
0.15682,0,0,0,0,0,0,0,0,0,0,0,0,0,0
0.15879,0,0,0,0,0,0,0,0,0,0,0,0,0,0
0.15787,0,0,0,0,0,0,0,0,0,0,0,0,0,0
0.15789,0,0,0,0,0,0,0,0,0,0,0,0,0,0
0.15568,0,0,0,0,0,0,0,0,0,0,0,0,0,0
0.15924,0,0,0,0,0,0,0,0,0,0,0,0,0,0
0.15923,0,0,0,0,0,0,0,0,0,0,0,0,0,0
0.15864,0,0,0,0,0,0,0,0,0,0,0,0,0,0
0.16064,0,0,0,0,0,0,0,0,0,0,0,0,0,0
0.1626,0,0,0,0,0,0,0,0,0,0,0,0,0,0
0.15597,0,0,0,0,0,0,0,0,0,0,0,0,0,0
0.16085,0,0,0,0,0,0,0,0,0,0,0,0,0,0
0.16428,0,0,0,0,0,0,0,0,0,0,0,0,0,0
0.15652,0,0,0,0,0,0,0,0,0,0,0,0,0,0
0.15963,0,0,0,0,0,0,0,0,0,0,0,0,0,0
0.15746,0,0,0,0,0,0,0,0,0,0,0,0,0,0
0.1605,0,0,0,0,0,0,0,0,0,0,0,0,0,0
0.15705,0,0,0,0,0,0,0,0,0,0,0,0,0,0
0.16282,0,0,0,0,0,0,0,0,0,0,0,0,0,0
0.16057,0,0,0,0,0,0,0,0,0,0,0,0,0,0
0.16792,0,0,0,0,0,0,0,0,0,0,0,0,0,0
0.16998,0,0,0,0,0,0,0,0,0,0,0,0,0,0
0.17307,0,0,0,0,0,0,0,0,0,0,0,0,0,0
0.17095,0,0,0,0,0,0,0,0,0,0,0,0,0,0
0.16562,0,0,0,0,0,0,0,0,0,0,0,0,0,0
NaN,0,0,0,0,0,0,0,0,0,0,0,0,0,0
NaN,0,0,0,0,0,0,0,0,0,0,0,0,0,0
NaN,0,0,0,0,0,0,0,0,0,0,0,0,0,0
NaN,0,0,0,0,0,0,0,0,0,0,0,0,0,0
0.023813,0,0,0,0,0,0,0,0,0,0,0,0,0,0
0.17218,0,0,0,0,0,0,0,0,0,0,0,0,0,0
0.16699,0,0,0,0,0,0,0,0,0,0,0,0,0,0
0.16577,0,0,0,0,0,0,0,0,0,0,0,0,0,0
0.16861,0,0,0,0,0,0,0,0,0,0,0,0,0,0
0.16268,0,0,0,0,0,0,0,0,0,0,0,0,0,0
0.16856,0,0,0,0,0,0,0,0,0,0,0,0,0,0
0.1679,0,0,0,0,0,0,0,0,0,0,0,0,0,0
0.16832,0,0,0,0,0,0,0,0,0,0,0,0,0,0
0.1648,0,0,0,0,0,0,0,0,0,0,0,0,0,0
0.16548,0,0,0,0,0,0,0,0,0,0,0,0,0,0
0.16036,0,0,0,0,0,0,0,0,0,0,0,0,0,0
0.16174,0,0,0,0,0,0,0,0,0,0,0,0,0,0
0.1614,0,0,0,0,0,0,0,0,0,0,0,0,0,0
0.16201,0,0,0,0,0,0,0,0,0,0,0,0,0,0
0.1613,0,0,0,0,0,0,0,0,0,0,0,0,0,0
0.16363,0,0,0,0,0,0,0,0,0,0,0,0,0,0
0.16708,0,0,0,0,0,0,0,0,0,0,0,0,0,0
0.16511,0,0,0,0,0,0,0,0,0,0,0,0,0,0
