1
126.0000,465.0000,28.0000,71.0000
126.0000,465.0000,28.0000,71.0000
2
0
0
0
0
1
156.0000,579.0000,36.0000,72.0000
159.0000,577.0000,36.0000,72.0000
158.0000,582.0000,36.0000,72.0000
158.0000,581.0000,36.0000,72.0000
160.0000,580.0000,36.0000,72.0000
156.0000,576.0000,36.0000,72.0000
157.0000,581.0000,36.0000,72.0000
160.0000,590.0000,36.0000,73.0000
161.0000,590.0000,36.0000,73.0000
159.0000,594.0000,36.0000,73.0000
158.0000,602.0000,36.0000,73.0000
157.0000,622.0000,36.0000,73.0000
156.0000,629.0000,36.0000,73.0000
165.0000,651.0000,36.0000,73.0000
174.0000,668.0000,37.0000,75.0000
194.0000,698.0000,37.0000,74.0000
214.0000,718.0000,37.0000,73.0000
239.0000,737.0000,37.0000,74.0000
272.0000,760.0000,37.0000,74.0000
272.0000,760.0000,37.0000,74.0000
2
0
0
0
0
1
405.0000,842.0000,69.0000,56.0000
411.0000,848.0000,67.0000,55.0000
443.0000,844.0000,67.0000,55.0000
486.0000,848.0000,67.0000,55.0000
519.0000,840.0000,67.0000,55.0000
558.0000,825.0000,66.0000,54.0000
568.0000,801.0000,66.0000,54.0000
566.0000,777.0000,65.0000,53.0000
563.0000,753.0000,64.0000,52.0000
556.0000,734.0000,63.0000,51.0000
536.0000,720.0000,64.0000,52.0000
540.0000,741.0000,64.0000,52.0000
545.0000,742.0000,65.0000,53.0000
536.0000,754.0000,65.0000,53.0000
541.0000,750.0000,64.0000,53.0000
541.0000,747.0000,64.0000,53.0000
545.0000,740.0000,65.0000,54.0000
545.0000,738.0000,65.0000,54.0000
546.0000,737.0000,65.0000,54.0000
546.0000,757.0000,64.0000,53.0000
549.0000,747.0000,64.0000,53.0000
548.0000,748.0000,64.0000,53.0000
553.0000,736.0000,64.0000,53.0000
542.0000,737.0000,65.0000,54.0000
540.0000,737.0000,65.0000,54.0000
543.0000,736.0000,65.0000,54.0000
539.0000,734.0000,64.0000,53.0000
536.0000,733.0000,63.0000,52.0000
537.0000,733.0000,62.0000,51.0000
536.0000,735.0000,62.0000,51.0000
536.0000,733.0000,63.0000,52.0000
536.0000,732.0000,64.0000,53.0000
534.0000,730.0000,64.0000,53.0000
535.0000,731.0000,63.0000,52.0000
531.0000,731.0000,65.0000,53.0000
535.0000,735.0000,65.0000,53.0000
530.0000,727.0000,65.0000,53.0000
539.0000,735.0000,66.0000,53.0000
535.0000,737.0000,66.0000,53.0000
537.0000,734.0000,64.0000,51.0000
533.0000,737.0000,64.0000,51.0000
532.0000,734.0000,62.0000,50.0000
532.0000,729.0000,61.0000,49.0000
532.0000,729.0000,61.0000,49.0000
528.0000,724.0000,61.0000,49.0000
523.0000,716.0000,61.0000,49.0000
520.0000,705.0000,62.0000,50.0000
519.0000,681.0000,62.0000,50.0000
523.0000,651.0000,63.0000,51.0000
528.0000,646.0000,63.0000,51.0000
536.0000,638.0000,62.0000,50.0000
564.0000,608.0000,63.0000,51.0000
585.0000,596.0000,63.0000,51.0000
592.0000,595.0000,62.0000,50.0000
603.0000,603.0000,61.0000,50.0000
655.0000,632.0000,60.0000,49.0000
676.0000,667.0000,59.0000,48.0000
702.0000,686.0000,59.0000,48.0000
714.0000,696.0000,59.0000,48.0000
703.0000,692.0000,59.0000,48.0000
705.0000,699.0000,58.0000,47.0000
708.0000,702.0000,59.0000,48.0000
710.0000,705.0000,58.0000,47.0000
708.0000,717.0000,58.0000,47.0000
706.0000,720.0000,58.0000,47.0000
701.0000,733.0000,58.0000,47.0000
688.0000,726.0000,59.0000,48.0000
678.0000,743.0000,59.0000,48.0000
667.0000,766.0000,59.0000,48.0000
667.0000,766.0000,59.0000,48.0000
667.0000,766.0000,59.0000,48.0000
667.0000,766.0000,59.0000,48.0000
667.0000,766.0000,59.0000,48.0000
667.0000,766.0000,59.0000,48.0000
667.0000,766.0000,59.0000,48.0000
2
0
0
0
0
1
488.0000,845.0000,67.0000,47.0000
482.0000,850.0000,67.0000,47.0000
474.0000,852.0000,67.0000,47.0000
475.0000,855.0000,66.0000,46.0000
474.0000,851.0000,66.0000,46.0000
474.0000,849.0000,66.0000,46.0000
467.0000,847.0000,65.0000,46.0000
456.0000,848.0000,64.0000,45.0000
439.0000,843.0000,65.0000,45.0000
420.0000,843.0000,64.0000,45.0000
410.0000,834.0000,63.0000,45.0000
382.0000,823.0000,64.0000,46.0000
357.0000,805.0000,65.0000,46.0000
346.0000,804.0000,65.0000,46.0000
342.0000,777.0000,64.0000,45.0000
343.0000,791.0000,63.0000,44.0000
329.0000,785.0000,62.0000,44.0000
326.0000,781.0000,62.0000,44.0000
323.0000,785.0000,61.0000,43.0000
325.0000,785.0000,61.0000,43.0000
330.0000,779.0000,61.0000,43.0000
333.0000,758.0000,61.0000,43.0000
346.0000,751.0000,60.0000,43.0000
385.0000,724.0000,59.0000,42.0000
409.0000,712.0000,59.0000,42.0000
435.0000,706.0000,58.0000,42.0000
455.0000,700.0000,58.0000,42.0000
470.0000,710.0000,58.0000,42.0000
483.0000,699.0000,58.0000,42.0000
457.0000,697.0000,57.0000,42.0000
463.0000,678.0000,57.0000,42.0000
458.0000,641.0000,58.0000,43.0000
2
0
0
0
0
1
288.0000,455.0000,70.0000,37.0000
289.0000,449.0000,69.0000,37.0000
276.0000,427.0000,69.0000,37.0000
263.0000,395.0000,68.0000,37.0000
249.0000,351.0000,69.0000,37.0000
248.0000,308.0000,69.0000,37.0000
231.0000,273.0000,68.0000,36.0000
230.0000,274.0000,67.0000,35.0000
243.0000,272.0000,68.0000,35.0000
252.0000,258.0000,69.0000,35.0000
252.0000,258.0000,69.0000,35.0000
252.0000,258.0000,69.0000,35.0000
2
0
0
0
0
1
267.0000,249.0000,68.0000,60.0000
252.0000,261.0000,68.0000,60.0000
223.0000,279.0000,67.0000,59.0000
194.0000,297.0000,68.0000,59.0000
190.0000,296.0000,67.0000,59.0000
193.0000,294.0000,67.0000,59.0000
200.0000,293.0000,68.0000,59.0000
200.0000,293.0000,68.0000,59.0000
200.0000,293.0000,68.0000,59.0000
200.0000,293.0000,68.0000,59.0000
231.0000,311.0000,68.0000,59.0000
232.0000,328.0000,69.0000,60.0000
233.0000,369.0000,70.0000,60.0000
236.0000,419.0000,69.0000,59.0000
2
0
0
0
0
1
127.0000,508.0000,73.0000,44.0000
131.0000,506.0000,73.0000,44.0000
133.0000,509.0000,71.0000,43.0000
137.0000,507.0000,71.0000,43.0000
134.0000,508.0000,71.0000,43.0000
136.0000,507.0000,70.0000,42.0000
132.0000,507.0000,69.0000,42.0000
136.0000,507.0000,69.0000,42.0000
133.0000,507.0000,70.0000,43.0000
131.0000,508.0000,71.0000,44.0000
132.0000,506.0000,71.0000,44.0000
129.0000,502.0000,71.0000,44.0000
129.0000,503.0000,70.0000,44.0000
135.0000,503.0000,69.0000,44.0000
133.0000,503.0000,69.0000,44.0000
131.0000,504.0000,69.0000,44.0000
131.0000,509.0000,68.0000,43.0000
129.0000,507.0000,68.0000,43.0000
124.0000,511.0000,68.0000,43.0000
125.0000,511.0000,68.0000,43.0000
126.0000,510.0000,68.0000,43.0000
126.0000,511.0000,68.0000,43.0000
126.0000,496.0000,69.0000,44.0000
138.0000,497.0000,70.0000,44.0000
138.0000,497.0000,70.0000,44.0000
2
0
0
0
0
1
156.0000,509.0000,39.0000,68.0000
161.0000,508.0000,38.0000,67.0000
150.0000,505.0000,38.0000,67.0000
163.0000,511.0000,38.0000,67.0000
163.0000,511.0000,38.0000,67.0000
158.0000,514.0000,38.0000,67.0000
178.0000,516.0000,38.0000,67.0000
176.0000,525.0000,38.0000,66.0000
177.0000,537.0000,38.0000,66.0000
184.0000,557.0000,38.0000,66.0000
185.0000,556.0000,39.0000,67.0000
187.0000,558.0000,39.0000,67.0000
188.0000,566.0000,39.0000,67.0000
180.0000,584.0000,39.0000,67.0000
175.0000,613.0000,39.0000,66.0000
163.0000,629.0000,39.0000,67.0000
166.0000,624.0000,39.0000,68.0000
166.0000,625.0000,38.0000,67.0000
167.0000,622.0000,38.0000,67.0000
166.0000,622.0000,38.0000,67.0000
167.0000,621.0000,38.0000,67.0000
168.0000,615.0000,38.0000,67.0000
166.0000,613.0000,38.0000,67.0000
160.0000,612.0000,38.0000,67.0000
166.0000,616.0000,38.0000,67.0000
164.0000,616.0000,38.0000,67.0000
158.0000,627.0000,38.0000,67.0000
159.0000,627.0000,38.0000,67.0000
160.0000,624.0000,38.0000,68.0000
159.0000,626.0000,38.0000,68.0000
164.0000,626.0000,38.0000,68.0000
162.0000,626.0000,38.0000,68.0000
162.0000,626.0000,38.0000,69.0000
163.0000,626.0000,38.0000,68.0000
159.0000,626.0000,39.0000,69.0000
161.0000,627.0000,39.0000,69.0000
160.0000,627.0000,39.0000,69.0000
162.0000,628.0000,39.0000,69.0000
160.0000,633.0000,39.0000,69.0000
164.0000,627.0000,39.0000,69.0000
162.0000,631.0000,39.0000,68.0000
161.0000,626.0000,39.0000,69.0000
163.0000,617.0000,40.0000,70.0000
164.0000,620.0000,40.0000,71.0000
171.0000,617.0000,40.0000,71.0000
178.0000,622.0000,40.0000,71.0000
166.0000,626.0000,39.0000,70.0000
162.0000,630.0000,39.0000,70.0000
161.0000,631.0000,40.0000,71.0000
163.0000,631.0000,40.0000,71.0000
163.0000,631.0000,40.0000,71.0000
162.0000,633.0000,40.0000,71.0000
170.0000,631.0000,40.0000,71.0000
165.0000,633.0000,40.0000,70.0000
190.0000,641.0000,40.0000,71.0000
194.0000,641.0000,40.0000,71.0000
204.0000,648.0000,40.0000,71.0000
211.0000,661.0000,39.0000,69.0000
219.0000,670.0000,39.0000,68.0000
247.0000,692.0000,39.0000,68.0000
286.0000,720.0000,39.0000,68.0000
323.0000,738.0000,39.0000,67.0000
330.0000,742.0000,38.0000,66.0000
346.0000,743.0000,38.0000,66.0000
344.0000,746.0000,38.0000,66.0000
352.0000,751.0000,38.0000,66.0000
356.0000,758.0000,38.0000,67.0000
360.0000,758.0000,38.0000,68.0000
361.0000,764.0000,38.0000,69.0000
357.0000,761.0000,38.0000,69.0000
357.0000,760.0000,37.0000,67.0000
357.0000,760.0000,37.0000,67.0000
357.0000,760.0000,37.0000,67.0000
357.0000,760.0000,37.0000,67.0000
381.0000,735.0000,37.0000,66.0000
408.0000,712.0000,37.0000,66.0000
395.0000,739.0000,37.0000,66.0000
420.0000,716.0000,37.0000,67.0000
431.0000,718.0000,37.0000,67.0000
451.0000,701.0000,37.0000,67.0000
477.0000,706.0000,37.0000,66.0000
516.0000,715.0000,37.0000,66.0000
553.0000,734.0000,37.0000,66.0000
585.0000,766.0000,37.0000,66.0000
590.0000,779.0000,37.0000,67.0000
596.0000,786.0000,37.0000,67.0000
587.0000,797.0000,37.0000,67.0000
574.0000,791.0000,38.0000,68.0000
562.0000,808.0000,38.0000,67.0000
549.0000,812.0000,38.0000,68.0000
529.0000,810.0000,38.0000,69.0000
508.0000,824.0000,38.0000,70.0000
471.0000,821.0000,38.0000,69.0000
425.0000,820.0000,37.0000,68.0000
379.0000,817.0000,37.0000,67.0000
350.0000,809.0000,37.0000,66.0000
338.0000,801.0000,38.0000,68.0000
309.0000,777.0000,38.0000,68.0000
296.0000,739.0000,38.0000,69.0000
284.0000,708.0000,38.0000,69.0000
275.0000,693.0000,38.0000,69.0000
275.0000,694.0000,38.0000,69.0000
