3.5556
3.0963
16.89
1.278
0.90498
0.87912
0.80578
0.99317
0.78734
0.75596
0.80657
0.78707
0.83472
0.90873
0.76658
0.8155
0.72455
0.75526
0.80076
0.83385
0.78975
0.75461
0.83928
0.83347
0.7872
0.87246
0.82835
0.79228
0.78698
0.80251
0.7876
0.97318
0.80669
0.80463
0.80506
0.79455
0.74667
0.94629
0.77749
0.85399
0.827
0.7613
0.86355
0.95933
0.80655
0.80676
0.79788
0.8166
0.78157
0.94007
0.80722
0.83009
0.78226
0.74155
0.80666
0.88869
0.81459
0.79287
0.74129
0.78468
0.79288
0.87804
0.79574
0.79332
0.77425
0.77524
0.77106
0.94931
0.82024
0.73416
0.81184
0.79243
0.82864
0.86578
0.74091
0.80849
0.8098
0.79636
0.8124
0.93406
0.81948
0.79391
0.78895
0.82348
0.80601
0.9082
0.82391
0.78157
0.79189
0.81762
0.7367
0.93748
0.71364
0.79547
0.77238
0.81901
0.81906
0.98314
0.77819
0.79477
0.7231
0.9013
0.88099
0.92816
0.81056
0.76086
0.80747
0.8103
0.81958
0.92739
0.78303
0.82296
0.82566
0.86742
0.75699
0.90124
0.80373
0.82254
0.76947
0.85779
0.83446
0.89356
0.79412
0.99575
0.8069
0.83595
0.86652
0.9393
0.84945
0.77483
0.80063
