1
79.6000,141.1000,108.4000,141.1000,108.4000,175.9000,79.6000,175.9000
79.2000,137.9000,112.8000,137.9000,112.8000,175.1000,79.2000,175.1000
78.4000,137.1000,109.6000,137.1000,109.6000,171.9000,78.4000,171.9000
79.4000,134.9000,110.6000,134.9000,110.6000,172.1000,79.4000,172.1000
76.2000,139.3000,109.8000,139.3000,109.8000,171.7000,76.2000,171.7000
77.3000,137.1000,109.7000,137.1000,109.7000,171.9000,77.3000,171.9000
76.3000,136.2000,108.7000,136.2000,108.7000,169.8000,76.3000,169.8000
79.2000,134.8000,112.8000,134.8000,112.8000,161.2000,79.2000,161.2000
76.2000,132.8000,109.8000,132.8000,109.8000,159.2000,76.2000,159.2000
78.2000,130.9000,111.8000,130.9000,111.8000,156.1000,78.2000,156.1000
78.1000,131.4000,112.9000,131.4000,112.9000,150.6000,78.1000,150.6000
77.2000,131.2000,110.8000,131.2000,110.8000,152.8000,77.2000,152.8000
77.3000,129.0000,109.7000,129.0000,109.7000,153.0000,77.3000,153.0000
76.2000,127.2000,109.8000,127.2000,109.8000,148.8000,76.2000,148.8000
73.1000,125.2000,107.9000,125.2000,107.9000,146.8000,73.1000,146.8000
73.1000,122.2000,107.9000,122.2000,107.9000,143.8000,73.1000,143.8000
73.2000,119.3000,106.8000,119.3000,106.8000,139.7000,73.2000,139.7000
72.2000,116.3000,105.8000,116.3000,105.8000,136.7000,72.2000,136.7000
73.3000,111.2000,105.7000,111.2000,105.7000,132.8000,73.3000,132.8000
73.3000,109.3000,105.7000,109.3000,105.7000,129.7000,73.3000,129.7000
73.1000,107.5000,107.9000,107.5000,107.9000,125.5000,73.1000,125.5000
72.0000,102.2000,108.0000,102.2000,108.0000,123.8000,72.0000,123.8000
70.9000,100.0000,108.1000,100.0000,108.1000,124.0000,70.9000,124.0000
71.9000,98.5000,109.1000,98.5000,109.1000,116.5000,71.9000,116.5000
71.7000,94.1000,111.3000,94.1000,111.3000,116.9000,71.7000,116.9000
74.5000,91.4000,116.5000,91.4000,116.5000,110.6000,74.5000,110.6000
78.7000,88.4000,118.3000,88.4000,118.3000,107.6000,78.7000,107.6000
85.0000,88.7000,121.0000,88.7000,121.0000,104.3000,85.0000,104.3000
87.1000,84.4000,121.9000,84.4000,121.9000,103.6000,87.1000,103.6000
89.6000,82.3000,130.4000,82.3000,130.4000,102.7000,89.6000,102.7000
90.3000,79.2000,134.7000,79.2000,134.7000,100.8000,90.3000,100.8000
92.3000,78.4000,136.7000,78.4000,136.7000,97.6000,92.3000,97.6000
90.2000,73.2000,135.8000,73.2000,135.8000,94.8000,90.2000,94.8000
93.5000,71.4000,135.5000,71.4000,135.5000,90.6000,93.5000,90.6000
90.1000,68.3000,136.9000,68.3000,136.9000,88.7000,90.1000,88.7000
87.5000,69.2000,129.5000,69.2000,129.5000,90.8000,87.5000,90.8000
88.7000,63.8000,128.3000,63.8000,128.3000,90.2000,88.7000,90.2000
82.5000,66.0000,124.5000,66.0000,124.5000,90.0000,82.5000,90.0000
81.5000,64.0000,123.5000,64.0000,123.5000,88.0000,81.5000,88.0000
79.6000,61.9000,120.4000,61.9000,120.4000,87.1000,79.6000,87.1000
79.6000,59.9000,120.4000,59.9000,120.4000,85.1000,79.6000,85.1000
80.7000,56.8000,120.3000,56.8000,120.3000,83.2000,80.7000,83.2000
79.6000,60.0000,120.4000,60.0000,120.4000,84.0000,79.6000,84.0000
81.8000,57.8000,120.2000,57.8000,120.2000,84.2000,81.8000,84.2000
79.6000,56.6000,120.4000,56.6000,120.4000,85.4000,79.6000,85.4000
78.7000,58.8000,118.3000,58.8000,118.3000,85.2000,78.7000,85.2000
78.9000,58.7000,116.1000,58.7000,116.1000,86.3000,78.9000,86.3000
79.1000,58.5000,113.9000,58.5000,113.9000,88.5000,79.1000,88.5000
75.9000,60.5000,113.1000,60.5000,113.1000,90.5000,75.9000,90.5000
76.0000,61.4000,112.0000,61.4000,112.0000,92.6000,76.0000,92.6000
77.0000,62.3000,113.0000,62.3000,113.0000,94.7000,77.0000,94.7000
77.1000,62.3000,111.9000,62.3000,111.9000,94.7000,77.1000,94.7000
77.2000,61.8000,110.8000,61.8000,110.8000,100.2000,77.2000,100.2000
78.2000,62.5000,111.8000,62.5000,111.8000,104.5000,78.2000,104.5000
81.2000,62.1000,114.8000,62.1000,114.8000,108.9000,81.2000,108.9000
86.7000,65.3000,114.3000,65.3000,114.3000,109.7000,86.7000,109.7000
84.6000,70.1000,113.4000,70.1000,113.4000,116.9000,84.6000,116.9000
82.1000,74.4000,116.9000,74.4000,116.9000,117.6000,82.1000,117.6000
85.3000,76.4000,117.7000,76.4000,117.7000,119.6000,85.3000,119.6000
85.7000,77.2000,125.3000,77.2000,125.3000,122.8000,85.7000,122.8000
85.8000,79.6000,124.2000,79.6000,124.2000,120.4000,85.8000,120.4000
88.9000,79.5000,126.1000,79.5000,126.1000,121.5000,88.9000,121.5000
91.7000,79.3000,119.3000,79.3000,119.3000,123.7000,91.7000,123.7000
94.8000,80.5000,121.2000,80.5000,121.2000,122.5000,94.8000,122.5000
96.9000,80.5000,122.1000,80.5000,122.1000,122.5000,96.9000,122.5000
98.7000,78.4000,126.3000,78.4000,126.3000,121.6000,98.7000,121.6000
98.6000,77.4000,127.4000,77.4000,127.4000,120.6000,98.6000,120.6000
99.8000,80.6000,126.2000,80.6000,126.2000,121.4000,99.8000,121.4000
99.6000,79.7000,128.4000,79.7000,128.4000,119.3000,99.6000,119.3000
99.7000,79.5000,127.3000,79.5000,127.3000,121.5000,99.7000,121.5000
98.4000,78.3000,129.6000,78.3000,129.6000,122.7000,98.4000,122.7000
99.6000,78.3000,128.4000,78.3000,128.4000,122.7000,99.6000,122.7000
96.3000,78.3000,128.7000,78.3000,128.7000,122.7000,96.3000,122.7000
98.5000,75.0000,128.5000,75.0000,128.5000,123.0000,98.5000,123.0000
99.6000,76.1000,128.4000,76.1000,128.4000,122.9000,99.6000,122.9000
104.0000,77.2000,128.0000,77.2000,128.0000,122.8000,104.0000,122.8000
100.9000,77.3000,126.1000,77.3000,126.1000,121.7000,100.9000,121.7000
100.9000,76.3000,126.1000,76.3000,126.1000,120.7000,100.9000,120.7000
98.7000,76.3000,126.3000,76.3000,126.3000,120.7000,98.7000,120.7000
98.7000,76.2000,126.3000,76.2000,126.3000,121.8000,98.7000,121.8000
98.6000,76.2000,127.4000,76.2000,127.4000,121.8000,98.6000,121.8000
98.8000,72.0000,125.2000,72.0000,125.2000,120.0000,98.8000,120.0000
96.5000,71.9000,126.5000,71.9000,126.5000,121.1000,96.5000,121.1000
97.4000,75.4000,128.6000,75.4000,128.6000,118.6000,97.4000,118.6000
99.4000,73.4000,130.6000,73.4000,130.6000,116.6000,99.4000,116.6000
97.4000,75.5000,128.6000,75.5000,128.6000,117.5000,97.4000,117.5000
97.4000,71.3000,128.6000,71.3000,128.6000,115.7000,97.4000,115.7000
98.3000,73.4000,130.7000,73.4000,130.7000,116.6000,98.3000,116.6000
98.1000,71.4000,132.9000,71.4000,132.9000,114.6000,98.1000,114.6000
100.3000,71.2000,132.7000,71.2000,132.7000,116.8000,100.3000,116.8000
99.3000,71.4000,131.7000,71.4000,131.7000,114.6000,99.3000,114.6000
99.6000,73.6000,128.4000,73.6000,128.4000,114.4000,99.6000,114.4000
98.4000,71.2000,129.6000,71.2000,129.6000,116.8000,98.4000,116.8000
100.7000,72.3000,128.3000,72.3000,128.3000,116.7000,100.7000,116.7000
100.7000,72.5000,128.3000,72.5000,128.3000,114.5000,100.7000,114.5000
99.6000,72.6000,128.4000,72.6000,128.4000,113.4000,99.6000,113.4000
99.8000,74.8000,126.2000,74.8000,126.2000,113.2000,99.8000,113.2000
103.9000,72.6000,129.1000,72.6000,129.1000,113.4000,103.9000,113.4000
102.8000,72.4000,129.2000,72.4000,129.2000,115.6000,102.8000,115.6000
104.9000,71.2000,130.1000,71.2000,130.1000,116.8000,104.9000,116.8000
110.1000,69.2000,132.9000,69.2000,132.9000,114.8000,110.1000,114.8000
114.4000,71.6000,133.6000,71.6000,133.6000,112.4000,114.4000,112.4000
116.6000,70.4000,133.4000,70.4000,133.4000,113.6000,116.6000,113.6000
116.5000,69.8000,134.5000,69.8000,134.5000,108.2000,116.5000,108.2000
115.3000,69.5000,135.7000,69.5000,135.7000,111.5000,115.3000,111.5000
116.4000,69.7000,135.6000,69.7000,135.6000,109.3000,116.4000,109.3000
118.5000,67.5000,136.5000,67.5000,136.5000,109.5000,118.5000,109.5000
118.4000,69.7000,137.6000,69.7000,137.6000,109.3000,118.4000,109.3000
116.3000,70.7000,136.7000,70.7000,136.7000,110.3000,116.3000,110.3000
115.5000,71.7000,133.5000,71.7000,133.5000,111.3000,115.5000,111.3000
112.9000,71.7000,138.1000,71.7000,138.1000,111.3000,112.9000,111.3000
118.6000,70.7000,135.4000,70.7000,135.4000,110.3000,118.6000,110.3000
113.3000,71.5000,133.7000,71.5000,133.7000,113.5000,113.3000,113.5000
112.2000,70.3000,133.8000,70.3000,133.8000,114.7000,112.2000,114.7000
110.0000,72.4000,134.0000,72.4000,134.0000,115.6000,110.0000,115.6000
111.1000,72.4000,133.9000,72.4000,133.9000,115.6000,111.1000,115.6000
107.6000,72.3000,136.4000,72.3000,136.4000,116.7000,107.6000,116.7000
107.6000,72.4000,136.4000,72.4000,136.4000,115.6000,107.6000,115.6000
107.5000,73.5000,137.5000,73.5000,137.5000,115.5000,107.5000,115.5000
105.3000,74.2000,137.7000,74.2000,137.7000,119.8000,105.3000,119.8000
105.2000,75.1000,138.8000,75.1000,138.8000,121.9000,105.2000,121.9000
106.2000,75.2000,139.8000,75.2000,139.8000,120.8000,106.2000,120.8000
106.3000,76.3000,138.7000,76.3000,138.7000,120.7000,106.3000,120.7000
105.2000,77.4000,138.8000,77.4000,138.8000,120.6000,105.2000,120.6000
106.3000,77.4000,138.7000,77.4000,138.7000,120.6000,106.3000,120.6000
106.2000,77.4000,139.8000,77.4000,139.8000,120.6000,106.2000,120.6000
106.4000,77.9000,137.6000,77.9000,137.6000,127.1000,106.4000,127.1000
107.5000,79.1000,137.5000,79.1000,137.5000,125.9000,107.5000,125.9000
108.5000,81.2000,138.5000,81.2000,138.5000,126.8000,108.5000,126.8000
119.9000,81.3000,133.1000,81.3000,133.1000,125.7000,119.9000,125.7000
117.7000,82.4000,133.3000,82.4000,133.3000,125.6000,117.7000,125.6000
116.6000,83.5000,133.4000,83.5000,133.4000,125.5000,116.6000,125.5000
114.4000,84.5000,133.6000,84.5000,133.6000,126.5000,114.4000,126.5000
116.6000,85.4000,133.4000,85.4000,133.4000,128.6000,116.6000,128.6000
113.2000,86.5000,134.8000,86.5000,134.8000,128.5000,113.2000,128.5000
108.9000,88.3000,134.1000,88.3000,134.1000,132.7000,108.9000,132.7000
106.9000,88.0000,132.1000,88.0000,132.1000,136.0000,106.9000,136.0000
101.3000,91.0000,133.7000,91.0000,133.7000,139.0000,101.3000,139.0000
103.3000,89.8000,135.7000,89.8000,135.7000,140.2000,103.3000,140.2000
105.6000,92.2000,134.4000,92.2000,134.4000,137.8000,105.6000,137.8000
107.4000,88.9000,138.6000,88.9000,138.6000,138.1000,107.4000,138.1000
109.3000,85.7000,141.7000,85.7000,141.7000,137.3000,109.3000,137.3000
114.8000,86.0000,141.2000,86.0000,141.2000,134.0000,114.8000,134.0000
114.4000,84.4000,145.6000,84.4000,145.6000,127.6000,114.4000,127.6000
116.4000,83.6000,147.6000,83.6000,147.6000,124.4000,116.4000,124.4000
118.5000,81.5000,148.5000,81.5000,148.5000,123.5000,118.5000,123.5000
118.2000,79.4000,151.8000,79.4000,151.8000,122.6000,118.2000,122.6000
119.3000,80.6000,151.7000,80.6000,151.7000,121.4000,119.3000,121.4000
120.7000,82.9000,148.3000,82.9000,148.3000,120.1000,120.7000,120.1000
118.1000,80.8000,152.9000,80.8000,152.9000,119.2000,118.1000,119.2000
118.1000,81.0000,152.9000,81.0000,152.9000,117.0000,118.1000,117.0000
117.0000,81.1000,153.0000,81.1000,153.0000,115.9000,117.0000,115.9000
119.3000,81.7000,151.7000,81.7000,151.7000,121.3000,119.3000,121.3000
119.3000,84.9000,151.7000,84.9000,151.7000,122.1000,119.3000,122.1000
119.5000,83.8000,149.5000,83.8000,149.5000,122.2000,119.5000,122.2000
119.0000,80.7000,155.0000,80.7000,155.0000,120.3000,119.0000,120.3000
118.4000,81.9000,149.6000,81.9000,149.6000,119.1000,118.4000,119.1000
119.1000,79.8000,153.9000,79.8000,153.9000,118.2000,119.1000,118.2000
119.5000,80.9000,149.5000,80.9000,149.5000,118.1000,119.5000,118.1000
120.2000,78.7000,153.8000,78.7000,153.8000,118.3000,120.2000,118.3000
119.7000,77.2000,147.3000,77.2000,147.3000,122.8000,119.7000,122.8000
113.1000,77.3000,147.9000,77.3000,147.9000,121.7000,113.1000,121.7000
112.9000,76.3000,150.1000,76.3000,150.1000,120.7000,112.9000,120.7000
112.5000,76.3000,154.5000,76.3000,154.5000,120.7000,112.5000,120.7000
114.8000,76.4000,153.2000,76.4000,153.2000,119.6000,114.8000,119.6000
118.0000,75.6000,154.0000,75.6000,154.0000,116.4000,118.0000,116.4000
114.8000,75.4000,153.2000,75.4000,153.2000,118.6000,114.8000,118.6000
116.6000,72.2000,157.4000,72.2000,157.4000,117.8000,116.6000,117.8000
116.7000,71.0000,156.3000,71.0000,156.3000,119.0000,116.7000,119.0000
117.9000,73.2000,155.1000,73.2000,155.1000,118.8000,117.9000,118.8000
119.8000,71.2000,158.2000,71.2000,158.2000,116.8000,119.8000,116.8000
123.8000,72.6000,162.2000,72.6000,162.2000,113.4000,123.8000,113.4000
129.5000,72.8000,159.5000,72.8000,159.5000,111.2000,129.5000,111.2000
126.3000,70.5000,158.7000,70.5000,158.7000,112.5000,126.3000,112.5000
125.1000,70.2000,159.9000,70.2000,159.9000,115.8000,125.1000,115.8000
126.2000,70.2000,159.8000,70.2000,159.8000,115.8000,126.2000,115.8000
127.3000,70.2000,159.7000,70.2000,159.7000,115.8000,127.3000,115.8000
127.3000,71.3000,159.7000,71.3000,159.7000,115.7000,127.3000,115.7000
132.6000,67.0000,161.4000,67.0000,161.4000,115.0000,132.6000,115.0000
133.6000,67.0000,162.4000,67.0000,162.4000,115.0000,133.6000,115.0000
129.4000,71.0000,160.6000,71.0000,160.6000,119.0000,129.4000,119.0000
129.1000,71.0000,163.9000,71.0000,163.9000,119.0000,129.1000,119.0000
131.4000,72.1000,162.6000,72.1000,162.6000,118.9000,131.4000,118.9000
134.1000,73.1000,168.9000,73.1000,168.9000,119.9000,134.1000,119.9000
137.6000,72.9000,166.4000,72.9000,166.4000,122.1000,137.6000,122.1000
137.5000,73.9000,167.5000,73.9000,167.5000,123.1000,137.5000,123.1000
130.3000,75.4000,174.7000,75.4000,174.7000,118.6000,130.3000,118.6000
131.1000,77.4000,177.9000,77.4000,177.9000,120.6000,131.1000,120.6000
133.6000,77.9000,174.4000,77.9000,174.4000,127.1000,133.6000,127.1000
135.7000,77.8000,175.3000,77.8000,175.3000,128.2000,135.7000,128.2000
134.4000,79.8000,177.6000,79.8000,177.6000,130.2000,134.4000,130.2000
147.9000,73.5000,173.1000,73.5000,173.1000,127.5000,147.9000,127.5000
145.0000,74.7000,169.0000,74.7000,169.0000,126.3000,145.0000,126.3000
139.7000,76.9000,167.3000,76.9000,167.3000,126.1000,139.7000,126.1000
138.5000,80.0000,168.5000,80.0000,168.5000,128.0000,138.5000,128.0000
141.4000,79.0000,172.6000,79.0000,172.6000,127.0000,141.4000,127.0000
135.9000,61.2000,173.1000,61.2000,173.1000,106.8000,135.9000,106.8000
140.8000,50.4000,179.2000,50.4000,179.2000,93.6000,140.8000,93.6000
141.3000,50.0000,173.7000,50.0000,173.7000,98.0000,141.3000,98.0000
143.4000,49.0000,174.6000,49.0000,174.6000,97.0000,143.4000,97.0000
142.5000,49.1000,172.5000,49.1000,172.5000,95.9000,142.5000,95.9000
141.3000,49.1000,173.7000,49.1000,173.7000,95.9000,141.3000,95.9000
142.1000,49.1000,176.9000,49.1000,176.9000,95.9000,142.1000,95.9000
145.4000,49.2000,176.6000,49.2000,176.6000,94.8000,145.4000,94.8000
144.4000,48.0000,175.6000,48.0000,175.6000,96.0000,144.4000,96.0000
147.4000,48.0000,178.6000,48.0000,178.6000,96.0000,147.4000,96.0000
145.1000,48.2000,179.9000,48.2000,179.9000,93.8000,145.1000,93.8000
141.7000,49.4000,181.3000,49.4000,181.3000,92.6000,141.7000,92.6000
144.2000,48.5000,177.8000,48.5000,177.8000,90.5000,144.2000,90.5000
134.2000,84.6000,167.8000,84.6000,167.8000,125.4000,134.2000,125.4000
131.6000,84.5000,160.4000,84.5000,160.4000,126.5000,131.6000,126.5000
127.5000,85.1000,157.5000,85.1000,157.5000,131.9000,127.5000,131.9000
125.4000,83.7000,156.6000,83.7000,156.6000,135.3000,125.4000,135.3000
123.6000,83.3000,152.4000,83.3000,152.4000,139.7000,123.6000,139.7000
122.6000,82.1000,151.4000,82.1000,151.4000,140.9000,122.6000,140.9000
118.4000,82.8000,149.6000,82.8000,149.6000,145.2000,118.4000,145.2000
115.7000,84.1000,143.3000,84.1000,143.3000,142.9000,115.7000,142.9000
114.5000,80.9000,144.5000,80.9000,144.5000,142.1000,114.5000,142.1000
113.4000,79.9000,144.6000,79.9000,144.6000,141.1000,113.4000,141.1000
112.7000,81.0000,140.3000,81.0000,140.3000,141.0000,112.7000,141.0000
113.6000,81.2000,142.4000,81.2000,142.4000,138.8000,113.6000,138.8000
113.6000,82.2000,142.4000,82.2000,142.4000,139.8000,113.6000,139.8000
112.5000,83.0000,142.5000,83.0000,142.5000,143.0000,112.5000,143.0000
112.7000,84.1000,140.3000,84.1000,140.3000,142.9000,112.7000,142.9000
113.4000,84.4000,144.6000,84.4000,144.6000,139.6000,113.4000,139.6000
113.2000,83.5000,146.8000,83.5000,146.8000,137.5000,113.2000,137.5000
115.4000,85.6000,146.6000,85.6000,146.6000,138.4000,115.4000,138.4000
116.4000,85.6000,147.6000,85.6000,147.6000,138.4000,116.4000,138.4000
118.4000,84.7000,149.6000,84.7000,149.6000,136.3000,118.4000,136.3000
117.2000,85.7000,150.8000,85.7000,150.8000,137.3000,117.2000,137.3000
120.7000,85.6000,148.3000,85.6000,148.3000,138.4000,120.7000,138.4000
123.4000,85.1000,154.6000,85.1000,154.6000,131.9000,123.4000,131.9000
124.6000,85.4000,153.4000,85.4000,153.4000,128.6000,124.6000,128.6000
126.5000,84.4000,156.5000,84.4000,156.5000,127.6000,126.5000,127.6000
126.3000,85.4000,158.7000,85.4000,158.7000,128.6000,126.3000,128.6000
126.2000,83.2000,159.8000,83.2000,159.8000,128.8000,126.2000,128.8000
128.2000,82.3000,161.8000,82.3000,161.8000,126.7000,128.2000,126.7000
128.1000,82.5000,162.9000,82.5000,162.9000,124.5000,128.1000,124.5000
132.1000,79.6000,166.9000,79.6000,166.9000,120.4000,132.1000,120.4000
130.0000,82.0000,166.0000,82.0000,166.0000,118.0000,130.0000,118.0000
132.0000,81.0000,168.0000,81.0000,168.0000,117.0000,132.0000,117.0000
133.9000,81.0000,171.1000,81.0000,171.1000,117.0000,133.9000,117.0000
136.2000,82.1000,169.8000,82.1000,169.8000,116.9000,136.2000,116.9000
137.8000,82.1000,176.2000,82.1000,176.2000,116.9000,137.8000,116.9000
151.2000,78.5000,184.8000,78.5000,184.8000,108.5000,151.2000,108.5000
151.8000,77.6000,190.2000,77.6000,190.2000,106.4000,151.8000,106.4000
156.0000,73.9000,192.0000,73.9000,192.0000,111.1000,156.0000,111.1000
158.4000,73.8000,189.6000,73.8000,189.6000,112.2000,158.4000,112.2000
158.0000,72.8000,194.0000,72.8000,194.0000,111.2000,158.0000,111.2000
160.2000,71.8000,193.8000,71.8000,193.8000,110.2000,160.2000,110.2000
162.3000,68.7000,194.7000,68.7000,194.7000,108.3000,162.3000,108.3000
164.4000,67.8000,195.6000,67.8000,195.6000,106.2000,164.4000,106.2000
164.3000,69.5000,196.7000,69.5000,196.7000,99.5000,164.3000,99.5000
160.7000,72.4000,200.3000,72.4000,200.3000,91.6000,160.7000,91.6000
155.2000,71.5000,200.8000,71.5000,200.8000,89.5000,155.2000,89.5000
152.0000,69.1000,200.0000,69.1000,200.0000,91.9000,152.0000,91.9000
152.1000,68.1000,198.9000,68.1000,198.9000,90.9000,152.1000,90.9000
152.2000,68.3000,197.8000,68.3000,197.8000,88.7000,152.2000,88.7000
155.3000,68.4000,199.7000,68.4000,199.7000,87.6000,155.3000,87.6000
156.4000,67.5000,199.6000,67.5000,199.6000,85.5000,156.4000,85.5000
153.0000,66.4000,201.0000,66.4000,201.0000,85.6000,153.0000,85.6000
155.0000,64.2000,203.0000,64.2000,203.0000,85.8000,155.0000,85.8000
160.2000,58.2000,205.8000,58.2000,205.8000,79.8000,160.2000,79.8000
163.3000,56.2000,207.7000,56.2000,207.7000,77.8000,163.3000,77.8000
168.8000,53.1000,207.2000,53.1000,207.2000,75.9000,168.8000,75.9000
169.7000,49.7000,209.3000,49.7000,209.3000,77.3000,169.7000,77.3000
171.6000,46.9000,212.4000,46.9000,212.4000,72.1000,171.6000,72.1000
170.4000,48.2000,213.6000,48.2000,213.6000,69.8000,170.4000,69.8000
171.4000,47.0000,214.6000,47.0000,214.6000,71.0000,171.4000,71.0000
172.3000,47.0000,216.7000,47.0000,216.7000,71.0000,172.3000,71.0000
174.6000,45.2000,215.4000,45.2000,215.4000,66.8000,174.6000,66.8000
175.6000,45.1000,216.4000,45.1000,216.4000,67.9000,175.6000,67.9000
175.5000,44.0000,217.5000,44.0000,217.5000,68.0000,175.5000,68.0000
179.9000,44.2000,217.1000,44.2000,217.1000,65.8000,179.9000,65.8000
181.0000,45.0000,217.0000,45.0000,217.0000,69.0000,181.0000,69.0000
180.8000,45.1000,219.2000,45.1000,219.2000,67.9000,180.8000,67.9000
176.4000,44.7000,219.6000,44.7000,219.6000,72.3000,176.4000,72.3000
183.8000,44.0000,222.2000,44.0000,222.2000,68.0000,183.8000,68.0000
183.9000,45.1000,221.1000,45.1000,221.1000,67.9000,183.9000,67.9000
184.8000,45.0000,223.2000,45.0000,223.2000,69.0000,184.8000,69.0000
185.8000,46.1000,224.2000,46.1000,224.2000,68.9000,185.8000,68.9000
184.8000,46.0000,223.2000,46.0000,223.2000,70.0000,184.8000,70.0000
182.7000,47.1000,222.3000,47.1000,222.3000,69.9000,182.7000,69.9000
183.9000,47.1000,221.1000,47.1000,221.1000,69.9000,183.9000,69.9000
179.7000,48.1000,219.3000,48.1000,219.3000,70.9000,179.7000,70.9000
181.8000,49.3000,220.2000,49.3000,220.2000,69.7000,181.8000,69.7000
177.8000,49.1000,216.2000,49.1000,216.2000,71.9000,177.8000,71.9000
177.0000,49.2000,213.0000,49.2000,213.0000,70.8000,177.0000,70.8000
180.3000,49.1000,212.7000,49.1000,212.7000,71.9000,180.3000,71.9000
182.2000,48.3000,215.8000,48.3000,215.8000,68.7000,182.2000,68.7000
175.8000,50.3000,214.2000,50.3000,214.2000,70.7000,175.8000,70.7000
177.0000,50.2000,213.0000,50.2000,213.0000,71.8000,177.0000,71.8000
177.0000,51.4000,213.0000,51.4000,213.0000,70.6000,177.0000,70.6000
179.4000,49.1000,210.6000,49.1000,210.6000,71.9000,179.4000,71.9000
175.0000,51.1000,211.0000,51.1000,211.0000,73.9000,175.0000,73.9000
170.8000,51.0000,209.2000,51.0000,209.2000,75.0000,170.8000,75.0000
175.3000,51.1000,207.7000,51.1000,207.7000,73.9000,175.3000,73.9000
175.2000,51.0000,208.8000,51.0000,208.8000,75.0000,175.2000,75.0000
176.5000,51.1000,206.5000,51.1000,206.5000,73.9000,176.5000,73.9000
176.5000,49.8000,206.5000,49.8000,206.5000,76.2000,176.5000,76.2000
174.3000,49.7000,206.7000,49.7000,206.7000,77.3000,174.3000,77.3000
173.2000,49.5000,206.8000,49.5000,206.8000,79.5000,173.2000,79.5000
176.3000,50.9000,208.7000,50.9000,208.7000,76.1000,176.3000,76.1000
173.2000,49.6000,206.8000,49.6000,206.8000,78.4000,173.2000,78.4000
172.0000,50.6000,208.0000,50.6000,208.0000,79.4000,172.0000,79.4000
172.0000,49.5000,208.0000,49.5000,208.0000,79.5000,172.0000,79.5000
170.9000,48.4000,208.1000,48.4000,208.1000,79.6000,170.9000,79.6000
171.9000,46.4000,209.1000,46.4000,209.1000,77.6000,171.9000,77.6000
173.1000,49.9000,207.9000,49.9000,207.9000,75.1000,173.1000,75.1000
171.9000,49.9000,209.1000,49.9000,209.1000,75.1000,171.9000,75.1000
169.7000,48.6000,209.3000,48.6000,209.3000,77.4000,169.7000,77.4000
168.9000,48.6000,206.1000,48.6000,206.1000,77.4000,168.9000,77.4000
168.6000,49.7000,209.4000,49.7000,209.4000,77.3000,168.6000,77.3000
169.1000,48.6000,203.9000,48.6000,203.9000,77.4000,169.1000,77.4000
165.8000,49.6000,204.2000,49.6000,204.2000,78.4000,165.8000,78.4000
171.2000,48.8000,204.8000,48.8000,204.8000,75.2000,171.2000,75.2000
167.0000,48.6000,203.0000,48.6000,203.0000,77.4000,167.0000,77.4000
165.9000,47.6000,203.1000,47.6000,203.1000,76.4000,165.9000,76.4000
166.9000,50.1000,204.1000,50.1000,204.1000,72.9000,166.9000,72.9000
164.9000,49.8000,202.1000,49.8000,202.1000,76.2000,164.9000,76.2000
163.6000,51.0000,204.4000,51.0000,204.4000,75.0000,163.6000,75.0000
166.9000,51.0000,204.1000,51.0000,204.1000,75.0000,166.9000,75.0000
160.9000,52.9000,198.1000,52.9000,198.1000,78.1000,160.9000,78.1000
161.2000,52.5000,194.8000,52.5000,194.8000,82.5000,161.2000,82.5000
163.2000,53.8000,196.8000,53.8000,196.8000,80.2000,163.2000,80.2000
160.1000,54.5000,194.9000,54.5000,194.9000,84.5000,160.1000,84.5000
161.3000,55.9000,193.7000,55.9000,193.7000,81.1000,161.3000,81.1000
159.2000,55.6000,192.8000,55.6000,192.8000,84.4000,159.2000,84.4000
159.2000,55.8000,192.8000,55.8000,192.8000,82.2000,159.2000,82.2000
156.1000,56.9000,190.9000,56.9000,190.9000,82.1000,156.1000,82.1000
158.4000,58.2000,189.6000,58.2000,189.6000,79.8000,158.4000,79.8000
155.1000,58.0000,189.9000,58.0000,189.9000,82.0000,155.1000,82.0000
151.9000,57.9000,189.1000,57.9000,189.1000,83.1000,151.9000,83.1000
152.2000,58.7000,185.8000,58.7000,185.8000,86.3000,152.2000,86.3000
151.3000,62.0000,183.7000,62.0000,183.7000,86.0000,151.3000,86.0000
151.8000,63.2000,178.2000,63.2000,178.2000,84.8000,151.8000,84.8000
172.6000,57.3000,201.4000,57.3000,201.4000,77.7000,172.6000,77.7000
168.3000,57.2000,200.7000,57.2000,200.7000,78.8000,168.3000,78.8000
166.0000,56.1000,202.0000,56.1000,202.0000,78.9000,166.0000,78.9000
163.8000,62.3000,202.2000,62.3000,202.2000,82.7000,163.8000,82.7000
162.7000,60.0000,202.3000,60.0000,202.3000,84.0000,162.7000,84.0000
160.6000,63.4000,201.4000,63.4000,201.4000,82.6000,160.6000,82.6000
159.6000,61.9000,200.4000,61.9000,200.4000,87.1000,159.6000,87.1000
157.3000,65.4000,201.7000,65.4000,201.7000,84.6000,157.3000,84.6000
156.2000,63.5000,201.8000,63.5000,201.8000,81.5000,156.2000,81.5000
158.6000,55.7000,199.4000,55.7000,199.4000,83.3000,158.6000,83.3000
155.4000,59.2000,198.6000,59.2000,198.6000,80.8000,155.4000,80.8000
154.4000,59.2000,197.6000,59.2000,197.6000,80.8000,154.4000,80.8000
154.4000,58.2000,197.6000,58.2000,197.6000,79.8000,154.4000,79.8000
155.3000,64.1000,199.7000,64.1000,199.7000,86.9000,155.3000,86.9000
153.1000,62.0000,199.9000,62.0000,199.9000,86.0000,153.1000,86.0000
152.1000,62.5000,198.9000,62.5000,198.9000,80.5000,152.1000,80.5000
151.0000,62.5000,199.0000,62.5000,199.0000,80.5000,151.0000,80.5000
151.2000,61.3000,196.8000,61.3000,196.8000,81.7000,151.2000,81.7000
149.9000,64.7000,199.1000,64.7000,199.1000,80.3000,149.9000,80.3000
152.1000,63.4000,198.9000,63.4000,198.9000,82.6000,152.1000,82.6000
151.2000,63.2000,196.8000,63.2000,196.8000,84.8000,151.2000,84.8000
146.7000,63.2000,198.3000,63.2000,198.3000,84.8000,146.7000,84.8000
150.0000,63.9000,198.0000,63.9000,198.0000,89.1000,150.0000,89.1000
150.0000,67.0000,198.0000,67.0000,198.0000,91.0000,150.0000,91.0000
152.4000,68.9000,195.6000,68.9000,195.6000,94.1000,152.4000,94.1000
152.5000,72.0000,194.5000,72.0000,194.5000,96.0000,152.5000,96.0000
152.4000,71.9000,195.6000,71.9000,195.6000,97.1000,152.4000,97.1000
153.5000,75.0000,195.5000,75.0000,195.5000,99.0000,153.5000,99.0000
153.5000,74.9000,195.5000,74.9000,195.5000,100.1000,153.5000,100.1000
