6.8064,7.1748,6.8558,0,0,0,0,0,0,0,0,0,0,0,0
1.2118,1.2868,1.1973,0,0,0,0,0,0,0,0,0,0,0,0
1.2184,1.2974,1.2076,0,0,0,0,0,0,0,0,0,0,0,0
1.1534,1.2351,1.1612,0,0,0,0,0,0,0,0,0,0,0,0
1.1702,1.214,1.2027,0,0,0,0,0,0,0,0,0,0,0,0
1.3221,1.1895,1.1786,0,0,0,0,0,0,0,0,0,0,0,0
1.4152,1.2754,1.2914,0,0,0,0,0,0,0,0,0,0,0,0
1.3022,1.1273,1.115,0,0,0,0,0,0,0,0,0,0,0,0
1.2515,1.1228,1.1338,0,0,0,0,0,0,0,0,0,0,0,0
1.2493,1.1098,1.1657,0,0,0,0,0,0,0,0,0,0,0,0
1.2923,1.1235,1.2142,0,0,0,0,0,0,0,0,0,0,0,0
1.2188,1.1506,1.2152,0,0,0,0,0,0,0,0,0,0,0,0
1.3398,1.2352,1.3151,0,0,0,0,0,0,0,0,0,0,0,0
1.1192,1.1185,1.1802,0,0,0,0,0,0,0,0,0,0,0,0
1.1254,1.1153,1.278,0,0,0,0,0,0,0,0,0,0,0,0
1.1447,1.1175,1.2357,0,0,0,0,0,0,0,0,0,0,0,0
1.112,1.1109,1.25,0,0,0,0,0,0,0,0,0,0,0,0
1.1261,1.1763,1.2264,0,0,0,0,0,0,0,0,0,0,0,0
1.2259,1.2462,1.2828,0,0,0,0,0,0,0,0,0,0,0,0
1.1079,1.1164,1.1247,0,0,0,0,0,0,0,0,0,0,0,0
1.1132,1.1317,1.1186,0,0,0,0,0,0,0,0,0,0,0,0
1.106,1.2003,1.1171,0,0,0,0,0,0,0,0,0,0,0,0
1.1296,1.2001,1.1235,0,0,0,0,0,0,0,0,0,0,0,0
1.1067,1.1981,1.1241,0,0,0,0,0,0,0,0,0,0,0,0
1.244,1.3704,1.2297,0,0,0,0,0,0,0,0,0,0,0,0
1.1131,1.1783,1.1315,0,0,0,0,0,0,0,0,0,0,0,0
1.1185,1.2124,1.1368,0,0,0,0,0,0,0,0,0,0,0,0
1.1405,1.2786,1.1352,0,0,0,0,0,0,0,0,0,0,0,0
1.1202,1.2238,1.1465,0,0,0,0,0,0,0,0,0,0,0,0
1.1245,1.1906,1.1374,0,0,0,0,0,0,0,0,0,0,0,0
1.3392,1.246,1.2666,0,0,0,0,0,0,0,0,0,0,0,0
1.134,1.1817,1.1338,0,0,0,0,0,0,0,0,0,0,0,0
1.1334,1.1381,1.1679,0,0,0,0,0,0,0,0,0,0,0,0
1.1161,1.1104,1.1567,0,0,0,0,0,0,0,0,0,0,0,0
1.1232,1.1326,1.1663,0,0,0,0,0,0,0,0,0,0,0,0
1.1213,1.1421,1.1756,0,0,0,0,0,0,0,0,0,0,0,0
1.2307,1.2264,1.3907,0,0,0,0,0,0,0,0,0,0,0,0
1.1269,1.1458,1.258,0,0,0,0,0,0,0,0,0,0,0,0
1.1138,1.1271,1.2847,0,0,0,0,0,0,0,0,0,0,0,0
1.1102,1.1164,1.2177,0,0,0,0,0,0,0,0,0,0,0,0
1.1183,1.134,1.2568,0,0,0,0,0,0,0,0,0,0,0,0
1.1175,1.1323,1.2554,0,0,0,0,0,0,0,0,0,0,0,0
1.2367,1.2447,1.3798,0,0,0,0,0,0,0,0,0,0,0,0
1.1237,1.1473,1.1501,0,0,0,0,0,0,0,0,0,0,0,0
1.16,1.145,1.1647,0,0,0,0,0,0,0,0,0,0,0,0
1.1245,1.1377,1.1379,0,0,0,0,0,0,0,0,0,0,0,0
1.1177,1.1355,1.1248,0,0,0,0,0,0,0,0,0,0,0,0
1.1161,1.1364,1.1235,0,0,0,0,0,0,0,0,0,0,0,0
1.2226,1.2365,1.2476,0,0,0,0,0,0,0,0,0,0,0,0
1.1388,1.1398,1.1236,0,0,0,0,0,0,0,0,0,0,0,0
1.1495,1.1429,1.1322,0,0,0,0,0,0,0,0,0,0,0,0
1.1332,1.132,1.1495,0,0,0,0,0,0,0,0,0,0,0,0
1.1188,1.1244,1.1278,0,0,0,0,0,0,0,0,0,0,0,0
1.1164,1.1205,1.1341,0,0,0,0,0,0,0,0,0,0,0,0
1.2541,1.2276,1.2407,0,0,0,0,0,0,0,0,0,0,0,0
1.1099,1.1448,1.1401,0,0,0,0,0,0,0,0,0,0,0,0
1.1,1.102,1.1341,0,0,0,0,0,0,0,0,0,0,0,0
1.1008,1.1419,1.1176,0,0,0,0,0,0,0,0,0,0,0,0
1.1228,1.1308,1.1365,0,0,0,0,0,0,0,0,0,0,0,0
1.1139,1.1303,1.1276,0,0,0,0,0,0,0,0,0,0,0,0
1.208,1.2107,1.2311,0,0,0,0,0,0,0,0,0,0,0,0
1.11,1.1291,1.1267,0,0,0,0,0,0,0,0,0,0,0,0
1.1185,1.1362,1.1213,0,0,0,0,0,0,0,0,0,0,0,0
1.1091,1.1185,1.133,0,0,0,0,0,0,0,0,0,0,0,0
1.1066,1.1248,1.1246,0,0,0,0,0,0,0,0,0,0,0,0
1.1068,1.1235,1.117,0,0,0,0,0,0,0,0,0,0,0,0
1.2245,1.2209,1.2215,0,0,0,0,0,0,0,0,0,0,0,0
1.1351,1.1372,1.1243,0,0,0,0,0,0,0,0,0,0,0,0
1.112,1.1098,1.1336,0,0,0,0,0,0,0,0,0,0,0,0
1.12,1.112,1.1258,0,0,0,0,0,0,0,0,0,0,0,0
1.1121,1.1301,1.1803,0,0,0,0,0,0,0,0,0,0,0,0
1.1155,1.1101,1.1127,0,0,0,0,0,0,0,0,0,0,0,0
1.2607,1.2292,1.242,0,0,0,0,0,0,0,0,0,0,0,0
1.1383,1.1366,1.1469,0,0,0,0,0,0,0,0,0,0,0,0
1.1111,1.1169,1.1466,0,0,0,0,0,0,0,0,0,0,0,0
1.1073,1.1226,1.1407,0,0,0,0,0,0,0,0,0,0,0,0
1.1011,1.1344,1.1346,0,0,0,0,0,0,0,0,0,0,0,0
1.122,1.1023,1.1234,0,0,0,0,0,0,0,0,0,0,0,0
1.2234,1.2214,1.2214,0,0,0,0,0,0,0,0,0,0,0,0
1.1168,1.1131,1.14,0,0,0,0,0,0,0,0,0,0,0,0
1.1148,1.1235,1.1307,0,0,0,0,0,0,0,0,0,0,0,0
1.1156,1.122,1.119,0,0,0,0,0,0,0,0,0,0,0,0
1.1203,1.1752,1.1073,0,0,0,0,0,0,0,0,0,0,0,0
1.1917,1.1387,1.1402,0,0,0,0,0,0,0,0,0,0,0,0
1.2191,1.2382,1.2428,0,0,0,0,0,0,0,0,0,0,0,0
1.1263,1.1262,1.1253,0,0,0,0,0,0,0,0,0,0,0,0
1.0942,1.1249,1.1272,0,0,0,0,0,0,0,0,0,0,0,0
1.1136,1.1178,1.1078,0,0,0,0,0,0,0,0,0,0,0,0
1.1137,1.1058,1.145,0,0,0,0,0,0,0,0,0,0,0,0
1.1114,1.1391,1.1224,0,0,0,0,0,0,0,0,0,0,0,0
1.2192,1.2392,1.2252,0,0,0,0,0,0,0,0,0,0,0,0
1.1161,1.0951,1.1131,0,0,0,0,0,0,0,0,0,0,0,0
1.1374,1.1099,1.1071,0,0,0,0,0,0,0,0,0,0,0,0
1.1289,1.1189,1.1168,0,0,0,0,0,0,0,0,0,0,0,0
1.095,1.1004,1.1118,0,0,0,0,0,0,0,0,0,0,0,0
1.0922,1.0933,1.1199,0,0,0,0,0,0,0,0,0,0,0,0
1.2435,1.2304,1.2108,0,0,0,0,0,0,0,0,0,0,0,0
1.0977,1.0863,1.1112,0,0,0,0,0,0,0,0,0,0,0,0
1.1217,1.1161,1.1015,0,0,0,0,0,0,0,0,0,0,0,0
1.0848,1.0882,1.0909,0,0,0,0,0,0,0,0,0,0,0,0
1.1024,1.119,1.1193,0,0,0,0,0,0,0,0,0,0,0,0
1.1104,1.1264,1.1011,0,0,0,0,0,0,0,0,0,0,0,0
1.2115,1.2173,1.1957,0,0,0,0,0,0,0,0,0,0,0,0
1.0888,1.0925,1.0966,0,0,0,0,0,0,0,0,0,0,0,0
1.0815,1.101,1.1047,0,0,0,0,0,0,0,0,0,0,0,0
1.0953,1.1027,1.0867,0,0,0,0,0,0,0,0,0,0,0,0
1.0857,1.1109,1.0852,0,0,0,0,0,0,0,0,0,0,0,0
1.0918,1.087,1.0989,0,0,0,0,0,0,0,0,0,0,0,0
1.2031,1.2282,1.1965,0,0,0,0,0,0,0,0,0,0,0,0
1.0962,1.1015,1.0848,0,0,0,0,0,0,0,0,0,0,0,0
1.0893,1.0909,1.1154,0,0,0,0,0,0,0,0,0,0,0,0
1.0951,1.0926,1.1067,0,0,0,0,0,0,0,0,0,0,0,0
1.0822,1.0934,1.0914,0,0,0,0,0,0,0,0,0,0,0,0
1.0873,1.1038,1.087,0,0,0,0,0,0,0,0,0,0,0,0
1.2031,1.205,1.2158,0,0,0,0,0,0,0,0,0,0,0,0
1.09,1.1063,1.0874,0,0,0,0,0,0,0,0,0,0,0,0
1.0854,1.1136,1.1044,0,0,0,0,0,0,0,0,0,0,0,0
1.0952,1.1249,1.148,0,0,0,0,0,0,0,0,0,0,0,0
1.0922,1.1738,1.1067,0,0,0,0,0,0,0,0,0,0,0,0
1.1075,1.1041,1.106,0,0,0,0,0,0,0,0,0,0,0,0
1.1783,1.2107,1.2022,0,0,0,0,0,0,0,0,0,0,0,0
1.0987,1.0941,1.0936,0,0,0,0,0,0,0,0,0,0,0,0
1.0796,1.0819,1.1137,0,0,0,0,0,0,0,0,0,0,0,0
1.083,1.0993,1.0855,0,0,0,0,0,0,0,0,0,0,0,0
1.0901,1.0974,1.0892,0,0,0,0,0,0,0,0,0,0,0,0
1.1081,1.0825,1.0988,0,0,0,0,0,0,0,0,0,0,0,0
1.1922,1.2055,1.2111,0,0,0,0,0,0,0,0,0,0,0,0
1.0784,1.0788,1.1248,0,0,0,0,0,0,0,0,0,0,0,0
1.0817,1.0876,1.0929,0,0,0,0,0,0,0,0,0,0,0,0
1.0941,1.1018,1.0952,0,0,0,0,0,0,0,0,0,0,0,0
1.0967,1.1129,1.0974,0,0,0,0,0,0,0,0,0,0,0,0
1.0958,1.1157,1.1016,0,0,0,0,0,0,0,0,0,0,0,0
1.2179,1.2136,1.2124,0,0,0,0,0,0,0,0,0,0,0,0
1.0879,1.1038,1.1054,0,0,0,0,0,0,0,0,0,0,0,0
1.113,1.1716,1.1279,0,0,0,0,0,0,0,0,0,0,0,0
1.1284,1.1065,1.1063,0,0,0,0,0,0,0,0,0,0,0,0
1.1072,1.0942,1.1176,0,0,0,0,0,0,0,0,0,0,0,0
1.0888,1.0941,1.1022,0,0,0,0,0,0,0,0,0,0,0,0
1.203,1.2091,1.2139,0,0,0,0,0,0,0,0,0,0,0,0
1.1397,1.1076,1.1131,0,0,0,0,0,0,0,0,0,0,0,0
1.0893,1.0989,1.11,0,0,0,0,0,0,0,0,0,0,0,0
1.0913,1.0898,1.0986,0,0,0,0,0,0,0,0,0,0,0,0
1.1007,1.2423,1.0968,0,0,0,0,0,0,0,0,0,0,0,0
1.0905,1.1126,1.1011,0,0,0,0,0,0,0,0,0,0,0,0
1.1945,1.2221,1.213,0,0,0,0,0,0,0,0,0,0,0,0
1.1045,1.1046,1.1123,0,0,0,0,0,0,0,0,0,0,0,0
1.0995,1.1203,1.0842,0,0,0,0,0,0,0,0,0,0,0,0
1.1688,1.1097,1.0888,0,0,0,0,0,0,0,0,0,0,0,0
1.1109,1.103,1.108,0,0,0,0,0,0,0,0,0,0,0,0
1.1638,1.1183,1.0917,0,0,0,0,0,0,0,0,0,0,0,0
1.1939,1.2266,1.2318,0,0,0,0,0,0,0,0,0,0,0,0
1.1142,1.1095,1.1508,0,0,0,0,0,0,0,0,0,0,0,0
1.0964,1.1047,1.092,0,0,0,0,0,0,0,0,0,0,0,0
1.0976,1.1058,1.0901,0,0,0,0,0,0,0,0,0,0,0,0
1.1929,1.1151,1.0915,0,0,0,0,0,0,0,0,0,0,0,0
1.0871,1.1156,1.1214,0,0,0,0,0,0,0,0,0,0,0,0
1.2051,1.2025,1.2213,0,0,0,0,0,0,0,0,0,0,0,0
1.1022,1.1017,1.1257,0,0,0,0,0,0,0,0,0,0,0,0
1.0979,1.124,1.1098,0,0,0,0,0,0,0,0,0,0,0,0
1.1158,1.1669,1.1091,0,0,0,0,0,0,0,0,0,0,0,0
1.1126,1.1124,1.1006,0,0,0,0,0,0,0,0,0,0,0,0
1.0951,1.1124,1.1348,0,0,0,0,0,0,0,0,0,0,0,0
1.2046,1.227,1.2051,0,0,0,0,0,0,0,0,0,0,0,0
1.099,1.0998,1.1187,0,0,0,0,0,0,0,0,0,0,0,0
1.1129,1.091,1.1177,0,0,0,0,0,0,0,0,0,0,0,0
1.0903,1.1185,1.1097,0,0,0,0,0,0,0,0,0,0,0,0
1.1073,1.18,1.1065,0,0,0,0,0,0,0,0,0,0,0,0
1.1286,1.1147,1.135,0,0,0,0,0,0,0,0,0,0,0,0
1.2074,1.2282,1.2269,0,0,0,0,0,0,0,0,0,0,0,0
1.1146,1.1039,1.1058,0,0,0,0,0,0,0,0,0,0,0,0
1.1689,1.1356,1.1199,0,0,0,0,0,0,0,0,0,0,0,0
1.1048,1.1074,1.1093,0,0,0,0,0,0,0,0,0,0,0,0
1.1031,1.1085,1.114,0,0,0,0,0,0,0,0,0,0,0,0
1.1026,1.156,1.1174,0,0,0,0,0,0,0,0,0,0,0,0
1.2222,1.2242,1.2227,0,0,0,0,0,0,0,0,0,0,0,0
1.1215,1.121,1.1644,0,0,0,0,0,0,0,0,0,0,0,0
1.1176,1.1946,1.105,0,0,0,0,0,0,0,0,0,0,0,0
1.1009,1.1373,1.1307,0,0,0,0,0,0,0,0,0,0,0,0
1.1219,1.1067,1.1005,0,0,0,0,0,0,0,0,0,0,0,0
1.1196,1.1112,1.1098,0,0,0,0,0,0,0,0,0,0,0,0
1.2248,1.2136,1.2097,0,0,0,0,0,0,0,0,0,0,0,0
1.0949,1.1109,1.1146,0,0,0,0,0,0,0,0,0,0,0,0
1.1003,1.1152,1.1292,0,0,0,0,0,0,0,0,0,0,0,0
1.1304,1.1185,1.1298,0,0,0,0,0,0,0,0,0,0,0,0
1.1018,1.1717,1.0926,0,0,0,0,0,0,0,0,0,0,0,0
1.1187,1.1711,1.1394,0,0,0,0,0,0,0,0,0,0,0,0
1.213,1.2096,1.2097,0,0,0,0,0,0,0,0,0,0,0,0
1.1152,1.1356,1.1292,0,0,0,0,0,0,0,0,0,0,0,0
1.1029,1.108,1.1249,0,0,0,0,0,0,0,0,0,0,0,0
1.0969,1.1025,1.1231,0,0,0,0,0,0,0,0,0,0,0,0
1.1054,1.1033,1.1187,0,0,0,0,0,0,0,0,0,0,0,0
1.1012,1.1274,1.1124,0,0,0,0,0,0,0,0,0,0,0,0
1.2118,1.239,1.2189,0,0,0,0,0,0,0,0,0,0,0,0
1.1588,1.1174,1.1089,0,0,0,0,0,0,0,0,0,0,0,0
1.1101,1.1092,1.1143,0,0,0,0,0,0,0,0,0,0,0,0
1.1138,1.1081,1.1028,0,0,0,0,0,0,0,0,0,0,0,0
1.16,1.117,1.1096,0,0,0,0,0,0,0,0,0,0,0,0
1.1024,1.1186,1.1306,0,0,0,0,0,0,0,0,0,0,0,0
1.2291,1.2158,1.218,0,0,0,0,0,0,0,0,0,0,0,0
1.1798,1.1062,1.1206,0,0,0,0,0,0,0,0,0,0,0,0
1.1351,1.1404,1.1268,0,0,0,0,0,0,0,0,0,0,0,0
1.1137,1.114,1.1121,0,0,0,0,0,0,0,0,0,0,0,0
1.1055,1.1199,1.1026,0,0,0,0,0,0,0,0,0,0,0,0
1.1039,1.1033,1.1107,0,0,0,0,0,0,0,0,0,0,0,0
1.2097,1.211,1.2011,0,0,0,0,0,0,0,0,0,0,0,0
1.095,1.1322,1.0912,0,0,0,0,0,0,0,0,0,0,0,0
1.0989,1.1011,1.1042,0,0,0,0,0,0,0,0,0,0,0,0
1.0999,1.1218,1.1129,0,0,0,0,0,0,0,0,0,0,0,0
1.1379,1.185,1.1065,0,0,0,0,0,0,0,0,0,0,0,0
1.0922,1.1203,1.0984,0,0,0,0,0,0,0,0,0,0,0,0
1.1987,1.2194,1.2116,0,0,0,0,0,0,0,0,0,0,0,0
1.0953,1.1288,1.1402,0,0,0,0,0,0,0,0,0,0,0,0
1.1002,1.1423,1.1057,0,0,0,0,0,0,0,0,0,0,0,0
1.1106,1.0982,1.1085,0,0,0,0,0,0,0,0,0,0,0,0
1.0945,1.1105,1.1267,0,0,0,0,0,0,0,0,0,0,0,0
1.2222,1.1282,1.1178,0,0,0,0,0,0,0,0,0,0,0,0
1.1935,1.2021,1.2234,0,0,0,0,0,0,0,0,0,0,0,0
1.0895,1.1223,1.1081,0,0,0,0,0,0,0,0,0,0,0,0
1.0957,1.095,1.1152,0,0,0,0,0,0,0,0,0,0,0,0
1.147,1.1026,1.1124,0,0,0,0,0,0,0,0,0,0,0,0
1.138,1.1011,1.1114,0,0,0,0,0,0,0,0,0,0,0,0
1.0946,1.1277,1.102,0,0,0,0,0,0,0,0,0,0,0,0
1.2041,1.2108,1.2158,0,0,0,0,0,0,0,0,0,0,0,0
1.0811,1.0985,1.0996,0,0,0,0,0,0,0,0,0,0,0,0
1.1085,1.1507,1.1214,0,0,0,0,0,0,0,0,0,0,0,0
1.0905,1.1061,1.1292,0,0,0,0,0,0,0,0,0,0,0,0
1.1022,1.1068,1.1047,0,0,0,0,0,0,0,0,0,0,0,0
1.0975,1.0897,1.1377,0,0,0,0,0,0,0,0,0,0,0,0
1.2026,1.198,1.2094,0,0,0,0,0,0,0,0,0,0,0,0
1.1976,1.0954,1.1158,0,0,0,0,0,0,0,0,0,0,0,0
1.1065,1.1357,1.1289,0,0,0,0,0,0,0,0,0,0,0,0
1.0881,1.1115,1.1078,0,0,0,0,0,0,0,0,0,0,0,0
1.1666,1.113,1.0997,0,0,0,0,0,0,0,0,0,0,0,0
1.0955,1.1017,1.0982,0,0,0,0,0,0,0,0,0,0,0,0
1.192,1.2212,1.2097,0,0,0,0,0,0,0,0,0,0,0,0
1.1014,1.0903,1.2167,0,0,0,0,0,0,0,0,0,0,0,0
1.1054,1.1062,1.1242,0,0,0,0,0,0,0,0,0,0,0,0
1.0964,1.1983,1.1026,0,0,0,0,0,0,0,0,0,0,0,0
1.1073,1.1233,1.1094,0,0,0,0,0,0,0,0,0,0,0,0
1.1463,1.0911,1.1159,0,0,0,0,0,0,0,0,0,0,0,0
1.2014,1.1973,1.2103,0,0,0,0,0,0,0,0,0,0,0,0
1.1015,1.0949,1.1022,0,0,0,0,0,0,0,0,0,0,0,0
1.0938,1.1061,1.1157,0,0,0,0,0,0,0,0,0,0,0,0
1.1016,1.1088,1.0907,0,0,0,0,0,0,0,0,0,0,0,0
1.1269,1.1017,1.0986,0,0,0,0,0,0,0,0,0,0,0,0
1.1056,1.1094,1.0898,0,0,0,0,0,0,0,0,0,0,0,0
1.2031,1.2012,1.2026,0,0,0,0,0,0,0,0,0,0,0,0
1.0883,1.093,1.096,0,0,0,0,0,0,0,0,0,0,0,0
1.1302,1.1434,1.109,0,0,0,0,0,0,0,0,0,0,0,0
1.1099,1.1169,1.1169,0,0,0,0,0,0,0,0,0,0,0,0
1.1231,1.1116,1.1074,0,0,0,0,0,0,0,0,0,0,0,0
1.2972,1.121,1.1695,0,0,0,0,0,0,0,0,0,0,0,0
1.3241,1.2168,1.2245,0,0,0,0,0,0,0,0,0,0,0,0
1.2108,1.1003,1.1047,0,0,0,0,0,0,0,0,0,0,0,0
1.2545,1.1104,1.1159,0,0,0,0,0,0,0,0,0,0,0,0
1.188,1.1007,1.0996,0,0,0,0,0,0,0,0,0,0,0,0
1.2536,1.1092,1.1094,0,0,0,0,0,0,0,0,0,0,0,0
1.2672,1.1058,1.1045,0,0,0,0,0,0,0,0,0,0,0,0
1.3341,1.2193,1.1964,0,0,0,0,0,0,0,0,0,0,0,0
1.1958,1.1015,1.1179,0,0,0,0,0,0,0,0,0,0,0,0
1.0945,1.1066,1.0979,0,0,0,0,0,0,0,0,0,0,0,0
1.0945,1.0902,1.0914,0,0,0,0,0,0,0,0,0,0,0,0
1.113,1.1109,1.1142,0,0,0,0,0,0,0,0,0,0,0,0
1.077,1.0993,1.1175,0,0,0,0,0,0,0,0,0,0,0,0
1.2994,1.2036,1.2093,0,0,0,0,0,0,0,0,0,0,0,0
1.0964,1.1259,1.0959,0,0,0,0,0,0,0,0,0,0,0,0
1.0839,1.1655,1.1168,0,0,0,0,0,0,0,0,0,0,0,0
1.1026,1.2037,1.0947,0,0,0,0,0,0,0,0,0,0,0,0
1.1,1.1805,1.1222,0,0,0,0,0,0,0,0,0,0,0,0
1.0838,1.2595,1.1216,0,0,0,0,0,0,0,0,0,0,0,0
1.1993,1.3123,1.1872,0,0,0,0,0,0,0,0,0,0,0,0
1.0972,1.1854,1.1486,0,0,0,0,0,0,0,0,0,0,0,0
1.0913,1.2166,1.1407,0,0,0,0,0,0,0,0,0,0,0,0
1.0901,1.1769,1.1206,0,0,0,0,0,0,0,0,0,0,0,0
1.1106,1.1801,1.103,0,0,0,0,0,0,0,0,0,0,0,0
1.0972,1.1161,1.1092,0,0,0,0,0,0,0,0,0,0,0,0
1.2143,1.2125,1.2154,0,0,0,0,0,0,0,0,0,0,0,0
1.1748,1.1274,1.1099,0,0,0,0,0,0,0,0,0,0,0,0
1.2388,1.1146,1.1136,0,0,0,0,0,0,0,0,0,0,0,0
1.2286,1.1021,1.0915,0,0,0,0,0,0,0,0,0,0,0,0
1.2406,1.0948,1.115,0,0,0,0,0,0,0,0,0,0,0,0
1.2232,1.1002,1.1465,0,0,0,0,0,0,0,0,0,0,0,0
1.3688,1.208,1.3373,0,0,0,0,0,0,0,0,0,0,0,0
1.2389,1.103,1.1897,0,0,0,0,0,0,0,0,0,0,0,0
1.2275,1.1091,1.1528,0,0,0,0,0,0,0,0,0,0,0,0
1.1635,1.1126,1.1756,0,0,0,0,0,0,0,0,0,0,0,0
1.0852,1.1122,1.1834,0,0,0,0,0,0,0,0,0,0,0,0
1.0935,1.1007,1.1987,0,0,0,0,0,0,0,0,0,0,0,0
1.2256,1.2125,1.3264,0,0,0,0,0,0,0,0,0,0,0,0
1.0937,1.1003,1.1471,0,0,0,0,0,0,0,0,0,0,0,0
1.1009,1.0991,1.0975,0,0,0,0,0,0,0,0,0,0,0,0
1.1005,1.1573,1.1027,0,0,0,0,0,0,0,0,0,0,0,0
1.0847,1.1158,1.1174,0,0,0,0,0,0,0,0,0,0,0,0
1.0941,1.2506,1.1091,0,0,0,0,0,0,0,0,0,0,0,0
1.2034,1.3133,1.2138,0,0,0,0,0,0,0,0,0,0,0,0
1.0783,1.1924,1.1124,0,0,0,0,0,0,0,0,0,0,0,0
1.0857,1.2062,1.1025,0,0,0,0,0,0,0,0,0,0,0,0
1.1075,1.2092,1.1035,0,0,0,0,0,0,0,0,0,0,0,0
1.0941,1.2097,1.0875,0,0,0,0,0,0,0,0,0,0,0,0
1.0897,1.2228,1.104,0,0,0,0,0,0,0,0,0,0,0,0
1.2136,1.3415,1.2076,0,0,0,0,0,0,0,0,0,0,0,0
1.0927,1.1163,1.0945,0,0,0,0,0,0,0,0,0,0,0,0
1.0868,1.1029,1.1138,0,0,0,0,0,0,0,0,0,0,0,0
1.0915,1.1054,1.0977,0,0,0,0,0,0,0,0,0,0,0,0
1.1369,1.1028,1.0929,0,0,0,0,0,0,0,0,0,0,0,0
1.0868,1.1316,1.1078,0,0,0,0,0,0,0,0,0,0,0,0
1.1957,1.2066,1.199,0,0,0,0,0,0,0,0,0,0,0,0
1.0861,1.1453,1.1105,0,0,0,0,0,0,0,0,0,0,0,0
1.0939,1.0945,1.2239,0,0,0,0,0,0,0,0,0,0,0,0
1.1517,1.0937,1.17,0,0,0,0,0,0,0,0,0,0,0,0
1.1045,1.0991,1.1908,0,0,0,0,0,0,0,0,0,0,0,0
1.0829,1.0937,1.1716,0,0,0,0,0,0,0,0,0,0,0,0
1.1782,1.1904,1.3484,0,0,0,0,0,0,0,0,0,0,0,0
1.0925,1.0985,1.1891,0,0,0,0,0,0,0,0,0,0,0,0
1.0837,1.0818,1.2253,0,0,0,0,0,0,0,0,0,0,0,0
1.0966,1.0904,1.2153,0,0,0,0,0,0,0,0,0,0,0,0
1.1475,1.1144,1.115,0,0,0,0,0,0,0,0,0,0,0,0
1.0812,1.08,1.1098,0,0,0,0,0,0,0,0,0,0,0,0
1.1784,1.2218,1.2037,0,0,0,0,0,0,0,0,0,0,0,0
1.092,1.0975,1.1005,0,0,0,0,0,0,0,0,0,0,0,0
1.0713,1.1073,1.099,0,0,0,0,0,0,0,0,0,0,0,0
1.0735,1.0805,1.0844,0,0,0,0,0,0,0,0,0,0,0,0
1.0833,1.1101,1.0743,0,0,0,0,0,0,0,0,0,0,0,0
1.1063,1.0865,1.1117,0,0,0,0,0,0,0,0,0,0,0,0
1.1912,1.1937,1.1836,0,0,0,0,0,0,0,0,0,0,0,0
1.0903,1.0891,1.115,0,0,0,0,0,0,0,0,0,0,0,0
1.0651,1.1019,1.0741,0,0,0,0,0,0,0,0,0,0,0,0
1.0825,1.0848,1.1589,0,0,0,0,0,0,0,0,0,0,0,0
1.0803,1.0879,1.0868,0,0,0,0,0,0,0,0,0,0,0,0
1.0906,1.0978,1.0896,0,0,0,0,0,0,0,0,0,0,0,0
1.1974,1.1915,1.1887,0,0,0,0,0,0,0,0,0,0,0,0
1.0931,1.0909,1.0832,0,0,0,0,0,0,0,0,0,0,0,0
1.0841,1.0975,1.0957,0,0,0,0,0,0,0,0,0,0,0,0
1.0841,1.0785,1.0889,0,0,0,0,0,0,0,0,0,0,0,0
1.204,1.2516,1.1147,0,0,0,0,0,0,0,0,0,0,0,0
1.1531,1.0946,1.1744,0,0,0,0,0,0,0,0,0,0,0,0
1.206,1.2128,1.2021,0,0,0,0,0,0,0,0,0,0,0,0
1.0847,1.1035,1.091,0,0,0,0,0,0,0,0,0,0,0,0
1.0825,1.0825,1.0786,0,0,0,0,0,0,0,0,0,0,0,0
1.0843,1.1,1.079,0,0,0,0,0,0,0,0,0,0,0,0
1.0988,1.0826,1.0752,0,0,0,0,0,0,0,0,0,0,0,0
1.0796,1.0877,1.1058,0,0,0,0,0,0,0,0,0,0,0,0
1.1865,1.2197,1.2537,0,0,0,0,0,0,0,0,0,0,0,0
1.084,1.0944,1.103,0,0,0,0,0,0,0,0,0,0,0,0
1.0858,1.088,1.0845,0,0,0,0,0,0,0,0,0,0,0,0
1.0874,1.0908,1.0977,0,0,0,0,0,0,0,0,0,0,0,0
1.0816,1.0886,1.1061,0,0,0,0,0,0,0,0,0,0,0,0
1.0698,1.1065,1.1127,0,0,0,0,0,0,0,0,0,0,0,0
1.1902,1.1911,1.2047,0,0,0,0,0,0,0,0,0,0,0,0
1.0897,1.1244,1.1111,0,0,0,0,0,0,0,0,0,0,0,0
1.0977,1.088,1.0929,0,0,0,0,0,0,0,0,0,0,0,0
1.1411,1.1177,1.0941,0,0,0,0,0,0,0,0,0,0,0,0
1.0866,1.0969,1.0993,0,0,0,0,0,0,0,0,0,0,0,0
1.0972,1.0994,1.1002,0,0,0,0,0,0,0,0,0,0,0,0
1.1963,1.2242,1.2005,0,0,0,0,0,0,0,0,0,0,0,0
1.0989,1.0967,1.0946,0,0,0,0,0,0,0,0,0,0,0,0
1.0861,1.0994,1.0939,0,0,0,0,0,0,0,0,0,0,0,0
1.0936,1.0977,1.1151,0,0,0,0,0,0,0,0,0,0,0,0
1.0884,1.1009,1.092,0,0,0,0,0,0,0,0,0,0,0,0
1.1464,1.0896,1.0939,0,0,0,0,0,0,0,0,0,0,0,0
1.209,1.1992,1.2021,0,0,0,0,0,0,0,0,0,0,0,0
1.0993,1.0959,1.1207,0,0,0,0,0,0,0,0,0,0,0,0
1.1109,1.1141,1.1091,0,0,0,0,0,0,0,0,0,0,0,0
1.1084,1.1615,1.1067,0,0,0,0,0,0,0,0,0,0,0,0
1.1098,1.1036,1.1087,0,0,0,0,0,0,0,0,0,0,0,0
1.0824,1.0981,1.101,0,0,0,0,0,0,0,0,0,0,0,0
1.1904,1.2007,1.1991,0,0,0,0,0,0,0,0,0,0,0,0
1.0954,1.1245,1.1,0,0,0,0,0,0,0,0,0,0,0,0
1.0967,1.104,1.0983,0,0,0,0,0,0,0,0,0,0,0,0
1.1854,1.0986,1.0977,0,0,0,0,0,0,0,0,0,0,0,0
1.0873,1.1118,1.0981,0,0,0,0,0,0,0,0,0,0,0,0
1.0668,1.1095,1.126,0,0,0,0,0,0,0,0,0,0,0,0
1.1972,1.2288,1.2158,0,0,0,0,0,0,0,0,0,0,0,0
1.1007,1.1053,1.0985,0,0,0,0,0,0,0,0,0,0,0,0
1.088,1.1063,1.0979,0,0,0,0,0,0,0,0,0,0,0,0
1.0933,1.0996,1.1101,0,0,0,0,0,0,0,0,0,0,0,0
1.0861,1.1052,1.1052,0,0,0,0,0,0,0,0,0,0,0,0
1.0849,1.0984,1.0971,0,0,0,0,0,0,0,0,0,0,0,0
1.2037,1.2263,1.1925,0,0,0,0,0,0,0,0,0,0,0,0
1.0841,1.1057,1.1048,0,0,0,0,0,0,0,0,0,0,0,0
1.1094,1.0819,1.1173,0,0,0,0,0,0,0,0,0,0,0,0
1.1284,1.1153,1.1111,0,0,0,0,0,0,0,0,0,0,0,0
1.0862,1.1225,1.119,0,0,0,0,0,0,0,0,0,0,0,0
1.1242,1.1055,1.1542,0,0,0,0,0,0,0,0,0,0,0,0
1.1986,1.2187,1.2024,0,0,0,0,0,0,0,0,0,0,0,0
1.0937,1.0967,1.1097,0,0,0,0,0,0,0,0,0,0,0,0
1.1008,1.1059,1.1143,0,0,0,0,0,0,0,0,0,0,0,0
1.1497,1.1189,1.0971,0,0,0,0,0,0,0,0,0,0,0,0
1.1022,1.1042,1.1066,0,0,0,0,0,0,0,0,0,0,0,0
1.1087,1.1097,1.1131,0,0,0,0,0,0,0,0,0,0,0,0
1.1976,1.228,1.2186,0,0,0,0,0,0,0,0,0,0,0,0
1.0788,1.0956,1.1056,0,0,0,0,0,0,0,0,0,0,0,0
1.1029,1.1111,1.0875,0,0,0,0,0,0,0,0,0,0,0,0
1.1036,1.1156,1.0986,0,0,0,0,0,0,0,0,0,0,0,0
1.1032,1.102,1.0999,0,0,0,0,0,0,0,0,0,0,0,0
1.092,1.103,1.1224,0,0,0,0,0,0,0,0,0,0,0,0
1.2433,1.2289,1.2173,0,0,0,0,0,0,0,0,0,0,0,0
1.0932,1.1038,1.1194,0,0,0,0,0,0,0,0,0,0,0,0
1.0916,1.1179,1.0941,0,0,0,0,0,0,0,0,0,0,0,0
1.0991,1.1032,1.1106,0,0,0,0,0,0,0,0,0,0,0,0
1.0923,1.1049,1.1325,0,0,0,0,0,0,0,0,0,0,0,0
1.0933,1.1062,1.1127,0,0,0,0,0,0,0,0,0,0,0,0
1.2174,1.2104,1.211,0,0,0,0,0,0,0,0,0,0,0,0
1.1307,1.1087,1.1077,0,0,0,0,0,0,0,0,0,0,0,0
1.09,1.1087,1.101,0,0,0,0,0,0,0,0,0,0,0,0
1.0923,1.1048,1.1075,0,0,0,0,0,0,0,0,0,0,0,0
1.1014,1.1115,1.096,0,0,0,0,0,0,0,0,0,0,0,0
1.0922,1.0909,1.0988,0,0,0,0,0,0,0,0,0,0,0,0
1.1991,1.239,1.205,0,0,0,0,0,0,0,0,0,0,0,0
1.101,1.0918,1.1006,0,0,0,0,0,0,0,0,0,0,0,0
1.1071,1.0895,1.1066,0,0,0,0,0,0,0,0,0,0,0,0
1.0889,1.1039,1.1018,0,0,0,0,0,0,0,0,0,0,0,0
1.1011,1.0923,1.1005,0,0,0,0,0,0,0,0,0,0,0,0
1.0974,1.0966,1.0913,0,0,0,0,0,0,0,0,0,0,0,0
1.2008,1.2059,1.2212,0,0,0,0,0,0,0,0,0,0,0,0
1.095,1.0985,1.1052,0,0,0,0,0,0,0,0,0,0,0,0
1.1039,1.0943,1.0852,0,0,0,0,0,0,0,0,0,0,0,0
1.1027,1.0795,1.0997,0,0,0,0,0,0,0,0,0,0,0,0
1.0873,1.0917,1.1029,0,0,0,0,0,0,0,0,0,0,0,0
1.0905,1.0921,1.0929,0,0,0,0,0,0,0,0,0,0,0,0
1.2055,1.2065,1.2114,0,0,0,0,0,0,0,0,0,0,0,0
1.1015,1.1139,1.1016,0,0,0,0,0,0,0,0,0,0,0,0
1.0787,1.108,1.1219,0,0,0,0,0,0,0,0,0,0,0,0
1.0971,1.0986,1.0946,0,0,0,0,0,0,0,0,0,0,0,0
1.0928,1.0958,1.099,0,0,0,0,0,0,0,0,0,0,0,0
1.0874,1.1054,1.1174,0,0,0,0,0,0,0,0,0,0,0,0
1.2062,1.2184,1.2179,0,0,0,0,0,0,0,0,0,0,0,0
1.0943,1.1343,1.1149,0,0,0,0,0,0,0,0,0,0,0,0
1.0957,1.1105,1.133,0,0,0,0,0,0,0,0,0,0,0,0
1.1092,1.0886,1.1037,0,0,0,0,0,0,0,0,0,0,0,0
1.0889,1.1163,1.0982,0,0,0,0,0,0,0,0,0,0,0,0
1.1014,1.1021,1.1165,0,0,0,0,0,0,0,0,0,0,0,0
1.2054,1.2432,1.2094,0,0,0,0,0,0,0,0,0,0,0,0
1.1017,1.102,1.1224,0,0,0,0,0,0,0,0,0,0,0,0
1.1058,1.1129,1.1074,0,0,0,0,0,0,0,0,0,0,0,0
1.1117,1.0993,1.1221,0,0,0,0,0,0,0,0,0,0,0,0
1.1122,1.1046,1.0989,0,0,0,0,0,0,0,0,0,0,0,0
1.119,1.1133,1.1084,0,0,0,0,0,0,0,0,0,0,0,0
1.2252,1.2079,1.2666,0,0,0,0,0,0,0,0,0,0,0,0
1.098,1.1127,1.1013,0,0,0,0,0,0,0,0,0,0,0,0
1.1109,1.1183,1.1029,0,0,0,0,0,0,0,0,0,0,0,0
1.0802,1.1011,1.1297,0,0,0,0,0,0,0,0,0,0,0,0
1.0995,1.1258,1.1778,0,0,0,0,0,0,0,0,0,0,0,0
1.1092,1.1086,1.1095,0,0,0,0,0,0,0,0,0,0,0,0
1.1924,1.2196,1.2353,0,0,0,0,0,0,0,0,0,0,0,0
1.0896,1.1064,1.1036,0,0,0,0,0,0,0,0,0,0,0,0
1.1123,1.1041,1.0936,0,0,0,0,0,0,0,0,0,0,0,0
1.0913,1.1077,1.1142,0,0,0,0,0,0,0,0,0,0,0,0
1.0946,1.103,1.1007,0,0,0,0,0,0,0,0,0,0,0,0
1.1021,1.1068,1.1012,0,0,0,0,0,0,0,0,0,0,0,0
1.1963,1.2063,1.202,0,0,0,0,0,0,0,0,0,0,0,0
1.0808,1.1022,1.1082,0,0,0,0,0,0,0,0,0,0,0,0
1.0881,1.0996,1.104,0,0,0,0,0,0,0,0,0,0,0,0
1.1271,1.0937,1.0978,0,0,0,0,0,0,0,0,0,0,0,0
1.0792,1.0816,1.08,0,0,0,0,0,0,0,0,0,0,0,0
1.1103,1.1177,1.0982,0,0,0,0,0,0,0,0,0,0,0,0
1.2109,1.1973,1.222,0,0,0,0,0,0,0,0,0,0,0,0
1.0807,1.1001,1.1148,0,0,0,0,0,0,0,0,0,0,0,0
1.0795,1.0995,1.1079,0,0,0,0,0,0,0,0,0,0,0,0
1.0854,1.0926,1.1041,0,0,0,0,0,0,0,0,0,0,0,0
1.0968,1.1014,1.0719,0,0,0,0,0,0,0,0,0,0,0,0
1.0939,1.0935,1.0948,0,0,0,0,0,0,0,0,0,0,0,0
1.2087,1.203,1.2077,0,0,0,0,0,0,0,0,0,0,0,0
1.0875,1.1116,1.1039,0,0,0,0,0,0,0,0,0,0,0,0
1.1031,1.0959,1.1041,0,0,0,0,0,0,0,0,0,0,0,0
1.0952,1.1139,1.1218,0,0,0,0,0,0,0,0,0,0,0,0
1.0945,1.1097,1.1907,0,0,0,0,0,0,0,0,0,0,0,0
1.1101,1.0942,1.0874,0,0,0,0,0,0,0,0,0,0,0,0
1.2083,1.2052,1.2048,0,0,0,0,0,0,0,0,0,0,0,0
1.0967,1.0821,1.0999,0,0,0,0,0,0,0,0,0,0,0,0
1.1997,1.0984,1.1007,0,0,0,0,0,0,0,0,0,0,0,0
1.0898,1.1052,1.1123,0,0,0,0,0,0,0,0,0,0,0,0
1.1003,1.0994,1.1004,0,0,0,0,0,0,0,0,0,0,0,0
1.1151,1.113,1.1041,0,0,0,0,0,0,0,0,0,0,0,0
1.2031,1.2109,1.2089,0,0,0,0,0,0,0,0,0,0,0,0
1.0884,1.1032,1.1028,0,0,0,0,0,0,0,0,0,0,0,0
1.0801,1.1057,1.1101,0,0,0,0,0,0,0,0,0,0,0,0
1.0978,1.0855,1.1095,0,0,0,0,0,0,0,0,0,0,0,0
1.0861,1.0822,1.0927,0,0,0,0,0,0,0,0,0,0,0,0
1.0921,1.1011,1.1014,0,0,0,0,0,0,0,0,0,0,0,0
1.2875,1.189,1.2112,0,0,0,0,0,0,0,0,0,0,0,0
1.0838,1.1015,1.0848,0,0,0,0,0,0,0,0,0,0,0,0
1.1112,1.1142,1.0878,0,0,0,0,0,0,0,0,0,0,0,0
1.0963,1.1383,1.1013,0,0,0,0,0,0,0,0,0,0,0,0
1.0883,1.1,1.0971,0,0,0,0,0,0,0,0,0,0,0,0
1.0807,1.1061,1.0864,0,0,0,0,0,0,0,0,0,0,0,0
1.2453,1.22,1.1989,0,0,0,0,0,0,0,0,0,0,0,0
1.0906,1.1026,1.0985,0,0,0,0,0,0,0,0,0,0,0,0
1.0953,1.1031,1.1093,0,0,0,0,0,0,0,0,0,0,0,0
1.1067,1.1058,1.091,0,0,0,0,0,0,0,0,0,0,0,0
1.1359,1.0926,1.0982,0,0,0,0,0,0,0,0,0,0,0,0
1.0904,1.1075,1.1039,0,0,0,0,0,0,0,0,0,0,0,0
1.203,1.2042,1.2107,0,0,0,0,0,0,0,0,0,0,0,0
1.1595,1.1056,1.1002,0,0,0,0,0,0,0,0,0,0,0,0
1.0885,1.0955,1.1017,0,0,0,0,0,0,0,0,0,0,0,0
1.0914,1.0998,1.1044,0,0,0,0,0,0,0,0,0,0,0,0
1.0799,1.135,1.0982,0,0,0,0,0,0,0,0,0,0,0,0
1.0937,1.1205,1.1253,0,0,0,0,0,0,0,0,0,0,0,0
1.2107,1.197,1.2685,0,0,0,0,0,0,0,0,0,0,0,0
1.1149,1.0974,1.105,0,0,0,0,0,0,0,0,0,0,0,0
1.1454,1.1378,1.1252,0,0,0,0,0,0,0,0,0,0,0,0
1.1684,1.1361,1.1383,0,0,0,0,0,0,0,0,0,0,0,0
1.1546,1.138,1.1722,0,0,0,0,0,0,0,0,0,0,0,0
1.1204,1.1206,1.0954,0,0,0,0,0,0,0,0,0,0,0,0
1.2052,1.2301,1.2205,0,0,0,0,0,0,0,0,0,0,0,0
1.1135,1.1141,1.0932,0,0,0,0,0,0,0,0,0,0,0,0
1.1118,1.1138,1.0998,0,0,0,0,0,0,0,0,0,0,0,0
1.0983,1.1057,1.0926,0,0,0,0,0,0,0,0,0,0,0,0
1.1238,1.0981,1.099,0,0,0,0,0,0,0,0,0,0,0,0
1.0878,1.0963,1.1019,0,0,0,0,0,0,0,0,0,0,0,0
1.2025,1.2067,1.2219,0,0,0,0,0,0,0,0,0,0,0,0
1.1088,1.1249,1.0955,0,0,0,0,0,0,0,0,0,0,0,0
1.1135,1.0979,1.1125,0,0,0,0,0,0,0,0,0,0,0,0
1.1163,1.1822,1.0909,0,0,0,0,0,0,0,0,0,0,0,0
1.1086,1.1041,1.1109,0,0,0,0,0,0,0,0,0,0,0,0
1.116,1.1135,1.1138,0,0,0,0,0,0,0,0,0,0,0,0
1.1979,1.2365,1.2227,0,0,0,0,0,0,0,0,0,0,0,0
1.1399,1.1133,1.1189,0,0,0,0,0,0,0,0,0,0,0,0
1.1961,1.1238,1.1293,0,0,0,0,0,0,0,0,0,0,0,0
