4.2091,4.1549,4.1551,4.0397,3.6345,3.7629,4.0513,3.8158,4.4568,3.8921,4.2811,3.9255,3.8817,4.3285,4.139
1.1159,1.2521,1.2344,1.1156,1.1031,0.84415,1.1069,1.1488,1.2894,1.1506,1.2841,1.1653,1.1709,1.0962,1.1332
0.95632,0.9937,0.94062,0.91933,0.93659,0.9195,1.0514,0.91089,0.97905,0.94015,0.97372,0.977,1.0191,0.96825,1.0345
1.2276,1.1888,1.2834,1.2244,1.2389,1.2325,1.4564,1.2141,1.2402,1.2734,1.2857,1.2551,1.3118,1.2678,1.2732
1.4631,1.36,1.4137,1.3647,1.348,1.2838,1.5261,1.4239,1.6067,1.3524,1.4395,1.3522,1.4007,1.3467,1.387
1.7637,1.7333,1.4805,1.6673,1.6364,1.6632,1.8869,1.6425,1.8543,1.7128,1.7985,1.7381,1.7585,1.5905,1.7162
1.8995,1.9329,1.8692,1.831,1.8627,1.7378,1.7235,1.7938,1.9879,1.4292,2.1015,1.5513,1.8561,1.5972,1.7918
2.1266,2.2531,1.9017,2.0851,2.1447,1.9901,2.2944,2.061,2.0145,1.825,2.0459,1.6989,2.1528,2.0786,2.0909
2.0673,2.119,2.0666,2.2935,2.307,2.1684,1.8552,2.207,2.3705,2.1289,2.5247,2.0267,2.3764,2.2363,2.2751
2.3032,2.3264,2.3785,2.6187,2.3986,2.2152,2.3358,2.3533,2.4572,2.3399,2.5524,2.1065,2.5588,2.2799,2.3649
2.7599,2.7922,2.7432,2.762,2.905,2.6322,2.6742,2.586,2.4609,2.676,2.7477,2.2569,3.0134,2.6305,2.4702
2.8135,2.8747,2.9178,2.8274,2.6042,2.4205,2.6937,2.6393,2.749,2.5657,3.1234,2.8484,2.8756,2.8698,2.766
2.6958,2.7967,2.7303,2.3594,2.7116,2.4012,2.8852,2.3432,2.6105,2.4502,2.4187,2.8342,2.7101,2.2087,2.4856
2.2999,2.3039,3.0084,2.4957,2.6295,2.4053,3.0489,2.6092,2.3714,2.8303,2.7552,2.8279,2.8,2.4621,2.3009
2.4494,2.7189,2.8035,2.5552,2.5412,2.3375,2.7043,2.9048,2.7588,2.8201,2.8324,2.7482,2.4996,2.431,2.7235
2.7287,2.7905,2.776,2.8863,2.7727,2.4393,3.0275,2.5879,2.9447,2.8093,3.0154,2.5877,2.8145,2.4925,2.859
2.7533,2.5573,2.6956,2.4832,2.5058,2.5627,2.6054,2.4224,2.7995,2.8008,2.9023,2.702,2.6775,2.531,2.7347
2.6875,2.5182,2.7573,2.7873,2.8365,2.6757,2.966,2.7814,2.7701,2.1256,2.9972,2.4293,2.5526,2.2325,2.7126
2.6557,2.6578,2.5933,2.4867,2.8114,2.3623,2.6957,2.2469,2.5266,2.7135,2.5624,2.7143,2.2509,2.6524,2.5443
2.6805,2.8034,2.7867,2.7066,2.8215,2.5962,2.9363,2.7104,2.9067,2.8062,2.9985,2.7689,2.7804,2.4377,2.7153
2.4985,2.7651,2.8221,2.3293,2.5391,2.5328,2.8156,2.8613,2.762,2.4744,3.0373,2.8429,2.4452,2.4488,2.5065
2.6148,2.3858,2.7928,2.8886,2.3399,2.4274,3.1157,2.748,2.6534,2.6772,2.8127,2.8674,2.5507,2.7313,2.5418
2.6755,2.1682,2.7723,2.7004,2.8767,2.4874,2.9063,2.6695,2.2667,2.5428,2.8333,2.6858,2.7921,2.3161,2.4281
2.4744,2.7378,2.7317,2.7502,2.7631,2.4494,2.7981,3.052,2.8878,2.7916,3.1427,2.577,2.6664,2.6974,2.6163
2.6703,2.5254,2.5193,2.4689,2.485,2.3353,3.164,2.4842,2.7812,2.7837,2.6851,2.717,2.6423,2.466,2.6956
2.669,2.5174,2.937,2.644,2.8707,2.3776,2.6557,2.5104,2.9809,2.9068,2.7174,2.8657,2.7085,2.8589,2.797
2.6874,2.8017,2.504,2.559,2.7368,2.6981,2.7677,2.6859,2.695,2.7286,2.6082,2.5501,2.4967,2.702,2.7089
2.8029,2.9406,2.5926,2.9412,2.7534,2.5719,2.5694,2.6229,2.9231,2.886,2.4717,2.839,2.7505,2.2819,2.9504
2.4514,2.7459,2.7723,2.6995,2.8056,2.6173,2.4725,2.5729,2.7553,2.7741,2.7687,2.7647,2.4893,2.691,2.6539
2.6744,2.7325,2.407,2.511,2.5808,2.6736,2.8423,2.5499,2.9842,2.5509,2.6938,2.6345,2.7889,2.5395,2.7159
2.3237,2.8364,2.4212,2.245,2.744,2.6161,2.8222,2.7744,2.7796,2.4857,2.5504,2.7382,2.2167,2.6943,2.5206
2.7852,2.7842,2.6903,2.7401,2.8769,2.4283,2.7881,2.7007,2.579,2.8364,2.4453,2.8147,2.3239,2.5182,2.6882
2.5796,2.6989,2.4887,2.3351,2.6991,2.5112,2.7995,2.3189,2.3905,2.6205,2.7319,2.7435,2.7431,2.5282,1.995
2.8203,2.315,2.4796,2.5261,2.5289,2.4714,2.4084,2.8004,3.1168,2.6,3.0535,2.5319,2.1455,2.7458,2.7571
2.2831,2.8227,2.575,2.51,2.7652,2.335,2.7735,2.6523,2.9292,2.7947,2.3774,2.7925,2.4847,2.6782,2.6285
2.5924,2.6498,2.8108,2.9605,2.5582,2.6582,3.0626,2.6756,2.926,2.8382,2.8731,2.8758,2.8122,2.657,2.2883
2.7519,2.8283,2.7815,2.6728,2.6752,2.5944,2.5258,2.8017,2.8913,2.9121,2.4299,2.7027,2.2009,2.7051,2.414
2.8905,2.755,2.7966,2.8803,2.919,2.6406,2.5059,2.7017,3.1766,2.7984,2.7056,2.8302,2.9755,2.5373,2.6448
2.7093,2.752,2.8207,2.6705,2.7144,2.6804,2.7624,2.7852,3.0847,2.4996,2.6814,2.5687,2.8351,2.4139,2.4907
2.9616,2.8174,2.8107,2.7777,2.8572,2.697,2.7973,2.9713,2.9363,2.5896,3.1374,2.5871,2.724,2.8394,2.309
2.6422,2.9216,2.6573,2.7081,2.517,2.6449,2.7183,2.6486,2.922,2.6184,2.8439,2.3866,2.377,2.4762,2.6955
2.6702,2.7085,2.5341,2.7225,2.5878,2.1966,2.905,3.084,2.3576,2.8226,2.2437,2.8991,2.7006,2.7233,2.5618
2.7619,2.6603,2.6934,2.449,2.8504,2.4588,2.7024,2.8916,2.799,2.2584,2.8333,2.8267,2.4049,2.4144,2.694
2.8701,2.757,2.795,2.9977,2.856,2.5398,3.0584,2.7322,2.8821,2.5995,2.8247,2.6801,2.8605,2.6997,2.735
2.8398,2.5555,2.863,2.5239,2.4962,2.6684,2.8072,2.7366,2.9147,2.7603,2.8098,2.8709,2.6599,2.486,2.7369
2.7419,2.7752,2.8074,2.8802,2.7915,2.4983,2.3725,1.9849,2.5641,2.8075,2.9515,2.8707,2.4919,2.7273,2.6598
2.9044,2.6324,2.4547,2.8339,2.5228,2.4349,2.5723,2.2108,2.8059,2.609,2.9215,2.5551,2.724,2.8529,2.4731
2.7482,2.5429,2.845,2.5158,2.88,2.4674,2.7411,2.6577,2.7701,2.7135,2.9524,2.6807,2.8453,2.8279,2.7739
2.8734,2.7432,2.717,2.8445,2.2957,2.6072,2.61,2.7065,2.847,2.7447,2.6935,2.7344,2.3582,2.5006,2.7333
2.5618,2.6183,2.9758,2.6966,2.8546,2.4597,2.7278,2.739,2.3055,2.1123,2.8596,2.6015,2.4399,2.5526,2.7625
2.8037,2.862,2.8852,2.9426,3.06,2.8348,2.4794,2.8804,2.8959,2.9691,2.9059,2.6059,2.6823,2.7004,2.8282
3.0397,3.0438,2.9471,2.9509,2.8879,2.1171,3.2437,2.9096,3.2985,3.0824,3.176,3.1459,2.7948,2.9884,2.9086
3.0945,2.8971,3.2356,2.9528,2.7271,2.801,2.8458,2.7747,3.1045,2.4986,2.5934,2.8343,2.9473,2.4791,2.9558
2.8815,2.9246,2.9379,2.3762,2.8274,2.7288,2.604,3.2769,2.8876,3.0704,3.1487,2.7939,2.6977,2.9298,3.0768
2.9019,2.7933,2.9461,2.7106,2.8277,2.8532,2.8849,2.8784,2.7601,2.7387,3.0898,2.8108,2.6403,3.1052,3.0226
2.5065,2.9027,3.0941,3.1264,2.9883,2.4678,3.0365,3.0118,3.0401,2.335,3.3255,3.3834,2.8404,2.2487,2.8512
2.8364,2.7447,2.673,2.9386,3.0915,2.6211,2.9661,2.7257,2.5833,2.9871,2.6482,2.5291,2.7406,2.3404,2.6885
2.8615,2.6607,2.847,2.8592,3.0364,2.8934,3.1892,2.3099,2.6066,3.0483,2.7954,2.7821,2.9173,2.3555,2.8565
3.0791,2.703,2.6537,2.7376,2.6933,2.6593,3.047,2.7586,3.1281,2.5426,2.9263,2.8509,3.1182,2.2764,2.9662
2.9962,2.9695,3.1157,3.066,2.9898,2.8132,3.1043,2.4696,3.2102,3.2051,3.2727,3.0143,2.7303,2.8992,3.0805
2.6789,3.0181,3.0433,3.0284,2.8967,2.3625,2.9022,2.4538,2.9198,2.7786,3.2957,3.041,3.0027,2.8122,2.2749
3.0573,2.58,2.7715,2.9322,3.1295,2.9357,2.9929,2.8323,3.2764,2.8781,3.0061,2.9962,2.7568,2.7844,3.0469
2.0554,2.8045,2.7363,2.8532,3.037,2.8062,2.7584,2.6608,2.6698,2.5412,2.5555,2.7115,2.7827,2.6447,2.8711
2.9887,3.0493,2.995,2.5278,2.7601,2.4015,2.873,2.7482,3.0812,2.765,3.1973,3.09,2.531,2.6738,2.9512
2.4621,2.2733,2.2942,2.626,2.5346,2.1774,2.9445,2.631,2.914,2.7082,2.6329,2.6921,2.5608,2.6523,3.2068
2.7501,3.0876,3.0885,2.3579,2.649,2.6644,2.7257,2.3232,3.1971,2.7565,2.7652,2.7548,2.6238,2.914,2.8025
2.7714,2.9413,3.0202,3.2161,2.9608,2.4316,2.3774,3.1012,3.0169,2.6945,3.2602,2.7059,2.4614,3.0659,2.969
2.8433,3.0814,2.7584,2.706,2.5536,2.8534,2.5248,3.0926,2.741,2.7813,2.6559,2.8052,3.0076,2.7505,2.9919
3.041,2.8213,2.6358,2.5652,2.78,2.8078,3.0342,2.9671,2.985,2.6925,2.9773,2.9243,2.8989,2.6833,3.0589
3.0004,3.0855,3.1007,2.9835,3.0132,2.8692,2.7745,2.7685,2.4216,3.2128,3.0467,3.0064,2.9822,2.9059,3.2413
2.9798,2.8919,2.9617,2.8688,2.7789,2.2366,2.9435,2.8015,2.9906,2.9504,3.0439,2.936,2.9706,2.6191,2.5622
3.0675,2.9447,2.6025,2.8467,3.1352,2.6267,2.9838,2.8455,2.7876,3.0228,2.7688,2.7763,3.0755,3.105,3.0242
2.8249,2.2709,2.9,2.4939,2.7522,2.5901,3.1067,2.5605,3.1112,2.9813,2.8748,2.1208,2.6832,2.95,2.8714
2.8,2.2658,2.8452,3.1276,2.7272,2.6243,2.6187,2.8328,3.2922,2.5724,2.9188,3.1658,3.0284,2.8876,2.7222
2.9596,2.6489,2.8667,2.8959,2.9833,2.7929,2.3972,2.8061,3.1932,2.9508,3.3805,2.5017,2.8033,2.6987,2.5973
3.0601,2.6855,3.105,2.4999,2.7347,2.6409,2.9643,2.9371,3.1037,2.8361,3.2733,2.7469,2.6363,3.0206,2.9656
2.2689,2.5027,2.9932,2.6142,3.0239,2.6662,2.7111,2.5498,2.887,2.94,2.9439,2.657,2.9431,3.0745,2.4978
2.7848,3.0832,2.9705,2.9657,3.0316,2.209,2.9847,2.474,2.4066,3.067,3.1788,2.7609,2.8054,2.7105,2.8117
2.6552,2.7141,2.8494,2.7455,2.3324,2.397,2.5216,2.3623,2.9475,2.7458,3.1293,2.4408,2.768,2.6591,2.4642
3.0704,3.0691,2.8323,3.0558,2.7538,2.9885,2.9639,3.1939,3.1536,2.9153,3.1423,2.6246,2.9675,3.0383,3.1003
3.0832,2.8786,3.1062,2.4419,2.7214,2.5785,2.6776,2.6981,2.9066,2.6244,3.1131,2.7913,2.998,2.6138,3.2599
3.2578,2.8047,2.8334,2.7435,2.8949,2.6398,3.0373,2.8866,2.8119,2.5128,3.0015,2.6422,2.9377,2.6808,2.8301
2.7098,2.9723,2.4682,2.4888,2.328,2.6036,2.2494,2.5837,2.6469,2.5924,3.2289,2.5356,2.6381,2.6421,2.5654
2.6816,2.6321,2.2985,2.9636,2.6392,2.6243,2.3904,2.7563,2.6644,2.4705,2.9575,2.9092,2.7518,2.6798,2.8222
2.9099,2.8585,3.0477,2.9847,2.7902,2.6352,2.5638,2.7947,2.9819,2.2502,3.1613,2.7507,2.3328,2.8912,2.8479
2.9904,2.834,3.1055,2.7719,2.8781,2.6003,3.1595,2.188,2.9974,2.807,3.0862,3.0619,2.634,2.8974,3.0702
2.9322,2.7135,2.9005,3.0121,2.7482,2.5441,2.7355,2.7734,2.6639,2.6836,3.1955,2.7216,2.9741,2.8229,3.0594
2.5514,2.7579,2.8252,2.8373,2.5001,2.6448,2.9153,2.6723,3.1993,2.872,3.054,3.14,2.6683,2.8971,3.0008
2.8185,2.5822,2.2833,2.9433,2.5545,2.5569,3.1125,2.1401,2.8491,2.4274,2.9272,2.5824,3.0473,2.725,2.3131
2.0992,2.5791,2.9944,2.9967,2.7847,2.4299,2.8227,2.6411,3.1305,3.0426,3.1638,2.7865,2.483,2.9047,2.961
2.7893,3.0551,2.4647,2.8201,2.7441,2.5687,2.981,2.4374,2.884,2.2381,3.1236,2.7634,2.6843,2.6659,2.4385
2.7997,2.751,2.1776,3.1457,2.837,2.8323,2.4762,3.0641,3.0107,3.122,2.7676,2.6166,2.9553,3.097,2.8776
3.0496,2.4912,2.9875,3.1101,2.9082,2.7786,2.7812,2.9298,3.035,2.3151,3.3629,2.8194,2.7175,2.0017,2.5688
3.0793,2.525,2.064,3.0914,3.1006,2.4369,2.5399,2.9615,1.9196,3.1241,3.108,2.6431,2.7659,2.8752,2.5453
2.8409,2.7852,2.8493,2.8239,2.9668,2.8358,3.2219,2.6411,2.9906,2.4874,3.0068,2.5661,2.8183,2.6536,2.6327
3.0162,2.8799,2.672,3.0951,2.8514,2.6705,3.1079,2.5676,2.9848,2.8486,2.989,2.6092,2.5494,2.9098,2.8383
2.915,2.745,2.7388,2.5253,2.2346,2.6209,2.6948,2.5673,3.2789,2.6691,2.6928,2.6443,2.4101,2.6237,2.6243
2.7153,2.7287,2.6294,3.1253,2.7909,2.7964,3.069,2.9612,2.6811,2.501,3.1629,2.872,2.5157,2.6568,2.698
2.712,2.8806,2.9137,3.2053,3.048,2.797,2.4385,2.6857,2.9337,2.9146,3.1447,2.8016,3.1446,2.6407,2.7154
2.8455,2.7068,2.6612,2.8581,2.869,2.961,2.8522,2.6468,3.4478,3.1484,3.2653,3.0872,2.6951,2.9668,2.9966
2.7362,3.0096,2.2885,2.9003,2.7561,2.618,2.563,2.6098,3.1541,2.9245,2.9117,2.7078,2.7208,3.0255,2.9456
2.5907,2.7971,2.6892,3.0943,2.7941,2.6913,2.9971,2.7912,3.0804,2.8205,2.6971,3.0195,3.0045,2.7153,2.8812
2.7761,2.8562,2.8525,2.7375,2.931,2.5879,2.5575,3.2955,2.892,2.6732,2.6348,2.6392,2.8227,2.9131,2.8365
3.1136,2.6958,2.1184,3.1678,2.7812,2.6482,2.816,2.7091,3.3675,3.0843,3.206,2.5228,2.986,2.6397,2.8251
2.8651,2.9945,2.6886,2.6637,2.9288,2.3463,2.6927,2.6653,2.9453,2.6747,2.8377,2.2842,2.9855,2.461,2.7042
2.077,3.0461,2.8566,2.5308,3.0654,3.0679,2.8729,2.5561,2.993,2.5719,2.6776,2.8119,2.9599,2.8137,3.1572
2.6872,2.9771,2.5332,2.9996,3.0304,2.3208,2.9797,3.1739,3.134,3.0249,3.2253,2.852,2.9702,2.7003,2.7504
2.8425,2.8154,3.101,2.9801,2.8495,2.9156,3.0788,2.9526,3.0508,2.7414,3.0809,2.7943,2.7069,2.7647,2.4791
2.643,2.6935,2.488,2.9692,2.9653,2.8531,2.546,2.7765,2.2221,2.7111,2.9759,2.8957,3.1559,2.977,2.8092
2.9382,2.766,2.7874,2.8185,2.7559,2.8361,2.5895,2.2091,2.5292,3.0364,3.0047,2.7822,2.7212,3.0149,2.5569
2.3515,2.6997,2.8169,2.728,2.6132,2.8505,2.7462,2.7298,2.9818,2.967,2.9857,2.9619,2.7489,2.0547,2.8742
3.0593,3.0529,2.6754,3.1231,2.8347,2.639,2.8682,2.2283,2.8615,3.1132,2.5277,2.7035,2.5729,2.9769,2.8631
3.0436,2.7144,3.0853,2.6948,3.069,2.6069,3.0971,2.425,3.0767,2.9554,2.7229,3.0783,2.8371,2.255,2.7784
3.1122,3.056,2.8475,2.767,2.7633,2.4126,2.7864,2.2208,3.0284,2.7731,2.7066,3.071,2.6129,2.9343,2.9846
2.7372,3.0428,2.9853,2.4744,2.8912,2.5911,2.7837,3.017,2.9635,2.9403,2.659,3.1184,2.7249,2.8727,2.6267
2.9269,3.0052,3.032,2.9835,3.1263,2.9678,2.1331,2.991,2.8273,3.2269,2.6952,2.8162,3.1903,2.7661,3.2458
2.9497,2.8522,2.4934,2.8328,3.043,2.4138,3.0237,2.8001,3.0092,3.1311,2.6885,2.7537,2.7919,2.97,2.8355
2.5692,2.3037,2.3979,2.8807,3.0182,2.9721,2.8038,3.3804,2.4814,2.8396,3.1451,3.0099,3.0639,2.7475,2.8463
2.5686,3.0082,2.9712,3.1471,2.9782,2.8511,2.8449,2.6642,2.7955,2.8173,2.928,2.7266,2.9671,2.998,2.8932
2.8162,3.0365,2.98,2.4841,3.146,2.8152,2.5103,2.6931,3.0829,2.9938,3.1745,2.7648,2.9806,2.9224,2.8864
2.9805,2.8742,2.7496,2.7802,2.949,2.665,3.0763,2.6312,2.9114,2.9913,3.4429,2.8997,2.4374,2.8768,2.9138
2.8014,3.0602,2.472,2.7958,2.8158,2.8114,2.5723,2.3768,3.1263,2.8394,2.7789,2.7818,2.5067,2.8915,2.6713
2.9732,2.9613,2.3775,2.6662,2.5291,2.8789,2.7027,2.5867,2.9052,2.7758,2.9017,2.5017,2.9978,2.6515,3.0627
2.5906,3.1006,2.94,2.6489,3.0835,2.6853,3.0426,2.7974,2.9303,2.4999,2.948,2.5687,2.6193,2.5181,2.761
3.1534,2.8854,2.7148,2.9729,3.0082,2.8224,3.0431,2.7946,2.6863,3.0185,2.9128,2.7361,2.43,2.5871,2.2037
3.0333,2.6782,2.8118,2.6088,2.8056,2.8623,3.0869,2.9032,2.9503,2.8301,3.2821,2.9873,2.4801,2.9658,2.9166
2.2938,2.4775,3.0108,2.8197,3.0344,2.5258,2.8656,2.8077,2.9874,2.8676,3.1677,2.6934,3.0118,2.7716,2.7532
3.0393,2.8367,3.0407,2.9177,2.9621,2.8092,3.0892,2.6101,3.0481,2.9545,3.1917,3.1711,2.9193,2.7383,2.9329
3.091,2.8794,2.5404,2.9549,2.7354,2.8454,2.8721,2.6251,2.3552,2.734,2.935,2.6785,2.5331,2.4439,2.1804
2.5982,2.5953,2.784,2.6957,2.7836,2.6105,2.9374,2.9476,3.0211,2.8451,3.0752,2.9767,2.8079,2.9561,2.8939
2.7154,2.9134,2.5171,2.1691,2.8442,2.6212,3.0397,2.8977,2.9059,2.7563,3.1371,2.3385,2.734,2.6333,2.5196
2.833,3.1824,3.0138,2.5943,2.4851,2.8479,2.7952,3.2561,2.6206,2.8844,3.3689,2.81,2.5542,2.5206,2.7358
2.9751,2.8038,2.8471,2.7082,2.7032,2.7481,2.6601,2.1809,2.9135,3.0512,2.925,2.9684,2.941,2.9112,2.9247
3.0425,2.8778,2.4814,2.6695,2.5475,2.8817,2.6035,2.6671,3.1854,2.8978,2.4368,2.2959,2.6521,2.7276,2.6007
3.0424,2.8515,3.0614,3.1221,2.7121,2.7813,2.904,2.6358,2.6463,3.0205,2.962,2.7133,2.9333,2.8848,2.7406
3.0995,2.8184,3.0475,3.001,2.8045,2.9981,2.9791,2.9186,3.0365,2.5591,3.2586,2.7773,2.5516,2.8142,3.0365
2.843,2.2502,2.7074,2.9219,3.0358,2.4057,2.9149,2.7261,2.974,2.5411,3.0531,2.3435,2.8688,2.4907,3.0351
3.0648,2.7561,2.9859,3.1728,3.11,2.6056,2.928,2.6719,2.8235,2.9622,3.2646,2.6746,2.7413,2.5613,2.7568
2.5239,2.7847,2.9046,2.5295,3.0919,2.9746,2.4527,2.8332,2.8985,2.9831,3.1822,2.9829,2.9869,2.8548,2.6445
2.5193,3.0256,3.1858,2.7756,3.1186,2.5055,2.7427,2.8782,3.0366,2.965,3.0135,2.8052,3.0146,2.8852,2.9329
3.1404,2.9484,2.4965,2.4004,2.9878,2.8831,2.8393,2.8177,2.7292,3.0947,2.8827,2.7305,2.6041,2.6475,2.8442
2.8395,2.7906,3.097,2.9778,2.7541,2.745,2.9726,2.6005,2.9492,2.8017,3.2386,2.7204,3.1567,2.9958,2.7291
2.6977,2.7304,2.7598,2.9735,2.669,2.8505,2.9453,2.8387,2.7521,3.083,2.769,2.897,3.0769,2.2162,2.4942
2.9996,2.5558,3.1092,2.9511,2.83,2.7674,2.8601,2.6827,3.0828,3.3026,2.89,2.9683,2.5207,2.5149,2.8284
2.6709,2.9613,2.9685,3.0191,2.7212,2.7459,2.4241,2.9262,3.0079,2.9661,2.9827,3.0223,3.0388,2.7502,2.5141
2.8953,3.1741,2.6976,2.9305,3.0545,3.2534,3.0013,2.6721,3.0349,3.0691,3.3478,2.785,2.8159,2.9992,2.9223
2.7948,3.0486,2.6825,2.53,2.7761,2.3305,2.8972,2.8031,2.6408,3.0312,3.2589,2.6687,2.7769,2.6727,2.5872
2.9887,2.8573,3.1199,2.7997,2.8117,2.8364,2.8474,3.5695,2.8652,2.6314,3.2725,3.041,2.9103,2.6888,2.9385
3.0913,2.8353,2.6702,2.9436,2.8655,2.7997,2.4777,2.8823,2.6078,2.7384,2.7955,2.9817,2.9489,2.7346,2.6335
3.0873,3.1316,2.9524,3.1944,3.0291,2.642,2.9448,2.6266,2.6799,2.9818,2.8673,2.8737,3.0231,2.9348,2.4516
2.7632,2.7941,2.9159,2.876,2.8052,2.8506,2.7158,2.8548,2.6705,2.6269,3.1444,2.9274,2.9551,2.6884,2.6589
2.9727,2.9669,2.7176,3.0346,2.7793,2.3663,2.7566,2.7156,2.9381,2.7711,2.8483,3.0958,2.9673,2.9201,2.4858
3.0027,2.6059,3.0688,2.8549,3.0445,2.8779,2.6802,2.8568,2.4618,2.6878,2.701,2.7327,2.4657,2.8193,2.6621
2.5515,3.1194,2.9566,2.8577,3.0286,2.808,3.0822,2.9007,3.0819,2.909,3.265,2.8564,2.982,2.7342,2.9684
2.8971,2.6708,2.9019,3.011,2.3155,2.8421,2.2066,2.3429,2.9314,2.8326,2.9478,2.7492,2.7262,2.4676,2.6366
3.0617,2.4322,2.7529,2.7571,2.7881,3.0705,2.8098,2.6419,2.8134,3.0339,3.2681,2.814,2.7827,2.6191,2.532
3.0199,3.0718,2.5799,3.0883,3.0007,2.9938,2.6729,2.8463,2.709,3.0574,3.2349,2.5422,2.7553,2.9349,2.4839
2.9897,2.2928,3.0618,2.8022,2.865,2.9776,2.9173,2.6074,3.0024,2.8381,2.9378,2.379,2.6852,2.6818,2.5238
3.2196,3.0179,2.4224,2.9073,3.003,2.6497,2.9094,2.8199,2.2696,2.9951,3.0173,2.6728,2.8715,2.9684,2.8643
3.0074,3.049,2.9842,2.7834,3.2014,2.8726,3.0402,2.8349,2.4742,2.9479,3.1313,2.8095,3.0267,2.9609,2.5983
2.6689,2.9863,3.0871,2.3552,2.9649,2.8032,2.7089,2.8102,2.226,2.9705,2.9729,2.6369,2.8366,2.4729,2.4174
2.9122,2.8116,3.0304,2.9039,2.8345,2.6017,2.625,2.8526,2.9697,2.7037,3.023,2.9665,2.7475,3.3029,2.5314
3.1016,2.7264,3.0105,2.7212,2.7282,2.8596,2.8914,2.9565,2.7828,2.8127,3.1789,3.0571,2.4579,3.053,2.9116
3.2154,3.0386,2.8097,2.7938,2.9398,2.9523,3.0171,2.4467,2.7938,3.0479,3.0776,2.8105,3.018,2.6749,2.8979
2.6357,3.0273,2.8124,3.0152,2.7151,2.5517,2.8842,2.6094,2.7403,2.0314,2.9031,2.9712,2.7383,3.0447,2.6487
2.7037,2.7296,2.6698,2.424,3.1411,2.8335,2.9407,2.0065,2.5494,2.8758,3.1969,3.0476,2.5045,2.9874,2.8724
2.4383,2.4841,2.7071,2.5133,2.5042,2.788,2.7316,2.3951,2.6591,2.8796,2.883,2.9815,2.7325,2.8295,2.7118
2.7999,2.7504,2.5696,2.8351,2.6304,3.0067,2.7361,2.4982,2.9979,3.1346,3.164,2.406,2.9803,2.4827,2.9505
2.5225,2.5422,2.4961,2.7685,2.7928,1.708,2.8681,2.4193,1.7799,2.7593,2.3591,2.4692,2.734,2.2053,2.6475
3.4239,2.576,2.5313,3.0073,3.0037,2.838,2.9012,2.8927,2.8563,2.8816,3.0272,3.125,3.0882,2.8389,2.9994
2.9118,3.0347,2.9333,3.1835,2.6896,2.5903,2.5599,2.8476,2.9248,2.7748,3.0554,2.678,2.7233,2.825,2.6647
2.9422,3.036,2.8702,2.7403,2.9432,2.5797,2.266,2.9434,2.7714,3.0449,3.0617,3.0239,2.8914,2.7631,2.4059
2.8215,2.9547,2.9168,2.6516,2.7421,2.8194,2.4808,2.8805,2.7423,2.7853,3.2124,2.4642,2.8887,2.6372,2.92
2.9573,3.0464,2.8546,2.9061,3.0058,2.631,3.0249,2.464,2.8021,3.0466,3.0844,3.0307,2.7489,2.6797,2.9069
2.888,2.5226,2.9781,2.6943,2.9994,2.6082,2.7207,2.8403,2.9235,3.0423,3.2253,2.4889,2.6686,2.8453,2.6476
3.0431,2.6052,3.0374,2.7332,2.936,2.4661,2.7783,2.6772,2.9301,2.9203,2.9028,3.0405,2.7348,2.7504,2.9559
3.1657,2.9509,2.0423,2.7416,2.7604,2.1507,2.7207,2.1275,2.3537,2.7841,3.2537,2.7888,2.434,2.6454,2.6776
3.2372,2.53,2.8118,2.6031,2.5531,2.6854,2.5593,2.648,2.8393,2.993,3.0351,2.5474,2.7667,2.9925,2.7157
2.5503,2.4144,2.9759,2.4059,2.9053,2.7804,2.4554,2.5799,2.6931,3.1973,2.7832,2.9374,2.6949,2.4787,2.2336
3.297,2.7282,2.7519,3.0339,2.7799,2.614,2.8267,2.9429,2.9699,3.1289,3.3505,3.1503,2.8169,2.7326,2.7846
3.0865,2.6231,3.0883,2.7103,2.9764,2.3971,2.9191,2.5202,2.9763,2.9019,3.1848,2.7515,2.7892,2.8538,2.6731
2.8911,3.0364,3.0175,3.0687,3.079,2.3827,2.9047,2.6729,3.0359,2.8055,2.8274,3.1576,2.9161,2.9026,2.8982
2.9856,2.9222,2.888,2.9226,2.9514,2.8708,2.6905,2.6855,2.946,3.0532,2.6999,2.7687,2.6726,2.6699,2.8378
3.0451,3.1754,3.0632,3.1433,2.8656,2.9567,2.3453,2.6328,3.0182,3.0811,2.207,2.6117,3.1,2.8798,2.4019
3.0359,2.4359,2.9467,3.1471,2.9965,2.1843,2.9885,2.7667,2.7392,3.0167,2.9533,2.7918,2.7552,2.9268,2.8316
3.0568,2.9943,2.6371,2.7934,2.5833,2.2381,2.6819,3.2124,2.9763,2.7582,2.9433,2.7621,2.9268,2.6303,2.4789
2.9823,2.7563,2.7293,2.2536,2.7524,2.4156,2.6522,2.8651,2.7783,2.7886,2.9928,2.566,2.5267,2.833,2.8767
3.1074,2.7667,3.1795,3.1205,2.6223,2.6275,2.6925,2.4417,2.7919,2.8804,3.2311,3.1839,2.4638,2.985,2.2842
3.0974,2.6762,2.511,2.6266,3.0797,2.5871,3.0118,2.8392,2.7335,2.789,3.1235,2.9843,3.0135,2.6657,2.875
2.8645,2.7277,2.7921,2.7705,3.1268,2.8522,2.7094,2.8811,3.1151,3.007,3.0162,2.856,3.0162,2.7226,2.973
3.1022,2.2829,2.9806,2.9373,2.832,2.1091,2.6804,2.5851,2.8038,2.8821,2.9903,2.7648,2.6492,2.6755,2.4042
3.0997,3.0266,2.649,2.8989,2.5938,2.9749,3.0233,2.5005,2.5723,2.6023,3.1222,2.5388,3.0325,2.8492,2.9764
2.985,2.6706,2.8153,2.4737,2.7674,2.8349,2.6266,2.9282,2.7438,2.5879,3.1259,2.4616,2.8455,2.6266,2.4295
3.1382,2.7751,3.182,2.7035,2.7591,2.5995,2.7066,2.8471,2.8349,2.8893,2.7386,2.8288,2.8964,2.714,2.9068
2.8911,2.5585,2.9745,2.777,2.7871,2.6304,2.6685,2.5446,2.7429,3.0592,2.782,2.9758,2.6446,2.9495,2.8461
2.5359,2.642,2.9954,2.8079,2.1055,2.627,2.4909,2.9813,2.5526,2.2681,2.7817,2.5382,2.9227,2.6377,2.998
3.045,2.5281,2.788,2.4832,2.7074,2.6361,2.5108,2.705,2.5663,2.9927,3.0728,2.5008,2.7275,2.3774,2.5292
3.0899,3.0625,3.0021,2.7359,2.9603,2.4351,2.9162,2.905,2.623,3.1435,2.7245,2.8213,2.8151,2.7049,2.4855
2.5647,2.4687,2.921,2.9342,3.0196,2.8043,2.7093,2.8946,2.9554,2.5523,2.9934,2.6697,2.479,2.496,2.5086
2.6385,2.575,2.9162,3.1332,3.1592,2.9029,2.987,3.0892,3.0652,2.7632,3.1553,2.8939,2.9919,2.7086,2.6984
2.799,3.0149,2.6846,2.6621,2.7161,2.789,2.8366,3.2363,2.4854,2.5618,3.4349,2.7289,2.2985,2.8809,2.5861
2.9947,2.9427,3.0896,2.7667,2.9739,2.6635,3.042,3.2307,3.037,2.4601,2.7983,2.7216,2.5555,2.4965,2.284
2.713,2.5118,2.5712,2.4943,2.9639,2.3452,2.01,2.6141,2.7617,2.7342,3.0006,2.7672,2.3051,2.8872,3.0103
2.3406,3.1636,2.6954,2.7633,2.9524,2.7679,2.567,3.0025,3.0306,2.9253,2.1253,3.0608,3.0174,2.7367,2.6152
2.5099,2.4568,2.5034,2.7671,2.9025,2.6165,2.2832,3.3144,2.8565,2.5734,2.8297,2.4914,2.7395,2.6938,2.4721
2.8251,3.3695,2.9579,2.7044,2.7808,2.5458,2.532,2.9391,2.7758,2.6283,2.7823,2.5691,2.6143,2.9429,2.725
2.8418,3.0565,2.5329,2.9495,2.7462,2.6351,2.6564,2.6771,2.6585,2.7599,2.981,2.7661,2.7144,2.8527,2.4859
3.1473,2.6388,2.4785,2.6463,2.3618,2.8776,2.7253,2.8062,2.6109,2.4086,3.0128,2.8185,2.3407,2.6213,2.2326
2.8922,2.5529,2.7098,2.6391,2.7107,2.4705,2.7284,2.6481,3.118,2.7889,3.3369,2.4551,2.725,2.7005,2.6864
2.6444,2.2516,3.0292,2.6533,2.4896,2.6849,2.7801,2.7504,3.0948,2.5047,3.3171,2.7153,2.5321,2.7635,2.6655
2.5491,2.4004,2.8043,2.8096,2.8556,2.6216,2.9211,2.8945,2.8859,2.3121,3.0969,2.7233,2.6452,2.8282,2.9067
2.9705,2.8278,2.9442,2.6266,2.8095,2.4066,2.7671,3.0504,2.6589,3.1975,3.1792,3.0605,2.4978,2.7053,2.4954
3.0221,2.6977,2.6731,2.8064,2.8881,2.5994,2.7307,2.7875,3.0869,2.7891,3.3031,2.981,2.7588,2.7367,2.4414
2.5212,2.8736,2.8019,2.5101,2.98,2.4222,2.3409,2.728,2.7479,3.0931,2.8096,2.7715,3.0887,2.7799,2.3885
2.5086,2.4552,2.6416,2.6463,2.6626,2.5731,2.8892,2.8117,3.0283,2.5142,2.7688,2.6617,2.9654,2.3981,2.2398
2.9862,2.5768,2.7685,2.9884,2.727,2.897,2.879,2.7231,2.7301,3.0285,3.2476,2.9538,2.8975,2.6777,2.9299
2.5046,2.5005,2.8151,2.4914,3.1483,2.8202,2.6996,2.862,2.8846,2.3874,3.1986,2.8887,2.7336,2.7971,2.5971
2.7925,2.6517,2.6471,2.8147,2.7346,2.4622,2.7841,2.9566,3.0246,2.9215,2.9324,2.9252,2.7932,2.7015,2.6832
2.7395,2.9379,2.849,2.7902,2.7126,2.5516,2.7033,3.0806,2.8368,2.7936,3.0654,2.9359,2.9424,2.6479,2.61
3.0788,2.915,2.3293,3.0277,2.9107,2.9205,2.7211,3.089,3.1099,2.5515,2.9267,2.7001,2.8226,2.9803,2.7751
2.6963,2.5849,2.9802,2.6596,2.8516,2.5583,2.7627,2.7893,3.0951,3.0447,2.7648,2.647,2.5911,2.4662,2.4062
2.5987,2.5592,2.5614,2.6077,2.8344,2.398,2.9876,2.8821,2.8614,3.0355,3.0669,2.4918,3.0591,2.2954,2.7534
3.025,2.9472,2.8593,2.8951,2.9094,2.8007,2.8252,3.0146,2.6601,3.0265,3.1436,2.7185,2.9426,2.6316,2.6878
2.9974,3.0562,2.4927,2.9393,3.144,2.7924,2.755,2.8696,3.0453,3.068,2.7502,2.6807,2.8706,2.7573,2.9128
2.7145,2.9324,2.57,3.0235,2.9035,2.9018,2.7357,2.8681,3.1025,2.9806,3.0388,2.8263,2.4687,2.6646,2.8342
2.7357,2.9792,2.8586,2.8143,3.1089,2.4417,2.7588,3.2486,2.9665,2.9687,2.9216,2.941,2.5424,2.9935,2.7144
2.9346,2.8707,3.0179,2.6663,2.8836,3.0256,2.6403,2.6899,2.7752,2.5133,3.161,2.6506,2.9639,3.0282,2.8201
3.0511,2.9984,2.6446,3.1439,2.9577,2.8502,3.0148,2.7564,2.7377,3.1283,2.7311,2.7418,2.9147,2.7246,2.9867
2.3305,2.9217,2.5182,2.8359,2.7566,2.7911,2.7444,2.6642,2.7918,3.08,2.9602,2.4737,2.4155,2.8631,2.8036
3.1011,3.2476,2.96,2.7555,3.0217,2.3885,2.7409,2.7577,3.1306,2.8988,3.2176,2.6418,3.0686,2.8348,2.8881
3.0004,2.7001,2.8803,2.6363,2.6911,2.5792,2.7803,2.6473,2.7409,2.8773,2.9431,2.8748,3.0503,2.9495,2.9741
3.1711,2.8042,3.1266,2.9443,3.0029,2.8414,3.025,2.9479,3.0283,3.0323,3.0103,3.268,2.8962,3.0069,3.112
3.1189,2.6662,2.7137,2.8792,2.9956,2.3118,2.914,2.8833,3.0154,2.8108,3.1461,2.6782,2.9725,2.6998,2.2028
2.9863,3.0418,3.0796,2.7918,3.0624,2.4052,2.9557,2.8822,2.8325,2.7707,3.1069,3.0896,3.1744,2.9464,2.7514
2.9243,2.7977,2.5264,2.6451,2.1425,2.5712,2.2429,2.6929,2.9447,2.7118,2.9083,2.7215,2.9896,2.8744,2.6964
2.8181,3.0245,2.8427,2.9609,2.9058,2.625,2.4953,2.5616,3.0197,2.8891,3.2136,3.0091,2.766,3.058,2.7656
2.5146,2.4181,2.7937,1.8414,2.7856,1.9327,2.6799,2.412,2.4372,2.9394,2.9281,2.7056,2.4941,2.4575,2.6627
2.8285,2.8286,3.2462,3.0975,2.8793,2.7107,2.7052,2.6571,2.9604,2.7864,3.1616,3.099,2.5425,2.5442,2.6694
2.8677,2.6437,2.7733,3.2583,2.5824,2.865,2.8592,2.748,2.7386,3.0618,2.9058,2.5995,2.6612,2.8884,2.6051
1.6142,2.8321,3.0468,2.7679,2.5738,2.7059,2.3084,2.7796,2.956,2.9977,3.0857,2.3803,2.4201,2.9165,2.5073
2.5693,2.8925,3.0099,1.6927,2.6429,1.956,2.551,2.1351,2.2318,2.7957,2.2023,2.3025,2.0668,2.0462,2.5913
2.5971,2.8993,3.1004,3.0212,2.3902,2.2616,2.7579,2.7304,2.524,2.7666,2.7031,2.8088,3.116,2.7328,2.4749
2.8357,3.0406,3.1801,2.6738,2.6215,2.9183,2.7485,2.2249,2.3664,2.7083,3.1483,2.6842,2.3704,2.7505,2.4015
2.9632,2.5492,2.6339,2.6027,2.6092,2.6483,2.3951,2.6399,2.5096,2.3626,2.746,2.7508,2.4004,2.8775,3.117
3.0086,2.9526,2.6788,2.7303,2.8183,2.8573,2.7317,2.9354,3.0526,2.52,3.0108,3.0546,2.7841,2.3708,2.3084
2.9597,2.7971,2.9102,2.8884,2.7732,3.1382,3.0454,2.6553,2.7612,3.01,3.2275,2.9668,3.0649,2.8502,2.9395
3.0356,2.8285,2.8477,2.4282,2.6766,2.9348,2.9662,2.6474,2.9289,3.0453,2.9815,2.4574,2.9849,2.369,2.6245
2.9924,3.0698,2.6104,2.9688,2.9981,2.721,2.9974,2.6097,3.2591,3.0626,2.7895,2.6762,2.9773,2.6543,2.8877
2.6365,2.9573,2.7144,2.8602,2.5267,2.7108,3.0115,2.3092,2.93,2.6952,3.2063,3.1112,2.6585,2.9365,2.5995
3.0146,3.0342,3.0808,2.9577,3.0729,2.7166,2.935,2.9219,2.9915,2.9296,2.9724,3.1162,2.7858,2.979,2.6826
2.7661,2.672,2.9257,2.6952,2.6213,2.7754,2.6499,2.8626,2.7367,2.7548,3.222,2.8249,2.4195,2.7519,2.5512
2.7657,2.5188,3.0766,2.8429,2.9449,2.4955,3.0121,2.641,3.0325,2.9732,3.2291,2.7186,2.7383,3.0477,2.7675
2.9586,2.7649,3.0583,2.6735,2.9473,2.7486,2.6915,2.4647,2.9261,3.0061,3.1518,2.6225,2.7084,2.8691,2.8221
2.7678,3.0734,2.8142,2.8655,2.8867,3.0964,2.8028,2.9842,3.0539,3.0304,3.1278,2.9172,3.1384,2.6551,2.6536
3.0368,3.1201,3.1063,2.7755,2.9896,2.8706,2.8739,2.726,3.0324,2.6606,3.1452,2.6936,2.6865,2.6598,2.8589
3.0654,3.0304,2.7298,2.9222,2.7227,2.7079,2.8747,2.8004,2.9659,2.8437,3.2331,2.6895,2.5699,2.9781,2.5053
2.7988,2.6982,2.3946,2.9413,3.0633,2.5659,2.9128,2.6229,2.5492,2.7007,2.933,2.7637,2.7828,2.8288,2.6133
3.0128,3.0122,3.0116,3.0375,3.0775,2.8833,2.6674,3.0404,2.7706,2.7714,2.686,2.7982,2.8132,2.5039,2.6505
3.194,2.9952,3.1492,2.7583,3.103,2.7913,2.9113,2.9331,2.5261,3.0204,2.9079,2.6896,3.0198,2.643,2.6185
3.1225,3.0412,3.0841,2.8097,3.0017,2.4356,2.7683,2.9529,3.1066,2.9485,3.2794,2.9872,2.9226,2.9263,2.7213
2.7065,2.9951,2.9543,2.9528,2.7455,2.422,3.0462,2.7843,2.4763,2.9605,3.251,2.2254,2.7028,2.7151,2.37
3.1011,2.7536,2.8685,3.0355,2.8253,2.809,2.6855,2.7729,3.1911,3.0203,3.0389,2.9445,2.7511,2.8067,2.3723
2.1483,2.9412,2.8863,3.1292,2.7889,2.461,2.8696,2.4888,3.1038,2.7814,3.2853,2.8558,2.9328,2.7878,2.6376
2.5798,3.0039,3.0464,3.0852,2.6432,2.5126,2.7426,2.7664,2.6403,2.9168,3.2666,2.4653,3.028,2.7842,2.7308
2.9558,3.0013,2.6642,2.9145,2.8769,3.0105,2.9327,2.6782,2.7422,2.9393,2.6643,2.7216,2.6684,2.6761,2.8685
2.6378,3.0925,2.8418,3.0249,2.5781,2.6461,3.0421,3.0272,2.886,3.0022,2.9298,3.03,2.2358,2.6814,2.8681
3.0795,2.706,3.0275,2.7069,2.7279,2.784,2.8907,2.2059,3.0114,2.2765,2.8574,2.31,2.7186,2.978,2.693
2.5568,2.8532,2.8548,2.8515,3.1063,2.4305,3.0201,2.6859,2.7878,2.9773,3.1238,2.9089,2.3128,2.9145,2.7822
2.8585,2.6741,2.5212,2.9631,2.9776,2.6064,2.4926,2.6992,3.0986,2.7611,2.844,2.7419,2.7011,2.854,2.407
2.6423,3.0812,2.4273,2.8787,2.7776,2.6345,2.4792,2.2758,3.1915,2.7938,3.0308,2.7524,2.6123,2.728,2.9424
2.8548,2.4989,2.5532,3.257,2.7442,2.1431,2.5823,2.3205,2.548,2.5888,2.2039,2.6389,2.7538,2.3248,2.2544
2.9015,2.743,2.7537,2.5952,2.83,2.9325,2.5537,2.741,3.1837,2.9888,2.9742,2.8802,2.9646,3.2498,2.712
2.536,2.6059,2.905,2.2277,2.7563,2.6139,2.4686,2.7129,2.9564,2.9161,2.9779,2.9768,2.7165,2.949,2.3833
2.7671,3.0366,2.8012,2.9372,2.493,2.9924,2.5303,2.8122,2.851,3.1064,2.7586,2.4743,2.5222,2.9853,2.5161
2.547,2.7603,2.7473,2.9389,2.5439,1.7608,2.7135,2.9043,2.7719,2.787,3.1878,2.1916,2.6878,2.7157,3.1277
3.0947,2.2907,3.0522,3.3349,2.5354,2.9629,3.0125,3.0224,2.5188,2.7024,3.008,3.0886,2.9825,2.8932,2.7174
2.6886,2.9667,2.7202,3.2263,3.005,2.571,2.4377,2.8524,2.8364,2.905,3.0843,2.9559,2.3162,2.6385,2.6625
2.5267,2.8939,3.1893,2.8926,3.0256,2.7044,2.507,2.9227,2.8047,3.0489,3.2607,2.9222,3.0688,3.0376,2.6733
2.7967,2.5501,2.7024,2.6781,2.9358,2.5722,2.5746,2.6819,3.1663,2.5482,3.0099,2.5114,2.962,2.7177,2.9488
3.0412,2.8597,2.4044,2.533,2.6665,2.8766,2.9503,2.7,2.8691,2.8537,2.6693,2.9435,2.7833,3.0313,2.6654
2.6782,2.8811,2.6852,2.9027,2.5225,2.5821,2.6358,2.9084,2.9323,2.2439,3.2057,2.3834,2.9462,2.6501,2.3762
3.0153,2.396,3.0055,2.9433,3.0119,2.2331,3.0645,2.6097,2.7318,2.9989,3.0415,2.5068,2.5127,2.1062,2.3055
2.4771,2.7296,2.4701,2.685,2.4059,2.4231,2.7205,2.8015,2.7444,3.0859,2.5587,2.4607,2.9998,2.6242,2.6228
3.0172,3.1439,3.2147,2.7456,2.5986,2.5652,2.81,2.7406,2.751,2.2804,2.7246,2.5013,2.9616,2.7379,2.6739
2.5199,2.5469,2.4801,2.4818,2.9528,2.9788,2.5881,2.4526,2.9778,2.94,2.6517,2.6223,2.9468,2.4792,2.4531
2.4307,2.2914,2.6142,2.405,3.033,2.6634,2.569,2.7379,2.7243,2.8486,3.041,2.9128,2.8702,2.5171,2.5053
2.547,2.413,3.0053,2.9232,2.6636,2.607,2.7664,2.5797,2.9745,2.5739,3.0169,2.4655,2.6094,2.8481,2.3986
2.3151,2.9883,2.9824,2.9558,3.0471,2.3619,2.2965,2.7878,3.0116,2.2801,2.7326,2.652,2.5911,2.9092,2.9303
2.6339,2.9276,2.7421,2.928,2.8231,2.1812,2.0472,2.7181,2.9639,3.0921,2.8908,2.9229,2.7163,2.2571,2.5959
2.3164,2.6854,2.8213,2.8956,2.759,2.7655,3.0264,2.7745,2.5697,2.9297,2.9993,2.5606,2.777,3.0224,2.4891
2.9544,2.868,3.133,3.148,3.0355,2.3977,2.6912,2.2547,2.762,2.5842,2.1942,2.633,2.7033,2.6497,2.1406
3.0517,2.7272,3.0543,2.9556,2.5451,2.6603,2.7518,2.4521,3.1449,2.5485,2.7759,2.6698,2.8413,2.7911,2.9101
2.9985,2.7218,2.7641,2.6236,3.0073,3.0114,2.666,3.0151,2.9499,2.7116,2.4368,2.9976,2.8919,2.6665,2.3934
2.4884,2.6016,2.8942,2.5317,2.9233,2.3844,2.489,2.3562,2.6266,2.8246,2.6346,2.2363,3.0451,2.332,2.7715
2.7465,2.2603,2.473,3.0463,2.3738,2.881,2.4893,2.4721,2.9959,2.5976,2.7714,2.6881,2.8514,2.8253,2.6369
2.6587,2.7649,2.7191,2.751,3.1265,2.4938,2.3538,3.0261,3.0677,2.4043,2.5255,2.9963,2.815,2.9115,2.4546
2.7051,2.8822,2.7187,2.2987,2.6702,2.6612,2.2495,2.429,2.9275,2.6132,2.7269,2.2112,2.5266,2.7081,2.4688
2.7787,2.8438,2.554,2.8126,2.5376,2.9144,2.0944,2.4951,2.8112,2.9093,2.3889,2.5849,2.7961,2.541,2.6938
2.7122,2.7229,2.2991,2.8026,2.8889,2.4749,2.921,2.4592,2.8347,2.1657,2.3069,2.7443,2.7222,2.4562,2.2098
2.4897,2.5533,2.8971,2.6098,2.8423,2.7975,1.9267,2.9353,2.7621,2.1321,2.7031,2.2676,2.853,2.703,2.4941
2.7385,2.9626,2.2938,2.8334,2.9449,2.8086,2.4252,2.9365,2.7361,2.7481,2.3307,2.5335,2.3777,2.3927,2.1594
2.6733,2.4742,2.3235,2.7079,2.718,2.3188,2.8624,2.3964,2.4236,2.6102,2.9404,2.6219,2.695,2.825,2.5423
2.6894,2.2709,2.0362,2.4664,2.9731,1.9691,2.757,2.896,2.5591,2.7492,2.8107,2.4483,2.772,2.6862,2.8055
2.7522,2.6172,2.8341,2.3711,2.7336,2.7239,2.5357,2.324,2.8781,2.5084,2.7422,2.7211,2.8828,2.9578,2.4415
2.6802,2.2801,2.2006,2.5477,2.4594,2.8021,2.7001,2.0398,2.8461,2.5215,2.2822,2.6046,2.2684,2.9571,2.1593
2.6326,2.9214,2.3575,2.9239,2.6375,1.3502,1.9139,2.5343,2.7508,2.9447,2.6715,2.6969,2.5608,2.5392,2.3002
2.1005,2.2858,2.2246,1.8099,2.3714,2.1884,2.2435,2.4684,2.3045,2.3546,2.1402,2.7231,2.0326,2.262,2.1382
2.3854,1.8663,2.1009,2.6523,2.6184,1.8374,2.4894,2.7485,2.1187,2.4269,2.0072,2.4701,2.0846,2.7392,2.0553
2.381,1.8451,2.471,2.2813,1.8612,2.4813,2.3941,2.2751,2.2714,2.1522,1.7989,2.0728,2.4774,2.4178,2.4122
2.5802,2.5975,2.8804,2.7336,2.8151,2.3168,3.0629,2.7635,2.9605,2.6782,2.9283,2.7172,2.5572,2.6898,2.6774
2.6928,2.8405,2.711,2.995,3.0486,2.7509,2.9533,2.8291,3.0222,2.6291,3.2144,2.8978,2.6252,2.6279,2.4495
2.824,2.6984,2.7554,2.541,2.3925,2.5592,2.3463,3.0175,3.0823,3.1177,3.0044,2.8699,2.5159,3.0387,2.5847
3.062,2.9861,2.736,2.9661,2.2612,2.5561,3.179,2.9806,2.5956,2.705,1.9761,2.1671,2.8087,2.9545,2.695
1.9655,3.0381,2.3206,2.7001,2.5963,2.5212,2.9572,2.8088,2.7165,2.0333,2.704,2.7561,2.7165,2.7289,2.7003
2.7786,2.163,3.0351,2.5242,2.6339,2.4399,2.3324,2.7912,2.5411,2.8384,2.5949,2.4031,2.4253,2.9418,2.4503
2.6799,2.6223,3.0192,2.514,2.7485,2.8573,2.9725,2.8365,2.8169,3.151,3.0496,2.4513,2.8137,2.7314,2.4913
3.0373,2.8752,2.4634,2.694,2.7323,2.6049,2.9023,2.6803,2.7633,2.9769,3.2892,2.3898,2.3674,2.7028,2.1602
3.0986,3.0488,3.0522,2.5064,2.7966,2.9979,2.8859,2.5049,2.6168,2.744,2.7679,2.0628,2.4193,2.6833,2.7243
2.2933,2.9246,2.5435,2.6912,2.5633,2.1851,2.7115,3.1377,2.3003,3.1164,3.2341,2.6372,2.3822,3.1932,2.8753
2.6734,2.6158,2.5203,3.0581,2.9079,2.707,3.0702,2.9007,2.327,2.9551,2.692,2.7828,2.3242,2.3653,2.7188
3.0233,2.4715,2.6509,2.3914,2.284,2.3588,2.492,2.5867,2.6255,2.6081,2.3426,2.4546,3.002,2.9496,2.5158
2.3935,2.2986,2.2753,2.7189,2.8065,2.6064,3.229,2.67,2.729,2.6652,2.6662,2.9824,2.5587,2.7397,2.9132
2.478,2.9561,2.4815,2.5875,2.2538,2.6101,3.3404,3.065,2.968,2.5666,2.8871,2.8956,2.224,2.6003,2.5584
2.6157,2.8673,2.2848,3.0115,2.6498,2.4223,3.0209,3.2167,2.6666,2.8604,2.4052,2.6803,2.8022,2.9994,3.1543
3.0914,2.7012,2.7124,2.5882,2.9862,2.5475,2.522,3.2215,2.666,2.5471,3.137,2.4515,2.717,2.8048,2.6152
2.6142,2.742,2.2663,2.6504,2.694,2.848,3.0125,2.9498,2.5616,1.8207,2.7075,2.0442,2.3989,2.5015,2.7816
2.6432,2.4449,2.4704,2.529,2.7592,2.6867,2.6433,2.8802,2.6949,2.9776,2.6388,2.6852,2.37,2.2598,2.6232
2.9976,2.5387,2.9789,2.6523,3.018,2.9556,2.9506,2.3602,2.6283,2.5796,2.6891,2.9148,2.7582,2.4781,2.1501
2.5774,2.8284,2.6712,2.8076,2.7278,2.2935,2.8352,2.8296,2.9182,2.902,2.543,3.0824,3.0229,2.618,2.6654
2.1214,2.7923,2.9355,2.5417,2.1816,2.4222,2.5442,2.5534,2.6482,2.8377,3.164,2.6924,2.5129,2.3755,2.4046
2.2743,2.7356,2.7363,2.8039,3.2562,2.3909,2.9947,2.6134,2.3278,3.1369,2.8716,2.8424,2.4564,2.7034,2.6591
2.3486,2.5305,2.3606,2.5179,2.7789,2.6547,3.058,2.8022,2.7263,2.6798,2.3619,2.5158,2.3136,2.5513,2.5154
2.4434,2.5551,2.6408,2.6465,2.4823,2.1653,2.7961,2.8596,3.017,2.4876,2.9498,2.4444,2.5954,2.4833,2.5586
2.6357,2.7401,2.6301,2.4294,2.7124,2.6849,2.5259,2.803,2.5163,2.8143,2.945,2.826,2.9324,2.7594,2.1691
2.4706,2.269,2.738,2.8107,2.5303,2.5653,2.4424,2.9621,2.5084,2.758,3.1624,2.9879,2.5551,2.4679,2.1602
2.5823,2.9718,2.6509,2.7333,3.0741,3.0385,3.04,2.7733,2.9632,2.7902,2.6639,2.9984,2.7336,2.3085,2.7214
2.5458,3.0501,2.7351,2.7601,2.7704,2.4933,2.7473,2.8183,2.5131,2.8408,2.7825,3.1867,2.9137,2.2052,2.6908
2.1121,2.8228,2.4121,2.7272,2.794,2.6579,2.5938,2.3934,2.6528,2.8459,2.3501,2.5817,2.5418,2.7728,2.4633
2.2383,1.9033,1.8552,2.2514,2.0783,1.9299,2.5076,2.367,2.6869,2.572,1.9729,2.2738,2.2211,2.2011,1.5595
2.7689,2.6795,2.7179,2.779,2.6357,2.197,2.8616,3.0943,2.8286,2.8161,2.9179,2.886,2.5488,2.7991,2.6122
2.8768,2.7129,2.2554,2.9066,2.6706,2.4978,2.6421,2.5086,2.7065,2.5369,2.6069,2.2336,2.7408,2.4148,2.8736
2.9575,2.9595,2.7409,2.8353,3.1597,2.8802,2.7892,2.7594,2.7923,2.3228,2.673,2.9204,2.9071,2.8341,2.978
2.2917,2.7949,2.9136,2.8774,2.7666,2.6735,3.1644,2.9838,2.7616,2.4922,3.0367,2.424,2.8539,2.8187,2.2121
2.9117,2.8728,2.5724,2.72,2.8325,2.5349,3.1899,2.4245,3.0036,2.9923,2.8307,2.703,2.4645,3.0339,2.6873
2.5592,2.5903,2.3803,2.6756,2.8111,2.2865,3.0405,2.8609,2.2792,2.774,2.2102,2.3847,2.7494,2.5365,2.6974
2.6612,2.5985,2.295,2.2465,2.5863,2.4067,2.1515,2.5701,2.2617,2.4736,2.755,2.4305,2.6366,2.4791,2.5201
2.5106,2.2989,2.2142,2.0903,1.8795,2.3721,2.3557,2.0806,2.7006,3.1924,2.8091,1.8125,2.7407,2.5965,2.5886
2.5304,2.1636,2.6877,1.8068,2.8978,2.1786,2.3829,2.8847,3.0475,2.7562,2.741,2.3883,2.0363,2.636,2.4548
3.0122,2.0834,2.882,2.5928,2.8009,2.5811,2.2764,1.9505,2.7478,2.4912,2.4575,2.9335,2.4567,2.9776,2.4074
2.8436,3.035,2.938,2.6461,2.9288,2.3947,2.541,3.0096,2.9897,2.6185,3.3831,2.2658,2.7028,2.4283,2.463
