0.26937
68.43
1.0657
0.79789
0.95401
1.0164
2.794
1.1339
1.2181
1.2484
1.0593
1.1284
2.6992
1.1596
0.77355
0.942
1.0755
1.0242
2.2546
1.0843
1.2368
1.5202
1.2932
1.4357
2.8527
1.4808
1.1027
1.5586
1.4558
1.4705
3.3973
1.6449
1.6125
1.1443
1.4734
1.4903
3.499
1.8994
1.9625
2.1089
1.3869
1.4756
2.8633
1.3417
1.4313
1.2129
1.032
1.2355
2.8424
1.2271
1.5775
1.4778
1.4596
1.3078
2.4852
1.2539
1.3827
1.4067
1.2002
1.2206
2.569
2.028
1.829
1.7229
1.4889
2.0514
3.5087
1.9124
1.577
1.4873
1.3924
1.1914
3.0038
1.5307
1.5812
1.7779
1.7248
1.795
3.706
2.2263
1.6212
1.3656
1.6012
1.1729
3.1665
1.3814
1.135
1.1167
1.178
1.1667
2.7353
1.1081
1.4016
1.1799
1.1148
1.3344
2.6751
1.0782
1.3015
1.8348
1.4928
1.8972
2.3428
1.0671
1.179
1.1572
1.1504
1.1043
2.8894
1.3711
1.5098
1.4042
1.3185
1.532
3.0468
1.6259
1.8427
1.5133
1.779
1.6951
3.0729
1.4157
1.5135
1.5599
1.5303
1.2548
3.1397
1.6091
1.4954
1.8644
1.362
1.5895
3.085
1.2391
1.2566
1.476
1.2742
1.1958
2.6571
1.3535
1.0336
1.3445
1.1678
1.2821
3.35
1.3745
1.2419
1.2276
1.0977
1.0846
2.7594
1.3697
1.2947
0.98308
1.0133
0.97113
2.385
1.0776
0.99337
0.97154
0.96231
1.1639
2.6407
1.563
1.3847
0.92636
0.91931
1.0382
2.4641
1.0401
1.2876
1.1963
1.2186
1.5594
3.2646
1.509
1.3762
1.3552
1.3219
1.5293
3.3766
1.4859
1.4791
1.5656
1.6153
1.7441
3.2075
1.5179
1.4531
1.3796
1.3712
1.5618
2.9467
1.3753
1.723
1.2258
1.438
1.1607
2.5082
1.0522
1.3356
1.2606
1.0922
1.2342
2.4513
1.2104
1.3265
1.2485
1.3352
1.2615
2.7385
1.211
0.92034
0.94096
0.91399
0.93816
2.1245
1.2496
1.2266
1.0955
1.0704
1.2079
2.1094
1.1745
1.265
1.375
1.2422
1.3475
2.7178
1.4316
1.2832
1.1434
1.1544
1.6184
3.4595
1.7028
1.5555
2.0001
1.7379
1.8249
3.1251
1.8093
1.6856
1.5714
1.3276
1.1996
2.5928
1.0136
1.1797
1.2868
1.3687
1.8617
3.2074
1.3304
1.3842
1.3078
1.4844
0.95999
2.4098
1.0803
1.0767
1.392
1.4071
1.4188
3.0124
1.6984
1.5453
1.7239
1.5726
1.4584
3.4326
1.4686
1.5396
1.5213
1.7249
1.3917
3.2998
1.4484
1.5398
1.6624
1.4026
1.347
3.3045
1.6062
1.3713
1.345
1.041
1.0904
2.1096
1.0389
1.082
1.434
1.1218
1.0146
3.0766
1.5488
1.1148
1.262
1.3692
1.0277
2.4853
1.1515
1.1375
1.0055
1.2834
1.587
3.1644
1.7419
1.4171
1.3777
1.6489
1.5997
3.0281
1.4823
1.8345
1.7368
1.3303
1.5492
3.1169
1.9231
1.6751
1.4264
1.5339
1.8193
3.2454
1.3191
1.3728
1.4734
1.3782
1.1713
2.6964
1.2678
1.1932
1.3218
1.2387
1.2878
3.0024
1.3359
1.1129
0.94474
1.2282
1.1214
2.8671
1.175
1.0102
1.1465
1.1377
1.4938
3.0521
1.3369
1.1211
1.4439
1.6614
1.5888
3.322
1.5125
1.7339
1.6314
1.7272
1.3897
3.0666
1.5873
1.5111
1.5354
1.6293
1.4211
3.0214
1.3921
1.3766
1.2884
1.7244
1.5314
3.0994
1.7166
1.5556
1.9598
1.422
1.1292
2.5526
1.1783
1.0621
1.1878
1.292
1.1992
2.9647
1.5767
1.0531
0.86753
1.243
1.2659
2.7723
1.2968
1.3884
1.1021
1.0846
1.5526
3.2324
1.7359
1.5615
1.4121
1.2099
1.5506
3.583
1.7581
1.472
1.614
1.864
1.3721
2.161
1.0042
1.1752
1.173
1.0195
1.4657
2.9574
2.0179
2.077
2.0575
1.4089
0.96079
2.6163
1.2364
1.072
0.94505
1.0673
0.93283
2.739
1.3684
1.2304
1.2694
1.5657
1.7385
3.789
1.4187
1.5914
1.5775
1.6761
1.1426
2.6697
1.4569
2.0274
2.0074
2.1856
1.7932
3.8821
1.5092
1.4179
1.4799
1.4525
1.5971
3.0607
1.8693
1.6131
1.8018
1.337
1.3822
3.0058
1.4967
1.5276
1.7174
1.444
1.5011
3.1251
1.2649
1.1628
1.1653
1.1243
1.1476
2.4874
1.2872
1.1546
1.0053
0.93099
1.1243
2.8664
1.3498
1.2342
0.94345
1.2692
1.2799
2.869
0.99345
1.0383
1.3286
1.5095
1.3383
2.9682
1.5409
1.8788
1.5719
1.6226
1.6711
3.3291
1.6602
1.7181
1.6851
1.5844
1.5709
2.8091
1.6232
1.582
1.3881
1.3267
1.3193
2.966
1.4994
1.3972
1.4412
1.6204
1.8742
3.1031
1.5673
1.188
1.2117
1.092
1.4512
2.5426
1.177
1.2447
