1.1554
0.10283
0.031731
0.027037
0.026144
0.02608
0.026028
0.026222
0.027015
0.026296
0.026352
0.02627
0.025711
0.025408
0.025264
0.025785
0.025295
0.025425
0.025957
0.025618
0.025516
0.025475
0.025504
0.025708
0.025268
0.025765
0.025398
0.025397
0.025318
0.025784
0.025522
0.025606
0.025875
0.025681
0.025351
0.025844
0.025634
0.025727
0.024984
0.026051
0.025766
0.025226
0.02628
0.025995
0.025844
0.026201
0.02611
0.026448
0.026923
0.026958
0.026838
0.026872
0.026771
0.026976
0.026761
0.026841
0.026878
0.026889
0.026773
0.026709
0.026237
0.026815
0.02663
0.026879
0.026737
0.026716
0.026771
0.026929
0.026722
0.026382
0.026705
0.026864
0.026928
0.026908
0.026796
0.027012
0.026629
0.02691
0.026713
0.028101
0.032457
0.029403
0.027907
0.026981
0.026737
0.02696
0.026714
0.026892
0.026823
0.026904
0.026848
0.027119
0.027047
0.027254
0.027098
0.027366
0.027235
0.027243
0.027104
0.027252
0.027263
0.027298
0.027379
0.027439
0.027085
0.026439
0.026308
0.026213
0.027406
0.027395
0.02754
0.027547
0.02735
0.027377
0.027262
0.02726
0.027111
0.026739
0.027097
0.027183
0.026541
0.027768
0.027066
0.027318
0.027136
0.02734
0.026175
0.026125
0.029734
0.032013
0.030239
0.028603
0.027016
0.02698
0.027089
0.027112
0.026893
0.026974
0.02703
0.027017
0.027332
0.027397
0.02693
0.027152
0.027202
0.027215
0.027072
0.027234
0.027017
0.026981
0.026768
0.027033
0.026853
0.02712
0.027007
0.026765
0.026521
0.02679
0.026928
0.026319
0.026205
0.02631
0.026273
0.026261
0.026195
0.026318
0.026508
0.026316
0.026192
0.026867
0.026146
0.026372
0.026129
0.026415
0.025929
0.025614
0.025415
0.025276
0.025092
0.025497
0.025109
0.025713
0.02568
0.025237
0.025238
0.025526
0.025481
0.0264
0.026444
0.026699
0.026979
0.027234
0.027223
0.027313
0.027221
0.027475
0.027062
0.027148
0.026919
0.027181
0.026796
0.026816
0.026911
0.026502
0.027127
0.026332
0.026857
0.027069
0.026012
0.026114
0.027209
0.026954
0.026926
0.026939
0.02677
0.027014
0.026871
0.027232
0.027359
0.027247
0.027775
0.027983
0.027418
0.027625
0.027441
0.027724
0.026267
0.025085
0.024401
0.024947
0.026108
0.024996
0.024623
0.025362
0.025421
0.024491
0.025555
0.027478
0.025475
0.029433
0.026126
0.026465
0.025732
0.025518
0.0256
0.02717
0.025268
0.025666
0.025095
0.025174
0.02545
0.025348
0.026936
0.027527
0.027549
0.027453
0.027632
0.027355
0.027664
0.027518
0.027416
0.027458
0.028592
0.027639
0.027661
0.02769
0.02756
0.027817
0.027484
0.02745
0.027166
0.027274
0.027345
0.027043
0.0271
0.027565
0.02737
0.027388
0.026372
0.026489
0.02735
0.026291
0.026858
0.026962
0.026716
0.026836
0.026821
0.026971
0.027252
0.027372
0.027586
0.027475
0.027203
0.025153
0.026438
0.024535
0.025214
0.027177
0.026982
0.026648
0.02626
0.027043
0.026581
0.024951
0.026012
0.025168
0.02544
0.025764
0.025196
0.026511
0.025486
0.025694
0.028108
0.027224
0.027623
0.027236
0.026847
0.027779
0.026987
0.025406
0.027206
0.02725
0.025477
0.027587
0.025118
0.026835
0.024605
0.027286
0.025416
0.025435
0.02528
0.025735
0.025292
0.025947
0.024447
0.025419
0.024811
0.025214
0.024857
0.025468
0.024799
0.024867
0.024853
0.027056
0.024661
