1
711.1000,231.9000,22.0344,24.0375
714.6100,232.8900,22.1427,24.1556
714.9610,231.1890,22.2143,24.2338
715.8961,232.8189,22.2960,24.3229
716.8896,232.0819,22.3610,24.3938
717.8890,232.9082,22.3592,24.3919
718.8889,232.0908,22.3663,24.3996
718.0889,232.0091,22.4156,24.4534
720.7089,230.2009,22.4600,24.5018
720.0709,230.0201,22.4741,24.5172
722.7071,231.8020,22.5556,24.6061
722.0707,231.0802,22.5860,24.6393
722.0071,230.1080,22.6305,24.6878
721.1007,230.0108,22.6190,24.6753
720.1100,230.0011,22.5829,24.6359
721.8110,230.0001,22.5762,24.6286
721.0811,229.1000,22.5873,24.6407
718.3081,229.0100,22.5715,24.6235
718.0308,229.0010,22.5746,24.6268
718.9031,229.0001,22.5944,24.6485
716.2903,229.0000,22.6037,24.6586
714.2290,229.0000,22.6379,24.6959
714.0229,228.1000,22.6600,24.7201
714.0023,229.8100,22.7573,24.8262
710.4002,229.0810,22.8535,24.9311
707.3400,229.0081,22.8970,24.9786
706.1340,231.7008,22.9190,25.0026
705.1134,229.2701,22.9496,25.0359
702.3113,229.0270,22.9857,25.0753
699.3311,229.9027,22.9928,25.0830
698.1331,229.0903,23.0156,25.1079
694.4133,229.0090,23.0279,25.1214
691.3413,229.0009,23.0838,25.1823
686.5341,229.0001,23.1522,25.2569
684.2534,229.9000,23.2224,25.3336
679.5253,229.0900,23.2320,25.3440
673.6525,229.9090,23.2853,25.4022
669.4653,229.0909,23.3513,25.4742
663.6465,230.8091,23.3658,25.4900
658.5646,229.1809,23.3293,25.4501
653.5565,227.2181,23.5968,25.7420
647.6556,229.7218,23.4833,25.6181
641.6656,228.1722,23.4803,25.6149
632.9666,228.9172,23.6256,25.7734
632.9966,216.3917,23.8986,26.0712
629.3997,227.7392,23.8549,26.0235
638.0400,227.9739,23.7560,25.9156
644.3040,227.9974,23.6486,25.7984
653.9304,228.8997,23.6863,25.8396
659.3931,228.0900,23.6309,25.7791
665.3393,229.8090,23.5989,25.7443
672.2339,230.8809,23.6060,25.7520
677.4234,230.0881,23.6212,25.7686
685.1423,230.0088,23.5544,25.6957
691.3142,231.8009,23.4945,25.6303
694.6314,230.1801,23.4586,25.5912
700.3632,231.8180,23.5697,25.7124
707.2363,233.7818,23.4903,25.6258
709.7236,234.8782,23.4866,25.6218
714.4724,234.9878,23.5145,25.6522
717.6472,233.1988,23.5217,25.6600
721.5647,234.8199,23.5011,25.6376
724.6565,235.8820,23.4829,25.6177
726.7656,236.8882,23.5113,25.6487
729.6766,238.7888,23.5009,25.6373
730.8677,238.0789,23.5097,25.6469
733.6868,238.0079,23.5176,25.6556
733.9687,238.9008,23.4260,25.5556
735.7969,238.0901,23.3884,25.5146
735.9797,238.0090,23.3365,25.4581
735.9980,238.9009,23.3347,25.4560
735.0998,237.1901,23.2883,25.4054
735.0100,237.0190,23.2645,25.3794
734.1010,237.9019,23.3059,25.4246
733.1101,237.9902,23.3161,25.4357
732.1110,237.9990,23.3433,25.4654
730.2111,237.0999,23.3677,25.4921
728.2211,236.1100,23.3899,25.5162
725.3221,236.0110,23.4905,25.6260
724.1322,236.0011,23.5361,25.6757
719.5132,235.1001,23.6309,25.7792
716.3513,236.8100,23.6535,25.8039
714.2351,236.9810,24.0146,26.1978
708.6235,237.8981,24.1453,26.3403
706.2623,237.0898,24.1977,26.3975
699.7263,237.0090,24.2915,26.4998
695.4727,237.0009,24.3479,26.5613
692.3473,237.0001,24.3707,26.5862
684.8347,238.8000,24.4847,26.7106
680.4835,237.1800,24.5217,26.7510
672.8483,237.9180,24.8909,27.1538
665.7849,236.1918,25.4083,27.7182
660.5785,238.7192,25.2698,27.5671
651.0579,236.2719,25.6967,28.0328
642.9058,237.8272,25.9644,28.3248
643.8906,234.3827,26.0392,28.4064
650.2891,237.6383,25.9967,28.3601
656.3289,237.0638,25.9459,28.3046
665.0329,237.0064,25.9007,28.2553
671.3033,237.0006,25.7782,28.1217
679.1303,237.9001,25.6679,28.0014
683.5131,238.8900,25.6381,27.9689
690.2513,238.9890,25.5493,27.8720
698.1251,240.7989,25.5274,27.8481
700.7125,240.0799,25.4303,27.7422
708.1713,240.9080,25.2896,27.5887
710.7171,240.9908,25.2607,27.5571
716.3717,242.7991,25.2902,27.5893
719.6371,242.0799,25.2783,27.5764
724.4637,242.0080,25.2505,27.5460
728.5464,242.0008,25.2037,27.4949
729.8546,242.9001,25.1833,27.4727
731.7855,242.9900,25.1650,27.4527
733.7786,244.7990,25.1753,27.4640
735.7778,245.8799,25.0975,27.3791
738.6778,244.1880,24.9884,27.2601
741.6678,244.0188,24.9434,27.2110
741.0668,244.9019,24.9021,27.1660
742.8067,244.0902,24.8280,27.0851
743.8807,245.8090,24.7320,26.9804
744.8881,245.0809,24.6230,26.8614
744.0888,245.0081,24.5982,26.8344
742.2089,246.8008,24.5678,26.8012
741.1209,243.3801,24.5499,26.7818
739.2121,244.8380,24.5244,26.7539
737.2212,245.8838,24.4827,26.7084
735.2221,246.8884,24.4357,26.6571
735.0222,244.2888,24.4125,26.6318
729.6022,244.9289,24.4940,26.7208
728.1602,243.1929,24.5116,26.7400
722.6160,242.1193,25.0601,27.3384
718.4616,242.0119,25.0910,27.3721
715.3462,242.0012,25.0819,27.3621
708.7346,242.9001,25.3063,27.6068
703.5735,240.2900,25.2934,27.5928
694.0574,240.9290,25.4277,27.7394
693.1057,240.0929,25.4315,27.7435
686.7106,240.0093,25.3666,27.6727
678.8710,240.0009,25.3866,27.6945
674.4871,240.0001,25.3262,27.6285
662.3487,237.3000,25.7183,28.0564
655.7349,237.9300,25.6999,28.0363
647.8735,238.8930,25.6419,27.9730
639.8873,235.3893,25.6998,28.0361
640.8887,236.8389,25.9217,28.2782
655.3889,236.0839,25.6203,27.9494
662.2389,237.8084,25.4856,27.8025
669.2239,237.0808,25.4041,27.7136
678.0224,238.8081,25.2528,27.5485
684.3022,240.7808,25.1659,27.4537
690.3302,240.9781,25.0470,27.3240
695.4330,242.7978,24.9979,27.2705
703.1433,243.8798,24.9869,27.2584
707.5143,242.1880,24.8882,27.1508
713.3514,243.8188,24.7994,27.0539
719.3351,245.7819,24.7945,27.0485
724.4335,245.0782,24.7220,26.9695
731.2433,245.9078,24.6418,26.8819
732.8243,246.8908,24.5776,26.8119
734.7824,246.9891,24.5024,26.7299
738.5782,246.9989,24.4445,26.6668
741.6578,247.8999,24.4188,26.6387
744.6658,248.8900,24.3504,26.5641
747.6666,248.0890,24.2701,26.4765
748.8666,248.9089,24.1046,26.2959
751.6866,248.9909,24.0682,26.2562
751.9687,248.9991,23.9976,26.1792
751.9969,251.6999,23.9263,26.1014
751.9997,251.0700,23.8406,26.0079
751.1000,251.0070,23.7198,25.8761
751.9100,251.0007,23.6530,25.8033
748.3910,251.9001,23.6018,25.7474
746.2391,250.1900,23.5738,25.7168
746.0239,250.0190,23.5753,25.7185
740.6024,250.0019,23.6755,25.8278
738.2603,249.1002,23.5950,25.7401
737.1260,249.0100,23.5855,25.7297
731.6126,248.1010,24.2957,26.5045
729.2612,247.1101,25.2517,27.5473
723.6261,247.9110,26.0351,28.4020
719.4626,245.2911,26.8290,29.2680
711.8463,246.8291,27.6365,30.1489
708.3846,244.2829,27.5430,30.0469
703.5385,242.2283,27.5111,30.0122
697.6539,244.7228,27.5255,30.0278
688.9654,244.9723,27.5797,30.0870
686.2965,241.3972,27.4386,29.9330
676.1296,242.8397,28.0949,30.6490
670.6130,242.0840,28.4110,30.9939
662.8613,241.1084,28.2926,30.8646
653.9861,240.1108,28.1977,30.7611
647.6986,240.9111,28.1867,30.7492
650.6699,240.0911,28.5182,31.1108
658.1670,239.1091,28.3344,30.9103
664.3167,239.0109,28.1436,30.7021
671.2317,239.0011,28.0363,30.5850
677.3232,240.8001,27.9397,30.4796
683.3323,241.8800,27.7883,30.3145
687.5332,240.1880,27.6520,30.1659
690.6533,240.0188,27.5938,30.1024
696.3654,243.6019,27.4770,29.9750
697.8365,245.7602,27.4082,29.8999
706.9836,245.9760,27.3041,29.7863
706.9984,244.1976,27.2015,29.6743
708.7998,245.8198,27.2033,29.6764
713.4800,245.0820,27.0142,29.4701
713.0480,245.9082,26.8441,29.2844
714.8048,246.8908,26.8206,29.2588
719.4805,246.0891,26.8198,29.2580
719.0480,245.1089,26.6566,29.0799
719.9048,245.0109,26.5300,28.9418
720.8905,245.0011,26.3508,28.7463
723.6890,245.9001,26.2102,28.5930
723.9689,245.9900,26.1283,28.5036
724.8969,245.9990,26.1155,28.4896
723.1897,241.4999,27.3466,29.8327
723.0190,241.9500,28.4811,31.0703
731.1019,228.4950,29.6308,32.3245
747.2102,235.2495,29.9394,32.6612
734.4210,225.1250,29.4603,32.1386
742.1421,210.6125,29.4596,32.1378
2
0
0
0
0
1
701.3000,240.9000,31.4480,34.4914
698.3300,240.0900,31.5728,34.6282
697.1330,240.9090,31.5518,34.6052
697.9133,240.0909,31.5451,34.5978
699.7913,223.8091,31.2605,34.2857
683.7791,239.2809,30.1688,33.0884
682.1779,239.9281,29.4254,32.2730
678.4178,241.7928,28.9924,31.7981
676.2418,238.3793,28.5443,31.3066
669.7242,256.9379,26.9805,29.5915
681.6724,243.4938,25.9556,28.4675
664.8672,240.3494,24.4148,26.7775
679.3867,243.6349,24.1216,26.4560
2
0
0
0
0
1
648.0000,235.8000,32.2750,31.2664
652.5000,233.2800,32.8725,31.8452
653.8500,232.1280,33.6978,32.6447
654.8850,232.0128,35.0613,33.9657
658.5885,232.9013,36.7062,35.5592
659.8588,230.2901,38.1779,36.9848
659.9859,229.1290,40.1173,38.8636
664.4986,231.7129,41.7524,40.4476
657.7499,224.7713,44.1320,42.7528
665.1750,225.8771,46.1837,44.7404
663.2175,225.9877,49.2504,47.7113
663.0217,223.2988,51.3741,49.7687
664.8022,222.1299,53.3997,51.7309
662.2802,221.1130,55.5507,53.8147
667.4280,221.9113,56.5069,54.7410
664.3428,220.1911,58.8885,57.0482
668.5343,219.1191,60.0794,58.2019
662.6534,219.0119,61.1640,59.2526
667.4653,219.0012,62.0467,60.1078
661.6465,219.0001,62.7401,60.7794
643.9647,194.7000,66.3180,64.2455
2
0
0
0
0
1
682.2000,232.9000,34.0133,34.0133
685.6200,232.9900,34.2510,34.2510
685.0620,232.0990,34.3853,34.3853
685.9062,233.8099,34.3866,34.3866
685.9906,233.9810,34.3479,34.3479
685.9991,233.9981,34.2999,34.2999
686.8999,234.8998,34.1902,34.1902
686.9900,234.0900,34.1977,34.1977
687.8990,234.0090,34.1514,34.1514
687.9899,232.2009,34.1363,34.1363
688.8990,231.1201,34.1226,34.1226
688.9899,228.3120,34.7080,34.7080
686.2990,228.0312,35.5403,35.5403
686.0299,228.9031,35.5410,35.5410
682.4030,231.6903,35.6783,35.6783
684.7403,229.2690,35.9386,35.9386
686.7740,230.8269,36.0088,36.0088
686.9774,231.8827,36.0642,36.0642
688.7977,232.8883,36.1562,36.1562
685.3798,232.0888,36.1406,36.1406
685.9380,232.9089,36.0140,36.0140
685.9938,232.0909,35.9001,35.9001
687.7994,232.9091,35.6460,35.6460
686.1799,232.0909,35.4174,35.4174
688.7180,231.1091,35.3756,35.3756
685.3718,231.0109,35.3381,35.3381
687.7372,231.0011,35.1949,35.1949
686.1737,231.0001,35.2301,35.2301
685.1174,233.7000,34.7422,34.7422
682.3118,232.1700,34.2696,34.2696
680.2312,232.0170,34.0567,34.0567
685.4231,232.9017,34.1174,34.1174
693.1423,233.8902,33.7604,33.7604
689.4142,232.1890,33.5812,33.5812
687.2415,234.7189,33.2911,33.2911
681.6241,235.8719,32.5916,32.5916
687.3624,237.7872,32.1325,32.1325
683.4362,235.2787,32.4942,32.4942
685.7437,234.1279,32.3448,32.3448
692.2744,233.1128,31.9603,31.9603
692.0275,234.8113,32.0580,32.0580
688.4028,235.8811,32.3147,32.3147
688.0403,235.0881,32.4208,32.4208
687.1040,235.0088,32.2787,32.2787
692.4104,230.5009,32.2883,32.2883
700.1411,218.3501,32.0470,32.0470
695.5141,242.3350,31.5298,31.5298
678.8514,249.2335,30.6534,30.6534
690.6851,234.6234,30.1310,30.1310
675.6685,249.3623,29.5320,29.5320
2
0
0
0
0
1
683.6000,232.0000,33.1031,34.1063
682.1600,233.8000,33.8534,34.8792
678.4160,231.2800,34.5415,35.5882
678.9416,231.0280,35.1632,36.2288
675.3942,231.9028,35.8005,36.8853
673.2394,232.8903,35.9638,37.0536
671.2239,232.9890,36.6488,37.7594
668.3224,231.1989,37.3250,38.4561
665.3322,234.6199,37.9377,39.0873
664.1332,235.8620,37.6039,38.7434
661.3134,233.2862,37.1860,38.3128
661.0313,234.8286,36.9251,38.0441
659.2031,234.9829,36.6615,37.7725
654.5203,233.1983,36.3621,37.4640
654.0520,233.9198,36.1768,37.2730
