0.00016
0.045304
0.025584
0.026217
0.026834
0.025934
0.026421
0.026339
0.025865
0.02698
0.026695
0.027175
0.026934
0.026903
0.026978
0.026495
0.026469
0.026698
0.027089
0.026511
0.02645
0.025332
0.026697
0.027509
0.025538
0.027022
0.026351
0.025854
0.026964
0.02632
0.028225
0.026325
0.025008
0.025457
0.025209
0.026643
0.026287
0.026445
0.026127
0.026274
0.025856
0.026683
0.026139
0.026351
0.026209
0.026397
0.026331
0.025792
0.025514
0.025404
0.02546
0.025531
0.025827
0.025758
0.025921
0.026098
0.025619
0.025115
0.026298
0.025602
0.025697
0.02584
0.026324
0.025582
0.026094
0.02525
0.025891
0.026519
0.025695
0.026154
0.026738
0.025841
0.026036
0.026223
0.027232
0.026874
0.026361
0.025085
0.026821
0.027326
0.026299
0.026964
0.026468
0.026471
0.026105
0.026828
0.027441
0.026686
0.026924
0.026174
0.026941
0.026895
0.025923
0.026227
0.027786
0.027197
0.02635
0.026552
0.02675
0.026628
0.027013
0.026308
0.02731
0.02676
0.027314
0.027203
0.026804
0.029563
0.027525
0.027328
0.027044
0.026807
0.026463
0.027532
0.027508
0.027524
0.026988
0.026705
0.025985
0.027304
0.027642
0.026167
0.027355
0.026802
0.026147
0.02778
0.026955
0.026825
0.027009
0.026178
0.028423
0.027461
0.027097
0.02711
0.02667
0.027212
0.026979
0.026633
0.026988
0.027266
0.02732
0.025668
0.026746
0.026208
0.02573
0.026376
0.026456
0.0266
0.027317
0.02785
0.026069
0.027101
0.026906
0.02777
0.026729
0.0269
0.026286
0.027632
0.027381
0.028381
0.028247
0.027385
0.026535
0.028723
0.027593
0.027032
0.028031
0.02901
0.027789
0.027701
0.027866
0.028224
0.028291
0.028025
0.027737
0.027776
0.028791
0.027998
0.027761
0.026709
0.027338
0.027228
0.026454
0.026336
0.026781
0.025969
0.025361
0.025521
0.025817
0.026656
0.025338
0.025047
0.02607
0.025647
0.025493
0.025632
0.025719
0.025439
0.026417
0.025704
0.025514
0.025509
0.026188
0.025911
0.026514
0.026297
0.025846
0.025637
0.026113
0.027098
0.026998
0.02566
0.025718
0.025416
0.025648
0.025936
0.025706
0.026612
0.026221
0.027233
0.02605
0.026691
0.025812
0.026512
0.025383
0.025047
0.025791
0.025098
0.025587
0.026788
0.025814
0.025658
0.025787
0.026077
0.026496
0.026704
0.027603
0.026206
0.026659
0.025741
0.025883
0.025862
0.02566
0.026441
0.025816
0.026696
0.02554
0.025074
0.026569
0.026165
0.025659
0.026559
0.025613
0.024993
0.026001
0.026147
0.02628
0.026822
0.025575
0.026
0.025939
0.025158
0.0265
0.026278
0.025529
0.026607
0.025971
0.025395
0.026283
0.026312
0.026493
0.025891
0.025273
0.025638
0.026209
0.0265
0.026341
0.02752
0.026051
0.026521
0.027344
0.026626
0.026512
0.026717
0.026482
0.026238
0.025687
0.028538
0.02716
0.026838
0.02629
0.026196
0.026635
0.027442
0.025854
0.02657
0.025771
0.025918
0.026174
0.025782
0.026609
0.028202
0.027152
0.026665
0.026659
0.026651
0.026944
0.027302
0.026337
0.027178
0.026777
0.026294
0.0271
0.027229
0.026556
0.027175
0.02686
0.026716
0.026524
0.026791
0.027528
0.026825
0.027893
0.027847
0.027094
0.028448
0.026613
0.026121
0.027187
0.028522
0.026245
0.025061
0.027
0.027069
0.025848
0.025974
0.026131
0.026257
0.026419
0.02661
0.026478
0.027382
0.027562
0.027852
0.027774
0.026761
0.028104
0.028973
0.028779
0.030255
0.028227
0.028928
0.027163
0.028522
0.02773
0.02756
0.028203
0.028164
0.027871
0.027844
0.027621
0.028439
0.027866
0.027083
0.02674
0.026776
0.027084
0.027934
0.027798
0.02698
0.026847
0.027909
0.028192
0.027893
0.027241
0.026253
0.026592
0.026207
0.025214
0.027005
0.026295
0.026472
0.026398
0.026114
0.026919
0.026806
0.026517
0.026713
0.028079
0.026775
0.027343
0.027223
0.027155
0.026106
0.026605
0.026463
0.026414
0.026381
0.026247
0.026884
0.025674
0.027348
0.02674
0.026866
0.025832
0.027701
0.027138
0.028278
0.025794
0.02716
0.026071
0.02738
0.02626
0.0276
0.026255
0.025662
0.025465
0.025407
0.025543
0.026068
0.02596
0.025231
0.025072
0.024998
0.025297
0.024955
0.025167
0.024969
0.025197
0.02563
0.025423
0.025088
0.025927
0.02547
0.025245
0.025375
0.025544
0.026031
0.025598
0.025407
0.025449
0.02585
0.02486
0.025964
0.025148
0.025196
0.025609
0.025723
0.025272
0.025184
0.025662
0.024961
0.025791
0.025219
0.025526
0.025165
0.026222
0.02614
0.025551
0.025223
0.026167
0.025518
0.025289
0.025015
0.025032
0.025102
0.025533
0.024967
0.025184
0.025507
0.026082
0.024675
0.024708
0.025318
0.025361
0.025522
0.025067
0.025271
0.024612
0.024875
0.025385
0.026626
0.024939
0.026333
0.027492
0.024997
0.025372
0.024882
0.025539
0.025106
0.024963
0.024813
0.025398
0.025349
0.024771
0.024728
0.024564
0.02485
0.025031
0.025114
0.026172
0.024995
0.025875
0.024802
0.024554
0.025449
0.025278
0.025252
0.025267
0.024443
0.025114
0.024702
0.024944
0.024797
0.024804
0.024515
0.024662
0.024602
0.024909
0.02471
0.025252
0.025503
0.026226
0.025584
0.025096
0.024738
0.025291
0.024627
0.02482
0.024654
0.024873
0.024601
0.024738
0.024912
0.025065
0.024667
0.024665
0.02454
0.024642
0.024524
0.025013
0.024896
0.02564
0.025541
0.024966
0.024914
0.024958
0.024756
0.024722
0.02506
0.025373
0.025125
0.024833
0.02507
0.025872
0.02562
0.025118
0.025315
0.025083
0.025192
0.025355
0.024942
0.024883
0.025493
0.02511
0.02709
0.026135
0.025794
0.02535
0.025344
0.026994
0.025619
0.025968
0.025302
0.025125
0.02571
0.025155
0.024978
0.025266
0.02484
0.024683
0.025492
0.025047
0.024134
0.024328
0.024435
0.024298
0.024611
0.024827
0.024764
0.024781
0.024298
0.024253
0.025094
0.024294
0.02446
0.025644
0.024726
0.024806
0.025029
0.024538
0.024598
0.024766
0.024318
0.024591
0.024666
0.025116
0.024853
0.025427
0.025463
0.024505
0.025577
0.025579
0.025819
0.026458
0.024997
0.024704
0.024961
0.025153
0.025079
0.024834
0.025094
0.024925
0.024876
0.024743
0.024817
0.024634
0.024852
0.025223
0.02513
0.025607
0.02651
0.024892
0.025098
0.024981
0.025126
0.02542
0.025393
0.025642
0.025423
0.025234
0.025339
0.024468
0.024991
0.025596
0.024892
0.025012
0.025198
0.024932
0.025377
0.025165
0.026191
0.02518
0.025575
0.025098
0.025032
0.025151
0.025432
0.027283
0.02523
0.0254
