1
297.1838,136.6645,74.3519,88.4843
293.0305,140.1867,75.4743,89.5619
290.9910,143.0184,77.1663,89.9866
292.4559,143.9993,78.2558,91.6355
295.6330,144.5063,79.7674,92.8651
299.6109,145.4537,79.7795,93.0647
301.2566,144.0982,83.5300,96.9309
301.4907,144.9919,82.8532,96.1928
300.2721,146.1241,82.7232,96.2961
300.2126,145.8340,83.4805,97.4513
301.7933,142.5988,84.8141,98.7702
314.4578,139.2861,84.1094,98.4820
319.5705,133.1020,92.6318,106.6860
317.8243,128.6130,95.5554,108.3547
323.1115,127.2784,91.3064,104.7999
323.1107,125.6393,90.3098,103.8651
321.6541,124.3161,91.4565,104.6232
321.5990,121.9264,92.4925,105.9564
323.1153,114.7959,94.1855,108.1170
329.2690,109.9939,94.3483,108.3844
334.6433,106.0338,96.2983,110.3974
338.0719,102.0769,99.4716,112.9032
343.6089,101.9878,100.0614,113.8259
350.3925,107.4339,101.2743,114.6768
358.4536,114.6171,105.2001,119.2931
362.3050,115.8561,107.5914,122.5391
360.0000,110.0000,97.0000,113.0000
351.0397,97.8396,93.1390,108.4482
342.9470,87.1318,90.0233,104.9460
338.6894,83.3305,86.4733,101.1983
334.3065,80.7422,85.2458,99.8929
332.1163,79.7607,84.2151,98.7252
331.5768,81.9777,85.1250,99.0350
338.0000,92.0000,81.0000,96.0000
340.0000,99.0000,96.0000,111.0000
350.5993,112.9397,103.7299,118.9404
343.0000,80.0000,152.0000,180.0000
337.0000,70.0000,164.0000,191.0000
314.0000,32.0000,201.0000,227.0000
331.0000,55.0000,136.0000,157.0000
315.0000,45.0000,117.0000,156.0000
303.0000,27.0000,134.0000,181.0000
282.0000,6.0000,141.0000,205.0000
258.0000,2.0000,157.0000,233.0000
253.0000,21.0000,169.0000,245.0000
282.0000,39.0000,197.0000,293.0000
292.0000,141.0000,194.0000,220.0000
302.0000,196.0000,188.0000,165.0000
274.0000,160.0000,208.0000,160.0000
263.0000,124.0000,226.0000,163.0000
251.0000,77.0000,248.0000,173.0000
227.0000,54.0000,269.0000,207.0000
109.0000,29.0000,301.0000,258.0000
2
0
0
0
0
1
341.0000,159.0000,94.0000,129.0000
331.0000,139.0000,90.0000,121.0000
319.0000,120.0000,95.0000,123.0000
306.0000,107.0000,108.0000,135.0000
301.0000,104.0000,109.0000,137.0000
296.0000,105.0000,109.0000,137.0000
294.0000,108.0000,107.0000,134.0000
294.0000,115.0000,105.0000,133.0000
290.0000,119.0000,119.0000,145.0000
291.0000,138.0000,108.0000,144.0000
294.0000,140.0000,130.0000,177.0000
221.0000,195.0000,123.0000,166.0000
202.0000,187.0000,142.0000,166.0000
209.0000,246.0000,154.0000,115.0000
198.0000,226.0000,185.0000,108.0000
181.0000,211.0000,169.0000,105.0000
166.0000,197.0000,176.0000,118.0000
129.0000,181.0000,201.0000,132.0000
94.0000,158.0000,209.0000,135.0000
48.0000,149.0000,248.0000,148.0000
38.0000,168.0000,281.0000,165.0000
36.0000,174.0000,298.0000,186.0000
6.0000,153.0000,336.0000,208.0000
2.0000,98.0000,320.0000,241.0000
2.0000,7.0000,290.0000,299.0000
2
0
0
0
0
1
226.0000,200.0000,80.0000,86.0000
222.0000,198.0000,89.0000,94.0000
224.0000,203.0000,85.0000,89.0000
224.0000,204.0000,86.0000,90.0000
226.0000,205.0000,83.0000,87.0000
227.0000,202.0000,82.0000,87.0000
226.0000,198.0000,85.0000,89.0000
228.0000,201.0000,80.0000,83.0000
230.0000,195.0000,83.0000,86.0000
224.0000,189.0000,89.0000,92.0000
231.0000,158.0000,82.0000,86.0000
225.0000,135.0000,90.0000,95.0000
212.0000,119.0000,97.0000,106.0000
227.0000,116.0000,107.0000,115.0000
215.0000,99.0000,118.0000,128.0000
195.0000,99.0000,130.0000,138.0000
157.0000,102.0000,141.0000,151.0000
135.0000,79.0000,156.0000,166.0000
111.0000,57.0000,170.0000,183.0000
85.0000,26.0000,187.0000,218.0000
58.0000,2.0000,213.0000,246.0000
9.0000,2.0000,250.0000,264.0000
2
0
0
0
0
1
249.0000,126.0000,57.0000,78.0000
236.0000,111.0000,58.0000,80.0000
231.0000,101.0000,69.0000,96.0000
238.0000,92.0000,68.0000,93.0000
238.0000,72.0000,84.0000,110.0000
248.0000,42.0000,84.0000,109.0000
243.0000,28.0000,102.0000,121.0000
249.0000,45.0000,103.0000,139.0000
246.0000,41.0000,103.0000,120.0000
252.0000,36.0000,108.0000,124.0000
262.0000,40.0000,125.0000,148.0000
259.0000,61.0000,124.0000,146.0000
203.0000,42.0000,141.0000,152.0000
147.0000,2.0000,154.0000,159.0000
2
0
0
0
0
1
267.6239,146.5813,86.5182,96.9290
265.6414,147.4357,87.4514,97.7253
261.7254,147.5017,90.5585,100.6509
258.4060,146.1312,91.5544,100.0229
259.0000,145.0000,88.0000,98.0000
256.0725,142.0767,92.6048,102.0629
251.0000,137.0000,96.0000,106.0000
242.0000,131.0000,100.0000,110.0000
235.6016,126.5629,103.5772,113.5005
227.5484,123.2348,104.8295,114.2593
220.4024,124.3171,104.5834,113.5149
210.3746,123.8215,109.6958,119.1072
203.1285,123.2447,111.7523,121.1648
198.0066,126.2024,107.5600,117.3506
195.1602,129.2240,102.6419,113.1158
192.6955,129.5136,100.4894,111.1616
192.3123,130.7728,96.1440,106.9343
187.0000,128.0000,102.0000,113.0000
186.0000,131.0000,98.0000,110.0000
183.9962,130.6193,101.4286,113.4549
181.7036,124.9059,111.0337,120.6135
178.8668,121.3658,119.7804,127.2302
179.4348,123.6036,120.6576,128.6165
182.4737,126.0270,120.7372,129.1980
187.8054,134.4106,116.2345,125.9430
198.2109,136.5392,117.4672,125.9031
205.2220,136.1842,119.8477,126.2185
195.0000,141.0000,136.0000,150.0000
205.0000,122.0000,137.0000,158.0000
211.0000,86.0000,152.0000,182.0000
217.0000,27.0000,153.0000,190.0000
211.0000,2.0000,172.0000,170.0000
2
0
0
0
0
1
291.4696,184.0850,89.0904,74.5490
293.0000,183.0000,92.0000,77.0000
294.0000,183.0000,95.0000,80.0000
295.0000,183.0000,96.0000,81.0000
302.0000,185.0000,91.0000,75.0000
313.0000,185.0000,84.0000,70.0000
317.0000,181.0000,88.0000,74.0000
305.0000,169.0000,104.0000,88.0000
295.0000,118.0000,100.0000,69.0000
294.0000,103.0000,116.0000,77.0000
299.0000,92.0000,118.0000,83.0000
300.0000,93.0000,136.0000,98.0000
302.0000,66.0000,136.0000,102.0000
2
0
0
0
0
1
335.0000,174.0000,76.0000,94.0000
336.0000,183.0000,80.0000,98.0000
339.5720,188.9762,80.2671,97.8569
338.0000,183.0000,82.0000,100.0000
340.0000,170.0000,79.0000,94.0000
345.0000,160.0000,69.0000,84.0000
335.0000,144.0000,83.0000,97.0000
335.4251,140.9239,81.9387,95.2427
342.2134,145.4376,73.1839,86.5575
332.1968,148.8932,86.4084,98.6069
332.0000,162.0000,78.0000,92.0000
324.0000,168.0000,86.0000,100.0000
309.0000,153.0000,97.0000,112.0000
291.0000,152.0000,104.0000,119.0000
275.0000,136.0000,119.0000,134.0000
256.0000,119.0000,123.0000,136.0000
238.0000,101.0000,150.0000,168.0000
175.0000,67.0000,144.0000,157.0000
2
0
0
0
0
1
298.0000,184.0000,67.0000,65.0000
299.0200,177.8018,65.9015,63.9154
301.2424,175.0456,63.3055,61.1296
300.2568,174.2926,64.3622,62.1218
299.1627,178.1889,65.2238,63.1913
298.7396,185.5381,63.2711,61.2773
297.7913,193.2549,63.6908,61.7299
295.0000,193.0000,66.0000,64.0000
292.0000,186.0000,65.0000,63.0000
288.0000,176.0000,63.0000,62.0000
288.0000,171.0000,59.0000,58.0000
292.0000,170.0000,52.0000,51.0000
290.0000,169.0000,53.0000,52.0000
286.0000,169.0000,57.0000,56.0000
284.7060,173.5856,60.2992,58.8268
284.5716,180.3996,61.6272,60.6369
285.5737,188.0714,60.7006,58.7285
287.0301,189.5422,58.8933,57.4243
288.0000,173.0000,59.0000,58.0000
288.0000,177.0000,63.0000,61.0000
280.0000,175.0000,71.0000,66.0000
269.0000,169.0000,74.0000,69.0000
261.0000,162.0000,84.0000,78.0000
252.0000,151.0000,84.0000,78.0000
221.0000,127.0000,103.0000,95.0000
2
0
0
0
0
1
305.0000,158.0000,53.0000,59.0000
305.0000,156.0000,54.0000,60.0000
306.0000,150.0000,52.0000,58.0000
307.0000,142.0000,49.0000,54.0000
306.0000,133.0000,51.0000,57.0000
306.0000,128.0000,50.0000,56.0000
304.0000,126.0000,52.0000,57.0000
303.0000,127.0000,52.0000,57.0000
301.2295,131.2855,54.3473,58.8730
299.0000,136.0000,56.0000,61.0000
297.0000,140.0000,57.0000,61.0000
295.0000,137.0000,57.0000,63.0000
292.0000,132.0000,58.0000,63.0000
290.0000,125.0000,57.0000,63.0000
289.9359,122.7185,55.4243,60.7531
287.4929,119.9063,58.4659,63.3238
286.7762,121.3972,58.4605,63.9541
284.2763,125.6534,60.0371,66.1856
282.2359,132.9028,61.9481,67.6275
280.9430,139.8759,62.7549,67.4686
280.3601,144.3308,61.6809,66.5921
281.1241,144.8447,59.2249,64.1730
285.0000,146.0000,49.0000,55.0000
283.0000,144.0000,53.0000,58.0000
285.0000,144.0000,51.0000,56.0000
287.0000,143.0000,52.0000,58.0000
290.0000,147.0000,50.0000,56.0000
291.0000,150.0000,51.0000,56.0000
289.0000,151.0000,56.0000,60.0000
291.0000,153.0000,55.0000,61.0000
286.0000,147.0000,60.0000,65.0000
285.0000,143.0000,60.0000,64.0000
278.0000,134.0000,72.0000,80.0000
264.0000,120.0000,65.0000,70.0000
283.0000,102.0000,64.0000,67.0000
276.0000,94.0000,74.0000,78.0000
284.0000,81.0000,73.0000,77.0000
281.0000,60.0000,88.0000,93.0000
2
0
0
0
0
1
308.0000,133.0000,39.0000,49.0000
308.0000,137.0000,42.0000,52.0000
309.0000,142.0000,41.0000,52.0000
308.0000,142.0000,44.0000,55.0000
308.0000,143.0000,42.0000,53.0000
323.0000,128.0000,43.0000,60.0000
309.0000,112.0000,50.0000,66.0000
299.0000,101.0000,55.0000,73.0000
295.0000,88.0000,60.0000,77.0000
295.0000,81.0000,67.0000,85.0000
290.0000,64.0000,72.0000,90.0000
287.0000,56.0000,79.0000,102.0000
2
0
0
0
0
1
316.0000,129.0000,46.0000,52.0000
315.3742,129.2983,47.2716,53.3084
314.0000,131.0000,48.0000,54.0000
313.0969,135.4782,49.7571,55.7790
312.4714,139.8973,50.8659,56.8935
311.6701,137.7977,52.9792,59.5544
310.8732,131.1441,53.4096,59.6734
312.0000,125.0000,50.0000,56.0000
311.0000,119.0000,48.0000,54.0000
311.0677,115.2186,48.2477,54.7491
309.3253,113.5499,50.7703,57.9311
307.1355,114.6973,53.6731,60.5201
304.8000,119.5555,54.6008,61.3860
301.4983,126.6304,54.0579,61.0505
299.3754,132.4294,53.4825,60.4480
297.6081,131.2542,54.4273,61.3675
297.1633,126.2121,54.3018,60.7035
297.0007,121.3050,54.2342,60.3138
295.1013,116.3999,54.7902,61.1484
295.5209,116.0882,52.7040,59.1090
297.4856,120.7626,49.1004,55.3569
298.3299,124.7961,49.2187,55.1914
299.5160,132.9299,47.9197,53.3871
298.5180,138.0001,50.8360,57.1316
299.3552,142.4049,50.4562,56.9360
300.0000,142.0000,50.0000,56.0000
302.7043,136.2766,50.1280,55.3817
305.0296,132.6096,47.0868,51.9082
308.5634,130.2581,44.3893,48.5612
310.5901,131.1675,42.0737,46.4378
314.0000,136.0000,37.0000,41.0000
313.0000,137.0000,41.0000,46.0000
312.0000,140.0000,45.0000,50.0000
312.0000,142.0000,47.0000,51.0000
313.0000,142.0000,46.0000,50.0000
312.0000,139.0000,48.0000,52.0000
314.0000,142.0000,43.0000,47.0000
312.0000,140.0000,46.0000,50.0000
315.0000,146.0000,38.0000,42.0000
318.0000,148.0000,34.0000,39.0000
317.0000,145.0000,41.0000,45.0000
317.0000,145.0000,41.0000,46.0000
319.0000,151.0000,33.0000,36.0000
316.0000,143.0000,41.0000,46.0000
315.0000,143.0000,40.0000,45.0000
314.0000,140.0000,43.0000,48.0000
314.0000,139.0000,43.0000,48.0000
314.0000,137.0000,46.0000,51.0000
313.0000,135.0000,47.0000,53.0000
313.0000,148.0000,35.0000,38.0000
310.0000,141.0000,41.0000,46.0000
309.0000,141.0000,42.0000,47.0000
308.0000,134.0000,51.0000,57.0000
310.0000,148.0000,33.0000,37.0000
306.0000,141.0000,38.0000,43.0000
303.0000,126.0000,57.0000,64.0000
302.8153,127.4714,57.3938,64.3304
302.9965,131.6435,54.4168,60.6717
306.0000,135.0000,49.0000,55.0000
309.0000,144.0000,40.0000,44.0000
310.0000,148.0000,38.0000,41.0000
307.0000,132.0000,55.0000,62.0000
307.6636,132.4094,56.5746,63.0436
315.0000,155.0000,34.0000,37.0000
317.0000,155.0000,35.0000,39.0000
320.0000,158.0000,34.0000,39.0000
323.0000,159.0000,37.0000,42.0000
325.0000,157.0000,42.0000,47.0000
328.0000,161.0000,47.0000,51.0000
330.0000,165.0000,41.0000,46.0000
332.0000,173.0000,38.0000,42.0000
333.0000,179.0000,47.0000,50.0000
336.0000,183.0000,50.0000,52.0000
314.0000,190.0000,61.0000,64.0000
324.0000,174.0000,56.0000,59.0000
316.0000,166.0000,63.0000,66.0000
306.0000,159.0000,68.0000,71.0000
296.0000,160.0000,74.0000,77.0000
295.0000,174.0000,70.0000,74.0000
