2.5882
0.60324
0.093495
0.056216
0.066132
0.066065
0.060897
0.048495
0.040741
0.037929
0.0361
0.036643
0.046715
0.051186
0.041729
0.047844
0.049952
0.043636
0.04455
0.048582
0.04735
0.052845
0.04365
0.038313
0.040432
0.040401
0.034148
0.036332
0.034993
0.041449
0.038118
0.035562
0.03343
0.036479
0.034611
0.038205
0.035338
0.036316
0.033756
0.034793
0.034806
0.036055
0.035582
0.031575
0.033011
0.034437
0.033167
0.030997
0.030413
0.031726
0.032293
0.032853
0.035464
0.031558
0.035582
0.03181
0.029289
0.032418
0.032759
0.030933
0.035869
0.0298
0.030304
0.031218
0.030604
0.029838
0.031262
0.02878
0.033688
0.030479
0.028504
0.029388
0.031627
0.031898
0.031706
0.032916
0.033525
0.031326
0.031253
0.033317
0.030205
0.032448
0.029816
0.0291
0.030694
0.03237
0.029796
0.029802
0.030137
0.031229
0.028896
0.029083
0.027927
0.028616
0.032204
0.02863
0.029638
0.027876
0.02796
0.029431
0.030766
0.028095
0.029468
0.028029
0.029204
0.027815
0.033304
0.029123
0.028662
0.026848
0.027428
0.027049
0.031913
0.031756
0.032762
0.028839
0.031676
0.03213
0.031246
0.030056
0.030335
0.031035
0.031027
0.033684
0.034004
0.03163
0.032737
0.030503
0.033414
0.031811
0.034868
0.03145
0.031578
0.032601
0.041713
0.044752
0.034661
0.033119
0.032133
0.033122
0.03322
0.032439
0.03218
0.033972
0.034539
0.046512
0.035262
0.032629
0.034363
0.034566
0.043439
0.046399
0.044284
0.038492
0.035933
0.034695
0.035318
0.035438
0.035687
0.036926
0.036386
0.035545
0.0342
0.035639
0.035748
0.035762
0.035934
0.037659
0.037686
0.034522
0.034664
0.035212
0.034831
0.033141
0.033098
0.033527
0.032994
0.033694
0.032902
0.033965
0.033175
0.034152
0.034783
0.035973
0.031855
0.037818
0.032347
0.03221
0.031609
0.033172
0.031307
0.031229
0.032512
0.031696
0.032841
0.032802
