1
144.5000,27.0000,30.0000,123.0000
141.3500,24.3000,29.9883,122.9520
137.4350,28.5300,29.9842,122.9352
140.6435,28.9530,30.0264,123.1083
139.1644,26.2953,30.0355,123.1455
138.1164,29.6295,30.0085,123.0349
136.2116,21.8630,29.9959,122.9833
139.6212,30.0863,30.0143,123.0588
138.1621,25.5086,29.9660,122.8607
138.9162,34.0509,29.9450,122.7746
139.8916,25.9051,29.9676,122.8673
131.8892,34.0905,29.9465,122.7805
134.6889,22.3091,29.9925,122.9691
137.6689,28.3309,29.9990,122.9959
137.9669,33.4331,29.9897,122.9579
132.5967,25.8433,30.0311,123.1275
134.7597,27.7843,30.0280,123.1148
134.0760,31.5784,30.0252,123.1033
135.8076,35.5578,30.0578,123.2371
135.9808,25.1558,30.0520,123.2134
129.6981,29.5156,30.0468,123.1920
130.8698,29.9516,30.0890,123.3650
130.9870,27.2952,30.0801,123.3285
130.0987,30.6295,30.1307,123.5359
137.2099,31.8630,30.2348,123.9628
138.8210,30.1863,30.2348,123.9626
137.1821,28.2186,30.2113,123.8663
132.5182,29.8219,30.2019,123.8278
137.4518,29.0822,30.2637,124.0813
132.5452,30.8082,30.2618,124.0732
134.7545,24.6808,30.2712,124.1119
137.6754,27.6681,30.2797,124.1468
140.6675,32.4668,30.2991,124.2263
140.9668,32.9467,30.2227,123.9130
135.5967,34.7947,30.2239,123.9178
140.4597,35.8795,30.2132,123.8741
134.6460,31.4879,30.1919,123.7867
135.8646,37.3488,30.1493,123.6119
131.4865,31.6349,30.1343,123.5507
134.6487,33.7635,30.1561,123.6398
137.6649,33.0763,30.1404,123.5758
136.1665,32.1076,30.1616,123.6624
136.9167,36.5108,30.1454,123.5961
131.5917,28.8511,30.1309,123.5365
137.3592,31.6851,30.1178,123.4829
134.3359,34.6685,30.1060,123.4346
131.3336,34.9669,30.0954,123.3911
133.7334,34.9967,30.1327,123.5442
133.0733,33.1997,30.1546,123.6339
136.6073,34.8200,30.1392,123.5705
132.4607,34.0820,30.1252,123.5135
135.6461,37.6082,30.0893,123.3660
133.2646,30.7608,30.0569,123.2333
133.9265,31.8761,30.0512,123.2100
133.9926,32.8876,30.0461,123.1890
131.2993,37.4888,30.0181,123.0740
132.8299,36.1489,30.0162,123.0666
135.6830,36.0149,29.9677,122.8678
131.4683,35.1015,29.9466,122.7810
132.8468,36.8102,29.9275,122.7029
134.7847,32.4810,29.9414,122.7599
138.5785,35.6481,29.9194,122.6694
132.6579,32.3648,29.9031,122.6025
133.8658,33.8365,29.8959,122.5730
133.0866,34.8836,29.9016,122.5966
134.8087,35.8884,29.8946,122.5677
137.6809,34.1888,29.8807,122.5109
137.0681,29.5189,29.8450,122.3645
135.2068,26.3519,29.8058,122.2038
140.4207,25.1352,29.7776,122.0882
139.1421,35.8135,29.7678,122.0480
138.1142,35.9814,29.7730,122.0691
138.9114,40.4981,29.8229,122.2739
141.6911,32.8498,29.8443,122.3617
139.2691,34.7850,29.9325,122.7231
130.0269,35.8785,30.1814,123.7437
131.8027,35.0878,30.2687,124.1018
124.7803,31.4088,30.5814,125.3838
119.5780,30.1409,30.7210,125.9559
116.3578,36.3141,30.7993,126.2771
111.5358,26.1314,30.9518,126.9022
111.0536,27.8131,30.9832,127.0311
99.3054,30.6813,30.9639,126.9518
98.1305,29.1681,30.9338,126.8285
98.9131,34.4168,30.7272,125.9816
102.5913,33.1417,30.7656,126.1389
103.8591,26.7142,30.8900,126.6488
98.5859,35.0714,31.0485,127.2988
89.9586,28.7071,31.3214,128.4175
83.6959,37.0707,31.6472,129.7533
98.3696,29.8071,31.7914,130.3447
82.7370,35.3807,32.7532,134.2881
95.5737,33.2381,32.6109,133.7048
118.4574,26.7238,31.7321,130.1015
133.3457,25.1724,31.2956,128.3119
132.1346,24.1172,31.4438,128.9195
137.4135,24.0117,31.4810,129.0720
133.4413,24.0012,31.6211,129.6463
127.6441,23.1001,31.5413,129.3192
117.1644,19.4100,32.1705,131.8992
130.5164,1.0000,32.3768,132.7447
125.5516,10.0000,32.9084,134.9243
134.9552,23.5000,33.2181,136.1943
132.2955,23.0500,33.4993,137.3473
132.0296,25.7050,33.2461,136.3092
125.7030,25.0705,32.8669,134.7544
133.1703,25.9070,32.9154,134.9532
127.6170,29.5907,32.9995,135.2978
131.5617,28.1591,32.4799,133.1677
138.2562,27.1159,31.4621,128.9947
135.3256,24.3116,31.3433,128.5074
140.4326,23.1312,31.2684,128.2004
142.7433,23.9131,31.5401,129.3142
138.4743,27.5913,31.8069,130.4082
138.0474,27.0591,31.7450,130.1546
140.7047,26.1059,31.6126,129.6115
140.9705,18.8106,32.2127,132.0719
138.2970,20.7811,32.4365,132.9897
135.3297,16.4781,32.5014,133.2557
134.1330,20.5478,32.5203,133.3332
135.8133,21.8548,32.3933,132.8124
128.7813,28.2855,32.2752,132.3283
131.6781,27.1285,32.6565,133.8914
135.5678,25.2129,32.7066,134.0970
139.5568,24.1213,32.9605,135.1379
139.0557,23.1121,32.6867,134.0153
142.6056,22.1112,32.4067,132.8672
141.1606,28.3111,32.2358,132.1668
142.8161,31.6311,31.8695,130.6651
140.2816,30.1631,31.8686,130.6610
148.1282,48.9163,32.1349,131.7531
148.9128,65.1916,31.6464,129.7503
136.3913,37.1192,31.9010,130.7940
137.8391,62.2119,31.8835,130.7225
140.6839,66.5212,32.1880,131.9709
140.0684,67.8521,32.7423,134.2432
134.6068,71.5852,33.4404,137.1058
127.7607,46.7585,34.3655,140.8987
121.6761,68.5759,34.4928,141.4203
106.6676,70.7576,34.4822,141.3772
128.5668,65.5758,33.1297,135.8316
111.8567,14.6576,32.9878,135.2499
93.0857,1.0000,31.3096,128.3695
119.1086,11.8000,30.7396,126.0325
133.4109,4.7800,30.0666,123.2730
149.2411,4.9780,29.8256,122.2848
156.2241,27.4978,30.2876,124.1792
157.8224,22.5498,30.5981,125.4523
150.7822,31.9550,30.7324,126.0028
153.6782,58.9955,30.4368,124.7908
161.1678,62.5995,30.6578,125.6969
139.4168,61.1600,30.2500,124.0248
159.7417,63.7160,28.7953,118.0606
177.0742,62.1716,29.4714,120.8328
166.2074,66.5172,29.0931,119.2819
156.1207,73.2517,29.2206,119.8044
165.9121,70.3252,28.9048,118.5098
159.6912,71.8325,28.8561,118.3100
153.6691,62.9833,28.7147,117.7302
150.3669,58.4983,28.4343,116.5805
131.1367,62.5498,28.5020,116.8581
125.6137,62.0550,29.4368,120.6907
114.2614,31.4055,29.0718,119.1944
111.3261,22.0406,29.3259,120.2361
115.5326,9.4041,29.3239,120.2280
131.2533,5.4404,29.7214,121.8579
129.2253,1.0000,30.0608,123.2493
129.9225,1.0000,29.9492,122.7919
139.8923,18.1000,28.7211,117.7565
141.7892,11.7100,28.2552,115.8465
153.6789,50.6710,27.5856,113.1011
156.6679,17.6671,27.4427,112.5151
163.2668,18.8667,27.1453,111.2957
163.9267,25.2867,26.7006,109.4725
165.7927,23.2287,26.7084,109.5045
156.9793,22.1229,26.2579,107.6575
176.7979,5.8123,25.8137,105.8363
164.3798,46.4812,25.2598,103.5652
179.3380,8.2481,23.8722,97.8759
165.5338,16.1248,23.4256,96.0448
166.8534,44.8125,23.0799,94.6276
167.8853,50.3812,23.1683,94.9902
171.5885,66.2381,23.2199,95.2018
174.6589,56.1238,23.1875,95.0688
173.1659,60.5124,23.0317,94.4299
173.9166,59.1512,22.8730,93.7793
174.8917,57.2151,22.6566,92.8922
174.0892,53.4215,22.6755,92.9695
174.0089,53.0422,22.7183,93.1449
171.3009,58.4042,22.7212,93.1569
171.9301,52.6404,22.9046,93.9088
171.9930,52.0640,23.0433,94.4776
172.8993,52.0064,23.2342,95.2601
172.9899,51.1006,23.4232,96.0351
172.0990,49.2101,23.5472,96.5435
175.6099,50.8210,23.5870,96.7065
184.0610,49.1821,23.4063,95.9658
180.4061,55.3182,23.4522,96.1540
185.4406,47.8318,23.0296,94.4214
186.8441,57.8832,22.7727,93.3680
189.6844,50.7883,22.0939,90.5848
185.4684,55.4788,22.1000,90.6101
178.7468,50.5479,22.1916,90.9857
177.1747,46.4548,21.8960,89.7737
176.1175,46.9455,21.8154,89.4432
173.3118,46.9945,21.9562,90.0203
173.9312,50.5995,21.8672,89.6554
173.9931,47.3599,21.9117,89.8379
171.2993,51.5360,21.9594,90.0335
171.0299,47.4536,21.9715,90.0830
173.7030,50.6454,21.8727,89.6781
176.6703,45.5645,21.9090,89.8270
176.0670,45.9565,21.8362,89.5283
176.0067,46.8956,21.7205,89.0542
179.6007,46.9896,21.6266,88.6692
179.9601,46.9990,21.5090,88.1868
181.7960,47.8999,21.4120,87.7892
182.8796,45.2900,21.2560,87.1494
183.8880,45.9290,21.1992,86.9167
183.9888,43.2929,21.1618,86.7632
186.6989,46.6293,21.0964,86.4951
187.8699,43.3629,21.0364,86.2491
187.0870,47.5363,20.9988,86.0951
187.9087,43.4536,21.0154,86.1629
188.8909,43.0454,20.9553,85.9167
190.7891,51.1045,20.9493,85.8922
192.7789,52.8105,20.7980,85.2717
192.9779,51.1810,20.6618,84.7133
193.8978,51.0181,20.5644,84.3139
193.9898,51.9018,20.4447,83.8231
196.6990,51.9902,20.3455,83.4166
197.8699,54.6990,20.2088,82.8562
197.0870,52.2699,20.0786,82.3221
195.2087,52.0270,20.0551,82.2258
199.5209,52.9027,19.9714,81.8829
199.0521,53.8903,19.8882,81.5415
199.9052,56.6890,19.9093,81.6282
199.9905,56.9689,19.8168,81.2490
201.7991,56.0969,19.6873,80.7178
201.0799,56.0097,19.6088,80.3960
201.0080,55.1010,19.5229,80.0439
200.1008,56.8101,19.4609,79.7895
200.9101,55.1810,19.4266,79.6489
200.9910,55.9181,19.3969,79.5273
200.0991,55.9918,19.3275,79.2428
200.0099,56.8992,19.3245,79.2302
200.9010,56.9899,19.2586,78.9604
199.1901,57.8990,19.1758,78.6206
200.8190,57.9899,19.1012,78.3148
200.0819,57.9990,19.0340,78.0395
200.9082,57.9999,18.9736,77.7918
201.8908,59.8000,18.8956,77.4720
201.0891,59.0800,18.8870,77.4365
201.0089,59.0080,18.7676,76.9471
202.8009,54.5008,18.7445,76.8524
202.0801,66.6501,18.6766,76.5741
200.2080,57.0650,18.6219,76.3499
200.9208,56.1065,18.6134,76.3149
198.2921,58.7107,18.5938,76.2345
197.1292,58.0711,18.5881,76.2111
197.0129,58.9071,18.5395,76.0118
197.9013,57.1907,18.4813,75.7731
194.3901,57.9191,18.4753,75.7488
195.8390,57.0919,18.4571,75.6739
193.2839,57.0092,18.4611,75.6907
192.1284,57.9009,18.4572,75.6746
194.7128,57.9901,18.4894,75.8066
193.1713,57.0990,18.4697,75.7259
194.8171,54.3099,18.4520,75.6533
192.2817,54.0310,18.4996,75.8484
192.9282,53.1031,18.5002,75.8510
192.9928,54.8103,18.4725,75.7370
192.9993,57.6810,18.4689,75.7224
192.9999,60.6681,18.4441,75.6208
193.9000,60.9668,18.4569,75.6731
193.9900,64.5967,18.4401,75.6044
191.2990,61.3597,18.4603,75.6872
192.8299,59.2360,18.4996,75.8482
192.0830,61.7236,18.5635,76.1102
192.9083,61.0724,18.5634,76.1098
192.0908,64.6072,18.5633,76.1095
190.2091,64.0607,18.5830,76.1903
192.7209,65.8061,18.7203,76.7532
193.8721,62.3806,18.7169,76.7391
192.1872,62.0381,18.6988,76.6652
192.0187,63.8038,18.7401,76.8346
194.7019,63.9804,18.8193,77.1592
194.0702,63.0980,18.8154,77.1433
194.9070,60.3098,18.8362,77.2284
194.0907,63.6310,18.8306,77.2056
194.0091,63.0631,18.8208,77.1654
194.9009,63.0063,18.8398,77.2433
196.7901,63.0006,18.8569,77.3134
193.3790,63.0001,18.8275,77.1927
196.6379,70.2000,18.8532,77.2980
198.7638,61.0200,18.8692,77.3639
196.2764,62.8020,18.8457,77.2673
196.9276,61.1802,18.8833,77.4215
197.8928,62.8180,18.9172,77.5603
200.6893,64.7818,18.8840,77.4245
198.2689,57.7782,18.8150,77.1414
198.0269,55.2778,18.8115,77.1273
196.2027,55.9278,18.7841,77.0147
196.9203,55.9928,18.7869,77.0262
196.0920,55.0993,18.7952,77.0604
195.1092,55.9099,18.8391,77.2403
194.1109,56.8910,18.8211,77.1666
195.8111,59.6891,18.8328,77.2143
195.0811,59.0689,18.8215,77.1683
195.0081,62.6069,18.8041,77.0968
192.3008,55.7607,18.7969,77.0675
194.7301,55.9761,18.9590,77.7317
194.9730,57.7976,18.9489,77.6904
192.2973,57.9798,18.9597,77.7346
192.9297,60.6980,19.0892,78.2658
194.7930,61.8698,19.2595,78.9640
190.4793,58.3870,19.5167,80.0186
186.4479,53.5387,19.5836,80.2926
183.3448,55.7539,19.4339,79.6789
181.2345,56.8754,19.7502,80.9759
184.6234,57.8875,19.9993,81.9972
176.8624,68.7888,20.3938,83.6147
183.2862,57.2789,20.3701,83.5173
171.3286,66.9279,20.8964,85.6753
181.8329,64.2928,20.8794,85.6055
178.3833,58.6293,20.7385,85.0277
168.1383,68.8629,21.3293,87.4500
167.1138,50.9863,21.5907,88.5220
171.5114,64.4986,21.8265,89.4886
164.7511,47.8499,22.0856,90.5509
160.4751,56.9850,22.3418,91.6012
159.1475,56.9985,22.3479,91.6264
159.0148,56.0998,22.2759,91.3314
159.0015,55.1100,22.0138,90.2567
155.4001,55.0110,21.8647,89.6454
155.0400,56.8011,21.7192,89.0486
149.6040,50.6801,21.6057,88.5832
149.0604,59.0680,21.7333,89.1065
150.8060,58.1068,21.8164,89.4471
151.8806,56.2107,21.8255,89.4845
152.8881,47.9211,21.6855,88.9106
155.6888,56.9921,21.6008,88.5632
151.4689,50.6992,21.4671,88.0152
150.1469,59.9699,21.4939,88.1252
150.9147,54.5970,21.5923,88.5284
151.8915,55.8597,21.5105,88.1931
151.9892,52.3860,21.3793,87.6551
153.7989,53.8386,21.2849,87.2682
153.9799,44.9839,20.8299,85.4024
156.6980,43.1984,20.8250,85.3825
158.7698,47.5198,20.7269,84.9802
158.0770,43.4520,20.3573,83.4650
164.3077,46.6452,20.2850,83.1685
164.9308,46.9645,20.0846,82.3470
171.2931,50.5965,20.1933,82.7927
173.7293,48.2596,20.1818,82.7455
174.8729,48.0260,20.1246,82.5108
175.8873,45.3026,20.1121,82.4597
177.7887,51.3303,20.1087,82.4458
176.1789,47.4330,20.1213,82.4973
177.8179,54.2433,19.9295,81.7109
185.1818,45.0243,20.0801,82.3285
185.9182,53.1024,20.2518,83.0324
185.9918,58.4102,20.1104,82.4526
185.0992,62.5410,19.8962,81.5745
180.5099,62.0541,19.8545,81.4037
191.7510,65.6054,19.7019,80.7778
189.2751,74.0605,19.8399,81.3435
201.6275,70.4061,19.7041,80.7869
198.3627,67.3406,19.6931,80.7416
202.5363,72.4341,19.8620,81.4344
199.3536,59.4434,20.2988,83.2251
201.7354,51.8443,20.7530,85.0873
201.9735,51.0844,20.5093,84.0880
201.0974,51.9084,20.3958,83.6229
198.3097,47.4908,20.0169,82.0692
197.1310,44.3491,19.8277,81.2936
197.0131,41.3349,19.7895,81.1368
194.3013,48.2335,19.9912,81.9640
199.4301,63.3233,19.5767,80.2645
193.6430,44.1323,19.5794,80.2755
186.7643,42.2132,20.1396,82.5724
173.4764,6.0213,19.3132,79.1840
188.3476,47.4021,18.5259,75.9562
194.3348,52.4402,18.1873,74.5678
194.9335,53.8440,17.7607,72.8190
198.5934,45.8844,17.5212,71.8371
197.1593,46.8884,17.3790,71.2541
197.9159,44.2888,17.0752,70.0084
197.9916,42.2289,16.8575,69.1158
189.8992,29.4229,16.8619,69.1339
188.1899,29.0423,17.1980,70.5118
188.0190,28.1042,17.6721,72.4557
201.5019,2.8104,17.5518,71.9623
192.0502,10.1810,17.9535,73.6092
187.5050,12.7181,18.0561,74.0301
175.3505,35.4718,17.6606,72.4084
186.7350,18.8472,17.5812,72.0831
184.2735,20.7847,17.7885,72.9327
183.1273,16.4785,17.8106,73.0233
182.1127,18.7478,17.8492,73.1816
182.0113,11.7748,17.7094,72.6086
175.7011,19.1775,17.7353,72.7148
170.5701,23.5177,17.7351,72.7138
160.1570,46.4518,17.5022,71.7590
164.5157,10.9452,17.2489,70.7206
165.8516,15.4945,17.2180,70.5939
165.9852,18.6495,17.0539,69.9211
167.7985,35.1649,17.0902,70.0698
167.9799,35.0165,16.9749,69.5972
168.8980,45.8017,16.6718,68.3543
170.7898,47.7802,16.4546,67.4638
170.0790,49.7780,16.3741,67.1337
170.9079,54.4778,16.2952,66.8104
170.0908,59.4478,16.1371,66.1622
171.8091,64.4448,15.9859,65.5422
171.0809,62.2445,15.9693,65.4743
171.9081,66.5244,15.8373,64.9327
173.7908,61.5524,15.8004,64.7817
173.9791,59.2552,16.0425,65.7744
172.1979,41.9255,16.0021,65.6084
172.9198,47.3926,15.7226,64.4625
164.8920,53.3393,15.6467,64.1516
157.7892,60.2339,15.6467,64.1513
168.7789,46.5234,15.5588,63.7913
164.4779,46.9523,15.4839,63.4842
164.9478,44.2952,15.4470,63.3327
162.2948,41.3295,15.3085,62.7650
161.1295,48.2330,15.2352,62.4643
159.2130,49.8233,15.2866,62.6749
150.0213,47.2823,15.2686,62.6012
149.1021,51.5282,14.8316,60.8094
149.9102,52.8528,14.7406,60.4366
146.3910,57.4853,14.6570,60.0939
141.5391,59.7485,14.5913,59.8242
141.9539,65.3749,14.4204,59.1236
140.1954,66.8375,14.4458,59.2279
140.9195,66.9837,14.4139,59.0970
141.8920,65.1984,14.3525,58.8453
141.9892,63.2198,14.3113,58.6765
142.8989,62.1220,14.2688,58.5022
143.8899,61.1122,14.2526,58.4358
145.7890,60.1112,14.2380,58.3759
144.1789,61.8111,14.3015,58.6360
148.5179,61.0811,14.2328,58.3544
150.7518,61.9081,14.2751,58.5278
151.8752,61.9908,14.3568,58.8631
152.8875,62.8991,14.2117,58.2680
151.1888,63.8899,14.1194,57.8898
151.0189,63.9890,14.0492,57.6017
151.9019,61.2989,14.1008,57.8134
151.0902,65.5299,14.0595,57.6438
151.9090,64.1530,14.0991,57.8064
156.4909,64.0153,14.0856,57.7509
157.8491,66.7015,13.9859,57.3424
152.5849,64.2702,14.1769,58.1251
156.5585,63.1270,14.1592,58.0527
153.3559,66.6127,14.1379,57.9653
153.9356,66.0613,14.1261,57.9168
155.7936,66.9061,14.1098,57.8503
154.1794,66.0906,14.1607,58.0589
154.9179,66.0091,14.1996,58.2182
156.7918,65.1009,14.2345,58.3616
157.8792,64.1101,14.3156,58.6942
157.9879,63.1110,14.3558,58.8589
155.2988,61.2111,14.3540,58.8516
157.7299,61.0211,14.3086,58.6654
156.1730,60.1021,14.3063,58.6558
156.0173,57.3102,14.2823,58.5574
157.8017,61.5310,14.2169,58.2894
158.8802,56.5531,14.2405,58.3863
156.2880,55.1553,14.2124,58.2709
157.8288,60.4155,14.2146,58.2799
159.7829,59.1416,14.2439,58.4002
158.1783,57.2142,14.2813,58.5534
158.9178,58.8214,14.3478,58.8261
157.1918,61.6821,14.4021,59.0487
160.6192,57.4682,14.6700,60.1472
160.9619,57.9468,15.0098,61.5404
160.9962,53.4947,15.2787,62.6426
160.9996,57.5495,15.1094,61.9487
161.0000,57.0549,15.0282,61.6155
161.9000,57.0055,14.9667,61.3634
163.7900,61.5005,14.8881,61.0411
160.3790,63.7501,14.8057,60.7034
164.5379,62.1750,14.8312,60.8078
164.0538,62.9175,14.7886,60.6333
160.4054,62.0918,14.9602,61.3368
160.9405,58.4092,14.9055,61.1125
161.8941,68.8409,14.7633,60.5294
161.0894,67.1841,14.7389,60.4296
159.2089,61.6184,14.7170,60.3398
161.7209,33.1618,14.6125,59.9113
161.0721,65.4162,14.4216,59.1287
160.1072,63.2416,14.4185,59.1158
160.0107,63.9242,14.3707,58.9199
160.0011,64.8924,14.2919,58.5968
160.9001,65.8892,14.1553,58.0370
160.9900,65.0889,14.2676,58.4973
160.0990,64.1089,14.3692,58.9136
158.2099,65.8109,14.3235,58.7264
157.1210,65.9811,14.3146,58.6899
155.2121,64.1981,14.5962,59.8446
155.9212,65.8198,14.5655,59.7188
149.6921,43.4820,13.1090,53.7469
154.4692,72.7482,12.9494,53.0925
153.1469,68.4748,13.1604,53.9576
152.1147,68.9475,13.2677,54.3974
150.2115,69.8947,13.2271,54.2311
148.2211,70.8895,13.3296,54.6516
147.1221,69.1889,13.4374,55.0933
144.3122,69.0189,13.6696,56.0453
143.1312,69.0019,13.9524,57.2051
143.9131,67.2002,14.3063,58.6560
143.9913,65.2200,14.6717,60.1542
144.8991,64.1220,15.0037,61.5151
144.9899,64.9122,15.0441,61.6808
146.7990,64.0912,15.0510,61.7092
146.9799,65.8091,15.1039,61.9262
146.0980,63.2809,15.1749,62.2173
148.7098,61.2281,15.2696,62.6054
147.1710,59.2228,15.3841,63.0747
147.0171,60.8223,15.5053,63.5717
146.1017,64.5822,15.6738,64.2628
146.9102,58.6582,15.8149,64.8410
146.9910,56.2658,15.9767,65.5046
144.2991,61.4266,16.1070,66.0389
147.6299,62.8427,16.2076,66.4513
145.2630,66.5843,16.3358,66.9768
145.9263,61.5584,16.4512,67.4500
145.0926,68.2558,16.5680,67.9288
146.8093,64.4256,16.6539,68.2811
145.1809,64.0426,16.7446,68.6530
144.1181,65.8043,16.8013,68.8852
145.8118,65.9804,16.8960,69.2736
142.3812,66.8980,16.9754,69.5993
145.6381,64.2898,17.0529,69.9168
141.4638,67.6290,17.1713,70.4022
141.9464,62.5629,17.2576,70.7562
142.8946,65.6563,17.3087,70.9656
144.7895,62.3656,17.3480,71.1267
143.1789,67.4366,17.3561,71.1600
145.7179,57.1437,17.3763,71.2429
144.1718,64.2144,17.4218,71.4294
144.9172,57.7214,17.4757,71.6502
145.8917,65.1721,17.5175,71.8217
146.8892,60.5172,17.5283,71.8662
146.9889,68.1517,17.5316,71.8794
148.7989,57.2152,17.5182,71.8248
148.0799,61.5215,17.5225,71.8422
145.3080,58.3521,17.5064,71.7762
146.8308,59.8352,17.4982,71.7425
146.9831,58.1835,17.4977,71.7404
145.1983,60.7184,17.4903,71.7103
145.0198,60.9718,17.4774,71.6575
145.0020,61.8972,17.4658,71.6099
144.1002,63.7897,17.4421,71.5127
146.7100,59.4790,17.4674,71.6163
144.2710,64.4479,17.5100,71.7912
144.9271,59.5448,17.5284,71.8664
143.1927,62.6545,17.5914,72.1247
144.8193,58.4654,17.6333,72.2967
144.9819,65.2465,17.6720,72.4551
144.0982,58.7247,17.7333,72.7066
143.1098,69.7725,17.7686,72.8512
142.1110,62.7772,17.8194,73.0595
