1
304.1000,148.3000,374.9000,148.3000,374.9000,216.7000,304.1000,216.7000
299.1000,156.5000,369.9000,156.5000,369.9000,222.5000,299.1000,222.5000
297.0000,163.9000,369.0000,163.9000,369.0000,225.1000,297.0000,225.1000
301.2000,163.9000,370.8000,163.9000,370.8000,225.1000,301.2000,225.1000
302.2000,164.6000,371.8000,164.6000,371.8000,229.4000,302.2000,229.4000
306.5000,166.5000,372.5000,166.5000,372.5000,232.5000,306.5000,232.5000
309.4000,166.1000,376.6000,166.1000,376.6000,236.9000,309.4000,236.9000
311.6000,166.1000,376.4000,166.1000,376.4000,236.9000,311.6000,236.9000
309.5000,166.2000,375.5000,166.2000,375.5000,235.8000,309.5000,235.8000
309.4000,165.2000,376.6000,165.2000,376.6000,234.8000,309.4000,234.8000
312.3000,161.7000,380.7000,161.7000,380.7000,237.3000,312.3000,237.3000
319.2000,152.1000,388.8000,152.1000,388.8000,234.9000,319.2000,234.9000
325.9000,146.9000,399.1000,146.9000,399.1000,232.1000,325.9000,232.1000
331.7000,140.7000,407.3000,140.7000,407.3000,228.3000,331.7000,228.3000
332.5000,144.9000,410.5000,144.9000,410.5000,230.1000,332.5000,230.1000
334.6000,145.3000,411.4000,145.3000,411.4000,225.7000,334.6000,225.7000
332.5000,148.5000,410.5000,148.5000,410.5000,226.5000,332.5000,226.5000
333.5000,149.7000,411.5000,149.7000,411.5000,225.3000,333.5000,225.3000
337.4000,141.9000,416.6000,141.9000,416.6000,215.1000,337.4000,215.1000
343.5000,137.6000,421.5000,137.6000,421.5000,214.4000,343.5000,214.4000
351.6000,130.0000,428.4000,130.0000,428.4000,202.0000,351.6000,202.0000
355.4000,126.7000,434.6000,126.7000,434.6000,202.3000,355.4000,202.3000
357.4000,119.8000,436.6000,119.8000,436.6000,206.2000,357.4000,206.2000
368.3000,130.8000,448.7000,130.8000,448.7000,217.2000,368.3000,217.2000
378.2000,139.5000,459.8000,139.5000,459.8000,229.5000,378.2000,229.5000
382.2000,136.2000,463.8000,136.2000,463.8000,229.8000,382.2000,229.8000
379.0000,142.0000,463.0000,142.0000,463.0000,226.0000,379.0000,226.0000
365.9000,129.7000,451.1000,129.7000,451.1000,205.3000,365.9000,205.3000
357.2000,111.6000,438.8000,111.6000,438.8000,188.4000,357.2000,188.4000
350.6000,99.1000,427.4000,99.1000,427.4000,181.9000,350.6000,181.9000
346.9000,96.1000,420.1000,96.1000,420.1000,178.9000,346.9000,178.9000
341.8000,98.4000,416.2000,98.4000,416.2000,177.6000,341.8000,177.6000
339.6000,101.6000,416.4000,101.6000,416.4000,178.4000,339.6000,178.4000
343.4000,106.5000,422.6000,106.5000,422.6000,184.5000,343.4000,184.5000
349.9000,118.7000,435.1000,118.7000,435.1000,194.3000,349.9000,194.3000
2
0
0
0
0
1
360.5000,87.8000,450.5000,87.8000,450.5000,186.2000,360.5000,186.2000
361.5000,85.3000,451.5000,85.3000,451.5000,189.7000,361.5000,189.7000
360.3000,87.2000,452.7000,87.2000,452.7000,192.8000,360.3000,192.8000
365.8000,91.0000,452.2000,91.0000,452.2000,187.0000,365.8000,187.0000
374.0000,111.8000,458.0000,111.8000,458.0000,210.2000,374.0000,210.2000
376.7000,125.5000,464.3000,125.5000,464.3000,227.5000,376.7000,227.5000
382.5000,143.5000,472.5000,143.5000,472.5000,245.5000,382.5000,245.5000
381.4000,144.3000,472.6000,144.3000,472.6000,248.7000,381.4000,248.7000
372.2000,131.3000,465.8000,131.3000,465.8000,235.7000,372.2000,235.7000
362.1000,118.3000,456.9000,118.3000,456.9000,222.7000,362.1000,222.7000
358.1000,109.7000,452.9000,109.7000,452.9000,209.3000,358.1000,209.3000
361.6000,104.8000,450.4000,104.8000,450.4000,203.2000,361.6000,203.2000
357.5000,111.0000,447.5000,111.0000,447.5000,207.0000,357.5000,207.0000
357.4000,119.0000,448.6000,119.0000,448.6000,215.0000,357.4000,215.0000
354.5000,130.3000,444.5000,130.3000,444.5000,222.7000,354.5000,222.7000
348.4000,151.1000,439.6000,151.1000,439.6000,245.9000,348.4000,245.9000
353.3000,170.2000,445.7000,170.2000,445.7000,263.8000,353.3000,263.8000
353.6000,182.8000,442.4000,182.8000,442.4000,281.2000,353.6000,281.2000
342.6000,178.7000,431.4000,178.7000,431.4000,278.3000,342.6000,278.3000
328.2000,161.1000,421.8000,161.1000,421.8000,255.9000,328.2000,255.9000
320.3000,144.5000,412.7000,144.5000,412.7000,234.5000,320.3000,234.5000
313.7000,132.5000,401.3000,132.5000,401.3000,222.5000,313.7000,222.5000
312.5000,127.9000,402.5000,127.9000,402.5000,225.1000,312.5000,225.1000
309.2000,126.0000,402.8000,126.0000,402.8000,222.0000,309.2000,222.0000
306.2000,129.1000,399.8000,129.1000,399.8000,223.9000,306.2000,223.9000
304.1000,132.0000,398.9000,132.0000,398.9000,228.0000,304.1000,228.0000
295.9000,139.8000,393.1000,139.8000,393.1000,238.2000,295.9000,238.2000
274.7000,109.5000,374.3000,109.5000,374.3000,211.5000,274.7000,211.5000
276.5000,137.4000,378.5000,137.4000,378.5000,240.6000,276.5000,240.6000
287.1000,198.9000,381.9000,198.9000,381.9000,308.1000,287.1000,308.1000
276.0000,205.8000,372.0000,205.8000,372.0000,316.2000,276.0000,316.2000
277.4000,187.8000,368.6000,187.8000,368.6000,298.2000,277.4000,298.2000
269.7000,161.8000,357.3000,161.8000,357.3000,272.2000,269.7000,272.2000
265.9000,146.9000,351.1000,146.9000,351.1000,256.1000,265.9000,256.1000
265.2000,138.9000,346.8000,138.9000,346.8000,248.1000,265.2000,248.1000
254.8000,133.8000,341.2000,133.8000,341.2000,244.2000,254.8000,244.2000
246.4000,132.8000,337.6000,132.8000,337.6000,243.2000,246.4000,243.2000
247.6000,136.5000,336.4000,136.5000,336.4000,250.5000,247.6000,250.5000
241.5000,144.5000,331.5000,144.5000,331.5000,258.5000,241.5000,258.5000
251.4000,168.3000,330.6000,168.3000,330.6000,284.7000,251.4000,284.7000
241.9000,181.3000,327.1000,181.3000,327.1000,297.7000,241.9000,297.7000
239.9000,188.2000,325.1000,188.2000,325.1000,305.8000,239.9000,305.8000
239.7000,188.2000,327.3000,188.2000,327.3000,305.8000,239.7000,305.8000
232.4000,172.6000,323.6000,172.6000,323.6000,285.4000,232.4000,285.4000
228.3000,164.3000,320.7000,164.3000,320.7000,268.7000,228.3000,268.7000
225.8000,158.9000,312.2000,158.9000,312.2000,268.1000,225.8000,268.1000
227.0000,160.2000,311.0000,160.2000,311.0000,265.8000,227.0000,265.8000
224.8000,166.4000,311.2000,166.4000,311.2000,269.6000,224.8000,269.6000
227.2000,178.4000,308.8000,178.4000,308.8000,281.6000,227.2000,281.6000
226.7000,175.8000,314.3000,175.8000,314.3000,274.2000,226.7000,274.2000
237.8000,177.7000,336.2000,177.7000,336.2000,265.3000,237.8000,265.3000
227.9000,178.8000,325.1000,178.8000,325.1000,265.2000,227.9000,265.2000
233.2000,184.2000,326.8000,184.2000,326.8000,265.8000,233.2000,265.8000
236.5000,180.4000,326.5000,180.4000,326.5000,259.6000,236.5000,259.6000
239.3000,180.6000,331.7000,180.6000,331.7000,257.4000,239.3000,257.4000
247.4000,182.0000,338.6000,182.0000,338.6000,254.0000,247.4000,254.0000
249.1000,181.7000,343.9000,181.7000,343.9000,257.3000,249.1000,257.3000
251.2000,177.6000,344.8000,177.6000,344.8000,254.4000,251.2000,254.4000
253.5000,173.6000,343.5000,173.6000,343.5000,250.4000,253.5000,250.4000
2
0
0
0
0
1
257.6000,168.7000,310.4000,168.7000,310.4000,220.3000,257.6000,220.3000
257.1000,171.9000,315.9000,171.9000,315.9000,221.1000,257.1000,221.1000
243.1000,157.6000,301.9000,157.6000,301.9000,210.4000,243.1000,210.4000
244.3000,155.4000,300.7000,155.4000,300.7000,210.6000,244.3000,210.6000
229.4000,157.1000,284.6000,157.1000,284.6000,215.9000,229.4000,215.9000
237.7000,163.1000,289.3000,163.1000,289.3000,221.9000,237.7000,221.9000
227.3000,168.2000,283.7000,168.2000,283.7000,225.8000,227.3000,225.8000
2
0
0
0
0
1
2
0
0
0
0
1
261.4000,139.3000,316.6000,139.3000,316.6000,219.7000,261.4000,219.7000
264.3000,140.5000,320.7000,140.5000,320.7000,218.5000,264.3000,218.5000
269.1000,139.4000,327.9000,139.4000,327.9000,218.6000,269.1000,218.6000
278.0000,138.7000,338.0000,138.7000,338.0000,214.3000,278.0000,214.3000
311.3000,136.6000,367.7000,136.6000,367.7000,213.4000,311.3000,213.4000
281.0000,169.5000,341.0000,169.5000,341.0000,247.5000,281.0000,247.5000
277.7000,171.2000,341.3000,171.2000,341.3000,252.8000,277.7000,252.8000
276.6000,172.8000,341.4000,172.8000,341.4000,259.2000,276.6000,259.2000
277.5000,185.2000,343.5000,185.2000,343.5000,266.8000,277.5000,266.8000
274.2000,172.0000,331.8000,172.0000,331.8000,256.0000,274.2000,256.0000
276.1000,169.1000,334.9000,169.1000,334.9000,251.9000,276.1000,251.9000
278.9000,177.3000,340.1000,177.3000,340.1000,257.7000,278.9000,257.7000
282.6000,180.3000,347.4000,180.3000,347.4000,260.7000,282.6000,260.7000
276.3000,154.3000,344.7000,154.3000,344.7000,234.7000,276.3000,234.7000
269.9000,168.0000,343.1000,168.0000,343.1000,240.0000,269.9000,240.0000
267.5000,169.3000,345.5000,169.3000,345.5000,237.7000,267.5000,237.7000
256.6000,182.7000,333.4000,182.7000,333.4000,246.3000,256.6000,246.3000
262.6000,163.5000,339.4000,163.5000,339.4000,229.5000,262.6000,229.5000
265.0000,180.2000,337.0000,180.2000,337.0000,249.8000,265.0000,249.8000
257.5000,165.2000,335.5000,165.2000,335.5000,234.8000,257.5000,234.8000
253.4000,184.1000,332.6000,184.1000,332.6000,254.9000,253.4000,254.9000
309.9000,224.0000,395.1000,224.0000,395.1000,296.0000,309.9000,296.0000
327.9000,220.0000,413.1000,220.0000,413.1000,292.0000,327.9000,292.0000
311.5000,221.0000,401.5000,221.0000,401.5000,293.0000,311.5000,293.0000
2
0
0
0
0
1
204.9000,140.4000,290.1000,140.4000,290.1000,219.6000,204.9000,219.6000
200.2000,134.4000,281.8000,134.4000,281.8000,213.6000,200.2000,213.6000
205.8000,135.3000,280.2000,135.3000,280.2000,215.7000,205.8000,215.7000
207.5000,138.3000,285.5000,138.3000,285.5000,218.7000,207.5000,218.7000
208.5000,141.2000,286.5000,141.2000,286.5000,222.8000,208.5000,222.8000
213.6000,138.7000,290.4000,138.7000,290.4000,226.3000,213.6000,226.3000
206.3000,142.9000,286.7000,142.9000,286.7000,228.1000,206.3000,228.1000
219.2000,154.2000,300.8000,154.2000,300.8000,235.8000,219.2000,235.8000
225.0000,159.5000,309.0000,159.5000,309.0000,237.5000,225.0000,237.5000
228.0000,156.4000,312.0000,156.4000,312.0000,235.6000,228.0000,235.6000
223.9000,197.3000,309.1000,197.3000,309.1000,277.7000,223.9000,277.7000
279.8000,147.6000,366.2000,147.6000,366.2000,224.4000,279.8000,224.4000
259.1000,170.8000,341.9000,170.8000,341.9000,245.2000,259.1000,245.2000
269.7000,185.4000,345.3000,185.4000,345.3000,264.6000,269.7000,264.6000
274.6000,182.7000,351.4000,182.7000,351.4000,258.3000,274.6000,258.3000
282.8000,185.6000,357.2000,185.6000,357.2000,262.4000,282.8000,262.4000
288.1000,187.5000,358.9000,187.5000,358.9000,265.5000,288.1000,265.5000
291.1000,192.0000,361.9000,192.0000,361.9000,264.0000,291.1000,264.0000
297.2000,193.0000,366.8000,193.0000,366.8000,265.0000,297.2000,265.0000
301.2000,195.9000,370.8000,195.9000,370.8000,269.1000,301.2000,269.1000
303.2000,187.7000,372.8000,187.7000,372.8000,263.3000,303.2000,263.3000
302.5000,192.6000,368.5000,192.6000,368.5000,269.4000,302.5000,269.4000
312.1000,192.6000,382.9000,192.6000,382.9000,269.4000,312.1000,269.4000
317.1000,193.7000,387.9000,193.7000,387.9000,269.3000,317.1000,269.3000
318.9000,194.8000,392.1000,194.8000,392.1000,269.2000,318.9000,269.2000
331.0000,174.8000,403.0000,174.8000,403.0000,249.2000,331.0000,249.2000
333.2000,174.0000,402.8000,174.0000,402.8000,246.0000,333.2000,246.0000
349.2000,170.1000,418.8000,170.1000,418.8000,240.9000,349.2000,240.9000
325.4000,169.0000,392.6000,169.0000,392.6000,241.0000,325.4000,241.0000
376.4000,174.1000,443.6000,174.1000,443.6000,244.9000,376.4000,244.9000
337.4000,181.2000,404.6000,181.2000,404.6000,250.8000,337.4000,250.8000
345.3000,179.3000,413.7000,179.3000,413.7000,247.7000,345.3000,247.7000
345.0000,184.3000,417.0000,184.3000,417.0000,252.7000,345.0000,252.7000
357.8000,196.1000,420.2000,196.1000,420.2000,266.9000,357.8000,266.9000
352.5000,189.2000,418.5000,189.2000,418.5000,258.8000,352.5000,258.8000
377.0000,212.6000,449.0000,212.6000,449.0000,277.4000,377.0000,277.4000
393.2000,163.9000,462.8000,163.9000,462.8000,237.1000,393.2000,237.1000
388.6000,154.8000,453.4000,154.8000,453.4000,229.2000,388.6000,229.2000
387.0000,171.7000,447.0000,171.7000,447.0000,247.3000,387.0000,247.3000
372.8000,180.3000,435.2000,180.3000,435.2000,260.7000,372.8000,260.7000
344.7000,204.0000,408.3000,204.0000,408.3000,288.0000,344.7000,288.0000
343.3000,186.9000,411.7000,186.9000,411.7000,272.1000,343.3000,272.1000
369.9000,181.0000,443.1000,181.0000,443.1000,265.0000,369.9000,265.0000
333.8000,207.1000,420.2000,207.1000,420.2000,289.9000,333.8000,289.9000
307.6000,202.0000,396.4000,202.0000,396.4000,286.0000,307.6000,286.0000
303.6000,187.1000,392.4000,187.1000,392.4000,269.9000,303.6000,269.9000
311.4000,173.8000,402.6000,173.8000,402.6000,260.2000,311.4000,260.2000
311.8000,173.0000,398.2000,173.0000,398.2000,257.0000,311.8000,257.0000
314.9000,173.9000,400.1000,173.9000,400.1000,259.1000,314.9000,259.1000
301.7000,172.1000,389.3000,172.1000,389.3000,254.9000,301.7000,254.9000
291.5000,182.7000,381.5000,182.7000,381.5000,270.3000,291.5000,270.3000
291.0000,200.0000,375.0000,200.0000,375.0000,284.0000,291.0000,284.0000
282.6000,205.3000,371.4000,205.3000,371.4000,285.7000,282.6000,285.7000
267.7000,199.7000,355.3000,199.7000,355.3000,275.3000,267.7000,275.3000
267.6000,192.1000,356.4000,192.1000,356.4000,262.9000,267.6000,262.9000
260.2000,181.9000,353.8000,181.9000,353.8000,255.1000,260.2000,255.1000
258.5000,179.0000,348.5000,179.0000,348.5000,251.0000,258.5000,251.0000
252.5000,179.9000,342.5000,179.9000,342.5000,253.1000,252.5000,253.1000
247.7000,181.2000,347.3000,181.2000,347.3000,262.8000,247.7000,262.8000
253.8000,188.2000,352.2000,188.2000,352.2000,269.8000,253.8000,269.8000
254.3000,201.1000,346.7000,201.1000,346.7000,283.9000,254.3000,283.9000
242.7000,200.3000,330.3000,200.3000,330.3000,280.7000,242.7000,280.7000
236.0000,215.6000,332.0000,215.6000,332.0000,292.4000,236.0000,292.4000
237.7000,214.9000,337.3000,214.9000,337.3000,288.1000,237.7000,288.1000
256.0000,202.5000,352.0000,202.5000,352.0000,280.5000,256.0000,280.5000
262.4000,190.6000,353.6000,190.6000,353.6000,267.4000,262.4000,267.4000
265.2000,187.1000,358.8000,187.1000,358.8000,269.9000,265.2000,269.9000
273.2000,188.9000,366.8000,188.9000,366.8000,286.1000,273.2000,286.1000
275.2000,192.8000,368.8000,192.8000,368.8000,291.2000,275.2000,291.2000
315.3000,203.7000,407.7000,203.7000,407.7000,303.3000,315.3000,303.3000
321.5000,213.0000,411.5000,213.0000,411.5000,309.0000,321.5000,309.0000
321.9000,215.4000,407.1000,215.4000,407.1000,306.6000,321.9000,306.6000
2
0
0
0
0
1
292.9000,176.7000,342.1000,176.7000,342.1000,228.3000,292.9000,228.3000
292.8000,182.6000,343.2000,182.6000,343.2000,235.4000,292.8000,235.4000
289.8000,188.7000,340.2000,188.7000,340.2000,240.3000,289.8000,240.3000
295.3000,188.6000,339.7000,188.6000,339.7000,241.4000,295.3000,241.4000
302.3000,175.3000,346.7000,175.3000,346.7000,231.7000,302.3000,231.7000
303.2000,183.4000,348.8000,183.4000,348.8000,238.6000,303.2000,238.6000
304.9000,190.9000,354.1000,190.9000,354.1000,240.1000,304.9000,240.1000
308.0000,195.9000,356.0000,195.9000,356.0000,245.1000,308.0000,245.1000
309.0000,191.8000,357.0000,191.8000,357.0000,242.2000,309.0000,242.2000
307.8000,182.7000,358.2000,182.7000,358.2000,234.3000,307.8000,234.3000
304.8000,173.7000,355.2000,173.7000,355.2000,225.3000,304.8000,225.3000
304.9000,163.8000,354.1000,163.8000,354.1000,214.2000,304.9000,214.2000
307.1000,161.0000,353.9000,161.0000,353.9000,209.0000,307.1000,209.0000
310.3000,153.9000,354.7000,153.9000,354.7000,203.1000,310.3000,203.1000
311.5000,149.6000,353.5000,149.6000,353.5000,202.4000,311.5000,202.4000
314.6000,152.9000,355.4000,152.9000,355.4000,202.1000,314.6000,202.1000
313.5000,156.7000,355.5000,156.7000,355.5000,208.3000,313.5000,208.3000
314.7000,159.8000,354.3000,159.8000,354.3000,210.2000,314.7000,210.2000
311.4000,158.2000,354.6000,158.2000,354.6000,203.8000,311.4000,203.8000
306.9000,154.3000,356.1000,154.3000,356.1000,198.7000,306.9000,198.7000
303.6000,145.2000,356.4000,145.2000,356.4000,190.8000,303.6000,190.8000
307.1000,140.4000,353.9000,140.4000,353.9000,183.6000,307.1000,183.6000
309.4000,131.1000,352.6000,131.1000,352.6000,177.9000,309.4000,177.9000
307.2000,129.2000,352.8000,129.2000,352.8000,174.8000,307.2000,174.8000
307.5000,129.1000,349.5000,129.1000,349.5000,175.9000,307.5000,175.9000
305.2000,134.1000,350.8000,134.1000,350.8000,180.9000,305.2000,180.9000
300.9000,142.2000,350.1000,142.2000,350.1000,187.8000,300.9000,187.8000
298.8000,147.4000,349.2000,147.4000,349.2000,190.6000,298.8000,190.6000
295.8000,141.0000,346.2000,141.0000,346.2000,189.0000,295.8000,189.0000
297.2000,137.2000,342.8000,137.2000,342.8000,182.8000,297.2000,182.8000
296.3000,132.1000,340.7000,132.1000,340.7000,178.9000,296.3000,178.9000
295.5000,122.8000,337.5000,122.8000,337.5000,173.2000,295.5000,173.2000
293.5000,118.6000,335.5000,118.6000,335.5000,171.4000,293.5000,171.4000
291.5000,119.3000,333.5000,119.3000,333.5000,175.7000,291.5000,175.7000
291.4000,123.0000,334.6000,123.0000,334.6000,183.0000,291.4000,183.0000
290.4000,128.8000,333.6000,128.8000,333.6000,191.2000,290.4000,191.2000
287.2000,136.9000,332.8000,136.9000,332.8000,198.1000,287.2000,198.1000
285.9000,143.3000,335.1000,143.3000,335.1000,199.7000,285.9000,199.7000
291.3000,145.7000,335.7000,145.7000,335.7000,197.3000,291.3000,197.3000
296.9000,147.7000,334.1000,147.7000,334.1000,199.3000,296.9000,199.3000
296.8000,138.8000,335.2000,138.8000,335.2000,189.2000,296.8000,189.2000
296.8000,138.8000,335.2000,138.8000,335.2000,189.2000,296.8000,189.2000
294.5000,138.6000,336.5000,138.6000,336.5000,191.4000,294.5000,191.4000
294.3000,144.1000,338.7000,144.1000,338.7000,190.9000,294.3000,190.9000
296.1000,148.2000,342.9000,148.2000,342.9000,193.8000,296.1000,193.8000
297.0000,157.4000,345.0000,157.4000,345.0000,200.6000,297.0000,200.6000
298.4000,159.5000,341.6000,159.5000,341.6000,201.5000,298.4000,201.5000
296.3000,159.8000,340.7000,159.8000,340.7000,198.2000,296.3000,198.2000
292.0000,151.8000,340.0000,151.8000,340.0000,190.2000,292.0000,190.2000
295.0000,142.4000,343.0000,142.4000,343.0000,185.6000,295.0000,185.6000
297.1000,140.7000,343.9000,140.7000,343.9000,180.3000,297.1000,180.3000
267.3000,138.7000,311.7000,138.7000,311.7000,178.3000,267.3000,178.3000
266.9000,135.3000,316.1000,135.3000,316.1000,179.7000,266.9000,179.7000
266.9000,138.2000,316.1000,138.2000,316.1000,183.8000,266.9000,183.8000
300.4000,152.1000,343.6000,152.1000,343.6000,198.9000,300.4000,198.9000
301.6000,152.6000,342.4000,152.6000,342.4000,205.4000,301.6000,205.4000
304.4000,129.0000,335.6000,129.0000,335.6000,189.0000,304.4000,189.0000
304.7000,125.1000,332.3000,125.1000,332.3000,183.9000,304.7000,183.9000
300.1000,121.1000,334.9000,121.1000,334.9000,179.9000,300.1000,179.9000
299.8000,123.3000,338.2000,123.3000,338.2000,179.7000,299.8000,179.7000
295.9000,134.2000,333.1000,134.2000,333.1000,179.8000,295.9000,179.8000
293.8000,135.1000,332.2000,135.1000,332.2000,181.9000,293.8000,181.9000
290.1000,134.6000,336.9000,134.6000,336.9000,187.4000,290.1000,187.4000
295.4000,134.5000,338.6000,134.5000,338.6000,188.5000,295.4000,188.5000
295.7000,99.6000,335.3000,99.6000,335.3000,152.4000,295.7000,152.4000
300.0000,93.1000,336.0000,93.1000,336.0000,151.9000,300.0000,151.9000
294.2000,128.4000,339.8000,128.4000,339.8000,183.6000,294.2000,183.6000
295.3000,123.4000,339.7000,123.4000,339.7000,178.6000,295.3000,178.6000
294.1000,123.6000,340.9000,123.6000,340.9000,176.4000,294.1000,176.4000
293.5000,115.7000,335.5000,115.7000,335.5000,167.3000,293.5000,167.3000
293.5000,117.7000,335.5000,117.7000,335.5000,169.3000,293.5000,169.3000
304.8000,112.7000,355.2000,112.7000,355.2000,164.3000,304.8000,164.3000
295.1000,119.4000,341.9000,119.4000,341.9000,174.6000,295.1000,174.6000
279.0000,93.0000,327.0000,93.0000,327.0000,153.0000,279.0000,153.0000
270.6000,98.4000,323.4000,98.4000,323.4000,153.6000,270.6000,153.6000
2
0
0
0
0
1
317.2000,128.6000,362.8000,128.6000,362.8000,181.4000,317.2000,181.4000
314.0000,132.4000,362.0000,132.4000,362.0000,187.6000,314.0000,187.6000
316.4000,136.7000,359.6000,136.7000,359.6000,188.3000,316.4000,188.3000
315.4000,134.4000,358.6000,134.4000,358.6000,189.6000,315.4000,189.6000
315.5000,131.7000,357.5000,131.7000,357.5000,183.3000,315.5000,183.3000
315.5000,125.8000,357.5000,125.8000,357.5000,176.2000,315.5000,176.2000
316.8000,120.9000,355.2000,120.9000,355.2000,170.1000,316.8000,170.1000
318.0000,115.8000,354.0000,115.8000,354.0000,166.2000,318.0000,166.2000
316.0000,115.8000,352.0000,115.8000,352.0000,166.2000,316.0000,166.2000
314.9000,118.8000,352.1000,118.8000,352.1000,169.2000,314.9000,169.2000
311.8000,122.7000,350.2000,122.7000,350.2000,174.3000,311.8000,174.3000
307.7000,126.1000,347.3000,126.1000,347.3000,184.9000,307.7000,184.9000
306.9000,132.2000,344.1000,132.2000,344.1000,189.8000,306.9000,189.8000
306.0000,130.1000,342.0000,130.1000,342.0000,188.9000,306.0000,188.9000
305.1000,123.0000,339.9000,123.0000,339.9000,183.0000,305.1000,183.0000
302.9000,116.9000,340.1000,116.9000,340.1000,178.1000,302.9000,178.1000
300.7000,112.9000,340.3000,112.9000,340.3000,174.1000,300.7000,174.1000
301.7000,113.2000,341.3000,113.2000,341.3000,170.8000,301.7000,170.8000
299.6000,115.3000,340.4000,115.3000,340.4000,171.7000,299.6000,171.7000
302.9000,118.7000,340.1000,118.7000,340.1000,170.3000,302.9000,170.3000
301.7000,125.8000,341.3000,125.8000,341.3000,176.2000,301.7000,176.2000
302.4000,133.9000,345.6000,133.9000,345.6000,183.1000,302.4000,183.1000
301.3000,140.9000,345.7000,140.9000,345.7000,190.1000,301.3000,190.1000
299.4000,138.7000,342.6000,138.7000,342.6000,190.3000,299.4000,190.3000
294.9000,130.6000,332.1000,130.6000,332.1000,183.4000,294.9000,183.4000
295.3000,131.0000,327.7000,131.0000,327.7000,179.0000,295.3000,179.0000
300.2000,127.4000,333.8000,127.4000,333.8000,170.6000,300.2000,170.6000
301.8000,131.7000,340.2000,131.7000,340.2000,171.3000,301.8000,171.3000
303.1000,131.7000,337.9000,131.7000,337.9000,171.3000,303.1000,171.3000
304.2000,141.0000,337.8000,141.0000,337.8000,177.0000,304.2000,177.0000
304.1000,143.9000,338.9000,143.9000,338.9000,181.1000,304.1000,181.1000
305.0000,143.6000,341.0000,143.6000,341.0000,184.4000,305.0000,184.4000
306.8000,141.6000,345.2000,141.6000,345.2000,182.4000,306.8000,182.4000
315.9000,135.3000,353.1000,135.3000,353.1000,179.7000,315.9000,179.7000
313.9000,131.3000,351.1000,131.3000,351.1000,175.7000,313.9000,175.7000
315.9000,133.2000,353.1000,133.2000,353.1000,178.8000,315.9000,178.8000
312.8000,144.0000,351.2000,144.0000,351.2000,180.0000,312.8000,180.0000
312.7000,145.1000,352.3000,145.1000,352.3000,179.9000,312.7000,179.9000
302.2000,146.8000,347.8000,146.8000,347.8000,185.2000,302.2000,185.2000
302.2000,146.7000,347.8000,146.7000,347.8000,186.3000,302.2000,186.3000
301.2000,144.5000,346.8000,144.5000,346.8000,186.5000,301.2000,186.5000
300.2000,145.7000,345.8000,145.7000,345.8000,185.3000,300.2000,185.3000
310.9000,109.3000,360.1000,109.3000,360.1000,153.7000,310.9000,153.7000
301.3000,127.1000,345.7000,127.1000,345.7000,173.9000,301.3000,173.9000
307.9000,109.9000,345.1000,109.9000,345.1000,159.1000,307.9000,159.1000
308.8000,106.6000,347.2000,106.6000,347.2000,159.4000,308.8000,159.4000
310.8000,104.2000,349.2000,104.2000,349.2000,161.8000,310.8000,161.8000
317.5000,129.6000,359.5000,129.6000,359.5000,182.4000,317.5000,182.4000
314.3000,130.7000,358.7000,130.7000,358.7000,182.3000,314.3000,182.3000
316.4000,135.6000,359.6000,135.6000,359.6000,176.4000,316.4000,176.4000
312.3000,134.5000,356.7000,134.5000,356.7000,176.5000,312.3000,176.5000
309.5000,119.3000,351.5000,119.3000,351.5000,163.7000,309.5000,163.7000
306.4000,97.1000,349.6000,97.1000,349.6000,143.9000,306.4000,143.9000
305.5000,92.8000,347.5000,92.8000,347.5000,143.2000,305.5000,143.2000
300.2000,88.2000,345.8000,88.2000,345.8000,133.8000,300.2000,133.8000
295.1000,89.1000,341.9000,89.1000,341.9000,135.9000,295.1000,135.9000
294.0000,89.2000,342.0000,89.2000,342.0000,134.8000,294.0000,134.8000
295.5000,91.1000,349.5000,91.1000,349.5000,137.9000,295.5000,137.9000
302.1000,92.7000,348.9000,92.7000,348.9000,144.3000,302.1000,144.3000
297.1000,83.7000,343.9000,83.7000,343.9000,135.3000,297.1000,135.3000
297.0000,88.1000,345.0000,88.1000,345.0000,134.9000,297.0000,134.9000
296.1000,87.1000,342.9000,87.1000,342.9000,133.9000,296.1000,133.9000
301.4000,92.2000,344.6000,92.2000,344.6000,137.8000,301.4000,137.8000
300.1000,99.7000,346.9000,99.7000,346.9000,139.3000,300.1000,139.3000
310.8000,116.8000,361.2000,116.8000,361.2000,155.2000,310.8000,155.2000
313.3000,122.3000,369.7000,122.3000,369.7000,154.7000,313.3000,154.7000
283.6000,138.4000,336.4000,138.4000,336.4000,169.6000,283.6000,169.6000
2
0
0
0
0
1
342.7000,164.3000,382.3000,164.3000,382.3000,208.7000,342.7000,208.7000
343.9000,166.3000,381.1000,166.3000,381.1000,210.7000,343.9000,210.7000
342.9000,168.3000,380.1000,168.3000,380.1000,212.7000,342.9000,212.7000
338.1000,195.0000,372.9000,195.0000,372.9000,243.0000,338.1000,243.0000
