0.000352
0.17355
0.010566
0.010532
0.01064
0.011309
0.011077
0.013794
0.013414
0.013117
0.012664
0.011896
0.011822
0.011274
0.011207
0.011214
0.011185
0.011297
0.011243
0.011304
0.014025
0.012842
0.012337
0.012491
0.012842
0.011888
0.011214
0.01122
0.011249
0.011204
0.011078
0.011169
0.011187
0.011133
0.01114
0.011149
0.011182
0.011138
0.011171
0.011166
0.011129
0.011253
0.01125
0.011237
0.011303
0.011275
0.011219
0.011163
0.011132
0.010633
0.010481
0.010657
0.010585
0.010407
0.010649
0.010476
0.010389
0.010543
0.010673
0.010596
0.010605
0.010724
0.010679
0.010629
0.010582
0.010657
0.010632
0.010647
0.010579
0.010472
0.010883
0.010879
0.010942
0.010949
0.011052
0.012208
0.010542
0.010521
0.010559
0.010474
0.010512
0.010585
0.010618
0.010703
0.01038
0.01049
0.010415
0.01037
0.010344
0.01035
0.010428
0.010668
0.010649
0.010501
0.010651
0.010481
0.010565
0.01039
0.01036
0.01405
0.013595
0.013162
0.012773
0.012504
0.012134
0.011923
0.011882
0.011516
0.011372
0.011431
0.011195
0.011049
0.010898
0.010902
0.010956
0.010916
0.010903
0.010898
0.011181
0.010883
0.010886
0.010989
0.010901
0.011165
0.011081
0.011181
0.011493
0.011162
0.010956
0.011245
0.010905
0.010938
0.010874
0.010905
0.010877
0.01081
0.010874
0.010922
0.011205
0.010817
0.011063
0.010872
0.010822
0.010926
0.010938
0.010859
0.010879
0.010835
0.011054
0.01083
0.010893
0.010827
0.010732
0.010818
0.010786
0.010815
0.010831
0.010865
0.010781
0.010794
0.010798
0.010808
0.010864
0.010823
0.010849
0.010782
0.010898
0.010834
0.010913
0.010813
0.010795
0.010818
0.010779
0.010847
0.011027
0.01226
0.012161
0.011056
0.011182
0.010945
0.011566
0.013166
0.012659
0.012769
0.012731
0.012466
0.012538
0.01029
0.010036
0.010066
0.010012
0.010044
0.009986
0.010151
0.009976
0.009936
0.009968
0.01001
0.009927
0.009939
0.009887
0.009954
0.009999
0.009935
0.009948
0.009919
0.00995
0.010009
0.009978
0.009935
0.009987
0.010058
0.010071
0.009951
0.009931
0.013006
0.012823
0.012377
0.012358
0.011991
0.011745
0.011485
0.011318
0.011095
0.010989
0.010879
0.010756
0.010658
0.010661
0.010552
0.010588
0.01083
0.010561
0.010551
0.010762
0.010754
0.010573
0.010671
0.010783
0.010598
0.010564
0.010595
0.010578
0.010613
0.010688
0.010608
0.010587
0.010595
0.010602
0.010653
0.010627
0.010558
0.01066
0.010592
0.010577
0.013228
0.012547
0.012596
0.012136
0.011121
0.010819
0.010633
0.010829
0.010683
0.010633
0.010631
0.010602
0.010557
0.010571
0.010583
0.010578
0.010561
0.010593
0.010533
0.0106
0.010601
0.010578
0.010564
0.010582
0.010643
0.010643
0.010627
0.010588
0.010595
0.010597
0.010573
0.01064
0.010756
0.010697
0.010668
0.010637
0.010661
0.010693
0.010658
0.010591
0.010573
0.010672
0.010721
0.010444
0.010068
0.009941
0.010554
0.010058
0.010193
0.01033
0.010427
0.01259
0.01263
0.013567
0.011903
0.011778
0.011571
0.011288
0.011193
0.010994
0.010905
0.010985
0.010537
0.010574
0.010646
0.010638
0.010656
0.010789
0.010638
0.010649
0.010898
0.010616
0.010766
0.010703
0.010611
0.01063
0.010684
0.010833
0.010733
0.013557
0.012783
0.012456
0.012097
0.01387
0.011933
0.011595
0.011438
0.011349
0.011242
0.011033
0.010975
0.010773
0.010856
0.010662
0.01074
0.010548
0.010609
0.010584
0.010565
0.010511
0.010468
0.010575
0.010552
0.010539
0.01054
0.010515
0.010557
0.010626
0.010646
0.010598
0.010492
0.010499
0.010489
0.010638
0.010606
0.010628
0.010777
0.010568
0.01073
0.010762
0.010475
0.010724
0.010471
0.010537
0.010463
0.010657
0.010567
0.012929
0.012736
0.012295
0.011993
0.011782
0.013298
0.012297
0.011537
0.01164
0.011504
0.011291
0.011128
0.010992
0.010888
0.010707
0.010673
0.010857
0.01073
0.010988
0.010967
0.010953
0.011613
0.015175
0.015616
0.015714
0.015854
0.015722
0.015994
0.013917
0.010804
0.010493
0.010547
0.010562
0.010554
0.010466
0.010538
0.010562
0.010572
0.010395
0.009997
0.009954
0.009939
0.009951
0.010081
0.009949
0.010029
0.010025
0.009865
0.00996
0.009933
0.009934
0.00998
0.009928
0.010018
0.009986
0.00995
0.010248
0.009943
0.009978
0.009928
0.010245
0.011068
0.010871
0.009985
0.009945
0.009906
0.009874
0.009845
0.009952
0.009939
0.009884
0.009973
0.009897
0.009952
0.009982
0.009917
0.00992
0.009934
0.009874
0.009937
0.010077
0.010018
0.009951
0.009916
0.009958
0.009935
0.009952
0.009901
0.009969
0.009991
0.0099
0.009942
0.009917
0.009976
0.009922
0.009958
0.010477
0.01165
0.010564
0.010461
0.010196
0.012825
0.012561
0.012164
0.011487
0.011362
0.011229
0.01106
0.01095
0.010855
0.010658
0.010609
0.010558
0.010564
0.010552
0.01056
0.01055
0.010594
0.010558
0.010616
0.010633
0.01059
0.010595
0.010617
0.010609
0.010627
0.010604
0.010604
0.010613
0.010649
0.010621
0.010645
0.010722
0.010606
0.010685
0.010658
0.012815
0.01248
0.012414
0.011716
0.012165
0.011286
0.011081
0.011108
0.010899
0.012838
0.012748
0.012401
0.01208
0.011818
0.012277
0.011636
0.011383
0.011214
0.010988
0.010887
0.010816
0.010697
0.01061
0.010741
0.010646
0.010744
0.010635
0.010701
0.010733
0.010677
0.0107
0.010692
0.010769
0.010932
0.010869
0.010656
0.01069
0.010625
0.010677
0.010673
0.010659
0.010715
0.010764
0.01087
0.010726
0.010869
0.011087
0.01075
0.010953
