1
494.0000,400.0000,40.0000,42.0000
493.0000,389.0000,40.0000,42.0000
496.0000,378.0000,40.0000,42.0000
502.0000,370.0000,41.0000,43.0000
496.0000,370.0000,40.0000,42.0000
504.0000,369.0000,39.0000,41.0000
496.0000,375.0000,38.0000,40.0000
503.0000,378.0000,38.0000,40.0000
502.0000,386.0000,38.0000,40.0000
505.0000,403.0000,38.0000,40.0000
509.0000,414.0000,38.0000,40.0000
510.0000,436.0000,38.0000,40.0000
508.0000,425.0000,38.0000,40.0000
515.0000,397.0000,38.0000,40.0000
510.0000,373.0000,37.0000,39.0000
507.0000,352.0000,38.0000,40.0000
509.0000,334.0000,38.0000,40.0000
509.0000,327.0000,38.0000,40.0000
511.0000,318.0000,37.0000,39.0000
508.0000,313.0000,37.0000,39.0000
512.0000,304.0000,37.0000,39.0000
511.0000,301.0000,37.0000,39.0000
511.0000,301.0000,37.0000,39.0000
512.0000,312.0000,37.0000,39.0000
511.0000,326.0000,37.0000,39.0000
511.0000,339.0000,37.0000,39.0000
512.0000,345.0000,36.0000,38.0000
514.0000,359.0000,37.0000,39.0000
511.0000,382.0000,37.0000,39.0000
514.0000,409.0000,37.0000,39.0000
516.0000,436.0000,36.0000,38.0000
514.0000,440.0000,36.0000,38.0000
521.0000,408.0000,36.0000,38.0000
519.0000,390.0000,36.0000,38.0000
525.0000,369.0000,37.0000,39.0000
526.0000,352.0000,37.0000,39.0000
526.0000,344.0000,37.0000,39.0000
533.0000,332.0000,37.0000,39.0000
530.0000,329.0000,37.0000,39.0000
535.0000,331.0000,37.0000,39.0000
538.0000,331.0000,37.0000,39.0000
543.0000,336.0000,37.0000,39.0000
549.0000,347.0000,37.0000,39.0000
547.0000,350.0000,37.0000,39.0000
549.0000,358.0000,37.0000,39.0000
558.0000,380.0000,37.0000,39.0000
558.0000,409.0000,36.0000,38.0000
556.0000,379.0000,36.0000,38.0000
544.0000,350.0000,36.0000,38.0000
539.0000,329.0000,35.0000,37.0000
527.0000,310.0000,35.0000,37.0000
525.0000,284.0000,35.0000,37.0000
517.0000,267.0000,35.0000,37.0000
516.0000,263.0000,35.0000,37.0000
503.0000,255.0000,35.0000,37.0000
497.0000,254.0000,36.0000,38.0000
489.0000,250.0000,35.0000,37.0000
484.0000,255.0000,35.0000,37.0000
477.0000,258.0000,35.0000,37.0000
473.0000,265.0000,35.0000,37.0000
460.0000,270.0000,35.0000,37.0000
457.0000,289.0000,35.0000,37.0000
444.0000,301.0000,35.0000,37.0000
438.0000,332.0000,35.0000,37.0000
437.0000,362.0000,35.0000,37.0000
431.0000,388.0000,35.0000,37.0000
417.0000,383.0000,35.0000,37.0000
416.0000,393.0000,34.0000,36.0000
410.0000,386.0000,35.0000,37.0000
406.0000,377.0000,35.0000,37.0000
412.0000,363.0000,35.0000,37.0000
401.0000,362.0000,35.0000,37.0000
399.0000,346.0000,35.0000,37.0000
395.0000,353.0000,35.0000,37.0000
393.0000,351.0000,35.0000,37.0000
399.0000,363.0000,34.0000,36.0000
393.0000,364.0000,34.0000,36.0000
394.0000,383.0000,35.0000,37.0000
385.0000,402.0000,36.0000,38.0000
382.0000,418.0000,36.0000,38.0000
386.0000,445.0000,37.0000,39.0000
382.0000,461.0000,37.0000,39.0000
385.0000,447.0000,37.0000,39.0000
384.0000,426.0000,37.0000,39.0000
389.0000,414.0000,37.0000,39.0000
389.0000,414.0000,37.0000,39.0000
389.0000,377.0000,37.0000,39.0000
391.0000,374.0000,37.0000,39.0000
393.0000,365.0000,37.0000,39.0000
393.0000,366.0000,37.0000,39.0000
393.0000,366.0000,37.0000,39.0000
393.0000,366.0000,37.0000,39.0000
393.0000,366.0000,37.0000,39.0000
396.0000,382.0000,36.0000,38.0000
399.0000,400.0000,35.0000,37.0000
399.0000,412.0000,35.0000,37.0000
402.0000,430.0000,35.0000,37.0000
401.0000,450.0000,35.0000,37.0000
403.0000,450.0000,35.0000,37.0000
410.0000,433.0000,34.0000,36.0000
420.0000,412.0000,34.0000,36.0000
420.0000,412.0000,34.0000,36.0000
2
0
