0.00039602
0.75482
0.13771
0.094246
NaN
0.12392
NaN
0.079753
NaN
0.076707
0.079279
NaN
0.076502
NaN
0.081642
0.073131
NaN
0.081191
0.069759
NaN
0.072293
0.076187
NaN
0.072379
0.071597
NaN
NaN
NaN
NaN
NaN
0.00028274
0.71078
0.11725
0.10105
NaN
0.12694
NaN
NaN
NaN
NaN
NaN
NaN
0.0003849
0.75821
0.12626
0.10862
NaN
NaN
NaN
NaN
NaN
0.00028665
0.71632
0.122
0.10286
NaN
0.12756
NaN
NaN
0.090495
0.080157
NaN
0.0772
NaN
0.076782
0.080183
NaN
0.078775
0.077364
NaN
0.082817
0.081657
NaN
0.081842
NaN
0.081059
0.079495
NaN
0.081533
NaN
0.091201
0.078141
NaN
0.080747
NaN
0.077589
0.081818
NaN
0.078464
0.07997
NaN
NaN
NaN
NaN
NaN
0.00034975
0.73628
0.13098
0.11413
NaN
0.13829
NaN
NaN
0.099486
NaN
NaN
NaN
NaN
NaN
0.00037859
0.74591
0.13049
0.11709
NaN
0.13992
NaN
NaN
NaN
NaN
NaN
NaN
0.00042426
0.70388
0.12691
0.10715
NaN
0.13016
NaN
NaN
NaN
NaN
NaN
NaN
0.00026802
0.69763
0.12656
0.10239
NaN
0.12488
NaN
