1
198.2000,21.4000,267.8000,21.4000,267.8000,100.6000,198.2000,100.6000
198.3000,21.6000,266.7000,21.6000,266.7000,98.4000,198.3000,98.4000
199.5000,21.7000,265.5000,21.7000,265.5000,97.3000,199.5000,97.3000
198.5000,22.6000,264.5000,22.6000,264.5000,99.4000,198.5000,99.4000
196.2000,22.7000,265.8000,22.7000,265.8000,98.3000,196.2000,98.3000
195.3000,22.8000,263.7000,22.8000,263.7000,97.2000,195.3000,97.2000
195.3000,22.6000,263.7000,22.6000,263.7000,99.4000,195.3000,99.4000
194.4000,24.8000,261.6000,24.8000,261.6000,99.2000,194.4000,99.2000
193.3000,25.7000,261.7000,25.7000,261.7000,101.3000,193.3000,101.3000
193.3000,26.5000,261.7000,26.5000,261.7000,104.5000,193.3000,104.5000
191.5000,27.7000,257.5000,27.7000,257.5000,103.3000,191.5000,103.3000
190.4000,31.0000,257.6000,31.0000,257.6000,103.0000,190.4000,103.0000
189.4000,33.1000,256.6000,33.1000,256.6000,103.9000,189.4000,103.9000
188.4000,35.1000,255.6000,35.1000,255.6000,105.9000,188.4000,105.9000
188.4000,36.3000,255.6000,36.3000,255.6000,104.7000,188.4000,104.7000
188.5000,38.3000,254.5000,38.3000,254.5000,106.7000,188.5000,106.7000
187.5000,39.0000,253.5000,39.0000,253.5000,111.0000,187.5000,111.0000
187.5000,41.0000,253.5000,41.0000,253.5000,113.0000,187.5000,113.0000
187.5000,43.2000,253.5000,43.2000,253.5000,112.8000,187.5000,112.8000
187.7000,45.2000,251.3000,45.2000,251.3000,114.8000,187.7000,114.8000
186.3000,49.6000,254.7000,49.6000,254.7000,114.4000,186.3000,114.4000
185.4000,49.6000,252.6000,49.6000,252.6000,114.4000,185.4000,114.4000
185.1000,52.9000,255.9000,52.9000,255.9000,114.1000,185.1000,114.1000
185.2000,52.8000,254.8000,52.8000,254.8000,115.2000,185.2000,115.2000
185.1000,51.6000,255.9000,51.6000,255.9000,116.4000,185.1000,116.4000
185.1000,53.7000,255.9000,53.7000,255.9000,117.3000,185.1000,117.3000
184.8000,55.8000,259.2000,55.8000,259.2000,118.2000,184.8000,118.2000
189.0000,56.8000,261.0000,56.8000,261.0000,119.2000,189.0000,119.2000
191.2000,52.6000,260.8000,52.6000,260.8000,117.4000,191.2000,117.4000
192.3000,53.5000,260.7000,53.5000,260.7000,119.5000,192.3000,119.5000
192.1000,52.4000,262.9000,52.4000,262.9000,119.6000,192.1000,119.6000
196.3000,49.9000,264.7000,49.9000,264.7000,123.1000,196.3000,123.1000
195.4000,49.9000,262.6000,49.9000,262.6000,123.1000,195.4000,123.1000
199.4000,47.6000,266.6000,47.6000,266.6000,124.4000,199.4000,124.4000
201.5000,46.6000,267.5000,46.6000,267.5000,123.4000,201.5000,123.4000
202.5000,47.7000,268.5000,47.7000,268.5000,123.3000,202.5000,123.3000
202.4000,46.6000,269.6000,46.6000,269.6000,123.4000,202.4000,123.4000
202.3000,46.5000,270.7000,46.5000,270.7000,124.5000,202.3000,124.5000
203.3000,47.6000,271.7000,47.6000,271.7000,124.4000,203.3000,124.4000
207.3000,47.2000,275.7000,47.2000,275.7000,128.8000,207.3000,128.8000
208.3000,49.4000,276.7000,49.4000,276.7000,128.6000,208.3000,128.6000
207.4000,48.3000,274.6000,48.3000,274.6000,128.7000,207.4000,128.7000
208.4000,47.1000,275.6000,47.1000,275.6000,129.9000,208.4000,129.9000
201.8000,47.2000,276.2000,47.2000,276.2000,128.8000,201.8000,128.8000
202.8000,46.9000,277.2000,46.9000,277.2000,132.1000,202.8000,132.1000
202.8000,44.4000,277.2000,44.4000,277.2000,135.6000,202.8000,135.6000
202.0000,43.4000,274.0000,43.4000,274.0000,134.6000,202.0000,134.6000
202.1000,41.3000,272.9000,41.3000,272.9000,133.7000,202.1000,133.7000
197.6000,43.8000,274.4000,43.8000,274.4000,130.2000,197.6000,130.2000
197.6000,43.9000,274.4000,43.9000,274.4000,129.1000,197.6000,129.1000
197.8000,43.0000,272.2000,43.0000,272.2000,127.0000,197.8000,127.0000
196.9000,40.9000,270.1000,40.9000,270.1000,126.1000,196.9000,126.1000
197.1000,39.9000,267.9000,39.9000,267.9000,125.1000,197.1000,125.1000
196.3000,37.6000,264.7000,37.6000,264.7000,126.4000,196.3000,126.4000
197.5000,38.8000,263.5000,38.8000,263.5000,125.2000,197.5000,125.2000
196.5000,42.1000,262.5000,42.1000,262.5000,124.9000,196.5000,124.9000
196.6000,42.0000,261.4000,42.0000,261.4000,126.0000,196.6000,126.0000
196.6000,44.0000,261.4000,44.0000,261.4000,128.0000,196.6000,128.0000
195.6000,45.0000,260.4000,45.0000,260.4000,129.0000,195.6000,129.0000
194.6000,47.1000,259.4000,47.1000,259.4000,129.9000,194.6000,129.9000
192.6000,44.7000,257.4000,44.7000,257.4000,132.3000,192.6000,132.3000
189.3000,45.7000,257.7000,45.7000,257.7000,133.3000,189.3000,133.3000
181.4000,50.3000,260.6000,50.3000,260.6000,130.7000,181.4000,130.7000
176.3000,51.4000,256.7000,51.4000,256.7000,130.6000,176.3000,130.6000
171.2000,51.5000,252.8000,51.5000,252.8000,129.5000,171.2000,129.5000
166.1000,50.2000,248.9000,50.2000,248.9000,131.8000,166.1000,131.8000
164.1000,51.6000,246.9000,51.6000,246.9000,128.4000,164.1000,128.4000
166.6000,51.5000,243.4000,51.5000,243.4000,129.5000,166.6000,129.5000
163.4000,52.7000,242.6000,52.7000,242.6000,128.3000,163.4000,128.3000
162.9000,52.7000,236.1000,52.7000,236.1000,128.3000,162.9000,128.3000
163.2000,52.5000,232.8000,52.5000,232.8000,130.5000,163.2000,130.5000
155.1000,53.6000,225.9000,53.6000,225.9000,130.4000,155.1000,130.4000
150.0000,55.7000,222.0000,55.7000,222.0000,131.3000,150.0000,131.3000
143.8000,54.3000,218.2000,54.3000,218.2000,134.7000,143.8000,134.7000
138.3000,56.3000,218.7000,56.3000,218.7000,136.7000,138.3000,136.7000
137.8000,53.6000,212.2000,53.6000,212.2000,142.4000,137.8000,142.4000
132.4000,55.8000,211.6000,55.8000,211.6000,142.2000,132.4000,142.2000
130.9000,55.5000,204.1000,55.5000,204.1000,145.5000,130.9000,145.5000
127.3000,63.1000,207.7000,63.1000,207.7000,145.9000,127.3000,145.9000
121.0000,64.2000,205.0000,64.2000,205.0000,145.8000,121.0000,145.8000
116.8000,67.5000,203.2000,67.5000,203.2000,145.5000,116.8000,145.5000
111.8000,67.4000,198.2000,67.4000,198.2000,146.6000,111.8000,146.6000
112.1000,69.4000,194.9000,69.4000,194.9000,148.6000,112.1000,148.6000
110.2000,71.5000,191.8000,71.5000,191.8000,149.5000,110.2000,149.5000
110.4000,73.7000,189.6000,73.7000,189.6000,149.3000,110.4000,149.3000
111.8000,72.2000,186.2000,72.2000,186.2000,153.8000,111.8000,153.8000
103.0000,75.5000,187.0000,75.5000,187.0000,153.5000,103.0000,153.5000
100.0000,77.5000,184.0000,77.5000,184.0000,155.5000,100.0000,155.5000
95.8000,78.3000,182.2000,78.3000,182.2000,158.7000,95.8000,158.7000
87.1000,83.7000,181.9000,83.7000,181.9000,159.3000,87.1000,159.3000
83.2000,84.3000,176.8000,84.3000,176.8000,164.7000,83.2000,164.7000
85.6000,86.3000,174.4000,86.3000,174.4000,166.7000,85.6000,166.7000
83.6000,88.0000,172.4000,88.0000,172.4000,172.0000,83.6000,172.0000
78.1000,93.1000,172.9000,93.1000,172.9000,175.9000,78.1000,175.9000
79.3000,91.5000,171.7000,91.5000,171.7000,181.5000,79.3000,181.5000
75.9000,95.8000,173.1000,95.8000,173.1000,182.2000,75.9000,182.2000
73.2000,100.8000,166.8000,100.8000,166.8000,187.2000,73.2000,187.2000
73.0000,98.1000,157.0000,98.1000,157.0000,192.9000,73.0000,192.9000
74.3000,97.9000,154.7000,97.9000,154.7000,195.1000,74.3000,195.1000
75.4000,95.5000,154.6000,95.5000,154.6000,197.5000,75.4000,197.5000
75.4000,95.6000,154.6000,95.6000,154.6000,196.4000,75.4000,196.4000
71.0000,97.7000,155.0000,97.7000,155.0000,197.3000,71.0000,197.3000
68.8000,97.9000,155.2000,97.9000,155.2000,195.1000,68.8000,195.1000
73.2000,98.4000,154.8000,98.4000,154.8000,201.6000,73.2000,201.6000
84.2000,96.6000,153.8000,96.6000,153.8000,209.4000,84.2000,209.4000
85.1000,95.6000,155.9000,95.6000,155.9000,208.4000,85.1000,208.4000
90.2000,95.1000,159.8000,95.1000,159.8000,213.9000,90.2000,213.9000
93.2000,95.6000,162.8000,95.6000,162.8000,208.4000,93.2000,208.4000
100.6000,95.8000,165.4000,95.8000,165.4000,206.2000,100.6000,206.2000
105.7000,94.9000,169.3000,94.9000,169.3000,204.1000,105.7000,204.1000
107.7000,96.3000,171.3000,96.3000,171.3000,200.7000,107.7000,200.7000
115.9000,90.4000,177.1000,90.4000,177.1000,193.6000,115.9000,193.6000
122.1000,90.6000,180.9000,90.6000,180.9000,191.4000,122.1000,191.4000
130.6000,95.8000,183.4000,95.8000,183.4000,194.2000,130.6000,194.2000
127.2000,97.0000,184.8000,97.0000,184.8000,193.0000,127.2000,193.0000
128.2000,96.9000,185.8000,96.9000,185.8000,194.1000,128.2000,194.1000
130.0000,97.3000,190.0000,97.3000,190.0000,189.7000,130.0000,189.7000
132.9000,95.1000,194.1000,95.1000,194.1000,189.9000,132.9000,189.9000
139.9000,88.9000,201.1000,88.9000,201.1000,186.1000,139.9000,186.1000
151.3000,82.1000,207.7000,82.1000,207.7000,176.9000,151.3000,176.9000
158.4000,75.9000,213.6000,75.9000,213.6000,173.1000,158.4000,173.1000
160.1000,75.3000,218.9000,75.3000,218.9000,167.7000,160.1000,167.7000
169.5000,61.1000,223.5000,61.1000,223.5000,155.9000,169.5000,155.9000
172.1000,60.1000,230.9000,60.1000,230.9000,154.9000,172.1000,154.9000
179.3000,54.4000,235.7000,54.4000,235.7000,145.6000,179.3000,145.6000
195.2000,43.1000,240.8000,43.1000,240.8000,137.9000,195.2000,137.9000
198.3000,39.0000,242.7000,39.0000,242.7000,135.0000,198.3000,135.0000
194.8000,35.9000,245.2000,35.9000,245.2000,133.1000,194.8000,133.1000
194.5000,32.6000,248.5000,32.6000,248.5000,133.4000,194.5000,133.4000
200.9000,34.9000,250.1000,34.9000,250.1000,132.1000,200.9000,132.1000
199.2000,36.2000,256.8000,36.2000,256.8000,129.8000,199.2000,129.8000
197.7000,39.5000,261.3000,39.5000,261.3000,129.5000,197.7000,129.5000
211.7000,37.3000,263.3000,37.3000,263.3000,129.7000,211.7000,129.7000
213.4000,40.3000,268.6000,40.3000,268.6000,132.7000,213.4000,132.7000
213.0000,40.0000,273.0000,40.0000,273.0000,136.0000,213.0000,136.0000
215.2000,43.1000,272.8000,43.1000,272.8000,137.9000,215.2000,137.9000
215.1000,41.6000,273.9000,41.6000,273.9000,142.4000,215.1000,142.4000
212.7000,42.6000,276.3000,42.6000,276.3000,143.4000,212.7000,143.4000
214.8000,41.4000,277.2000,41.4000,277.2000,144.6000,214.8000,144.6000
212.3000,39.0000,280.7000,39.0000,280.7000,147.0000,212.3000,147.0000
214.5000,38.6000,280.5000,38.6000,280.5000,151.4000,214.5000,151.4000
213.3000,38.7000,281.7000,38.7000,281.7000,150.3000,213.3000,150.3000
213.4000,38.3000,280.6000,38.3000,280.6000,154.7000,213.4000,154.7000
214.6000,38.4000,279.4000,38.4000,279.4000,153.6000,214.6000,153.6000
214.7000,39.4000,278.3000,39.4000,278.3000,154.6000,214.7000,154.6000
214.7000,40.2000,278.3000,40.2000,278.3000,157.8000,214.7000,157.8000
214.9000,37.7000,276.1000,37.7000,276.1000,161.3000,214.9000,161.3000
213.9000,37.7000,275.1000,37.7000,275.1000,161.3000,213.9000,161.3000
215.3000,38.1000,271.7000,38.1000,271.7000,168.9000,215.3000,168.9000
215.5000,37.6000,269.5000,37.6000,269.5000,174.4000,215.5000,174.4000
215.5000,39.2000,269.5000,39.2000,269.5000,180.8000,215.5000,180.8000
214.6000,35.8000,267.4000,35.8000,267.4000,182.2000,214.6000,182.2000
211.6000,35.4000,264.4000,35.4000,264.4000,186.6000,211.6000,186.6000
206.4000,35.0000,261.6000,35.0000,261.6000,191.0000,206.4000,191.0000
199.0000,36.9000,259.0000,36.9000,259.0000,194.1000,199.0000,194.1000
201.1000,38.5000,259.9000,38.5000,259.9000,200.5000,201.1000,200.5000
186.8000,46.8000,261.2000,46.8000,261.2000,205.2000,186.8000,205.2000
183.4000,49.3000,262.6000,49.3000,262.6000,213.7000,183.4000,213.7000
187.6000,48.1000,264.4000,48.1000,264.4000,214.9000,187.6000,214.9000
194.2000,46.0000,263.8000,46.0000,263.8000,214.0000,194.2000,214.0000
197.6000,44.7000,262.4000,44.7000,262.4000,216.3000,197.6000,216.3000
203.1000,43.4000,261.9000,43.4000,261.9000,218.6000,203.1000,218.6000
201.9000,34.4000,263.1000,34.4000,263.1000,221.6000,201.9000,221.6000
207.6000,26.5000,260.4000,26.5000,260.4000,224.5000,207.6000,224.5000
199.8000,32.8000,262.2000,32.8000,262.2000,227.2000,199.8000,227.2000
197.7000,29.7000,261.3000,29.7000,261.3000,225.3000,197.7000,225.3000
198.5000,30.9000,264.5000,30.9000,264.5000,224.1000,198.5000,224.1000
211.6000,30.7000,264.4000,30.7000,264.4000,226.3000,211.6000,226.3000
213.7000,31.6000,265.3000,31.6000,265.3000,228.4000,213.7000,228.4000
211.6000,30.6000,264.4000,30.6000,264.4000,227.4000,211.6000,227.4000
211.5000,31.8000,265.5000,31.8000,265.5000,226.2000,211.5000,226.2000
211.5000,30.7000,265.5000,30.7000,265.5000,226.3000,211.5000,226.3000
213.7000,32.0000,265.3000,32.0000,265.3000,224.0000,213.7000,224.0000
210.6000,29.8000,263.4000,29.8000,263.4000,224.2000,210.6000,224.2000
207.6000,32.0000,260.4000,32.0000,260.4000,224.0000,207.6000,224.0000
203.4000,28.7000,258.6000,28.7000,258.6000,212.3000,203.4000,212.3000
199.3000,25.9000,255.7000,25.9000,255.7000,207.1000,199.3000,207.1000
194.4000,29.2000,249.6000,29.2000,249.6000,206.8000,194.4000,206.8000
192.5000,32.5000,246.5000,32.5000,246.5000,206.5000,192.5000,206.5000
187.7000,33.8000,239.3000,33.8000,239.3000,204.2000,187.7000,204.2000
187.9000,32.3000,237.1000,32.3000,237.1000,196.7000,187.9000,196.7000
184.9000,32.1000,234.1000,32.1000,234.1000,198.9000,184.9000,198.9000
178.0000,32.9000,226.0000,32.9000,226.0000,202.1000,178.0000,202.1000
172.9000,33.1000,222.1000,33.1000,222.1000,199.9000,172.9000,199.9000
168.9000,33.1000,218.1000,33.1000,218.1000,199.9000,168.9000,199.9000
164.2000,32.1000,233.8000,32.1000,233.8000,198.9000,164.2000,198.9000
157.8000,30.9000,232.2000,30.9000,232.2000,200.1000,157.8000,200.1000
155.8000,32.5000,230.2000,32.5000,230.2000,194.5000,155.8000,194.5000
156.6000,34.0000,233.4000,34.0000,233.4000,190.0000,156.6000,190.0000
153.3000,34.2000,233.7000,34.2000,233.7000,187.8000,153.3000,187.8000
148.7000,30.2000,236.3000,30.2000,236.3000,183.8000,148.7000,183.8000
145.5000,30.8000,235.5000,30.8000,235.5000,177.2000,145.5000,177.2000
142.2000,28.6000,223.8000,28.6000,223.8000,177.4000,142.2000,177.4000
136.1000,33.2000,230.9000,33.2000,230.9000,174.8000,136.1000,174.8000
134.3000,21.6000,226.7000,21.6000,226.7000,170.4000,134.3000,170.4000
132.0000,20.8000,228.0000,20.8000,228.0000,167.2000,132.0000,167.2000
125.9000,18.8000,223.1000,18.8000,223.1000,165.2000,125.9000,165.2000
120.9000,16.8000,218.1000,16.8000,218.1000,163.2000,120.9000,163.2000
116.3000,16.9000,220.7000,16.9000,220.7000,162.1000,116.3000,162.1000
111.9000,14.7000,209.1000,14.7000,209.1000,162.3000,111.9000,162.3000
110.2000,12.9000,191.8000,12.9000,191.8000,158.1000,110.2000,158.1000
108.1000,11.8000,190.9000,11.8000,190.9000,158.2000,108.1000,158.2000
95.8000,20.5000,194.2000,20.5000,194.2000,158.5000,95.8000,158.5000
89.4000,14.3000,192.6000,14.3000,192.6000,154.7000,89.4000,154.7000
84.2000,13.7000,189.8000,13.7000,189.8000,149.3000,84.2000,149.3000
82.0000,13.9000,190.0000,13.9000,190.0000,147.1000,82.0000,147.1000
78.7000,14.4000,190.3000,14.4000,190.3000,141.6000,78.7000,141.6000
70.7000,17.0000,194.3000,17.0000,194.3000,137.0000,70.7000,137.0000
80.9000,20.0000,214.1000,20.0000,214.1000,128.0000,80.9000,128.0000
77.0000,15.5000,209.0000,15.5000,209.0000,129.5000,77.0000,129.5000
78.4000,20.0000,217.6000,20.0000,217.6000,128.0000,78.4000,128.0000
73.8000,19.0000,220.2000,19.0000,220.2000,127.0000,73.8000,127.0000
72.1000,19.1000,214.9000,19.1000,214.9000,125.9000,72.1000,125.9000
67.6000,20.2000,204.4000,20.2000,204.4000,125.8000,67.6000,125.8000
64.6000,22.4000,201.4000,22.4000,201.4000,125.6000,64.6000,125.6000
58.4000,25.9000,197.6000,25.9000,197.6000,123.1000,58.4000,123.1000
60.3000,23.4000,200.7000,23.4000,200.7000,126.6000,60.3000,126.6000
59.5000,23.2000,197.5000,23.2000,197.5000,128.8000,59.5000,128.8000
60.3000,25.0000,200.7000,25.0000,200.7000,133.0000,60.3000,133.0000
59.2000,24.8000,200.8000,24.8000,200.8000,135.2000,59.2000,135.2000
57.1000,24.5000,199.9000,24.5000,199.9000,138.5000,57.1000,138.5000
56.1000,21.2000,198.9000,21.2000,198.9000,138.8000,56.1000,138.8000
52.6000,34.0000,201.4000,34.0000,201.4000,142.0000,52.6000,142.0000
55.1000,26.4000,197.9000,26.4000,197.9000,141.6000,55.1000,141.6000
56.1000,33.0000,198.9000,33.0000,198.9000,141.0000,56.1000,141.0000
52.3000,32.5000,192.7000,32.5000,192.7000,146.5000,52.3000,146.5000
56.0000,36.9000,200.0000,36.9000,200.0000,146.1000,56.0000,146.1000
55.6000,32.6000,192.4000,32.6000,192.4000,145.4000,55.6000,145.4000
58.9000,33.5000,192.1000,33.5000,192.1000,147.5000,58.9000,147.5000
59.9000,54.7000,205.1000,54.7000,205.1000,154.3000,59.9000,154.3000
63.9000,65.4000,209.1000,65.4000,209.1000,156.6000,63.9000,156.6000
67.4000,54.5000,206.6000,54.5000,206.6000,156.5000,67.4000,156.5000
67.7000,53.3000,203.3000,53.3000,203.3000,157.7000,67.7000,157.7000
66.3000,54.4000,206.7000,54.4000,206.7000,157.6000,66.3000,157.6000
69.9000,52.2000,203.1000,52.2000,203.1000,157.8000,69.9000,157.8000
73.2000,53.4000,202.8000,53.4000,202.8000,156.6000,73.2000,156.6000
76.1000,54.3000,206.9000,54.3000,206.9000,158.7000,76.1000,158.7000
78.4000,54.4000,205.6000,54.4000,205.6000,157.6000,78.4000,157.6000
80.6000,53.2000,205.4000,53.2000,205.4000,158.8000,80.6000,158.8000
83.4000,35.6000,198.6000,35.6000,198.6000,160.4000,83.4000,160.4000
86.2000,27.4000,191.8000,27.4000,191.8000,154.6000,86.2000,154.6000
87.3000,27.4000,191.7000,27.4000,191.7000,154.6000,87.3000,154.6000
93.7000,25.4000,193.3000,25.4000,193.3000,152.6000,93.7000,152.6000
96.6000,33.2000,197.4000,33.2000,197.4000,150.8000,96.6000,150.8000
96.9000,33.4000,194.1000,33.4000,194.1000,148.6000,96.9000,148.6000
100.0000,33.2000,196.0000,33.2000,196.0000,150.8000,100.0000,150.8000
101.3000,33.1000,193.7000,33.1000,193.7000,151.9000,101.3000,151.9000
95.7000,34.1000,195.3000,34.1000,195.3000,152.9000,95.7000,152.9000
102.7000,31.8000,190.3000,31.8000,190.3000,154.2000,102.7000,154.2000
104.6000,32.8000,193.4000,32.8000,193.4000,155.2000,104.6000,155.2000
107.1000,31.8000,189.9000,31.8000,189.9000,154.2000,107.1000,154.2000
110.2000,32.7000,191.8000,32.7000,191.8000,156.3000,110.2000,156.3000
115.6000,32.5000,192.4000,32.5000,192.4000,158.5000,115.6000,158.5000
122.2000,32.4000,191.8000,32.4000,191.8000,159.6000,122.2000,159.6000
126.4000,31.8000,193.6000,31.8000,193.6000,154.2000,126.4000,154.2000
134.7000,32.1000,198.3000,32.1000,198.3000,150.9000,134.7000,150.9000
137.0000,32.9000,197.0000,32.9000,197.0000,154.1000,137.0000,154.1000
140.8000,32.8000,203.2000,32.8000,203.2000,155.2000,140.8000,155.2000
139.6000,32.5000,204.4000,32.5000,204.4000,158.5000,139.6000,158.5000
138.1000,31.4000,208.9000,31.4000,208.9000,158.6000,138.1000,158.6000
135.8000,32.0000,210.2000,32.0000,210.2000,164.0000,135.8000,164.0000
133.3000,31.9000,213.7000,31.9000,213.7000,165.1000,133.3000,165.1000
134.1000,31.7000,216.9000,31.7000,216.9000,167.3000,134.1000,167.3000
136.9000,30.6000,222.1000,30.6000,222.1000,167.4000,136.9000,167.4000
136.6000,30.5000,225.4000,30.5000,225.4000,168.5000,136.6000,168.5000
134.1000,30.4000,228.9000,30.4000,228.9000,169.6000,134.1000,169.6000
138.0000,31.5000,234.0000,31.5000,234.0000,169.5000,138.0000,169.5000
149.5000,34.3000,239.5000,34.3000,239.5000,174.7000,149.5000,174.7000
154.3000,31.3000,246.7000,31.3000,246.7000,171.7000,154.3000,171.7000
158.4000,34.4000,249.6000,34.4000,249.6000,173.6000,158.4000,173.6000
161.3000,35.1000,253.7000,35.1000,253.7000,177.9000,161.3000,177.9000
166.6000,25.2000,255.4000,25.2000,255.4000,178.8000,166.6000,178.8000
174.7000,24.3000,262.3000,24.3000,262.3000,176.7000,174.7000,176.7000
175.9000,28.2000,261.1000,28.2000,261.1000,181.8000,175.9000,181.8000
177.7000,26.7000,265.3000,26.7000,265.3000,186.3000,177.7000,186.3000
183.8000,27.7000,270.2000,27.7000,270.2000,187.3000,183.8000,187.3000
189.3000,27.5000,269.7000,27.5000,269.7000,189.5000,189.3000,189.5000
195.6000,30.7000,272.4000,30.7000,272.4000,190.3000,195.6000,190.3000
199.9000,30.7000,273.1000,30.7000,273.1000,190.3000,199.9000,190.3000
200.6000,28.5000,277.4000,28.5000,277.4000,190.5000,200.6000,190.5000
206.0000,28.2000,290.0000,28.2000,290.0000,193.8000,206.0000,193.8000
209.2000,23.8000,302.8000,23.8000,302.8000,194.2000,209.2000,194.2000
204.7000,20.8000,304.3000,20.8000,304.3000,191.2000,204.7000,191.2000
204.7000,25.5000,304.3000,25.5000,304.3000,187.5000,204.7000,187.5000
201.4000,21.9000,304.6000,21.9000,304.6000,179.1000,201.4000,179.1000
199.6000,18.2000,300.4000,18.2000,300.4000,171.8000,199.6000,171.8000
200.8000,17.5000,299.2000,17.5000,299.2000,167.5000,200.8000,167.5000
202.0000,15.9000,298.0000,15.9000,298.0000,161.1000,202.0000,161.1000
200.9000,12.5000,298.1000,12.5000,298.1000,150.5000,200.9000,150.5000
197.7000,12.7000,297.3000,12.7000,297.3000,148.3000,197.7000,148.3000
195.9000,2.3000,293.1000,2.3000,293.1000,142.7000,195.9000,142.7000
193.9000,-4.9000,291.1000,-4.9000,291.1000,137.9000,193.9000,137.9000
172.2000,2.7000,289.8000,2.7000,289.8000,138.3000,172.2000,138.3000
206.3000,13.2000,322.7000,13.2000,322.7000,142.8000,206.3000,142.8000
206.4000,11.0000,321.6000,11.0000,321.6000,143.0000,206.4000,143.0000
204.4000,6.5000,319.6000,6.5000,319.6000,144.5000,204.4000,144.5000
202.3000,1.9000,318.7000,1.9000,318.7000,147.1000,202.3000,147.1000
205.7000,-1.3000,317.3000,-1.3000,317.3000,146.3000,205.7000,146.3000
207.2000,0.8000,312.8000,0.8000,312.8000,147.2000,207.2000,147.2000
207.2000,-2.3000,312.8000,-2.3000,312.8000,145.3000,207.2000,145.3000
202.0000,-4.4000,310.0000,-4.4000,310.0000,144.4000,202.0000,144.4000
198.7000,-4.5000,310.3000,-4.5000,310.3000,145.5000,198.7000,145.5000
194.6000,3.2000,307.4000,3.2000,307.4000,144.8000,194.6000,144.8000
177.5000,9.3000,303.5000,9.3000,303.5000,137.7000,177.5000,137.7000
173.4000,10.4000,300.6000,10.4000,300.6000,137.6000,173.4000,137.6000
166.2000,16.0000,295.8000,16.0000,295.8000,136.0000,166.2000,136.0000
149.5000,15.0000,287.5000,15.0000,287.5000,135.0000,149.5000,135.0000
146.4000,10.6000,285.6000,10.6000,285.6000,135.4000,146.4000,135.4000
141.3000,9.5000,281.7000,9.5000,281.7000,135.5000,141.3000,135.5000
147.6000,6.0000,284.4000,6.0000,284.4000,138.0000,147.6000,138.0000
149.7000,6.0000,285.3000,6.0000,285.3000,138.0000,149.7000,138.0000
143.3000,7.4000,283.7000,7.4000,283.7000,134.6000,143.3000,134.6000
134.8000,6.2000,281.2000,6.2000,281.2000,135.8000,134.8000,135.8000
135.8000,7.2000,282.2000,7.2000,282.2000,136.8000,135.8000,136.8000
122.9000,10.0000,280.1000,10.0000,280.1000,130.0000,122.9000,130.0000
125.0000,10.8000,281.0000,10.8000,281.0000,133.2000,125.0000,133.2000
134.5000,5.3000,284.5000,5.3000,284.5000,133.7000,134.5000,133.7000
134.5000,2.1000,284.5000,2.1000,284.5000,132.9000,134.5000,132.9000
135.3000,1.0000,287.7000,1.0000,287.7000,133.0000,135.3000,133.0000
132.4000,3.4000,283.6000,3.4000,283.6000,130.6000,132.4000,130.6000
132.3000,1.1000,284.7000,1.1000,284.7000,131.9000,132.3000,131.9000
129.1000,-2.9000,283.9000,-2.9000,283.9000,127.9000,129.1000,127.9000
130.1000,-0.9000,284.9000,-0.9000,284.9000,129.9000,130.1000,129.9000
126.6000,0.0000,287.4000,0.0000,287.4000,132.0000,126.6000,132.0000
125.7000,-3.2000,285.3000,-3.2000,285.3000,131.2000,125.7000,131.2000
