1
541.0000,190.0000,26.0000,34.0000
531.0000,199.0000,30.0000,32.0000
529.0000,207.0000,30.0000,32.0000
529.0000,214.0000,28.0000,28.0000
527.0000,221.0000,29.0000,29.0000
526.0000,228.0000,28.0000,29.0000
526.0000,235.0000,28.0000,28.0000
528.0000,240.0000,27.0000,28.0000
530.0000,245.0000,27.0000,27.0000
534.0000,248.0000,27.0000,27.0000
540.0000,250.0000,27.0000,27.0000
548.0000,252.0000,27.0000,28.0000
557.0000,254.0000,27.0000,28.0000
566.0000,258.0000,27.0000,27.0000
576.0000,260.0000,27.0000,27.0000
588.0000,261.0000,27.0000,27.0000
599.0000,262.0000,27.0000,27.0000
609.0000,264.0000,28.0000,27.0000
619.0000,266.0000,28.0000,27.0000
628.0000,268.0000,28.0000,27.0000
637.0000,271.0000,28.0000,27.0000
645.0000,273.0000,28.0000,27.0000
651.0000,274.0000,29.0000,27.0000
657.0000,275.0000,29.0000,27.0000
662.0000,275.0000,27.0000,28.0000
667.0000,275.0000,27.0000,28.0000
671.0000,276.0000,28.0000,27.0000
675.0000,276.0000,28.0000,28.0000
679.0000,276.0000,28.0000,28.0000
683.0000,275.0000,28.0000,29.0000
687.0000,274.0000,27.0000,29.0000
690.0000,273.0000,27.0000,29.0000
693.0000,272.0000,28.0000,28.0000
696.0000,270.0000,28.0000,28.0000
700.0000,268.0000,28.0000,28.0000
705.0000,265.0000,28.0000,28.0000
711.0000,261.0000,28.0000,28.0000
717.0000,258.0000,28.0000,27.0000
725.0000,253.0000,28.0000,27.0000
734.0000,248.0000,28.0000,27.0000
744.0000,244.0000,27.0000,27.0000
755.0000,239.0000,28.0000,27.0000
767.0000,235.0000,28.0000,27.0000
781.0000,229.0000,28.0000,28.0000
796.0000,224.0000,27.0000,28.0000
810.0000,219.0000,28.0000,28.0000
826.0000,215.0000,28.0000,28.0000
842.0000,211.0000,28.0000,28.0000
858.0000,208.0000,27.0000,28.0000
873.0000,205.0000,28.0000,28.0000
888.0000,201.0000,28.0000,29.0000
903.0000,197.0000,28.0000,28.0000
918.0000,192.0000,28.0000,28.0000
933.0000,187.0000,28.0000,28.0000
947.0000,181.0000,29.0000,28.0000
960.0000,174.0000,28.0000,28.0000
972.0000,167.0000,28.0000,28.0000
983.0000,162.0000,28.0000,27.0000
995.0000,157.0000,28.0000,28.0000
1007.0000,154.0000,28.0000,28.0000
1018.0000,152.0000,28.0000,28.0000
1029.0000,150.0000,27.0000,28.0000
1039.0000,152.0000,27.0000,27.0000
1050.0000,155.0000,28.0000,28.0000
1057.0000,161.0000,28.0000,28.0000
1064.0000,161.0000,28.0000,27.0000
1068.0000,155.0000,28.0000,28.0000
1072.0000,147.0000,27.0000,28.0000
1074.0000,138.0000,29.0000,30.0000
1077.0000,132.0000,29.0000,29.0000
1079.0000,125.0000,29.0000,30.0000
1081.0000,121.0000,29.0000,29.0000
1083.0000,116.0000,29.0000,29.0000
1085.0000,110.0000,28.0000,30.0000
1087.0000,107.0000,29.0000,30.0000
1089.0000,106.0000,29.0000,29.0000
1092.0000,103.0000,28.0000,29.0000
1094.0000,96.0000,28.0000,29.0000
1096.0000,85.0000,28.0000,29.0000
1097.0000,71.0000,28.0000,29.0000
1099.0000,64.0000,29.0000,30.0000
1103.0000,62.0000,29.0000,30.0000
1107.0000,57.0000,29.0000,30.0000
552.0000,50.0000,588.0000,145.0000
553.0000,44.0000,593.0000,151.0000
1123.0000,40.0000,29.0000,29.0000
1129.0000,38.0000,29.0000,29.0000
1134.0000,34.0000,29.0000,30.0000
551.0000,30.0000,618.0000,164.0000
552.0000,31.0000,623.0000,163.0000
1153.0000,30.0000,29.0000,30.0000
551.0000,29.0000,637.0000,165.0000
551.0000,27.0000,642.0000,166.0000
552.0000,25.0000,646.0000,169.0000
1175.0000,26.0000,31.0000,31.0000
551.0000,29.0000,660.0000,165.0000
552.0000,33.0000,665.0000,161.0000
1194.0000,37.0000,31.0000,30.0000
553.0000,44.0000,678.0000,151.0000
1206.0000,56.0000,31.0000,29.0000
1212.0000,70.0000,32.0000,30.0000
1218.0000,85.0000,31.0000,29.0000
1223.0000,99.0000,31.0000,29.0000
1227.0000,114.0000,32.0000,29.0000
1232.0000,130.0000,31.0000,29.0000
1236.0000,146.0000,31.0000,29.0000
1240.0000,160.0000,31.0000,29.0000
1243.0000,176.0000,32.0000,29.0000
1247.0000,193.0000,30.0000,29.0000
552.0000,169.0000,728.0000,72.0000
553.0000,169.0000,727.0000,92.0000
1254.0000,251.0000,26.0000,28.0000
1254.0000,267.0000,26.0000,28.0000
1254.0000,279.0000,26.0000,28.0000
1252.0000,287.0000,27.0000,29.0000
1250.0000,292.0000,27.0000,29.0000
553.0000,169.0000,722.0000,155.0000
1245.0000,298.0000,27.0000,29.0000
1241.0000,301.0000,27.0000,29.0000
1237.0000,304.0000,26.0000,29.0000
1231.0000,309.0000,26.0000,29.0000
1224.0000,315.0000,27.0000,29.0000
1216.0000,323.0000,27.0000,28.0000
1208.0000,331.0000,27.0000,29.0000
1199.0000,340.0000,27.0000,28.0000
1190.0000,350.0000,27.0000,28.0000
1181.0000,359.0000,27.0000,29.0000
1172.0000,368.0000,27.0000,28.0000
1163.0000,377.0000,28.0000,28.0000
1154.0000,388.0000,28.0000,28.0000
527.0000,181.0000,645.0000,247.0000
554.0000,169.0000,609.0000,272.0000
553.0000,168.0000,602.0000,283.0000
539.0000,142.0000,610.0000,315.0000
510.0000,146.0000,634.0000,315.0000
508.0000,146.0000,631.0000,320.0000
1106.0000,442.0000,28.0000,28.0000
1102.0000,446.0000,27.0000,29.0000
1099.0000,450.0000,26.0000,29.0000
1094.0000,453.0000,27.0000,29.0000
553.0000,169.0000,566.0000,314.0000
565.0000,169.0000,552.0000,312.0000
566.0000,169.0000,549.0000,309.0000
1086.0000,446.0000,28.0000,29.0000
1085.0000,442.0000,27.0000,29.0000
1083.0000,438.0000,28.0000,29.0000
1080.0000,436.0000,28.0000,29.0000
1077.0000,435.0000,27.0000,29.0000
512.0000,182.0000,587.0000,281.0000
518.0000,182.0000,577.0000,280.0000
511.0000,182.0000,579.0000,278.0000
1056.0000,431.0000,27.0000,30.0000
1050.0000,433.0000,27.0000,29.0000
510.0000,182.0000,561.0000,279.0000
503.0000,182.0000,563.0000,278.0000
1034.0000,431.0000,27.0000,28.0000
1026.0000,429.0000,28.0000,29.0000
556.0000,180.0000,494.0000,274.0000
1017.0000,421.0000,29.0000,29.0000
555.0000,180.0000,486.0000,266.0000
557.0000,180.0000,480.0000,264.0000
1004.0000,412.0000,27.0000,28.0000
1000.0000,409.0000,26.0000,28.0000
994.0000,406.0000,29.0000,29.0000
991.0000,405.0000,28.0000,29.0000
983.0000,404.0000,30.0000,29.0000
980.0000,404.0000,28.0000,29.0000
975.0000,405.0000,28.0000,29.0000
972.0000,406.0000,27.0000,29.0000
968.0000,406.0000,27.0000,28.0000
556.0000,180.0000,435.0000,254.0000
553.0000,180.0000,434.0000,252.0000
555.0000,180.0000,429.0000,249.0000
556.0000,180.0000,425.0000,244.0000
951.0000,394.0000,27.0000,27.0000
555.0000,179.0000,420.0000,238.0000
555.0000,180.0000,418.0000,237.0000
938.0000,380.0000,33.0000,31.0000
554.0000,179.0000,414.0000,225.0000
555.0000,180.0000,415.0000,218.0000
940.0000,361.0000,33.0000,29.0000
938.0000,354.0000,36.0000,30.0000
945.0000,353.0000,27.0000,28.0000
932.0000,347.0000,46.0000,30.0000
930.0000,341.0000,49.0000,31.0000
556.0000,180.0000,424.0000,186.0000
555.0000,180.0000,425.0000,185.0000
556.0000,180.0000,424.0000,186.0000
556.0000,180.0000,424.0000,186.0000
552.0000,206.0000,429.0000,156.0000
559.0000,187.0000,423.0000,169.0000
555.0000,170.0000,429.0000,181.0000
555.0000,180.0000,431.0000,167.0000
523.0000,176.0000,464.0000,167.0000
518.0000,176.0000,469.0000,165.0000
523.0000,176.0000,465.0000,163.0000
512.0000,176.0000,476.0000,162.0000
507.0000,176.0000,480.0000,163.0000
2
0
0
0
0
1
836.0000,329.0000,25.0000,8.0000
826.0000,329.0000,27.0000,8.0000
818.0000,332.0000,27.0000,8.0000
811.0000,336.0000,26.0000,8.0000
804.0000,339.0000,23.0000,8.0000
797.0000,342.0000,23.0000,8.0000
790.0000,342.0000,23.0000,8.0000
783.0000,342.0000,24.0000,8.0000
776.0000,341.0000,24.0000,8.0000
770.0000,339.0000,24.0000,8.0000
764.0000,335.0000,23.0000,8.0000
759.0000,331.0000,23.0000,8.0000
754.0000,326.0000,23.0000,7.0000
750.0000,320.0000,23.0000,8.0000
745.0000,314.0000,24.0000,7.0000
741.0000,307.0000,24.0000,7.0000
736.0000,299.0000,24.0000,7.0000
732.0000,292.0000,24.0000,7.0000
727.0000,285.0000,24.0000,7.0000
722.0000,279.0000,25.0000,7.0000
718.0000,273.0000,24.0000,8.0000
714.0000,268.0000,24.0000,8.0000
709.0000,263.0000,26.0000,8.0000
705.0000,259.0000,24.0000,7.0000
702.0000,255.0000,23.0000,8.0000
698.0000,251.0000,24.0000,8.0000
695.0000,249.0000,24.0000,7.0000
692.0000,246.0000,24.0000,8.0000
689.0000,244.0000,24.0000,8.0000
686.0000,241.0000,23.0000,8.0000
682.0000,239.0000,24.0000,8.0000
679.0000,237.0000,24.0000,8.0000
675.0000,235.0000,24.0000,8.0000
671.0000,232.0000,24.0000,8.0000
667.0000,230.0000,24.0000,8.0000
662.0000,228.0000,24.0000,8.0000
656.0000,225.0000,24.0000,9.0000
650.0000,224.0000,25.0000,8.0000
644.0000,223.0000,25.0000,8.0000
637.0000,222.0000,25.0000,9.0000
630.0000,222.0000,25.0000,9.0000
623.0000,222.0000,25.0000,9.0000
616.0000,222.0000,25.0000,9.0000
608.0000,220.0000,25.0000,10.0000
600.0000,219.0000,26.0000,9.0000
592.0000,218.0000,25.0000,9.0000
583.0000,217.0000,27.0000,10.0000
575.0000,216.0000,26.0000,10.0000
567.0000,215.0000,26.0000,10.0000
559.0000,214.0000,26.0000,10.0000
552.0000,214.0000,25.0000,10.0000
544.0000,213.0000,30.0000,11.0000
537.0000,214.0000,26.0000,10.0000
531.0000,214.0000,26.0000,10.0000
525.0000,215.0000,26.0000,10.0000
519.0000,216.0000,26.0000,10.0000
514.0000,216.0000,26.0000,10.0000
509.0000,216.0000,26.0000,11.0000
504.0000,217.0000,27.0000,10.0000
500.0000,217.0000,26.0000,11.0000
496.0000,217.0000,26.0000,11.0000
493.0000,218.0000,26.0000,11.0000
489.0000,220.0000,27.0000,10.0000
486.0000,222.0000,27.0000,10.0000
481.0000,223.0000,28.0000,18.0000
480.0000,226.0000,26.0000,14.0000
477.0000,230.0000,33.0000,17.0000
475.0000,228.0000,42.0000,16.0000
472.0000,237.0000,364.0000,82.0000
470.0000,241.0000,382.0000,64.0000
469.0000,245.0000,387.0000,56.0000
468.0000,249.0000,393.0000,47.0000
466.0000,253.0000,379.0000,57.0000
465.0000,257.0000,375.0000,58.0000
464.0000,260.0000,381.0000,49.0000
463.0000,263.0000,387.0000,42.0000
462.0000,265.0000,391.0000,38.0000
462.0000,267.0000,396.0000,33.0000
461.0000,269.0000,401.0000,30.0000
462.0000,273.0000,405.0000,25.0000
462.0000,276.0000,410.0000,21.0000
462.0000,280.0000,416.0000,16.0000
463.0000,283.0000,420.0000,13.0000
465.0000,280.0000,433.0000,18.0000
466.0000,270.0000,450.0000,31.0000
468.0000,278.0000,444.0000,25.0000
469.0000,278.0000,449.0000,27.0000
471.0000,278.0000,454.0000,30.0000
473.0000,285.0000,450.0000,26.0000
475.0000,284.0000,454.0000,29.0000
476.0000,282.0000,461.0000,33.0000
478.0000,279.0000,465.0000,37.0000
479.0000,276.0000,471.0000,42.0000
480.0000,272.0000,476.0000,48.0000
472.0000,266.0000,490.0000,78.0000
481.0000,259.0000,485.0000,68.0000
473.0000,252.0000,497.0000,93.0000
445.0000,246.0000,527.0000,98.0000
451.0000,238.0000,525.0000,103.0000
463.0000,230.0000,516.0000,126.0000
475.0000,237.0000,488.0000,101.0000
476.0000,229.0000,489.0000,103.0000
481.0000,237.0000,464.0000,88.0000
469.0000,248.0000,459.0000,89.0000
468.0000,241.0000,464.0000,91.0000
464.0000,235.0000,470.0000,103.0000
461.0000,232.0000,478.0000,106.0000
458.0000,229.0000,485.0000,109.0000
455.0000,233.0000,480.0000,107.0000
453.0000,229.0000,485.0000,112.0000
451.0000,225.0000,506.0000,117.0000
449.0000,222.0000,504.0000,120.0000
2
0
0
0
0
1
446.0000,330.0000,18.0000,20.0000
441.0000,332.0000,22.0000,18.0000
443.0000,332.0000,22.0000,18.0000
448.0000,334.0000,18.0000,15.0000
446.0000,334.0000,22.0000,18.0000
447.0000,334.0000,22.0000,18.0000
450.0000,334.0000,19.0000,16.0000
446.0000,335.0000,23.0000,18.0000
445.0000,337.0000,23.0000,18.0000
442.0000,339.0000,23.0000,18.0000
439.0000,339.0000,22.0000,18.0000
434.0000,339.0000,22.0000,18.0000
429.0000,339.0000,22.0000,18.0000
424.0000,339.0000,22.0000,18.0000
418.0000,338.0000,22.0000,18.0000
412.0000,337.0000,22.0000,18.0000
407.0000,335.0000,22.0000,18.0000
401.0000,332.0000,22.0000,18.0000
396.0000,329.0000,21.0000,17.0000
390.0000,324.0000,22.0000,18.0000
384.0000,321.0000,22.0000,18.0000
379.0000,318.0000,21.0000,17.0000
374.0000,314.0000,21.0000,18.0000
369.0000,311.0000,22.0000,18.0000
365.0000,308.0000,22.0000,18.0000
363.0000,306.0000,20.0000,17.0000
360.0000,303.0000,20.0000,17.0000
357.0000,300.0000,21.0000,17.0000
355.0000,298.0000,21.0000,17.0000
353.0000,295.0000,21.0000,17.0000
351.0000,292.0000,21.0000,18.0000
349.0000,290.0000,22.0000,18.0000
