0.000136
3.590209
0.060723
0.060544
0.060486
0.060413
NaN
0.060489
0.060632
0.060466
0.060492
0.060631
NaN
0.054742
NaN
NaN
NaN
NaN
0.000244
3.595158
0.062465
0.061937
0.061829
0.075028
NaN
0.06392299999999999
0.06342100000000001
NaN
0.064718
0.063274
0.065604
0.049677
0.06292499999999999
NaN
0.06755800000000001
0.06267499999999999
0.067993
NaN
0.064097
0.082021
NaN
0.06491
0.061908
0.062693
0.063985
NaN
0.064813
0.061452
0.061528
0.061021
NaN
0.07446800000000001
0.061028
0.061862
NaN
0.061935
0.061672
0.061578
0.075185
NaN
0.064621
0.064586
0.06268799999999999
NaN
0.062679
0.056612
0.061765
0.061994
0.061706
NaN
0.061662
0.062026
0.061615
0.062309
NaN
0.061679
0.062201
0.06232
0.061754
NaN
0.060133
0.061786
0.061711
0.06217
NaN
0.061907
0.061118
0.062061
0.061869
0.061543
NaN
0.061586
0.061642
0.060886
0.059707
NaN
0.062201
0.062065
0.062116
0.061964
NaN
0.061792
0.062146
0.06254899999999999
0.062454
0.062287
NaN
0.062063
0.061911
0.062432
0.062351
NaN
0.062245
0.061806
0.07018099999999999
NaN
0.059879
0.062217
0.062285
0.062467
NaN
0.063875
0.058418
0.062475
0.060406
0.048659
0.048541
0.048467
0.046313
0.045853
0.04593
0.046551
0.060195
NaN
0.052661
0.049788
0.049306
0.046162
0.046064
0.049416
0.045666
0.049904
0.04894
0.048351
0.048553
0.049451
0.044403
0.044517
0.049178
0.051049
0.049317
0.057832
0.062876
0.050379
0.049017
0.046399
0.045863
0.051186
NaN
NaN
NaN
NaN
0.00015
3.355075
0.047901
0.047578
0.047455
0.047413
0.047495
0.04741
0.047524
0.047504
0.047629
0.047656
0.061626
0.061463
0.061581
NaN
0.062598
0.069366
0.068341
NaN
0.064416
0.063615
0.062833
NaN
0.063912
0.064317
0.064029
0.064148
NaN
0.064036
0.064333
0.062677
0.063086
NaN
0.062411
0.06248
0.062454
0.063862
NaN
0.06361600000000001
0.062173
0.061216
0.06318699999999999
NaN
0.048198
0.049051
0.048956
0.048816
0.056661
0.049383
0.048387
0.047951
0.048248
0.055907
0.048337
0.04723
0.045636
0.044267
0.065924
0.06313100000000001
NaN
0.06326
0.073604
0.075868
NaN
0.07979
0.064349
NaN
0.069316
0.063113
NaN
NaN
NaN
NaN
0.000164
3.58631
0.060851
0.060606
0.060491
0.060613
NaN
0.062065
0.060638
0.0609
0.061275
NaN
0.060937
0.061946
0.067203
0.060957
NaN
0.060643
0.060863
0.061333
0.057395
0.047891
0.047807
0.047788
0.060291
NaN
0.059879
0.060154
0.060088
0.059931
0.059911
NaN
0.054422
NaN
NaN
NaN
NaN
0.000144
3.3254
0.053436
0.060967
0.050877
0.057826
0.061924
NaN
0.059687
0.049177
0.048817
0.062171
0.062352
0.06325
NaN
0.062551
0.067639
0.06393799999999999
0.063848
NaN
0.063795
0.06382
0.06389400000000001
NaN
0.057052
NaN
NaN
NaN
NaN
0.000128
3.485007
0.048952
0.048744
0.044515
0.044532
0.044663
0.056301
0.056967
0.062378
NaN
0.058146
0.056474
0.057309
0.06228
0.061456
0.059646
NaN
0.048841
0.049562
0.057503
0.052644
0.06268700000000001
0.06315
0.062747
NaN
0.062681
0.06346499999999999
0.062424
0.062145
NaN
0.062483
0.062308
0.062588
0.062123
NaN
0.061666
0.062119
0.062184
0.056601
0.056729
NaN
0.056646
0.062281
0.060593
0.062902
0.06288299999999999
NaN
0.062266
0.049066
0.04918
0.047207
0.046511
0.046405
0.042905
0.043239
0.0537
0.056199
0.064013
0.06399299999999999
NaN
0.06340700000000001
0.06283900000000001
0.062224
0.062472
NaN
0.06243
0.062257
0.062323
0.062198
NaN
0.056671
0.058922
0.048167
0.048007
0.059695
0.048246
0.048171
0.04822
0.050882
0.061832
0.06231
NaN
0.057453
0.058125
NaN
NaN
NaN
NaN
0.000141
3.520748
0.0626
0.061962
0.061904
0.061713
NaN
0.056192
0.061616
0.061796
0.061744
NaN
0.063578
0.061603
0.061458
0.061559
NaN
0.061475
0.061443
0.061554
0.061524
0.061488
NaN
0.061625
0.06239
0.062099
0.062171
NaN
0.062788
0.079752
0.064444
NaN
0.062009
0.062373
0.061798
0.061733
NaN
0.06181
0.061769
0.056227
0.056252
NaN
NaN
NaN
NaN
0.000258
3.685511
0.057792
0.060099
0.056246
NaN
NaN
NaN
NaN
0.000158
3.626722
0.062117
0.058212
0.058954
0.05812
NaN
0.058979
0.058952
0.059213
0.058391
0.057601
0.057926
NaN
0.05754
0.057532
0.057371
0.057468
0.057483
0.057302
0.051357
NaN
NaN
NaN
NaN
0.000144
3.550849
0.062704
0.057111
0.057122
NaN
NaN
NaN
NaN
0.000144
3.376188
0.049411
0.048766
0.053345
0.055547
0.065793
0.06741800000000001
NaN
0.068577
0.067847
NaN
0.065052
0.052295
0.052468
0.052102
0.052517
0.065374
0.061813
NaN
0.06262
0.062449
0.05983
0.06314599999999999
NaN
0.054051
NaN
NaN
NaN
NaN
0.000143
3.793097
0.061872
0.061813
0.061644
0.06185
NaN
0.061544
0.061955
0.061777
0.062269
NaN
0.061876
0.061999
0.061854
0.06186
NaN
0.061637
0.061827
0.061591
0.061661
NaN
0.061595
0.069406
0.062105
0.056199
NaN
0.061405
0.061587
0.061588
0.06164
0.061805
NaN
0.061592
0.061549
0.056315
0.061494
NaN
0.061977
0.061471
0.061618
0.059848
0.061878
NaN
0.061762
0.061571
0.061519
0.061663
NaN
0.061514
0.061919
0.061509
0.056232
0.055978
NaN
0.056244
0.061434
0.061811
0.06183
0.061796
NaN
0.067207
0.07338699999999999
0.064994
NaN
0.061642
0.061389
0.06153
0.061518
NaN
