1
660.0000,268.0000,16.0000,140.0000
656.0000,271.0000,21.0000,139.0000
658.0000,273.0000,21.0000,139.0000
658.0000,275.0000,19.0000,138.0000
655.0000,278.0000,20.0000,123.0000
645.0000,281.0000,22.0000,139.0000
645.0000,282.0000,22.0000,139.0000
650.0000,283.0000,28.0000,139.0000
650.0000,284.0000,29.0000,139.0000
645.0000,285.0000,31.0000,140.0000
639.0000,289.0000,31.0000,140.0000
636.0000,295.0000,30.0000,141.0000
633.0000,305.0000,31.0000,140.0000
627.0000,310.0000,32.0000,140.0000
625.0000,311.0000,31.0000,140.0000
629.0000,309.0000,32.0000,140.0000
636.0000,305.0000,32.0000,140.0000
643.0000,300.0000,31.0000,139.0000
644.0000,296.0000,30.0000,140.0000
638.0000,296.0000,33.0000,139.0000
631.0000,298.0000,32.0000,139.0000
633.0000,297.0000,39.0000,140.0000
647.0000,295.0000,34.0000,139.0000
651.0000,295.0000,31.0000,139.0000
650.0000,295.0000,30.0000,139.0000
651.0000,294.0000,31.0000,139.0000
654.0000,292.0000,30.0000,139.0000
655.0000,288.0000,30.0000,140.0000
659.0000,283.0000,29.0000,140.0000
661.0000,277.0000,24.0000,140.0000
663.0000,274.0000,23.0000,141.0000
666.0000,270.0000,22.0000,140.0000
670.0000,264.0000,22.0000,140.0000
669.0000,260.0000,23.0000,140.0000
661.0000,257.0000,23.0000,140.0000
656.0000,254.0000,21.0000,140.0000
653.0000,252.0000,21.0000,140.0000
653.0000,248.0000,21.0000,140.0000
652.0000,245.0000,22.0000,141.0000
648.0000,244.0000,24.0000,140.0000
642.0000,243.0000,25.0000,139.0000
633.0000,247.0000,23.0000,138.0000
626.0000,247.0000,25.0000,137.0000
633.0000,242.0000,24.0000,138.0000
640.0000,239.0000,24.0000,137.0000
640.0000,237.0000,26.0000,138.0000
643.0000,235.0000,19.0000,132.0000
640.0000,234.0000,20.0000,134.0000
642.0000,236.0000,19.0000,133.0000
648.0000,237.0000,20.0000,126.0000
652.0000,239.0000,21.0000,130.0000
655.0000,238.0000,19.0000,131.0000
642.0000,236.0000,36.0000,132.0000
641.0000,251.0000,33.0000,117.0000
639.0000,250.0000,36.0000,141.0000
642.0000,249.0000,37.0000,141.0000
648.0000,249.0000,37.0000,140.0000
652.0000,248.0000,37.0000,138.0000
655.0000,246.0000,37.0000,138.0000
659.0000,247.0000,37.0000,138.0000
665.0000,247.0000,37.0000,138.0000
671.0000,245.0000,37.0000,140.0000
676.0000,244.0000,35.0000,140.0000
680.0000,242.0000,34.0000,141.0000
684.0000,241.0000,33.0000,141.0000
689.0000,240.0000,32.0000,140.0000
695.0000,238.0000,31.0000,140.0000
699.0000,236.0000,17.0000,143.0000
702.0000,235.0000,17.0000,142.0000
703.0000,233.0000,17.0000,143.0000
701.0000,231.0000,16.0000,142.0000
699.0000,226.0000,17.0000,143.0000
701.0000,221.0000,17.0000,143.0000
703.0000,215.0000,32.0000,145.0000
704.0000,213.0000,32.0000,144.0000
705.0000,212.0000,31.0000,143.0000
704.0000,209.0000,32.0000,142.0000
705.0000,206.0000,31.0000,141.0000
707.0000,198.0000,32.0000,149.0000
717.0000,200.0000,28.0000,148.0000
734.0000,199.0000,31.0000,146.0000
746.0000,194.0000,39.0000,146.0000
752.0000,189.0000,37.0000,146.0000
741.0000,193.0000,35.0000,147.0000
736.0000,201.0000,37.0000,146.0000
744.0000,207.0000,36.0000,147.0000
750.0000,212.0000,37.0000,146.0000
744.0000,216.0000,38.0000,146.0000
741.0000,220.0000,38.0000,145.0000
742.0000,220.0000,38.0000,146.0000
737.0000,220.0000,37.0000,146.0000
735.0000,224.0000,37.0000,146.0000
734.0000,227.0000,37.0000,146.0000
733.0000,226.0000,37.0000,146.0000
737.0000,222.0000,37.0000,146.0000
735.0000,217.0000,37.0000,147.0000
725.0000,215.0000,37.0000,146.0000
727.0000,212.0000,36.0000,147.0000
732.0000,209.0000,37.0000,147.0000
735.0000,207.0000,38.0000,147.0000
737.0000,203.0000,38.0000,147.0000
737.0000,197.0000,38.0000,147.0000
737.0000,193.0000,36.0000,150.0000
744.0000,191.0000,37.0000,151.0000
753.0000,190.0000,35.0000,152.0000
754.0000,191.0000,35.0000,152.0000
752.0000,190.0000,36.0000,153.0000
752.0000,189.0000,36.0000,151.0000
756.0000,170.0000,36.0000,169.0000
761.0000,171.0000,36.0000,168.0000
763.0000,173.0000,36.0000,165.0000
763.0000,176.0000,38.0000,169.0000
764.0000,180.0000,36.0000,168.0000
770.0000,159.0000,28.0000,180.0000
769.0000,166.0000,41.0000,168.0000
762.0000,161.0000,42.0000,181.0000
760.0000,136.0000,28.0000,207.0000
760.0000,146.0000,24.0000,204.0000
763.0000,146.0000,23.0000,210.0000
756.0000,164.0000,23.0000,184.0000
758.0000,159.0000,36.0000,188.0000
763.0000,156.0000,39.0000,188.0000
761.0000,171.0000,45.0000,173.0000
762.0000,162.0000,41.0000,191.0000
765.0000,163.0000,36.0000,193.0000
766.0000,165.0000,36.0000,193.0000
769.0000,166.0000,35.0000,195.0000
769.0000,168.0000,35.0000,197.0000
759.0000,172.0000,45.0000,195.0000
770.0000,175.0000,37.0000,192.0000
775.0000,175.0000,36.0000,191.0000
774.0000,172.0000,40.0000,196.0000
778.0000,172.0000,17.0000,192.0000
783.0000,171.0000,21.0000,193.0000
778.0000,200.0000,37.0000,163.0000
803.0000,216.0000,18.0000,146.0000
815.0000,216.0000,33.0000,148.0000
816.0000,206.0000,22.0000,157.0000
820.0000,205.0000,35.0000,169.0000
823.0000,202.0000,39.0000,168.0000
823.0000,199.0000,63.0000,161.0000
819.0000,190.0000,84.0000,166.0000
848.0000,189.0000,65.0000,168.0000
865.0000,176.0000,43.0000,181.0000
881.0000,188.0000,27.0000,172.0000
864.0000,189.0000,34.0000,171.0000
874.0000,189.0000,19.0000,168.0000
865.0000,214.0000,23.0000,142.0000
865.0000,212.0000,23.0000,141.0000
869.0000,209.0000,32.0000,171.0000
858.0000,208.0000,30.0000,185.0000
863.0000,211.0000,52.0000,184.0000
864.0000,213.0000,54.0000,184.0000
868.0000,211.0000,53.0000,183.0000
874.0000,209.0000,52.0000,182.0000
875.0000,210.0000,66.0000,181.0000
874.0000,219.0000,76.0000,175.0000
866.0000,224.0000,93.0000,172.0000
866.0000,226.0000,105.0000,172.0000
851.0000,224.0000,135.0000,173.0000
846.0000,223.0000,157.0000,172.0000
685.0000,221.0000,334.0000,172.0000
700.0000,216.0000,340.0000,173.0000
720.0000,212.0000,343.0000,172.0000
737.0000,209.0000,348.0000,174.0000
761.0000,209.0000,343.0000,174.0000
770.0000,209.0000,352.0000,176.0000
787.0000,206.0000,351.0000,176.0000
800.0000,205.0000,350.0000,180.0000
807.0000,204.0000,348.0000,177.0000
807.0000,206.0000,349.0000,176.0000
812.0000,207.0000,350.0000,176.0000
827.0000,208.0000,346.0000,174.0000
834.0000,209.0000,351.0000,177.0000
843.0000,212.0000,351.0000,177.0000
852.0000,213.0000,352.0000,178.0000
873.0000,212.0000,346.0000,181.0000
900.0000,208.0000,348.0000,184.0000
2
0
0
0
0
1
761.0000,220.0000,268.0000,161.0000
779.0000,220.0000,239.0000,163.0000
805.0000,226.0000,236.0000,166.0000
826.0000,237.0000,234.0000,166.0000
829.0000,251.0000,237.0000,166.0000
827.0000,266.0000,238.0000,167.0000
823.0000,279.0000,241.0000,166.0000
828.0000,288.0000,242.0000,165.0000
852.0000,295.0000,227.0000,167.0000
864.0000,305.0000,237.0000,165.0000
870.0000,314.0000,238.0000,165.0000
2
0
0
0
0
1
629.0000,180.0000,307.0000,222.0000
632.0000,212.0000,271.0000,201.0000
636.0000,220.0000,268.0000,199.0000
636.0000,226.0000,270.0000,199.0000
638.0000,232.0000,268.0000,200.0000
642.0000,240.0000,271.0000,199.0000
662.0000,245.0000,272.0000,198.0000
684.0000,250.0000,272.0000,198.0000
703.0000,254.0000,270.0000,198.0000
719.0000,255.0000,271.0000,197.0000
737.0000,253.0000,271.0000,197.0000
754.0000,254.0000,270.0000,197.0000
776.0000,248.0000,269.0000,198.0000
797.0000,236.0000,269.0000,198.0000
2
0
0
0
0
1
653.0000,203.0000,105.0000,376.0000
634.0000,227.0000,108.0000,293.0000
630.0000,215.0000,108.0000,295.0000
620.0000,205.0000,111.0000,299.0000
603.0000,209.0000,117.0000,298.0000
593.0000,220.0000,114.0000,296.0000
588.0000,228.0000,110.0000,296.0000
569.0000,231.0000,124.0000,297.0000
562.0000,235.0000,125.0000,300.0000
555.0000,245.0000,126.0000,297.0000
552.0000,250.0000,122.0000,298.0000
556.0000,260.0000,117.0000,300.0000
562.0000,266.0000,111.0000,304.0000
565.0000,267.0000,114.0000,305.0000
564.0000,265.0000,113.0000,303.0000
557.0000,266.0000,114.0000,305.0000
556.0000,271.0000,112.0000,306.0000
558.0000,274.0000,113.0000,303.0000
