8.7946
0.11028
0.041742
0.031945
0.038069
0.053862
0.026183
0.025842
0.026318
0.025582
0.025607
0.023929
0.023355
0.023735
0.025566
0.023237
0.023105
0.024751
0.02324
0.025968
0.026384
0.025323
0.02622
0.025675
0.025405
0.025305
0.02304
0.023321
0.026692
0.024524
0.025174
0.023669
0.028045
0.025217
0.026107
0.024927
0.025269
0.025662
0.0255
0.025479
0.025897
0.026852
0.025951
0.025287
0.025342
0.024467
0.025361
0.025575
0.023396
0.023018
0.026311
0.02558
0.025518
0.024881
0.02599
0.025543
0.025029
0.023339
0.023558
0.023368
0.025416
0.024931
0.023428
0.025567
0.023406
0.023724
0.024867
0.02366
0.024557
0.023475
0.025114
0.025137
0.023564
0.023419
0.024115
0.024054
0.024841
0.023401
0.025582
0.024856
0.025351
0.02626
0.025935
0.024129
0.025431
0.023457
0.023273
0.024293
0.023185
0.02391
0.023678
0.025655
0.02531
0.025096
0.02544
0.02565
0.023437
0.023997
0.023859
0.025927
0.025625
0.026556
0.044088
0.032638
0.030477
0.029932
0.025699
0.025685
0.025914
0.025512
0.025831
0.024627
0.023698
0.025476
0.024365
0.025709
0.025335
0.025786
0.026877
0.027772
0.026805
0.025906
0.025857
0.026255
0.024881
0.023435
0.02576
0.024809
0.02642
0.035681
0.023304
0.025604
0.025701
0.02341
0.023657
0.023339
0.027523
0.025984
0.023597
0.025431
0.023698
0.025628
0.025635
0.026042
0.025527
0.025538
0.024789
0.02352
0.025403
0.024225
0.025525
0.026367
0.025864
0.023817
0.025292
0.024541
0.023567
0.026718
0.025977
0.025563
0.025895
0.026317
0.025671
0.02606
0.025711
0.026043
0.023454
0.025107
0.02588
0.025706
0.025523
0.025446
0.02599
0.025803
0.025638
0.025696
0.025708
0.026092
0.02549
0.025687
0.024612
0.025301
0.025782
0.025718
0.026188
0.025444
0.025415
0.025369
0.02533
0.026212
0.024526
0.025663
0.024815
0.023467
0.025383
0.023138
0.025947
0.025632
0.025418
0.025244
0.023266
0.023193
0.02535
0.024597
0.025577
0.025308
0.025724
0.02539
0.025384
0.025295
0.025346
0.025909
0.023404
0.023136
0.024939
0.023498
0.025403
0.024519
0.023615
0.025897
0.024124
0.025234
0.025802
0.023737
0.025145
0.025699
0.0253
0.02514
0.025089
0.026222
0.025919
0.025878
0.025919
0.025499
0.025504
0.025747
0.025637
0.025224
0.0254
0.025929
0.025671
0.025338
0.0252
0.025145
0.025617
0.024358
0.025451
0.025127
0.024431
0.025328
0.02643
0.026797
0.026713
0.028553
0.028634
0.027859
0.026687
0.025816
0.025705
0.026026
0.023629
0.023354
0.024065
0.025459
0.024843
0.025327
0.025178
0.023962
0.024258
0.025254
0.02324
0.02294
0.023032
0.023133
0.024875
0.025617
0.023127
0.024234
0.022957
0.023469
0.022997
0.024851
0.023435
0.025386
0.02467
0.022984
0.02328
0.023252
0.025261
0.02396
0.022922
0.02451
0.023032
0.0248
0.025415
0.025283
0.023331
0.023097
0.025374
0.023564
0.025273
0.025586
0.025074
0.025145
0.024443
0.025129
0.025185
0.024931
0.023033
0.023326
0.025027
0.025179
0.024696
0.023012
0.023108
0.025139
0.025286
0.025256
0.025294
0.025992
0.025443
0.025546
0.025162
0.023643
0.022941
0.025
0.023603
0.023126
0.024006
0.023362
0.023249
0.022873
0.023054
0.024531
0.023918
0.023615
0.02638
0.025581
0.02544
0.025183
0.025384
0.025614
0.025402
0.025325
0.025273
0.025299
0.023615
0.025163
0.02596
0.027942
0.026305
0.025947
0.028545
0.028699
0.029033
0.027591
0.027474
0.029064
0.02974
0.028265
0.027934
0.02755
0.0275
0.025051
0.024942
0.027394
0.026234
0.025314
0.027347
0.027221
0.027754
0.028577
0.027585
0.027317
0.02756
0.027983
0.027521
0.027339
0.025102
0.025402
0.026058
0.027472
0.025331
0.026844
0.026356
0.028407
0.028029
0.028003
0.027649
0.027473
0.027876
0.027544
0.027517
0.02746
0.027949
0.027431
0.027787
0.027426
0.027406
0.023202
0.024888
0.023053
0.023481
0.024994
0.024622
0.022859
0.023239
0.023141
0.025158
0.02404
0.025076
0.025118
0.023536
0.025522
0.025022
0.025368
0.025388
0.023212
0.025012
0.025457
0.024515
0.022721
0.027788
0.026822
0.026678
0.02686
0.027175
0.027154
0.027035
0.027054
0.026777
0.026978
0.028192
0.02674
0.026888
0.026246
0.025846
0.026165
0.02517
0.0255
0.025163
0.025493
0.024713
0.023115
0.022903
0.025245
0.025004
0.02516
0.025055
0.024812
0.025179
0.023013
0.024994
0.022747
0.02486
0.024235
0.022678
0.0246
0.023683
0.025124
0.025058
0.025041
0.025155
0.02558
0.024965
0.025006
0.025117
0.025066
0.026054
0.025166
0.024944
0.024125
0.025178
0.025022
0.022708
0.022642
0.023011
0.024833
0.025026
0.022732
0.022584
0.024181
0.024675
0.022922
0.022705
0.025008
0.02352
0.025781
0.025563
0.023632
0.025116
0.025075
0.024998
0.025558
0.024379
0.023059
0.025709
0.023777
0.022985
0.024325
0.025367
0.026731
0.02652
0.026634
0.025494
0.026038
0.025828
0.025608
0.025987
0.02501
0.025098
0.025384
0.025077
0.023019
0.022903
0.025263
0.025405
0.023429
0.023018
0.024697
0.023309
0.024367
0.024051
0.022801
0.024549
0.022785
0.022981
0.025281
0.025325
0.024338
0.023013
0.023897
0.023022
0.025229
0.022906
0.025366
0.025344
0.022979
0.025815
0.02557
0.025076
0.025002
0.025112
0.022892
0.024861
0.023535
0.023136
0.022791
0.023195
0.024447
0.025038
0.025649
0.025208
0.02529
0.024973
0.023603
0.024906
0.024428
