1
276.5000,133.5000,103.0000,95.0000
270.5000,126.5000,101.0000,93.0000
270.5000,126.5000,101.0000,93.0000
270.5000,126.5000,101.0000,93.0000
270.5000,126.5000,101.0000,93.0000
270.5000,126.5000,101.0000,93.0000
270.5000,126.5000,101.0000,93.0000
270.5000,126.5000,101.0000,93.0000
270.5000,126.5000,101.0000,93.0000
270.5000,126.5000,101.0000,93.0000
270.5000,126.5000,101.0000,93.0000
270.5000,126.5000,101.0000,93.0000
270.5000,126.5000,101.0000,93.0000
270.5000,126.5000,101.0000,93.0000
270.5000,126.5000,101.0000,93.0000
270.5000,126.5000,101.0000,93.0000
270.5000,126.5000,101.0000,93.0000
270.5000,126.5000,101.0000,93.0000
270.5000,126.5000,101.0000,93.0000
270.5000,126.5000,101.0000,93.0000
270.5000,126.5000,101.0000,93.0000
270.5000,126.5000,101.0000,93.0000
270.5000,126.5000,101.0000,93.0000
270.5000,126.5000,101.0000,93.0000
270.5000,126.5000,101.0000,93.0000
270.5000,126.5000,101.0000,93.0000
270.5000,126.5000,101.0000,93.0000
270.5000,126.5000,101.0000,93.0000
270.5000,126.5000,101.0000,93.0000
270.5000,126.5000,101.0000,93.0000
270.5000,126.5000,101.0000,93.0000
270.5000,126.5000,101.0000,93.0000
270.5000,126.5000,101.0000,93.0000
270.5000,126.5000,101.0000,93.0000
270.5000,126.5000,101.0000,93.0000
270.5000,126.5000,101.0000,93.0000
270.5000,126.5000,101.0000,93.0000
286.0000,109.0000,102.0000,94.0000
286.0000,109.0000,102.0000,94.0000
286.0000,109.0000,102.0000,94.0000
286.0000,109.0000,102.0000,94.0000
286.0000,109.0000,102.0000,94.0000
286.0000,109.0000,102.0000,94.0000
286.0000,109.0000,102.0000,94.0000
286.0000,109.0000,102.0000,94.0000
286.0000,109.0000,102.0000,94.0000
286.0000,109.0000,102.0000,94.0000
286.0000,109.0000,102.0000,94.0000
286.0000,109.0000,102.0000,94.0000
286.0000,109.0000,102.0000,94.0000
286.0000,109.0000,102.0000,94.0000
286.0000,109.0000,102.0000,94.0000
286.0000,109.0000,102.0000,94.0000
286.0000,109.0000,102.0000,94.0000
286.0000,109.0000,102.0000,94.0000
286.0000,109.0000,102.0000,94.0000
286.0000,109.0000,102.0000,94.0000
286.0000,109.0000,102.0000,94.0000
286.0000,109.0000,102.0000,94.0000
286.0000,109.0000,102.0000,94.0000
286.0000,109.0000,102.0000,94.0000
286.0000,109.0000,102.0000,94.0000
0
0
0
0
0
0
0
0
0
0
2
0
0
0
0
1
159.0000,92.5000,62.0000,65.0000
155.5000,102.0000,61.0000,64.0000
155.5000,102.0000,61.0000,64.0000
155.5000,102.0000,61.0000,64.0000
155.5000,102.0000,61.0000,64.0000
155.5000,102.0000,61.0000,64.0000
155.5000,102.0000,61.0000,64.0000
155.5000,102.0000,61.0000,64.0000
155.5000,102.0000,61.0000,64.0000
155.5000,102.0000,61.0000,64.0000
155.5000,102.0000,61.0000,64.0000
155.5000,102.0000,61.0000,64.0000
155.5000,102.0000,61.0000,64.0000
155.5000,102.0000,61.0000,64.0000
155.5000,102.0000,61.0000,64.0000
155.5000,102.0000,61.0000,64.0000
155.5000,102.0000,61.0000,64.0000
155.5000,102.0000,61.0000,64.0000
155.5000,102.0000,61.0000,64.0000
155.5000,102.0000,61.0000,64.0000
155.5000,102.0000,61.0000,64.0000
155.5000,102.0000,61.0000,64.0000
155.5000,102.0000,61.0000,64.0000
155.5000,102.0000,61.0000,64.0000
155.5000,102.0000,61.0000,64.0000
155.5000,102.0000,61.0000,64.0000
155.5000,102.0000,61.0000,64.0000
155.5000,102.0000,61.0000,64.0000
155.5000,102.0000,61.0000,64.0000
153.0000,116.5000,60.0000,63.0000
153.0000,116.5000,60.0000,63.0000
153.0000,116.5000,60.0000,63.0000
153.0000,116.5000,60.0000,63.0000
153.0000,116.5000,60.0000,63.0000
153.0000,116.5000,60.0000,63.0000
153.0000,116.5000,60.0000,63.0000
153.0000,116.5000,60.0000,63.0000
153.0000,116.5000,60.0000,63.0000
153.0000,116.5000,60.0000,63.0000
153.0000,116.5000,60.0000,63.0000
153.0000,116.5000,60.0000,63.0000
153.0000,116.5000,60.0000,63.0000
153.0000,116.5000,60.0000,63.0000
153.0000,116.5000,60.0000,63.0000
153.0000,116.5000,60.0000,63.0000
153.0000,116.5000,60.0000,63.0000
153.0000,116.5000,60.0000,63.0000
153.0000,116.5000,60.0000,63.0000
153.0000,116.5000,60.0000,63.0000
153.0000,116.5000,60.0000,63.0000
153.0000,116.5000,60.0000,63.0000
153.0000,116.5000,60.0000,63.0000
153.0000,116.5000,60.0000,63.0000
153.0000,116.5000,60.0000,63.0000
153.0000,116.5000,60.0000,63.0000
153.0000,116.5000,60.0000,63.0000
205.5000,125.0000,59.0000,62.0000
205.5000,125.0000,59.0000,62.0000
205.5000,125.0000,59.0000,62.0000
205.5000,125.0000,59.0000,62.0000
205.5000,125.0000,59.0000,62.0000
205.5000,125.0000,59.0000,62.0000
205.5000,125.0000,59.0000,62.0000
205.5000,125.0000,59.0000,62.0000
205.5000,125.0000,59.0000,62.0000
205.5000,125.0000,59.0000,62.0000
205.5000,125.0000,59.0000,62.0000
205.5000,125.0000,59.0000,62.0000
205.5000,125.0000,59.0000,62.0000
205.5000,125.0000,59.0000,62.0000
205.5000,125.0000,59.0000,62.0000
205.5000,125.0000,59.0000,62.0000
205.5000,125.0000,59.0000,62.0000
205.5000,125.0000,59.0000,62.0000
205.5000,125.0000,59.0000,62.0000
205.5000,125.0000,59.0000,62.0000
205.5000,125.0000,59.0000,62.0000
205.5000,125.0000,59.0000,62.0000
205.5000,125.0000,59.0000,62.0000
205.5000,125.0000,59.0000,62.0000
205.5000,125.0000,59.0000,62.0000
205.5000,125.0000,59.0000,62.0000
205.5000,125.0000,59.0000,62.0000
191.0000,107.5000,60.0000,63.0000
191.0000,107.5000,60.0000,63.0000
191.0000,107.5000,60.0000,63.0000
191.0000,107.5000,60.0000,63.0000
191.0000,107.5000,60.0000,63.0000
191.0000,107.5000,60.0000,63.0000
191.0000,107.5000,60.0000,63.0000
191.0000,107.5000,60.0000,63.0000
191.0000,107.5000,60.0000,63.0000
191.0000,107.5000,60.0000,63.0000
191.0000,107.5000,60.0000,63.0000
191.0000,107.5000,60.0000,63.0000
191.0000,107.5000,60.0000,63.0000
191.0000,107.5000,60.0000,63.0000
191.0000,107.5000,60.0000,63.0000
191.0000,107.5000,60.0000,63.0000
191.0000,107.5000,60.0000,63.0000
191.0000,107.5000,60.0000,63.0000
191.0000,107.5000,60.0000,63.0000
191.0000,107.5000,60.0000,63.0000
191.0000,107.5000,60.0000,63.0000
191.0000,107.5000,60.0000,63.0000
191.0000,107.5000,60.0000,63.0000
191.0000,107.5000,60.0000,63.0000
191.0000,107.5000,60.0000,63.0000
191.0000,107.5000,60.0000,63.0000
191.0000,107.5000,60.0000,63.0000
191.0000,107.5000,60.0000,63.0000
191.0000,107.5000,60.0000,63.0000
191.0000,107.5000,60.0000,63.0000
191.0000,107.5000,60.0000,63.0000
191.0000,107.5000,60.0000,63.0000
191.0000,107.5000,60.0000,63.0000
191.0000,107.5000,60.0000,63.0000
