1
615.0000,663.0000,72.0000,32.0000
608.0000,658.0000,72.0000,30.0000
608.0000,658.0000,72.0000,30.0000
595.0000,654.0000,72.0000,29.0000
595.0000,654.0000,72.0000,29.0000
595.0000,654.0000,72.0000,29.0000
2
0
545.0000,648.0000,75.0000,30.0000
0
0
0
0
1
353.0000,540.0000,68.0000,46.0000
331.0000,516.0000,61.0000,50.0000
331.0000,516.0000,61.0000,50.0000
319.0000,500.0000,58.0000,50.0000
319.0000,500.0000,58.0000,50.0000
319.0000,500.0000,58.0000,50.0000
291.0000,495.0000,67.0000,44.0000
291.0000,495.0000,67.0000,44.0000
230.0000,513.0000,64.0000,43.0000
230.0000,513.0000,64.0000,43.0000
196.0000,553.0000,61.0000,43.0000
176.0000,572.0000,58.0000,44.0000
176.0000,572.0000,58.0000,44.0000
176.0000,572.0000,58.0000,44.0000
176.0000,572.0000,58.0000,44.0000
2
0
0
0
0
1
273.0000,778.0000,47.0000,62.0000
288.0000,789.0000,47.0000,62.0000
288.0000,789.0000,47.0000,62.0000
299.0000,793.0000,46.0000,64.0000
299.0000,793.0000,46.0000,64.0000
299.0000,793.0000,46.0000,64.0000
0
0
2
0
0
0
0
1
385.0000,845.0000,35.0000,61.0000
387.0000,847.0000,35.0000,62.0000
387.0000,847.0000,35.0000,62.0000
390.0000,850.0000,34.0000,57.0000
390.0000,850.0000,34.0000,57.0000
390.0000,850.0000,34.0000,57.0000
399.0000,862.0000,34.0000,57.0000
399.0000,862.0000,34.0000,57.0000
395.0000,862.0000,35.0000,57.0000
395.0000,862.0000,35.0000,57.0000
390.0000,864.0000,36.0000,58.0000
386.0000,866.0000,38.0000,57.0000
386.0000,866.0000,38.0000,57.0000
384.0000,866.0000,37.0000,57.0000
384.0000,866.0000,37.0000,57.0000
384.0000,866.0000,37.0000,57.0000
384.0000,866.0000,37.0000,57.0000
383.0000,865.0000,37.0000,56.0000
383.0000,865.0000,37.0000,56.0000
386.0000,869.0000,38.0000,59.0000
387.0000,869.0000,37.0000,56.0000
387.0000,869.0000,37.0000,56.0000
389.0000,868.0000,38.0000,56.0000
394.0000,866.0000,37.0000,52.0000
394.0000,867.0000,37.0000,50.0000
394.0000,867.0000,37.0000,50.0000
395.0000,864.0000,37.0000,49.0000
395.0000,864.0000,37.0000,49.0000
397.0000,864.0000,37.0000,54.0000
402.0000,873.0000,37.0000,52.0000
402.0000,873.0000,37.0000,52.0000
408.0000,878.0000,39.0000,50.0000
408.0000,878.0000,39.0000,50.0000
408.0000,878.0000,39.0000,50.0000
414.0000,885.0000,38.0000,45.0000
414.0000,885.0000,38.0000,45.0000
422.0000,887.0000,40.0000,45.0000
422.0000,887.0000,40.0000,45.0000
419.0000,890.0000,42.0000,45.0000
415.0000,889.0000,42.0000,46.0000
415.0000,889.0000,42.0000,46.0000
412.0000,887.0000,43.0000,45.0000
404.0000,888.0000,47.0000,45.0000
404.0000,888.0000,47.0000,45.0000
402.0000,889.0000,46.0000,44.0000
400.0000,888.0000,47.0000,42.0000
400.0000,888.0000,47.0000,42.0000
399.0000,887.0000,46.0000,41.0000
402.0000,887.0000,45.0000,41.0000
402.0000,887.0000,45.0000,41.0000
402.0000,887.0000,45.0000,41.0000
402.0000,887.0000,45.0000,41.0000
400.0000,883.0000,45.0000,41.0000
400.0000,883.0000,45.0000,41.0000
399.0000,886.0000,44.0000,40.0000
399.0000,883.0000,44.0000,40.0000
399.0000,883.0000,44.0000,40.0000
398.0000,885.0000,46.0000,40.0000
398.0000,885.0000,46.0000,40.0000
396.0000,886.0000,44.0000,38.0000
398.0000,889.0000,44.0000,38.0000
398.0000,889.0000,44.0000,38.0000
407.0000,887.0000,46.0000,38.0000
413.0000,885.0000,46.0000,37.0000
413.0000,885.0000,46.0000,37.0000
414.0000,887.0000,48.0000,38.0000
428.0000,888.0000,48.0000,37.0000
428.0000,888.0000,48.0000,37.0000
428.0000,888.0000,48.0000,37.0000
428.0000,888.0000,48.0000,37.0000
434.0000,884.0000,48.0000,37.0000
409.0000,881.0000,48.0000,35.0000
409.0000,881.0000,48.0000,35.0000
409.0000,882.0000,48.0000,35.0000
439.0000,877.0000,46.0000,36.0000
439.0000,877.0000,46.0000,36.0000
451.0000,876.0000,45.0000,36.0000
478.0000,865.0000,45.0000,38.0000
478.0000,865.0000,45.0000,38.0000
490.0000,861.0000,47.0000,40.0000
546.0000,851.0000,48.0000,41.0000
546.0000,851.0000,48.0000,41.0000
555.0000,851.0000,45.0000,41.0000
571.0000,853.0000,43.0000,42.0000
571.0000,853.0000,43.0000,42.0000
571.0000,853.0000,43.0000,42.0000
571.0000,853.0000,43.0000,42.0000
570.0000,852.0000,44.0000,42.0000
568.0000,854.0000,43.0000,41.0000
568.0000,854.0000,43.0000,41.0000
569.0000,845.0000,42.0000,43.0000
569.0000,845.0000,42.0000,43.0000
570.0000,846.0000,45.0000,45.0000
588.0000,839.0000,49.0000,45.0000
586.0000,847.0000,44.0000,45.0000
586.0000,847.0000,44.0000,45.0000
591.0000,850.0000,45.0000,45.0000
610.0000,847.0000,45.0000,46.0000
610.0000,847.0000,45.0000,46.0000
610.0000,846.0000,46.0000,47.0000
615.0000,839.0000,47.0000,47.0000
615.0000,839.0000,47.0000,47.0000
615.0000,839.0000,47.0000,47.0000
615.0000,839.0000,47.0000,47.0000
616.0000,834.0000,48.0000,46.0000
618.0000,827.0000,46.0000,46.0000
618.0000,827.0000,46.0000,46.0000
627.0000,825.0000,44.0000,44.0000
638.0000,823.0000,43.0000,45.0000
638.0000,823.0000,43.0000,45.0000
663.0000,821.0000,42.0000,47.0000
682.0000,814.0000,40.0000,49.0000
682.0000,814.0000,40.0000,49.0000
687.0000,815.0000,39.0000,49.0000
696.0000,793.0000,40.0000,51.0000
696.0000,793.0000,40.0000,51.0000
706.0000,776.0000,40.0000,52.0000
729.0000,751.0000,40.0000,55.0000
729.0000,751.0000,40.0000,55.0000
0
0
2
0
0
0
0
1
777.0000,675.0000,62.0000,46.0000
775.0000,678.0000,63.0000,46.0000
775.0000,678.0000,63.0000,46.0000
774.0000,683.0000,63.0000,45.0000
774.0000,683.0000,63.0000,45.0000
774.0000,683.0000,63.0000,45.0000
779.0000,689.0000,58.0000,44.0000
779.0000,689.0000,58.0000,44.0000
779.0000,689.0000,58.0000,44.0000
779.0000,689.0000,58.0000,44.0000
773.0000,695.0000,63.0000,47.0000
773.0000,695.0000,63.0000,47.0000
773.0000,695.0000,63.0000,47.0000
773.0000,695.0000,63.0000,47.0000
778.0000,703.0000,60.0000,45.0000
778.0000,703.0000,60.0000,45.0000
778.0000,703.0000,60.0000,45.0000
758.0000,701.0000,57.0000,43.0000
758.0000,701.0000,57.0000,43.0000
2
716.0000,733.0000,56.0000,42.0000
0
0
0
0
1
667.0000,749.0000,69.0000,45.0000
666.0000,749.0000,69.0000,46.0000
666.0000,749.0000,69.0000,46.0000
666.0000,749.0000,69.0000,46.0000
659.0000,750.0000,72.0000,46.0000
659.0000,750.0000,72.0000,46.0000
659.0000,750.0000,72.0000,46.0000
659.0000,750.0000,72.0000,46.0000
649.0000,760.0000,72.0000,47.0000
649.0000,760.0000,72.0000,47.0000
649.0000,760.0000,72.0000,47.0000
659.0000,761.0000,69.0000,49.0000
659.0000,761.0000,69.0000,49.0000
657.0000,756.0000,70.0000,42.0000
662.0000,752.0000,70.0000,43.0000
662.0000,752.0000,70.0000,43.0000
655.0000,752.0000,70.0000,41.0000
655.0000,752.0000,70.0000,41.0000
655.0000,752.0000,70.0000,41.0000
655.0000,752.0000,70.0000,41.0000
658.0000,745.0000,62.0000,41.0000
658.0000,745.0000,62.0000,41.0000
2
642.0000,701.0000,64.0000,42.0000
0
0
0
0
1
487.0000,639.0000,68.0000,27.0000
471.0000,641.0000,62.0000,25.0000
471.0000,641.0000,62.0000,25.0000
471.0000,641.0000,62.0000,25.0000
0
2
0
0
0
0
1
303.0000,782.0000,41.0000,76.0000
306.0000,796.0000,38.0000,74.0000
306.0000,796.0000,38.0000,74.0000
309.0000,793.0000,38.0000,73.0000
309.0000,793.0000,38.0000,73.0000
309.0000,793.0000,38.0000,73.0000
309.0000,793.0000,38.0000,73.0000
0
2
0
0
0
0
1
432.0000,837.0000,36.0000,70.0000
429.0000,836.0000,36.0000,70.0000
429.0000,836.0000,36.0000,70.0000
429.0000,836.0000,36.0000,70.0000
428.0000,835.0000,34.0000,70.0000
428.0000,835.0000,34.0000,70.0000
0
0
2
0
0
0
0
1
160.0000,669.0000,65.0000,61.0000
149.0000,663.0000,68.0000,53.0000
149.0000,663.0000,68.0000,53.0000
149.0000,663.0000,68.0000,53.0000
139.0000,661.0000,72.0000,51.0000
139.0000,661.0000,72.0000,51.0000
138.0000,664.0000,73.0000,51.0000
138.0000,664.0000,73.0000,51.0000
136.0000,662.0000,73.0000,50.0000
136.0000,662.0000,73.0000,50.0000
138.0000,663.0000,70.0000,47.0000
136.0000,659.0000,70.0000,48.0000
136.0000,659.0000,70.0000,48.0000
138.0000,653.0000,64.0000,49.0000
138.0000,653.0000,64.0000,49.0000
138.0000,653.0000,64.0000,49.0000
138.0000,653.0000,64.0000,49.0000
138.0000,653.0000,64.0000,49.0000
133.0000,634.0000,62.0000,57.0000
110.0000,551.0000,57.0000,63.0000
110.0000,551.0000,57.0000,63.0000
112.0000,545.0000,54.0000,67.0000
117.0000,501.0000,51.0000,75.0000
117.0000,501.0000,51.0000,75.0000
119.0000,479.0000,49.0000,72.0000
135.0000,413.0000,49.0000,78.0000
135.0000,413.0000,49.0000,78.0000
142.0000,381.0000,46.0000,77.0000
142.0000,381.0000,46.0000,77.0000
176.0000,340.0000,49.0000,73.0000
190.0000,330.0000,52.0000,66.0000
190.0000,330.0000,52.0000,66.0000
189.0000,333.0000,54.0000,62.0000
189.0000,333.0000,54.0000,62.0000
189.0000,333.0000,54.0000,62.0000
189.0000,333.0000,54.0000,62.0000
188.0000,335.0000,52.0000,62.0000
200.0000,319.0000,48.0000,65.0000
200.0000,319.0000,48.0000,65.0000
200.0000,317.0000,48.0000,65.0000
200.0000,317.0000,48.0000,65.0000
199.0000,320.0000,47.0000,62.0000
198.0000,318.0000,47.0000,62.0000
198.0000,318.0000,47.0000,62.0000
196.0000,322.0000,50.0000,58.0000
196.0000,323.0000,49.0000,56.0000
198.0000,323.0000,50.0000,57.0000
198.0000,323.0000,50.0000,57.0000
200.0000,321.0000,52.0000,57.0000
200.0000,321.0000,52.0000,57.0000
208.0000,327.0000,53.0000,53.0000
208.0000,327.0000,53.0000,53.0000
208.0000,327.0000,53.0000,53.0000
208.0000,327.0000,53.0000,53.0000
225.0000,327.0000,54.0000,49.0000
244.0000,297.0000,51.0000,59.0000
244.0000,297.0000,51.0000,59.0000
249.0000,296.0000,49.0000,58.0000
271.0000,279.0000,52.0000,56.0000
271.0000,279.0000,52.0000,56.0000
277.0000,274.0000,51.0000,57.0000
277.0000,274.0000,51.0000,57.0000
281.0000,256.0000,49.0000,63.0000
281.0000,256.0000,49.0000,63.0000
275.0000,231.0000,52.0000,67.0000
279.0000,222.0000,55.0000,70.0000
279.0000,222.0000,55.0000,70.0000
282.0000,221.0000,56.0000,66.0000
281.0000,224.0000,58.0000,63.0000
281.0000,224.0000,58.0000,63.0000
281.0000,224.0000,58.0000,63.0000
281.0000,224.0000,58.0000,63.0000
282.0000,224.0000,59.0000,63.0000
282.0000,224.0000,59.0000,63.0000
283.0000,223.0000,57.0000,64.0000
282.0000,223.0000,59.0000,68.0000
282.0000,223.0000,59.0000,68.0000
280.0000,226.0000,58.0000,64.0000
279.0000,226.0000,57.0000,62.0000
279.0000,226.0000,57.0000,62.0000
278.0000,227.0000,60.0000,61.0000
278.0000,227.0000,60.0000,61.0000
276.0000,229.0000,63.0000,58.0000
274.0000,229.0000,65.0000,57.0000
274.0000,229.0000,65.0000,57.0000
268.0000,229.0000,67.0000,54.0000
267.0000,227.0000,67.0000,56.0000
267.0000,227.0000,67.0000,56.0000
267.0000,227.0000,67.0000,56.0000
267.0000,227.0000,67.0000,56.0000
265.0000,223.0000,66.0000,58.0000
256.0000,224.0000,67.0000,51.0000
256.0000,224.0000,67.0000,51.0000
254.0000,227.0000,68.0000,48.0000
254.0000,227.0000,68.0000,48.0000
249.0000,227.0000,70.0000,45.0000
239.0000,229.0000,72.0000,47.0000
239.0000,229.0000,72.0000,47.0000
238.0000,236.0000,74.0000,46.0000
214.0000,247.0000,74.0000,47.0000
214.0000,247.0000,74.0000,47.0000
214.0000,247.0000,74.0000,47.0000
203.0000,263.0000,73.0000,47.0000
203.0000,263.0000,73.0000,47.0000
2
0
162.0000,313.0000,73.0000,47.0000
0
0
0
0
1
235.0000,234.0000,67.0000,69.0000
252.0000,224.0000,72.0000,67.0000
252.0000,224.0000,72.0000,67.0000
281.0000,203.0000,76.0000,63.0000
281.0000,203.0000,76.0000,63.0000
2
346.0000,186.0000,88.0000,57.0000
0
0
0
0
1
530.0000,260.0000,71.0000,29.0000
563.0000,247.0000,71.0000,29.0000
563.0000,247.0000,71.0000,29.0000
563.0000,247.0000,71.0000,29.0000
602.0000,225.0000,66.0000,31.0000
602.0000,225.0000,66.0000,31.0000
622.0000,217.0000,54.0000,33.0000
622.0000,217.0000,54.0000,33.0000
622.0000,217.0000,54.0000,33.0000
617.0000,215.0000,49.0000,34.0000
598.0000,200.0000,48.0000,33.0000
598.0000,200.0000,48.0000,33.0000
590.0000,202.0000,44.0000,35.0000
575.0000,203.0000,45.0000,37.0000
575.0000,203.0000,45.0000,37.0000
0
0
0
2
0
0
0
0
1
558.0000,204.0000,76.0000,35.0000
596.0000,216.0000,76.0000,34.0000
596.0000,216.0000,76.0000,34.0000
596.0000,216.0000,76.0000,34.0000
0
0
2
0
0
0
0
1
780.0000,426.0000,25.0000,79.0000
770.0000,474.0000,25.0000,78.0000
770.0000,474.0000,25.0000,78.0000
762.0000,514.0000,25.0000,76.0000
762.0000,514.0000,25.0000,76.0000
2
754.0000,585.0000,26.0000,76.0000
0
0
0
0
1
578.0000,505.0000,58.0000,69.0000
568.0000,467.0000,56.0000,65.0000
568.0000,467.0000,56.0000,65.0000
553.0000,418.0000,55.0000,68.0000
553.0000,418.0000,55.0000,68.0000
0
0
0
2
0
0
0
0
1
507.0000,161.0000,35.0000,73.0000
498.0000,164.0000,38.0000,73.0000
498.0000,164.0000,38.0000,73.0000
498.0000,164.0000,38.0000,73.0000
498.0000,164.0000,38.0000,73.0000
0
2
0
0
0
0
1
236.0000,257.0000,72.0000,35.0000
219.0000,288.0000,71.0000,35.0000
219.0000,288.0000,71.0000,35.0000
0
2
0
0
0
0
1
219.0000,601.0000,43.0000,66.0000
193.0000,615.0000,44.0000,68.0000
193.0000,615.0000,44.0000,68.0000
193.0000,615.0000,44.0000,68.0000
162.0000,639.0000,46.0000,54.0000
162.0000,639.0000,46.0000,54.0000
162.0000,639.0000,46.0000,54.0000
166.0000,637.0000,45.0000,60.0000
166.0000,637.0000,45.0000,60.0000
158.0000,638.0000,43.0000,65.0000
158.0000,638.0000,43.0000,65.0000
161.0000,643.0000,41.0000,67.0000
161.0000,643.0000,41.0000,67.0000
162.0000,651.0000,41.0000,69.0000
170.0000,677.0000,41.0000,71.0000
170.0000,677.0000,41.0000,71.0000
170.0000,677.0000,41.0000,71.0000
0
2
0
0
0
0
1
341.0000,751.0000,73.0000,25.0000
379.0000,747.0000,71.0000,24.0000
379.0000,747.0000,71.0000,24.0000
413.0000,753.0000,66.0000,23.0000
413.0000,753.0000,66.0000,23.0000
413.0000,753.0000,66.0000,23.0000
0
0
2
0
0
0
0
1
525.0000,836.0000,73.0000,39.0000
530.0000,837.0000,72.0000,39.0000
530.0000,837.0000,72.0000,39.0000
530.0000,837.0000,72.0000,39.0000
530.0000,837.0000,74.0000,38.0000
530.0000,837.0000,74.0000,38.0000
535.0000,831.0000,70.0000,37.0000
535.0000,831.0000,70.0000,37.0000
537.0000,830.0000,71.0000,37.0000
537.0000,830.0000,71.0000,37.0000
537.0000,830.0000,71.0000,37.0000
537.0000,830.0000,71.0000,37.0000
537.0000,830.0000,71.0000,37.0000
544.0000,821.0000,71.0000,39.0000
544.0000,821.0000,71.0000,39.0000
544.0000,821.0000,71.0000,39.0000
551.0000,818.0000,72.0000,39.0000
551.0000,818.0000,72.0000,39.0000
551.0000,818.0000,72.0000,39.0000
551.0000,818.0000,72.0000,39.0000
558.0000,813.0000,73.0000,39.0000
558.0000,813.0000,73.0000,39.0000
558.0000,813.0000,73.0000,39.0000
558.0000,813.0000,73.0000,39.0000
580.0000,794.0000,70.0000,42.0000
580.0000,794.0000,70.0000,42.0000
597.0000,792.0000,72.0000,45.0000
597.0000,792.0000,72.0000,45.0000
608.0000,784.0000,67.0000,46.0000
612.0000,781.0000,66.0000,44.0000
612.0000,781.0000,66.0000,44.0000
615.0000,783.0000,67.0000,45.0000
617.0000,781.0000,65.0000,44.0000
617.0000,781.0000,65.0000,44.0000
617.0000,781.0000,65.0000,44.0000
617.0000,782.0000,64.0000,43.0000
619.0000,782.0000,66.0000,42.0000
619.0000,782.0000,66.0000,42.0000
621.0000,783.0000,65.0000,43.0000
624.0000,783.0000,64.0000,43.0000
624.0000,783.0000,64.0000,43.0000
624.0000,783.0000,64.0000,43.0000
624.0000,783.0000,64.0000,43.0000
624.0000,783.0000,64.0000,43.0000
626.0000,784.0000,63.0000,44.0000
626.0000,784.0000,63.0000,44.0000
630.0000,786.0000,65.0000,43.0000
630.0000,786.0000,65.0000,43.0000
635.0000,784.0000,66.0000,42.0000
646.0000,778.0000,67.0000,38.0000
646.0000,778.0000,67.0000,38.0000
660.0000,772.0000,69.0000,37.0000
660.0000,772.0000,69.0000,37.0000
660.0000,772.0000,69.0000,37.0000
693.0000,753.0000,67.0000,38.0000
693.0000,753.0000,67.0000,38.0000
693.0000,753.0000,67.0000,38.0000
693.0000,753.0000,67.0000,38.0000
705.0000,736.0000,68.0000,38.0000
705.0000,736.0000,68.0000,38.0000
705.0000,736.0000,68.0000,38.0000
709.0000,742.0000,67.0000,37.0000
