1
665.0000,685.0000,42.0000,24.0000
665.0000,683.0000,41.0000,24.0000
670.0000,681.0000,40.0000,24.0000
671.0000,681.0000,40.0000,24.0000
2
0
0
0
0
1
686.0000,602.0000,43.0000,14.0000
690.0000,595.0000,43.0000,14.0000
694.0000,587.0000,41.0000,13.0000
689.0000,585.0000,42.0000,14.0000
701.0000,590.0000,43.0000,13.0000
2
0
0
0
0
1
729.0000,505.0000,15.0000,46.0000
731.0000,502.0000,15.0000,45.0000
735.0000,499.0000,16.0000,46.0000
738.0000,495.0000,16.0000,46.0000
742.0000,492.0000,16.0000,46.0000
748.0000,488.0000,15.0000,45.0000
752.0000,486.0000,15.0000,45.0000
758.0000,483.0000,15.0000,44.0000
764.0000,481.0000,15.0000,44.0000
767.0000,480.0000,15.0000,44.0000
770.0000,477.0000,16.0000,44.0000
776.0000,474.0000,15.0000,44.0000
781.0000,472.0000,16.0000,42.0000
787.0000,466.0000,17.0000,43.0000
794.0000,461.0000,17.0000,43.0000
802.0000,452.0000,17.0000,42.0000
810.0000,445.0000,16.0000,41.0000
815.0000,438.0000,17.0000,42.0000
821.0000,429.0000,17.0000,42.0000
826.0000,422.0000,17.0000,42.0000
831.0000,417.0000,18.0000,43.0000
837.0000,412.0000,18.0000,44.0000
843.0000,408.0000,17.0000,43.0000
848.0000,405.0000,16.0000,42.0000
853.0000,400.0000,17.0000,42.0000
856.0000,398.0000,17.0000,42.0000
855.0000,397.0000,17.0000,42.0000
854.0000,394.0000,16.0000,43.0000
846.0000,392.0000,18.0000,42.0000
850.0000,393.0000,17.0000,42.0000
856.0000,394.0000,16.0000,42.0000
860.0000,396.0000,16.0000,42.0000
863.0000,397.0000,17.0000,41.0000
867.0000,400.0000,17.0000,40.0000
869.0000,402.0000,17.0000,40.0000
868.0000,406.0000,17.0000,39.0000
866.0000,406.0000,17.0000,39.0000
866.0000,400.0000,17.0000,40.0000
866.0000,402.0000,16.0000,43.0000
863.0000,407.0000,15.0000,45.0000
860.0000,412.0000,16.0000,45.0000
855.0000,419.0000,16.0000,45.0000
855.0000,425.0000,15.0000,45.0000
849.0000,431.0000,15.0000,44.0000
847.0000,432.0000,15.0000,45.0000
843.0000,435.0000,15.0000,45.0000
836.0000,440.0000,15.0000,45.0000
835.0000,447.0000,16.0000,43.0000
2
0
0
0
0
1
776.0000,483.0000,22.0000,15.0000
769.0000,481.0000,22.0000,15.0000
761.0000,480.0000,22.0000,15.0000
753.0000,479.0000,22.0000,14.0000
747.0000,477.0000,22.0000,14.0000
738.0000,474.0000,23.0000,15.0000
732.0000,472.0000,23.0000,14.0000
725.0000,469.0000,23.0000,14.0000
718.0000,466.0000,22.0000,14.0000
713.0000,463.0000,22.0000,14.0000
707.0000,459.0000,22.0000,15.0000
700.0000,457.0000,23.0000,15.0000
697.0000,454.0000,22.0000,15.0000
689.0000,449.0000,21.0000,15.0000
685.0000,447.0000,21.0000,15.0000
677.0000,443.0000,22.0000,15.0000
673.0000,441.0000,23.0000,16.0000
668.0000,436.0000,21.0000,15.0000
665.0000,436.0000,21.0000,15.0000
661.0000,432.0000,21.0000,14.0000
655.0000,427.0000,22.0000,14.0000
654.0000,424.0000,21.0000,14.0000
652.0000,423.0000,20.0000,14.0000
648.0000,419.0000,21.0000,15.0000
646.0000,416.0000,21.0000,15.0000
643.0000,413.0000,21.0000,15.0000
640.0000,411.0000,21.0000,15.0000
638.0000,408.0000,21.0000,15.0000
636.0000,405.0000,20.0000,16.0000
634.0000,401.0000,21.0000,16.0000
633.0000,398.0000,21.0000,16.0000
634.0000,394.0000,20.0000,17.0000
633.0000,393.0000,20.0000,16.0000
634.0000,390.0000,19.0000,16.0000
634.0000,388.0000,19.0000,16.0000
635.0000,385.0000,18.0000,15.0000
635.0000,384.0000,18.0000,15.0000
