8.8112
0.13004
0.061754
0.053901
0.058231
0.073951
NaN
0.045151
0.046014
0.044727
0.040558
0.043749
0.04545
0.043846
0.044597
0.04367
0.0447
0.044857
0.043588
0.041861
0.041116
NaN
NaN
NaN
NaN
8.7965
0.12702
0.060639
0.049671
0.058692
0.071299
NaN
0.04583
0.046119
0.04492
0.044033
0.043198
0.043513
0.042269
0.043912
0.043709
0.043876
0.044997
0.043741
0.043301
0.043837
0.044593
0.044573
0.042073
0.043989
0.043919
0.044565
0.044739
0.042993
0.04338
0.04411
0.043738
0.042148
0.041116
0.042273
0.039424
0.043209
0.044694
0.043458
0.044162
0.043795
0.045155
0.044316
0.042584
0.042585
0.043488
0.044761
0.040937
0.042814
0.041203
0.042711
0.043829
0.062187
0.044508
0.049159
0.048868
0.048411
0.053574
0.046282
0.043719
0.044734
NaN
NaN
NaN
NaN
8.8369
0.12717
0.06069
0.051237
0.060846
0.073184
NaN
0.044084
0.041699
0.044181
0.042229
0.045548
0.041977
0.040715
0.042564
0.04273
0.045077
0.043653
0.039836
0.041661
0.04373
0.043065
0.042638
0.041768
0.043287
0.043997
0.042769
0.043067
0.042242
0.041176
0.040646
0.04293
0.041861
0.043771
0.043108
0.044569
0.042089
0.041938
0.042067
0.041133
0.041671
0.043746
0.04041
0.041386
0.043362
0.044328
0.042454
0.04329
0.042596
0.043164
0.042878
0.043625
0.059583
0.043969
0.044184
0.047717
NaN
NaN
NaN
NaN
8.6874
0.12554
0.058428
0.049795
0.060104
0.073686
NaN
0.04453
0.044215
0.044276
0.045671
0.043128
0.044779
0.044337
0.044412
NaN
NaN
NaN
NaN
8.7627
0.12428
0.060635
0.049483
0.059468
0.073662
NaN
0.044907
0.045042
0.042862
0.044925
0.041899
0.043144
0.043267
NaN
NaN
NaN
NaN
8.7548
0.12689
0.061083
0.049486
0.057198
0.06849
NaN
0.048626
0.045755
0.041423
0.042984
0.042808
0.044259
0.044115
0.041877
0.043061
0.047039
0.042258
0.043726
0.044178
0.047439
0.044654
0.045431
0.043851
0.043403
0.046084
0.04777
0.047952
0.045135
0.042497
0.043984
0.044668
0.047682
0.04229
0.043985
0.044579
0.044278
0.046147
0.045716
0.042687
0.041762
0.044261
0.044006
0.043778
0.044422
0.044986
0.045404
0.044512
0.043304
0.043795
0.044133
0.043657
0.043134
0.042197
0.043206
0.043628
0.045159
0.04434
0.043901
0.044734
0.044263
0.043739
0.044054
0.043306
0.043858
NaN
NaN
NaN
NaN
8.8057
0.12825
0.058902
0.047245
0.056599
0.0702
NaN
0.046414
0.039778
0.045243
NaN
NaN
NaN
NaN
8.8637
0.12861
0.059941
0.04846
NaN
NaN
NaN
NaN
8.7739
0.12623
0.057341
0.047944
0.058738
0.071173
NaN
0.043681
0.04488
0.044678
0.039788
0.043123
0.041935
0.044701
0.045013
NaN
NaN
NaN
NaN
8.8011
0.1272
0.058552
0.047067
0.058634
0.073099
NaN
0.042847
0.043226
0.04372
0.044733
0.043233
0.043893
NaN
NaN
NaN
NaN
8.8113
0.12822
0.061121
0.049024
0.058177
0.069929
NaN
NaN
NaN
NaN
NaN
8.8197
0.12716
0.061036
0.048436
0.058267
NaN
NaN
NaN
NaN
8.7958
0.12614
0.059489
NaN
NaN
NaN
NaN
8.7209
0.12688
0.060209
0.048217
0.058923
0.0725
NaN
0.042775
0.043884
0.044535
0.044582
0.045579
0.045417
0.043113
NaN
NaN
NaN
NaN
8.7627
0.12691
0.060544
0.047896
0.057736
0.069188
NaN
0.045296
0.044108
0.043747
NaN
NaN
NaN
NaN
8.7438
0.12618
0.061385
0.048388
0.058411
0.071269
NaN
0.045515
0.042211
0.043173
0.042186
0.042141
0.045528
0.044787
0.043019
0.044848
0.044428
0.045021
0.044394
0.044165
0.043995
0.0438
0.044215
0.040838
0.043613
0.04395
0.041787
