1
777.0000,284.0000,90.0000,132.0000
777.9999,279.0001,92.0000,135.0000
777.9999,279.0001,92.0000,135.0000
777.9999,279.0001,92.0000,135.0000
777.9999,279.0001,92.0000,135.0000
777.9999,279.0001,92.0000,135.0000
777.9999,279.0001,92.0000,135.0000
777.9999,279.0001,92.0000,135.0000
777.9999,279.0001,92.0000,135.0000
777.9999,279.0001,92.0000,135.0000
777.9999,279.0001,92.0000,135.0000
777.9999,279.0001,92.0000,135.0000
777.9999,279.0001,92.0000,135.0000
777.9999,279.0001,92.0000,135.0000
777.9999,279.0001,92.0000,135.0000
777.9999,279.0001,92.0000,135.0000
777.9999,279.0001,92.0000,135.0000
777.9999,279.0001,92.0000,135.0000
777.9999,279.0001,92.0000,135.0000
777.9999,279.0001,92.0000,135.0000
777.9999,279.0001,92.0000,135.0000
777.9999,279.0001,92.0000,135.0000
777.9999,279.0001,92.0000,135.0000
777.9999,279.0001,92.0000,135.0000
777.9999,279.0001,92.0000,135.0000
777.9999,279.0001,92.0000,135.0000
777.9999,279.0001,92.0000,135.0000
777.9999,279.0001,92.0000,135.0000
777.9999,279.0001,92.0000,135.0000
777.9999,279.0001,92.0000,135.0000
777.9999,279.0001,92.0000,135.0000
777.9999,279.0001,92.0000,135.0000
777.9999,279.0001,92.0000,135.0000
777.9999,279.0001,92.0000,135.0000
777.9999,279.0001,92.0000,135.0000
777.9999,279.0001,92.0000,135.0000
780.9999,275.0002,91.0000,134.0000
780.9999,275.0002,91.0000,134.0000
780.9999,275.0002,91.0000,134.0000
780.9999,275.0002,91.0000,134.0000
780.9999,275.0002,91.0000,134.0000
780.9999,275.0002,91.0000,134.0000
780.9999,275.0002,91.0000,134.0000
780.9999,275.0002,91.0000,134.0000
780.9999,275.0002,91.0000,134.0000
780.9999,275.0002,91.0000,134.0000
780.9999,275.0002,91.0000,134.0000
780.9999,275.0002,91.0000,134.0000
780.9999,275.0002,91.0000,134.0000
780.9999,275.0002,91.0000,134.0000
780.9999,275.0002,91.0000,134.0000
780.9999,275.0002,91.0000,134.0000
780.9999,275.0002,91.0000,134.0000
780.9999,275.0002,91.0000,134.0000
780.9999,275.0002,91.0000,134.0000
780.9999,275.0002,91.0000,134.0000
780.9999,275.0002,91.0000,134.0000
780.9999,275.0002,91.0000,134.0000
780.9999,275.0002,91.0000,134.0000
780.9999,275.0002,91.0000,134.0000
780.9999,275.0002,91.0000,134.0000
0
0
0
0
0
0
0
0
0
0
2
0
0
0
