1
292.7769,72.1212,352.1370,71.9002,352.9869,299.7082,293.6270,299.9292
292.2365,72.6616,351.5965,72.4406,352.4465,300.2486,293.0865,300.4696
290.6152,72.1212,349.9752,71.9002,350.8252,299.7082,291.4652,299.9292
286.0242,70.1642,346.6976,69.9383,347.5664,302.7866,286.8930,303.0125
286.5766,69.6118,347.2500,69.3859,348.1188,302.2342,287.4454,302.4601
286.0242,71.2690,346.6976,71.0431,347.5664,303.8914,286.8930,304.1172
281.0527,71.8214,341.7260,71.5955,342.5948,304.4438,281.9215,304.6696
280.9450,68.6749,342.9607,68.4440,343.8488,306.4440,281.8330,306.6749
277.3202,67.8019,340.7080,67.5659,341.6157,310.8317,278.2279,311.0677
268.6636,68.3790,332.0514,68.1431,332.9591,311.4088,269.5713,311.6448
268.5511,65.0918,333.3414,64.8506,334.2691,313.4986,269.4788,313.7398
265.6017,66.8614,330.3920,66.6202,331.3197,315.2682,266.5294,315.5094
262.6523,68.6310,327.4426,68.3898,328.3704,317.0378,263.5801,317.2791
261.3133,65.2710,327.5371,65.0245,328.4854,319.1738,262.2616,319.4204
261.9163,67.0798,328.1400,66.8333,329.0883,320.9826,262.8645,321.2292
255.2841,71.3003,321.5078,71.0537,322.4561,325.2031,256.2324,325.4496
255.8870,71.9032,322.1108,71.6567,323.0591,325.8060,256.8353,326.0526
249.5141,70.9710,317.2031,70.7190,318.1723,330.4914,250.4834,330.7434
249.3939,71.2970,318.5805,71.0394,319.5712,336.5593,250.3846,336.8168
247.5042,74.4465,316.6908,74.1889,317.6815,339.7087,248.4949,339.9663
247.3814,69.5514,318.0988,69.2881,319.1114,340.6826,248.3940,340.9459
248.7668,71.8218,317.9761,71.5642,318.9671,337.1711,249.7578,337.4288
247.6933,77.6878,315.4267,77.4356,316.3966,337.3784,248.6632,337.6306
248.3100,75.8378,316.0434,75.5856,317.0133,335.5284,249.2799,335.7806
248.9267,72.7545,316.6600,72.5023,317.6299,332.4451,249.8966,332.6973
244.6100,65.9711,312.3434,65.7189,313.3133,325.6617,245.5799,325.9139
253.0695,65.7682,319.3584,65.5214,320.3076,319.9208,254.0187,320.1676
250.4472,59.8259,318.2028,59.5736,319.1730,319.6016,251.4174,319.8539
255.9991,54.2740,323.7546,54.0218,324.7249,314.0498,256.9693,314.3020
256.6159,56.1246,324.3715,55.8724,325.3417,315.9004,257.5862,316.1526
257.2328,55.5078,324.9884,55.2555,325.9586,315.2835,258.2030,315.5358
252.9147,59.8259,320.6703,59.5736,321.6405,319.6016,253.8849,319.8539
254.7653,57.9753,322.5209,57.7230,323.4911,317.7510,255.7355,318.0033
252.0850,60.8615,321.3397,60.6037,322.3314,326.3848,253.0767,326.6427
250.6538,67.7366,321.4407,67.4731,322.4543,339.1346,251.6674,339.3982
249.1908,64.0657,321.5439,63.7963,322.5800,341.4684,250.2269,341.7377
252.4845,62.0895,324.8376,61.8201,325.8736,339.4922,253.5205,339.7615
251.8257,66.7006,324.1788,66.4312,325.2149,344.1033,252.8618,344.3727
248.9636,64.3152,322.9175,64.0399,323.9765,347.8555,250.0226,348.1308
254.4207,66.0685,330.0109,65.7870,331.0933,355.8820,255.5031,356.1634
267.4965,61.2510,343.0867,60.9696,344.1691,351.0646,268.5789,351.3460
264.9974,63.6779,338.9756,63.4025,340.0349,347.3111,266.0568,347.5865
275.1003,61.6573,349.0785,61.3819,350.1378,345.2905,276.1596,345.5659
281.1620,56.9427,355.1402,56.6672,356.1995,340.5758,282.2213,340.8513
282.6113,59.3178,355.0118,59.0482,356.0486,336.9024,283.6480,337.1719
285.3004,57.8302,356.1569,57.5664,357.1715,329.4952,286.3150,329.7590
287.2357,48.1536,358.0923,47.8898,359.1069,319.8187,288.2503,320.0825
286.1366,47.9414,355.4822,47.6832,356.4752,313.8131,287.1296,314.0713
289.2934,43.5219,358.6389,43.2638,359.6319,309.3936,290.2863,309.6518
294.3031,37.2289,362.1698,36.9762,363.1416,297.4308,295.2749,297.6835
294.4415,34.6434,360.8610,34.3961,361.8120,289.2964,295.3926,289.5437
288.9991,41.2952,355.4186,41.0479,356.3697,295.9482,289.9502,296.1955
278.8431,44.1245,346.7321,43.8718,347.7042,304.4118,279.8152,304.6645
280.0051,40.6038,349.3961,40.3455,350.3898,306.6499,280.9987,306.9083
275.9492,40.9380,346.8755,40.6739,347.8911,312.8703,276.9648,313.1344
280.4694,44.1667,351.3957,43.9026,352.4113,316.0990,281.4850,316.3631
279.0036,44.5082,351.4991,44.2383,352.5372,322.4570,280.0417,322.7270
281.6140,43.4877,355.7135,43.2118,356.7746,327.5862,282.6751,327.8621
282.2886,53.6071,356.3882,53.3313,357.4492,337.7056,283.3497,337.9815
279.3574,49.7644,355.0963,49.4824,356.1809,340.1485,280.4419,340.4305
280.0469,50.4539,355.7859,50.1720,356.8705,340.8381,281.1315,341.1201
279.3574,48.3853,355.0963,48.1033,356.1809,338.7694,280.4419,339.0514
277.7921,47.3191,355.2068,47.0309,356.3153,344.1281,278.9006,344.4163
282.0261,55.2393,357.7899,54.9572,358.8748,345.7186,283.1110,346.0007
289.6136,53.1699,365.3775,52.8878,366.4623,343.6493,290.6985,343.9314
289.7682,58.2617,363.9163,57.9857,364.9781,342.5465,290.8300,342.8226
293.1436,60.2870,367.2917,60.0109,368.3535,344.5718,294.2053,344.8478
301.1029,61.3662,373.6698,61.0960,374.7089,339.5885,302.1420,339.8587
298.7038,67.5167,369.7231,67.2523,370.7401,339.8059,299.7207,340.0703
305.8162,61.6975,376.8356,61.4331,377.8525,333.9866,306.8332,334.2510
307.7560,59.7577,378.7753,59.4933,379.7923,332.0469,308.7729,332.3113
305.4080,63.2842,374.9128,63.0255,375.9081,329.7668,306.4033,330.0255
307.9895,60.6363,376.0121,60.3831,376.9862,321.4360,308.9635,321.6893
299.7714,65.2079,366.3434,64.9600,367.2967,320.4460,300.7247,320.6938
303.4123,66.1768,368.5647,65.9343,369.4977,315.9719,304.3453,316.2144
304.6887,68.2686,368.4517,68.0312,369.3647,312.7367,305.6017,312.9741
302.9471,67.6881,366.7101,67.4507,367.6232,312.1562,303.8602,312.3936
303.5277,68.2686,367.2906,68.0312,368.2037,312.7367,304.4407,312.9741
304.1082,70.0102,367.8712,69.7728,368.7842,314.4782,305.0212,314.7156
302.3666,70.5907,366.1296,70.3533,367.0427,315.0588,303.2797,315.2961
304.1082,73.4933,367.8712,73.2559,368.7842,317.9614,305.0212,318.1988
303.9950,65.3682,369.1687,65.1256,370.1020,315.2452,304.9283,315.4878
310.0355,64.4508,376.6512,64.2028,377.6051,319.8563,310.9894,320.1043
308.2160,62.6313,374.8317,62.3833,375.7856,318.0368,309.1699,318.2848
310.6902,67.1084,375.8853,66.8656,376.8188,317.0672,311.6237,317.3100
305.3481,65.3277,370.5432,65.0850,371.4768,315.2866,306.2817,315.5293
306.6254,68.5650,370.4301,68.3275,371.3438,313.1934,307.5390,313.4310
310.1150,67.2541,372.5591,67.0216,373.4533,306.6657,311.0091,306.8982
318.6427,62.1374,381.0868,61.9049,381.9810,301.5491,319.5368,301.7816
318.0742,60.4319,380.5183,60.1994,381.4125,299.8435,318.9683,300.0760
319.1430,56.0139,382.9687,55.7763,383.8827,300.7225,320.0569,300.9601
319.7241,56.5950,383.5498,56.3574,384.4637,301.3036,320.6380,301.5412
319.1430,57.1761,382.9687,56.9384,383.8827,301.8847,320.0569,302.1223
324.3728,60.0815,388.1985,59.8439,389.1125,304.7902,325.2868,305.0278
321.1425,61.0105,383.6071,60.7780,384.5016,300.5007,322.0370,300.7332
326.7514,64.1123,387.8839,63.8847,388.7593,298.4952,327.6267,298.7228
320.8684,62.0968,383.3535,61.8642,384.2483,301.6655,321.7632,301.8981
319.1617,56.9769,381.6469,56.7442,382.5416,296.5455,320.0565,296.7782
319.2892,62.2729,380.4418,62.0452,381.3175,296.7327,320.1649,296.9604
317.2675,67.4560,377.1159,67.2332,377.9729,296.9159,318.1245,297.1387
313.1880,63.0752,371.7602,62.8572,372.5989,287.6418,314.0268,287.8599
314.7878,59.3424,373.3600,59.1243,374.1987,283.9090,315.6265,284.1270
308.9219,63.0752,367.4941,62.8572,368.3329,287.6418,309.7607,287.8599
297.7337,53.6480,355.0568,53.4346,355.8776,273.4256,298.5545,273.6390
298.8567,56.4944,354.9574,56.2856,355.7607,271.5852,299.6600,271.7941
293.2383,55.9837,349.3390,55.7748,350.1423,271.0745,294.0416,271.2833
283.5338,64.6666,339.6345,64.4577,340.4379,279.7574,284.3372,279.9663
278.1351,65.9966,335.4770,65.7831,336.2981,285.8463,278.9562,286.0598
282.8336,58.1656,340.1756,57.9522,340.9967,278.0153,283.6548,278.2288
291.0017,57.9939,347.1208,57.7849,347.9244,273.1552,291.8053,273.3641
286.6614,49.7827,344.0221,49.5691,344.8435,269.7044,287.4828,269.9180
290.8053,45.5840,346.9427,45.3750,347.7466,260.8158,291.6091,261.0248
285.9936,41.4748,340.9339,41.2703,341.7206,252.1168,286.7803,252.3213
288.9983,47.0956,342.7671,46.8955,343.5370,253.2456,289.7683,253.4458
288.1644,83.7378,340.7864,83.5419,341.5399,285.4915,288.9179,285.6875
278.1127,93.7392,329.6126,93.5475,330.3500,291.1905,278.8501,291.3822
279.5193,88.5816,331.0192,88.3898,331.7567,286.0329,280.2567,286.2246
270.6107,98.4279,322.1106,98.2362,322.8481,295.8792,271.3481,296.0710
268.2663,97.9591,319.7662,97.7673,320.5037,295.4104,269.0038,295.6021
270.1791,97.8048,320.5807,97.6171,321.3025,291.0454,270.9008,291.2330
275.5894,96.7692,324.9162,96.5856,325.6225,285.8889,276.2957,286.0725
287.6160,78.3695,338.0342,78.1818,338.7561,271.6735,288.3380,271.8612
290.3735,80.8731,339.7165,80.6894,340.4230,270.0547,291.0800,270.2385
298.2681,85.0552,346.5589,84.8755,347.2504,270.2026,298.9596,270.3824
309.3845,74.7402,356.6455,74.5643,357.3222,255.9392,310.0613,256.1152
314.9782,68.2860,362.2391,68.1100,362.9159,249.4850,315.6549,249.6610
313.4157,66.4855,359.6688,66.3133,360.3311,243.8204,314.0780,243.9926
311.3102,65.2222,357.5632,65.0500,358.2256,242.5571,311.9725,242.7293
312.1018,66.3187,359.3783,66.1427,360.0552,247.5771,312.7788,247.7531
313.0280,69.4960,359.2963,69.3237,359.9588,246.8890,313.6906,247.0613
2
0
0
0
0
1
319.1658,89.0853,361.5708,78.9188,409.8658,280.4053,367.4608,290.5718
319.6325,89.5520,362.0375,79.3855,410.3325,280.8720,367.9275,291.0385
319.1658,90.0187,361.5708,79.8522,409.8658,281.3387,367.4608,291.5052
319.6325,93.2857,362.0375,83.1192,410.3325,284.6057,367.9275,294.7722
320.0992,92.8190,362.5042,82.6525,410.7992,284.1389,368.3942,294.3055
319.5800,92.1551,362.9232,81.7637,412.2868,287.7081,368.9436,298.0995
321.0291,93.4563,365.3313,82.8349,415.7870,293.3358,371.4848,303.9572
321.5167,91.9935,365.8189,81.3722,416.2746,291.8731,371.9724,302.4944
321.9861,91.2999,367.2684,80.4436,418.8404,295.6018,373.5581,306.4582
322.4844,91.7983,367.7668,80.9420,419.3388,296.1002,374.0565,306.9566
321.9861,91.2999,367.2684,80.4436,418.8404,295.6018,373.5581,306.4582
321.4877,89.8048,366.7700,78.9485,418.3421,294.1067,373.0597,304.9631
321.0793,88.6207,365.3960,77.9959,415.8683,288.5658,371.5515,299.1906
320.5916,89.1084,364.9083,78.4836,415.3805,289.0535,371.0638,299.6783
318.1528,86.6697,362.4695,76.0449,412.9417,286.6148,368.6251,297.2396
307.4895,79.9034,352.7867,69.0435,404.3756,284.2723,359.0784,295.1322
307.9880,79.4049,353.2852,68.5450,404.8741,283.7738,359.5769,294.6337
302.2611,73.5234,348.5605,62.4233,401.2908,282.4140,354.9914,293.5142
295.9497,74.2773,341.2618,63.4138,392.8676,278.7132,347.5556,289.5767
296.4484,72.7812,341.7605,61.9177,393.3664,277.2171,348.0543,288.0805
291.7545,67.9326,338.0690,56.8288,390.8167,276.8916,344.5021,287.9955
286.4236,66.7215,331.7506,55.8544,383.3734,271.2244,338.0464,282.0914
284.8336,64.9767,331.1633,53.8693,383.9283,274.0043,337.5985,285.1117
281.0922,61.0773,328.4470,49.7241,382.3794,274.7296,335.0245,286.0828
275.3592,57.4290,322.7140,46.0758,376.6463,271.0813,329.2915,282.4345
277.9462,62.2188,324.2912,51.1077,377.0734,271.3149,330.7284,282.4260
274.3757,60.6886,320.7206,49.5775,373.5029,269.7847,327.1579,280.8958
272.8455,64.2591,319.1904,53.1480,371.9727,273.3552,325.6277,284.4663
273.3555,62.7289,319.7005,51.6178,372.4827,271.8250,326.1378,282.9361
270.6714,62.0034,318.0417,50.6464,371.9917,275.7257,324.6214,287.0826
270.1500,62.5247,317.5204,51.1678,371.4704,276.2470,324.1000,287.6040
273.7429,65.3061,320.1031,54.1913,372.9026,274.4707,326.5424,285.5854
273.3248,69.0117,318.6964,58.1340,370.3699,273.7159,324.9984,284.5936
267.5885,67.2653,313.9639,56.1469,366.7807,276.4985,320.4053,287.6169
269.1197,65.7340,315.4951,54.6157,368.3119,274.9673,321.9366,286.0856
271.6718,66.2444,318.0471,55.1261,370.8640,275.4777,324.4886,286.5960
280.3487,63.6924,326.7240,52.5740,379.5409,272.9256,333.1655,284.0440
276.7758,60.1196,323.1512,49.0012,375.9680,269.3528,329.5927,280.4712
283.4111,60.6300,329.7865,49.5116,382.6033,269.8632,336.2279,280.9816
287.0797,54.6085,334.4811,43.2441,388.4665,268.4710,341.0651,279.8354
283.4278,55.1302,330.8292,43.7658,384.8146,268.9927,337.4132,280.3571
290.0401,52.8850,336.4307,41.7629,389.2649,262.1868,342.8743,273.3088
295.8288,51.0993,343.2458,39.7312,397.2489,265.0319,349.8319,276.4000
293.2195,49.5337,340.6364,38.1656,394.6395,263.4663,347.2226,274.8344
298.0533,49.8743,346.5194,38.2546,401.7173,268.5401,353.2513,280.1598
304.1010,53.5429,353.6394,41.6662,410.0586,277.0468,360.5202,288.9235
303.4945,52.7674,354.1289,40.6279,411.7964,281.2162,361.1620,293.3557
307.3350,51.4433,356.8896,39.5626,413.3273,275.0204,363.7727,286.9010
311.2551,61.9845,361.9061,49.8410,419.5925,290.5083,368.9415,302.6517
309.4782,62.3483,361.2499,49.9361,420.2126,295.9282,368.4409,308.3403
311.1876,57.2201,362.9593,44.8079,421.9220,290.8000,370.1503,303.2121
317.3112,56.9646,367.9788,44.8172,425.6841,285.5634,375.0164,297.7108
314.5229,59.7529,365.1906,47.6054,422.8958,288.3516,372.2282,300.4991
319.4409,62.7278,369.0280,50.8394,425.5027,286.4516,375.9156,298.3400
323.3636,66.4813,374.0478,54.3299,431.7720,295.1550,381.0878,307.3064
325.0581,72.6328,376.8637,60.2126,435.8651,306.3659,384.0594,318.7862
319.6914,74.1880,372.6432,61.4930,432.9500,313.0925,379.9982,325.7875
314.2060,62.4755,368.3294,49.4996,429.9704,306.6657,375.8470,319.6417
320.9596,71.5165,376.2804,58.2535,439.2853,321.1094,383.9644,334.3725
311.0710,65.3751,365.2122,52.3949,426.8734,309.6453,372.7323,322.6255
315.3540,65.7639,370.6930,52.4965,433.7185,315.4387,378.3795,328.7061
312.1489,67.4252,368.7122,53.8643,433.1322,322.6240,376.5688,336.1849
315.3316,66.5397,373.1465,52.6787,438.9917,327.3848,381.1769,341.2457
311.1304,71.1609,367.7123,57.5956,432.1534,326.4434,375.5715,340.0088
319.2260,68.0472,375.8079,54.4819,440.2490,323.3297,383.6671,336.8951
313.3646,61.9927,371.1983,48.1272,437.0652,322.9233,379.2314,336.7888
317.8202,58.8101,375.6540,44.9446,441.5208,319.7407,383.6870,333.6062
310.5083,59.2255,369.6216,45.0532,436.9458,325.9292,377.8324,340.1015
318.9661,54.6713,378.0794,40.4990,445.4036,321.3750,386.2902,335.5473
307.4424,45.6459,367.8636,31.1601,436.6773,318.2504,376.2561,332.7363
306.7026,39.1806,368.4607,24.3742,438.7969,317.8164,377.0388,332.6228
297.4842,46.6761,360.6087,31.5422,432.5010,331.4768,369.3766,346.6107
281.5050,64.0448,344.6295,48.9108,416.5219,348.8455,353.3974,363.9794
279.5965,70.4297,341.3748,55.6185,411.7341,349.1569,349.9557,363.9681
278.9166,65.6702,340.6949,50.8590,411.0541,344.3974,349.2758,359.2086
270.4952,60.1225,330.9561,45.6272,399.8149,332.9058,339.3540,347.4012
273.8223,54.1337,334.2832,39.6383,403.1420,326.9169,342.6812,341.4123
266.8633,64.0974,326.0348,49.9112,393.4252,331.0635,334.2537,345.2498
274.0269,56.9338,333.1985,42.7475,400.5888,323.8999,341.4173,338.0861
279.8881,56.2825,339.0596,42.0963,406.4500,323.2486,347.2785,337.4348
273.0775,71.0554,330.9872,57.1717,396.9404,332.3284,339.0307,346.2121
273.6910,62.2138,332.8819,48.0229,400.2944,329.2674,341.1035,343.4583
273.0396,60.2595,332.2305,46.0686,399.6429,327.3131,340.4520,341.5040
276.3702,52.5740,336.8707,38.0691,405.7747,325.5362,345.2741,340.0410
268.7211,43.3368,330.5602,28.5110,400.9887,322.3383,339.1496,337.1641
272.1241,41.2950,333.9632,26.4692,404.3917,320.2965,342.5526,335.1223
265.9987,43.3368,327.8378,28.5110,398.2663,322.3383,336.4272,337.1641
261.0049,29.6585,324.2122,14.5047,396.1989,314.8329,332.9916,329.9867
264.4579,32.0287,326.3173,17.1981,396.7689,311.1217,334.9095,325.9523
270.4622,31.7235,331.0024,17.2091,399.9516,304.8647,339.4114,319.3791
276.3385,39.1315,335.5876,24.9266,403.0665,306.4479,343.8173,320.6527
278.3183,41.3533,336.3039,27.4513,402.3437,302.9691,344.3581,316.8710
280.2568,36.4728,339.5254,22.2633,407.0264,303.8768,347.7578,318.0863
279.6045,38.4297,338.8731,24.2202,406.3741,305.8337,347.1055,320.0432
282.8424,41.9097,340.8471,28.0032,406.9085,303.6112,348.9039,317.5177
287.2419,51.4686,344.0096,37.8587,408.6623,307.5894,351.8946,321.1993
292.7520,60.8238,348.3091,47.5041,411.5830,311.4826,356.0259,324.8023
287.2488,62.6582,342.8060,49.3385,406.0799,313.3170,350.5228,326.6367
290.3750,61.7884,347.1613,48.1740,411.8352,317.9931,355.0489,331.6075
294.8672,54.4152,352.9099,40.4996,419.0147,316.2884,360.9720,330.2040
295.5060,58.8869,353.5487,44.9713,419.6535,320.7601,361.6108,334.6757
289.7567,59.5257,347.7994,45.6101,413.9041,321.3989,355.8614,335.3145
289.1178,48.6658,347.1606,34.7502,413.2653,310.5390,355.2226,324.4547
285.7561,51.7338,345.0830,37.5103,412.6504,319.4010,353.3235,333.6245
290.4493,46.7404,351.0888,32.2022,420.1511,320.3297,359.5116,334.8679
296.4559,44.7382,357.0954,30.2001,426.1577,318.3275,365.5181,332.8657
291.5589,41.0192,353.5401,26.1594,424.1304,320.6617,362.1492,335.5215
296.2600,36.7684,356.9194,22.2254,426.0043,310.4474,365.3449,324.9903
295.5174,30.2776,357.5189,15.4128,428.1323,310.0117,366.1308,324.8764
293.3423,29.3069,356.7156,14.1133,428.8914,315.2302,365.5181,330.4238
302.1827,35.7170,364.2045,20.8474,434.8411,315.5428,372.8192,330.4124
309.5186,31.4634,370.2178,16.9109,439.3480,305.3219,378.6488,319.8744
310.1866,22.7787,370.8858,8.2262,440.0161,296.6371,379.3169,311.1896
314.7905,35.3573,374.1953,21.1152,441.8513,303.3757,382.4465,317.6179
318.0595,32.0883,377.4643,17.8461,445.1203,300.1067,385.7155,314.3488
316.2635,34.3159,374.4014,20.3775,440.6146,296.6187,382.4767,310.5572
318.1831,29.8369,376.3210,15.8984,442.5342,292.1396,384.3963,306.0781
316.4253,35.7174,373.3234,22.0762,438.1246,292.4265,381.2265,306.0677
319.5337,40.2653,375.2184,26.9150,438.6378,291.5001,382.9530,304.8503
318.9208,45.7811,374.6056,32.4308,438.0249,297.0158,382.3401,310.3661
318.4186,51.4135,372.9159,38.3479,434.9828,297.2906,380.4855,310.3562
321.4176,48.4145,375.9149,35.3489,437.9818,294.2916,383.4845,307.3572
315.1450,56.2393,368.4801,43.4523,429.2234,296.8730,375.8883,309.6599
321.4535,57.1077,373.6512,44.5934,433.0991,292.6098,380.9014,305.1241
320.9827,60.1725,372.0673,47.9251,430.2475,290.6524,379.1629,302.8998
321.5240,57.0395,373.7388,44.5211,433.2062,292.6188,380.9914,305.1372
315.2025,55.3155,367.4174,42.7971,426.8847,290.8948,374.6699,303.4131
316.9473,58.3813,368.0486,46.1299,426.2478,288.9368,375.1465,301.1882
318.6345,57.8189,369.7358,45.5674,427.9351,288.3744,376.8338,300.6258
324.8211,53.8819,375.9225,41.6305,434.1217,284.4374,383.0204,296.6888
322.0090,54.4444,373.1104,42.1929,431.3096,284.9998,380.2083,297.2513
325.9460,56.1316,377.0473,43.8802,435.2466,286.6871,384.1452,298.9385
328.7377,61.3004,378.7493,49.3102,435.7074,286.9392,385.6958,298.9294
328.1254,52.5225,379.2435,40.2671,437.4618,283.1536,386.3437,295.4091
323.9973,49.3875,376.2464,36.8609,435.7528,285.1213,383.5038,297.6479
329.1728,46.5122,381.4219,33.9856,440.9283,282.2460,388.6792,294.7726
336.8858,38.5349,390.2909,25.7311,451.1138,279.4843,397.7087,292.2880
343.2025,36.0053,395.4687,23.4746,454.9946,271.8163,402.7284,284.3470
338.0254,28.5271,390.2916,15.9964,449.8175,264.3382,397.5513,276.8689
328.2463,36.0053,380.5125,23.4746,440.0384,271.8163,387.7722,284.3470
320.4446,32.7998,373.8672,19.9918,434.7101,273.8282,381.2876,286.6361
315.4291,42.7371,367.7125,30.2023,427.2579,278.6255,374.9745,291.1603
319.4572,39.8599,371.7405,27.3251,431.2859,275.7484,379.0026,288.2831
318.8170,35.4594,372.2571,22.6473,433.1200,276.5668,379.6799,289.3790
320.6036,35.8432,375.2261,22.7476,437.4356,282.2852,382.8131,295.3808
335.1766,35.5737,388.6342,22.7574,449.5171,276.7602,396.0594,289.5766
339.2312,37.5783,391.5488,25.0353,451.1333,273.6215,398.8157,286.1645
335.0063,34.3697,388.4814,21.5492,449.3842,275.6353,395.9091,288.4558
330.6879,28.6476,385.3462,15.5434,447.5965,275.2512,392.9382,288.3554
332.4926,29.2492,387.1509,16.1450,449.4012,275.8528,394.7429,288.9570
334.2973,25.0382,388.9556,11.9340,451.2059,271.6418,396.5476,284.7460
334.8989,26.8429,389.5572,13.7387,451.8074,273.4465,397.1491,286.5507
333.0942,26.2414,387.7525,13.1372,450.0027,272.8449,395.3445,285.9491
332.6013,32.9296,386.0940,20.1048,447.0167,274.2743,393.5240,287.0990
330.7247,32.0922,385.4009,18.9837,447.6716,278.7766,392.9954,291.8851
330.1230,30.2869,384.7992,17.1784,447.0699,276.9713,392.3936,290.0798
333.1100,34.6572,386.6202,21.8283,447.5629,276.0810,394.0527,288.9100
328.7888,30.1534,383.4829,17.0406,445.7740,276.9187,391.0798,290.0315
325.6210,31.7953,381.5252,18.3924,445.1945,284.0203,389.2903,297.4232
322.3831,24.5366,379.5243,10.8371,444.6022,282.3421,387.4611,296.0415
2
0
0
0
0
1
285.7614,67.1854,324.4182,68.4217,318.8783,241.8604,280.2215,240.6242
284.9841,65.6640,324.4962,66.9276,318.8337,244.2037,279.3216,242.9401
287.0083,66.8785,326.5204,68.1421,320.8579,245.4182,281.3458,244.1546
288.2228,69.7124,327.7349,70.9760,322.0724,248.2521,282.5603,246.9885
288.6277,70.1172,328.1397,71.3808,322.4772,248.6570,282.9652,247.3933
287.4131,71.3318,326.9252,72.5954,321.2627,249.8715,281.7507,248.6079
286.1986,70.1172,325.7107,71.3808,320.0482,248.6570,280.5362,247.3933
286.6035,71.3318,326.1155,72.5954,320.4530,249.8715,280.9410,248.6079
288.1350,68.9432,326.8045,70.1798,321.2627,243.6755,282.5933,242.4388
287.3426,69.6606,325.1874,70.8709,319.7639,240.6667,281.9190,239.4564
287.7303,70.0484,325.5752,71.2587,320.1516,241.0545,282.3068,239.8442
288.1181,68.8851,325.9629,70.0954,320.5394,239.8912,282.6945,238.6809
286.1793,60.7422,324.0241,61.9525,318.6006,231.7483,280.7558,230.5380
286.8988,62.9393,323.9365,64.1238,318.6286,230.2987,281.5909,229.1142
287.2783,60.2829,324.3160,61.4674,319.0081,227.6422,281.9704,226.4578
288.4167,59.1445,325.4545,60.3289,320.1466,226.5038,283.1088,225.3193
288.7962,59.5239,325.8340,60.7084,320.5261,226.8833,283.4883,225.6988
289.9347,59.1445,326.9724,60.3289,321.6645,226.5038,284.6268,225.3193
292.1019,63.4893,328.3498,64.6486,323.1551,227.2797,286.9071,226.1205
292.1436,62.8334,329.1935,64.0183,323.8839,230.2476,286.8340,229.0627
293.7617,62.9506,331.6314,64.1617,326.2043,234.0688,288.3347,232.8578
295.9776,67.3931,333.0397,68.5784,327.7283,234.8622,290.6663,233.6769
295.2181,68.8127,331.4898,69.9727,326.2917,232.7105,290.0200,231.5505
296.3330,71.4142,332.6047,72.5742,327.4066,235.3120,291.1349,234.1520
295.9614,75.5023,332.2331,76.6622,327.0350,239.4000,290.7633,238.2400
295.5898,75.8739,331.8615,77.0339,326.6634,239.7717,290.3917,238.6117
294.0893,77.5310,331.1635,78.7166,325.8504,245.0549,288.7762,243.8693
294.1320,79.2247,332.0265,80.4366,326.5958,250.4551,288.7014,249.2433
295.2968,78.0599,333.1913,79.2718,327.7606,249.2903,289.8662,248.0785
294.5349,76.5685,333.2678,77.8072,327.7169,251.5874,288.9841,250.3487
296.8013,75.7570,334.7081,76.9693,329.2757,247.0437,291.3688,245.8314
295.2758,78.7065,332.3743,79.8929,327.0576,246.3403,289.9591,245.1539
296.7137,81.5930,333.0211,82.7541,327.8179,245.6521,291.5105,244.4909
300.2724,81.5495,335.8055,82.6859,330.7133,242.1100,295.1801,240.9736
300.6365,81.1855,336.1696,82.3218,331.0773,241.7459,295.5442,240.6095
301.7287,80.8214,337.2618,81.9577,332.1696,241.3818,296.6364,240.2454
305.7335,79.7292,341.2666,80.8655,336.1743,240.2896,300.6412,239.1532
303.9131,80.0932,339.4463,81.2296,334.3540,240.6537,298.8209,239.5173
308.7996,80.0507,343.5750,81.1628,338.5913,237.1871,303.8159,236.0750
317.7030,81.3827,351.7367,82.4712,346.8593,235.1682,312.8256,234.0798
317.0186,80.7668,351.8054,81.8793,346.8201,237.9548,312.0333,236.8423
319.5136,81.1233,354.3004,82.2358,349.3151,238.3112,314.5283,237.1987
321.2957,82.9054,356.0825,84.0179,351.0972,240.0933,316.3104,238.9809
320.5829,85.6121,354.6278,86.7008,349.7488,239.4479,315.7039,238.3591
320.2340,88.7515,354.2790,89.8402,349.4000,242.5873,315.3551,241.4986
314.4828,87.4116,349.2810,88.5244,344.2941,244.6510,309.4959,243.5382
314.8394,87.7681,349.6375,88.8810,344.6506,245.0076,309.8524,243.8947
311.9202,85.6587,347.4883,86.7962,342.3910,246.3772,306.8229,245.2397
306.2737,90.5337,341.0833,91.6470,336.0947,247.8248,301.2852,246.7116
307.0539,89.1637,342.6337,90.3016,337.5347,249.9348,301.9550,248.7970
303.7730,88.7992,339.3527,89.9370,334.2538,249.5703,298.6740,248.4324
301.9502,89.1637,337.5300,90.3016,332.4310,249.9348,296.8513,248.7970
301.9239,91.2294,336.7448,92.3430,331.7546,248.5720,296.9337,247.4584
302.2806,90.8726,337.1016,91.9862,332.1114,248.2152,297.2904,247.1016
301.2103,84.8074,336.0313,85.9210,331.0411,242.1500,296.2201,241.0364
301.5671,87.3048,336.3881,88.4184,331.3979,244.6474,296.5769,243.5339
299.0697,86.2345,333.8907,87.3481,328.9005,243.5771,294.0795,242.4635
297.9993,80.8829,332.8203,81.9965,327.8301,238.2255,293.0091,237.1119
298.3561,81.9532,333.1771,83.0668,328.1869,239.2958,293.3659,238.1822
296.9548,81.9115,331.0332,83.0013,326.1494,235.8987,292.0710,234.8089
293.5641,85.2361,326.9157,86.3027,322.1361,235.9395,288.7844,234.8729
293.2224,84.8944,326.5740,85.9610,321.7944,235.5978,288.4427,234.5312
290.1469,83.8693,323.4985,84.9359,318.7189,234.5727,285.3672,233.5061
289.1217,86.2613,322.4734,87.3279,317.6937,236.9647,284.3420,235.8981
288.4511,85.6578,322.5407,86.7479,317.6553,239.6955,283.5657,238.6053
284.1418,86.4904,318.9857,87.6047,313.9922,243.9362,279.1483,242.8219
286.4044,82.1558,322.0191,83.2948,316.9152,243.0851,281.3004,241.9462
287.2026,81.5113,323.6054,82.6755,318.3885,246.0012,281.9857,244.8370
291.8882,80.8526,329.0964,82.0425,323.7641,248.9818,286.5559,247.7918
300.6328,81.7614,338.6642,82.9776,333.2139,253.6104,295.1825,252.3941
303.1024,78.6474,341.9752,79.8906,336.4043,254.2986,297.5315,253.0555
308.1059,79.5969,347.8388,80.8675,342.1446,259.1344,302.4118,257.8637
316.5991,79.7226,357.2110,81.0214,351.3909,263.2323,310.7790,261.9336
320.9630,75.5339,362.4735,76.8615,356.5247,263.1039,315.0142,261.7763
315.4340,74.2580,356.9444,75.5855,350.9955,261.8279,309.4851,260.5004
314.5993,73.5068,357.0282,74.8637,350.9477,265.2267,308.5188,263.8698
314.6482,70.9349,358.0159,72.3218,351.8008,266.8966,308.4332,265.5096
318.6473,73.1566,362.0150,74.5435,355.7999,269.1183,312.4323,267.7314
324.2294,74.2158,368.5565,75.6334,362.2040,274.5132,317.8769,273.0956
322.3957,71.5288,367.7036,72.9778,361.2105,276.2578,315.9026,274.8088
322.8599,73.8499,368.1678,75.2989,361.6747,278.5789,316.3668,277.1299
325.1810,76.1711,370.4889,77.6200,363.9958,280.9000,318.6879,279.4510
323.7884,76.6353,369.0963,78.0843,362.6031,281.3642,317.2953,279.9153
326.1095,78.0280,371.4174,79.4769,364.9243,282.7569,319.6164,281.3079
331.9413,81.0611,378.2516,82.5421,371.6149,290.3197,325.3046,288.8386
331.0101,78.2539,378.3451,79.7677,371.5615,292.1423,324.2265,290.6285
334.0838,79.4100,382.4660,80.9573,375.5323,298.0307,327.1501,296.4834
338.5453,80.8972,386.9276,82.4445,379.9939,299.5179,331.6116,297.9706
337.5539,81.7948,384.9043,83.3091,378.1185,295.7534,330.7680,294.2391
340.6285,80.9380,389.0266,82.4858,382.0907,299.6303,333.6926,298.0826
350.0504,82.4256,398.4485,83.9734,391.5125,301.1180,343.1144,299.5702
349.0772,79.4919,398.5461,81.0739,391.4567,303.0228,341.9878,301.4408
355.6664,79.9987,405.1353,81.5807,398.0459,303.5296,348.5769,301.9476
364.4234,84.8248,412.8373,86.3731,405.8991,303.5889,357.4851,302.0406
360.9510,83.3367,409.3650,84.8850,402.4268,302.1008,354.0128,300.5525
365.6964,89.0161,413.0779,90.5314,406.2876,303.1150,358.9061,301.5997
360.3562,87.5597,407.7377,89.0750,400.9474,301.6586,353.5659,300.1433
361.8126,87.0742,409.1941,88.5895,402.4038,301.1731,355.0223,299.6578
360.8416,90.7609,407.2127,92.2438,400.5673,300.2940,354.1962,298.8110
359.8914,94.3689,405.2736,95.8202,398.7698,299.4337,353.3876,297.9823
359.4264,93.9039,404.8086,95.3552,398.3049,298.9687,352.9226,297.5173
360.2891,97.4350,404.7036,98.8554,398.3385,298.1267,353.9241,296.7063
361.1335,102.6452,404.6007,104.0353,398.3714,299.0571,354.9041,297.6670
360.6881,102.1999,404.1554,103.5900,397.9261,298.6118,354.4588,297.2217
358.4612,103.5360,401.9285,104.9261,395.6992,299.9479,352.2319,298.5578
355.3437,100.4184,398.8110,101.8085,392.5817,296.8303,349.1144,295.4402
357.0286,104.6590,399.5689,106.0195,393.4724,296.8824,350.9321,295.5219
354.4763,106.2885,396.1095,107.6200,390.1430,294.4127,348.5099,293.0812
349.7841,104.1556,391.4172,105.4871,385.4507,292.2798,343.8176,290.9483
349.3575,105.4354,390.9906,106.7668,385.0242,293.5595,343.3910,292.2281
347.2246,104.1556,388.8578,105.4871,382.8913,292.2798,341.2581,290.9483
341.6792,100.3165,383.3123,101.6479,377.3459,288.4406,335.7127,287.1092
339.0717,98.6779,381.6260,100.0388,375.5276,290.9643,332.9733,289.6034
334.5972,93.3842,378.0930,94.7753,371.8596,289.9250,328.3638,288.5339
329.6950,87.5907,373.1908,88.9817,366.9574,284.1314,323.4616,282.7404
327.8957,85.8788,372.3538,87.3006,365.9825,286.7680,321.5244,285.3462
326.5291,81.7792,370.9872,83.2010,364.6159,282.6684,320.1578,281.2466
322.7996,77.1938,368.2413,78.6471,361.7291,282.5277,316.2873,281.0745
322.3340,76.7282,367.7758,78.1815,361.2635,282.0621,315.8217,280.6089
317.5558,76.8720,364.0030,78.3574,357.3466,286.7489,310.8994,285.2635
312.3210,80.2033,358.7681,81.6887,352.1118,290.0802,305.6646,288.5948
312.7968,80.6792,359.2440,82.1646,352.5876,290.5561,306.1405,289.0707
309.4656,82.1069,355.9128,83.5923,349.2564,291.9838,302.8092,290.4984
305.1825,86.3900,351.6297,87.8754,344.9733,296.2668,298.5261,294.7814
304.7066,86.8659,351.1538,88.3513,344.4974,296.7427,298.0502,295.2573
303.7548,91.3972,349.2115,92.8509,342.6971,296.7984,297.2404,295.3446
301.0276,94.9341,345.5149,96.3568,339.1394,295.9550,294.6521,294.5323
300.5718,92.6550,345.0591,94.0777,338.6836,293.6759,294.1963,292.2532
297.3811,94.9341,341.8684,96.3568,335.4929,295.9550,291.0056,294.5323
295.5407,93.1832,341.0123,94.6374,334.4958,298.6517,289.0242,297.1975
296.0067,91.7855,341.4782,93.2397,334.9617,297.2540,289.4901,295.7998
294.6089,90.3878,340.0805,91.8420,333.5640,295.8563,288.0924,294.4021
290.7944,86.6646,337.2720,88.1510,330.6113,296.6792,284.1337,295.1928
291.8361,83.8473,339.3421,85.3666,332.5340,298.5084,285.0280,296.9891
287.8509,78.9476,336.4079,80.5005,329.4492,298.3581,280.8922,296.8052
289.9716,69.8102,339.6029,71.3974,332.4902,294.0751,282.8589,292.4879
287.4290,69.3016,337.0603,70.8889,329.9476,293.5666,280.3163,291.9793
289.9716,69.8102,339.6029,71.3974,332.4902,294.0751,282.8589,292.4879
293.5312,64.2164,343.1626,65.8036,336.0499,288.4813,286.4185,286.8941
294.4747,64.1570,343.0477,65.7103,336.0867,283.6394,287.5137,282.0860
300.7268,63.2780,350.3745,64.8657,343.2594,287.6164,293.6118,286.0287
307.3398,56.6650,356.9874,58.2528,349.8724,281.0034,300.2248,279.4157
302.7616,57.1737,352.4092,58.7614,345.2942,281.5121,295.6466,279.9244
309.3745,58.6998,359.0222,60.2875,351.9072,283.0382,302.2595,281.4505
306.3959,68.4463,354.9848,70.0002,348.0215,288.0007,299.4326,286.4468
307.3196,66.4688,354.8723,67.9895,348.0575,281.3411,300.5048,279.8203
310.1021,75.8041,356.6407,77.2924,349.9712,286.0941,303.4326,284.6058
309.6252,84.8639,356.1638,86.3522,349.4944,295.1540,302.9558,293.6657
312.9631,91.0628,359.5017,92.5511,352.8322,301.3528,306.2936,299.8645
314.3936,95.3543,360.9322,96.8426,354.2627,305.6443,307.7241,304.1560
317.7314,99.6458,364.2701,101.1341,357.6006,309.9359,311.0620,308.4475
321.0693,96.3079,367.6079,97.7963,360.9384,306.5980,314.3998,305.1097
317.1652,92.4975,364.7335,94.0187,357.9164,307.4402,310.3482,305.9189
314.1861,82.5347,362.8068,84.0896,355.8390,302.2331,307.2182,300.6782
319.6659,85.0256,368.2867,86.5805,361.3188,304.7239,312.6981,303.1690
316.1787,86.5201,364.7995,88.0750,357.8316,306.2184,309.2109,304.6635
308.9989,83.5728,358.6954,85.1621,351.5734,308.1320,301.8769,306.5427
311.5449,84.0820,361.2414,85.6713,354.1193,308.6412,304.4229,307.0519
303.9070,83.5728,353.6035,85.1621,346.4815,308.1320,296.7850,306.5427
296.5684,80.5603,347.3644,82.1848,340.0848,310.0879,289.2888,308.4634
295.5470,77.4812,347.4669,79.1416,340.0262,312.0871,288.1063,310.4267
288.9838,75.4378,342.0524,77.1350,334.4471,315.2343,281.3785,313.5372
279.7402,74.8941,332.8088,76.5912,325.2036,314.6906,272.1350,312.9934
280.9297,71.6772,335.1724,73.4119,327.3989,316.7792,273.1562,315.0445
274.0729,69.5424,329.5158,71.3155,321.5702,320.0673,266.1274,318.2942
278.8518,66.1816,335.5213,67.9939,327.4000,322.2493,270.7305,320.4370
278.8098,70.5909,334.2708,72.3645,326.3227,321.1979,270.8617,319.4242
277.6946,66.0498,334.3827,67.8627,326.2587,322.2016,269.5706,320.3886
281.7604,63.1457,338.4485,64.9586,330.3245,319.2974,273.6364,317.4845
280.0179,61.4032,336.7060,63.2161,328.5820,317.5550,271.8939,315.7420
287.8136,68.0533,343.2928,69.8276,335.3420,318.7425,279.8628,316.9683
295.2033,72.0324,350.6825,73.8066,342.7318,322.7216,287.2525,320.9474
293.4980,72.6008,348.9772,74.3751,341.0264,323.2900,285.5472,321.5158
298.9358,75.8217,353.2319,77.5582,345.4507,321.1649,291.1546,319.4285
296.1542,77.4907,350.4503,79.2271,342.6691,322.8339,288.3730,321.0974
294.4852,76.9344,348.7813,78.6708,341.0002,322.2776,286.7040,320.5411
297.2668,75.2654,351.5629,77.0018,343.7817,320.6086,289.4856,318.8722
298.2990,79.4901,351.4372,81.1894,343.8220,319.6012,290.6837,317.9018
298.2596,82.5751,350.2647,84.2382,342.8118,317.5658,290.8068,315.9026
297.7268,83.1079,349.7318,84.7710,342.2790,318.0986,290.2739,316.4355
295.0626,84.7064,347.0676,86.3696,339.6147,319.6971,287.6097,318.0340
292.9112,83.7653,346.0669,85.4653,338.4491,323.9552,285.2935,322.2552
291.2773,83.2207,344.4330,84.9206,336.8152,323.4106,283.6596,321.7106
289.6434,80.4975,342.7991,82.1975,335.1813,320.6874,282.0257,318.9875
289.0988,82.1314,342.2545,83.8314,334.6367,322.3213,281.4810,320.6214
291.8220,80.4975,344.9776,82.1975,337.3599,320.6874,284.2042,318.9875
292.3666,78.8636,345.5222,80.5636,337.9045,319.0535,284.7488,317.3536
292.3272,82.9995,344.3493,84.6632,336.8940,318.0673,284.8719,316.4036
295.3712,84.9922,346.2839,86.6204,338.9875,315.0471,288.0749,313.4189
294.8495,88.6438,345.7622,90.2720,338.4659,318.6986,287.5532,317.0704
295.8174,91.5996,345.6443,93.1931,338.5036,316.7484,288.6767,315.1550
298.3700,90.0680,348.1970,91.6615,341.0563,315.2169,291.2293,313.6234
302.2697,88.0400,351.0341,89.5995,344.0456,308.3875,295.2812,306.8280
302.7693,89.5389,351.5337,91.0984,344.5453,309.8864,295.7809,308.3269
306.9726,82.4359,356.8159,84.0300,349.6728,307.6587,299.8295,306.0646
311.5688,74.7755,361.4121,76.3695,354.2690,299.9983,304.4258,298.4042
308.5785,78.6537,357.3589,80.2137,350.3681,299.0735,301.5877,297.5135
313.3597,79.5588,361.0998,81.0855,354.2581,295.2780,306.5180,293.7513
315.2102,85.1591,361.9322,86.6533,355.2365,296.2781,308.5144,294.7839
309.6386,87.8717,355.3643,89.3340,348.8113,294.4884,303.0857,293.0261
313.2173,92.3326,357.9679,93.7637,351.5547,294.5432,306.8041,293.1121
307.8808,98.4662,351.6771,99.8668,345.4006,296.3646,301.6044,294.9640
310.4435,101.0088,353.3058,102.3795,347.1632,294.6870,304.3009,293.3162
310.8827,104.0830,353.7449,105.4537,347.6023,297.7611,304.7401,296.3904
313.0785,108.0355,355.9408,109.4062,349.7982,301.7137,306.9359,300.3429
314.0392,108.1711,357.8498,109.5722,351.5713,306.1344,307.7607,304.7333
310.5454,108.1186,353.4218,109.4898,347.2772,301.8603,304.4008,300.4891
313.6206,112.0724,356.4970,113.4436,350.3523,305.8141,307.4760,304.4429
310.9354,109.4733,354.7603,110.8749,348.4798,307.5016,304.6548,306.1000
311.9176,109.6120,356.7122,111.0445,350.2927,312.0216,305.4981,310.5891
309.6228,110.9889,354.4174,112.4214,347.9979,313.3985,303.2032,311.9659
311.5792,109.2259,357.3648,110.6902,350.8033,316.1138,305.0176,314.6496
305.4806,106.8803,351.2663,108.3446,344.7047,313.7682,298.9190,312.3040
296.5673,102.6582,342.3530,104.1225,335.7914,309.5461,290.0058,308.0819
298.3420,106.2207,343.1513,107.6537,336.7297,308.6967,291.9204,307.2636
292.1136,103.5119,335.9673,104.9144,329.6826,301.6700,285.8289,300.2675
291.2149,101.7270,334.1334,103.0996,327.9828,295.6594,285.0642,294.2868
288.6400,104.2187,330.6433,105.5620,324.6237,294.0154,282.6205,292.6721
290.7918,102.0669,332.7951,103.4102,326.7756,291.8635,284.7723,290.5203
289.5007,105.0794,331.5040,106.4227,325.4845,294.8761,283.4812,293.5328
285.6274,107.2313,327.6307,108.5745,321.6112,297.0279,279.6079,295.6846
287.2556,109.6698,328.3631,110.9845,322.4720,295.4190,281.3644,294.1044
286.4290,108.0519,328.4460,109.3957,322.4246,297.9108,280.4075,296.5671
286.4774,110.8648,329.4241,112.2382,323.2694,304.9243,280.3227,303.5508
286.9174,114.8251,329.8641,116.1985,323.7094,308.8846,280.7628,307.5111
287.3575,116.1452,330.3042,117.5186,324.1495,310.2047,281.2028,308.8312
283.3972,119.2254,326.3439,120.5988,320.1892,313.2849,277.2425,311.9114
282.5337,116.6221,326.4305,118.0259,320.1396,314.9751,276.2428,313.5713
281.6341,119.1705,324.5949,120.5444,318.4381,313.2937,275.4774,311.9198
279.8569,124.7866,323.7682,126.1909,317.4753,323.2048,273.5640,321.8004
281.5590,124.7340,324.5338,126.1084,318.3751,318.9208,275.4002,317.5465
282.8799,127.8163,325.8548,129.1906,319.6960,322.0031,276.7212,320.6287
285.3945,131.1600,327.4529,132.5051,321.4255,321.2057,279.3671,319.8607
282.7605,125.9280,325.7494,127.3028,319.5887,320.1785,276.5997,318.8037
280.5582,124.6066,323.5471,125.9815,317.3864,318.8571,274.3974,317.4823
276.0379,120.1728,319.9780,121.5781,313.6809,318.7211,269.7408,317.3159
275.1544,115.6409,320.0667,117.0773,313.6302,318.5821,268.7180,317.1458
275.2062,107.1894,321.1121,108.6574,314.5333,314.6205,268.6274,313.1525
278.1871,90.7430,325.1087,92.2435,318.3843,302.7635,271.4627,301.2630
274.2509,82.9108,322.2106,84.4446,315.3375,299.6224,267.3777,298.0886
279.8989,80.9588,326.8359,82.4599,320.1094,293.0490,273.1724,291.5479
291.9160,86.4650,337.8521,87.9341,331.2690,294.0323,285.3329,292.5632
290.9924,84.6571,337.9447,86.1587,331.2160,296.8168,284.2636,295.3152
290.0483,82.8092,338.0395,84.3440,331.1618,299.6629,283.1707,298.1281
286.0224,80.9204,335.0753,82.4892,328.0456,302.5720,278.9926,301.0033
288.1647,78.9898,338.3030,80.5933,331.1176,305.5455,280.9794,303.9420
285.0246,81.2804,336.2722,82.9193,328.9279,312.8486,277.6803,311.2097
293.8001,71.6366,346.1815,73.3118,338.6747,308.3282,286.2933,306.6531
297.8997,77.7815,349.1641,79.4210,341.8174,309.4256,290.5529,307.7861
298.4249,80.4078,349.6893,82.0472,342.3426,312.0519,291.0782,310.4124
289.7648,54.4123,342.1635,56.0880,334.6542,291.1815,282.2556,289.5058
290.7609,48.1399,342.0421,49.7799,334.6930,279.8599,283.4118,278.2199
292.7487,47.0656,342.9363,48.6706,335.7439,273.8441,285.5563,272.2391
298.1416,54.6934,349.4396,56.3340,342.0881,286.4895,290.7900,284.8489
300.3820,53.7651,352.8150,55.4419,345.3008,290.6896,292.8678,289.0128
304.1426,52.1534,356.5756,53.8303,349.0614,289.0779,296.6284,287.4011
309.7768,60.1226,363.3698,61.8365,355.6894,302.2890,302.0963,300.5751
310.9780,59.1527,365.7568,60.9046,357.9064,306.6771,303.1276,304.9253
313.7843,58.5914,368.5631,60.3433,360.7127,306.1158,305.9339,304.3640
316.5906,59.1527,371.3694,60.9046,363.5191,306.6771,308.7402,304.9253
314.3861,60.1690,367.9968,61.8835,360.3138,302.4149,306.7032,300.7004
317.1326,62.9155,370.7432,64.6300,363.0603,305.1614,309.4496,303.4469
317.1944,48.2679,371.9912,50.0204,364.1382,295.8735,309.3415,294.1211
317.2576,43.7813,373.2668,45.5725,365.2401,296.8651,309.2309,295.0739
315.5360,45.5029,371.5451,47.2941,363.5185,298.5867,307.5093,296.7955
305.5382,58.7108,360.3529,60.4638,352.4974,306.3976,297.6826,304.6446
310.5929,54.7794,365.4076,56.5324,357.5521,302.4662,302.7373,300.7132
301.0451,64.3272,355.8599,66.0802,348.0044,312.0139,293.1896,310.2609
291.7852,64.5006,347.8128,66.2924,339.7835,317.6674,283.7559,315.8756
294.6555,66.2228,350.6831,68.0145,342.6537,319.3896,286.6262,317.5978
296.8273,71.6887,351.6600,73.4423,343.8019,319.4567,288.9691,317.7031
296.8905,64.8676,352.9364,66.6600,344.9044,318.1174,288.8585,316.3251
290.2071,71.4424,345.0578,73.1965,337.1971,319.2916,282.3464,317.5374
293.4165,74.6268,347.0975,76.3435,339.4045,317.1905,285.7235,315.4738
293.9666,68.5766,347.6476,70.2934,339.9545,311.1404,286.2735,309.4236
295.1697,67.6052,350.0384,69.3599,342.1752,315.5356,287.3065,313.7809
296.3995,64.2792,352.4822,66.0727,344.4450,317.6951,288.3623,315.9016
298.8489,59.6872,356.1724,61.5205,347.9573,318.7100,290.6339,316.8768
294.0401,54.9937,352.6319,56.8675,344.2351,319.7473,285.6433,317.8736
297.8447,51.4420,357.7328,53.3573,349.1502,322.0533,289.2621,320.1381
315.6395,47.1468,375.5276,49.0620,366.9450,317.7581,307.0569,315.8428
315.0259,47.7604,374.9140,49.6756,366.3314,318.3717,306.4433,316.4564
320.1879,42.8569,381.4011,44.8145,372.6286,319.4554,311.4154,317.4978
320.8151,49.7559,382.0283,51.7136,373.2558,326.3545,312.0426,324.3969
317.6792,49.1287,378.8923,51.0864,370.1198,325.7273,308.9067,323.7697
322.9554,48.0210,385.5229,50.0219,376.5563,330.7393,313.9889,328.7384
325.6880,37.5773,389.6398,39.6225,380.4748,326.5507,316.5230,324.5055
320.5881,42.5532,383.1761,44.5548,374.2066,325.3642,311.6186,323.3626
319.9468,38.0643,382.5348,40.0659,373.5653,320.8753,310.9773,318.8737
332.2624,31.8083,393.5157,33.7672,384.7374,308.5883,323.4841,306.6294
331.6348,34.9463,392.8881,36.9052,384.1098,311.7263,322.8565,309.7674
318.2812,33.6631,378.2283,35.5802,369.6372,304.5407,309.6902,302.6236
285.7277,25.6783,345.6748,27.5954,337.0837,296.5559,277.1367,294.6387
2
0
0
0
0
1
364.0681,65.6579,429.6481,51.7599,477.9981,279.9729,412.4181,293.8709
370.3169,67.3622,435.8969,53.4642,484.2469,281.6772,418.6669,295.5752
376.7185,65.5807,443.7495,51.3752,493.1692,284.6374,426.1382,298.8429
379.6472,62.5549,448.1612,48.0351,498.6744,286.4583,430.1603,300.9781
387.3626,66.7094,455.8766,52.1896,506.3898,290.6127,437.8757,305.1325
387.9561,64.9289,456.4701,50.4091,506.9832,288.8322,438.4692,303.3521
388.5496,66.7094,457.0636,52.1896,507.5768,290.6127,439.0627,305.1325
390.3116,71.0057,460.3415,56.1646,511.9722,299.8629,441.9423,314.7039
388.3363,64.0683,459.9156,48.8989,512.6887,297.9890,441.1094,313.1584
387.6040,64.6971,460.7670,49.1921,514.7076,303.7932,441.5447,319.2983
375.0199,64.0247,449.8016,48.1766,504.9358,308.4108,430.1540,324.2589
380.8500,62.0813,455.6317,46.2332,510.7658,306.4675,435.9841,322.3156
384.1173,65.4265,460.5536,49.2278,516.9075,315.2197,440.4713,331.4184
364.4731,64.8990,439.2793,49.0457,494.4315,309.3653,419.6253,325.2186
358.9885,63.1336,432.1994,47.6185,486.1755,302.3866,412.9645,317.9018
359.7334,67.5185,431.3831,52.3342,484.2081,301.6693,412.5584,316.8536
358.0695,69.4169,428.1913,54.5564,479.8898,298.5744,409.7680,313.4349
358.6769,71.2392,428.7987,56.3787,480.4972,300.3967,410.3754,315.2572
354.1783,64.2927,425.8515,49.1034,478.6938,298.5204,407.0206,313.7097
356.0215,64.9223,429.2805,49.3969,483.2920,304.3322,410.0330,319.8576
357.9902,64.4168,429.6870,49.2225,482.5466,298.7212,410.8499,313.9155
361.1228,66.3352,434.4058,50.8048,488.4350,305.8236,415.1519,321.3541
360.4880,60.6220,433.7710,45.0916,487.8002,300.1104,414.5172,315.6409
362.3924,61.2568,435.6754,45.7264,489.7046,300.7452,416.4216,316.2757
361.9143,63.1985,433.6345,47.9993,486.5115,297.5798,414.7913,312.7790
360.0505,63.8198,431.7707,48.6205,484.6477,298.2010,412.9275,313.4003
359.4292,63.1985,431.1495,47.9993,484.0265,297.5798,412.3062,312.7790
360.1590,66.2965,430.3497,51.4213,482.0991,295.6794,411.9083,310.5546
364.3894,71.6725,433.0833,57.1146,483.7291,296.1638,415.0352,310.7217
366.2354,74.6397,433.4644,60.3922,483.0302,294.3437,415.8011,308.5912
369.1647,78.6663,434.9600,64.7226,483.4688,293.6850,417.6734,307.6286
364.9436,78.0616,432.1947,63.8094,481.7767,297.8376,414.5256,312.0897
365.5262,77.4790,432.7772,63.2269,482.3592,297.2550,415.1082,311.5072
362.6134,76.8965,429.8645,62.6443,479.4465,296.6725,412.1954,310.9246
355.8813,72.6520,424.6203,58.0845,475.2994,297.2906,406.5604,311.8580
357.6491,72.0203,427.9090,57.1305,479.7093,301.6289,409.4494,316.5187
352.1716,70.1944,422.4315,55.3046,474.2318,299.8031,403.9719,314.6929
351.5630,65.9341,421.8228,51.0443,473.6231,295.5428,403.3633,310.4326
353.4511,70.1422,422.2126,55.5700,472.9083,294.8544,404.1467,309.4266
351.6642,71.9291,420.4257,57.3569,471.1213,296.6413,402.3598,311.2136
353.5120,78.3439,420.8072,64.0824,470.4217,298.2640,403.1266,312.5255
354.0950,77.7609,421.3901,63.4995,471.0047,297.6811,403.7095,311.9426
352.3462,78.3439,419.6413,64.0824,469.2559,298.2640,401.9607,312.5255
352.9291,82.4244,420.2242,68.1629,469.8388,302.3446,402.5436,316.6060
352.3462,81.8415,419.6413,67.5800,469.2559,301.7616,401.9607,316.0231
354.0950,82.4244,421.3901,68.1629,471.0047,302.3446,403.7095,316.6060
352.3462,83.0073,419.6413,68.7459,469.2559,302.9275,401.9607,317.1890
353.0309,85.9141,418.8909,71.9568,467.4474,301.1444,401.5873,315.1018
353.6013,85.3436,419.4614,71.3863,468.0179,300.5739,402.1579,314.5313
346.5731,88.1884,411.0287,74.5287,458.5497,298.8289,394.0941,312.4886
348.3052,89.8963,411.3863,76.5279,457.8939,296.0447,394.8128,309.4131
345.5731,89.3498,408.6541,75.9814,455.1618,295.4983,392.0807,308.8667
350.4283,89.9679,412.1642,76.8846,457.6800,291.7202,395.9442,304.8035
347.5774,88.2908,410.6791,74.9180,457.2020,294.5069,394.1003,307.8797
347.0308,88.8375,410.1325,75.4647,456.6554,295.0535,393.5536,308.4263
348.7265,88.4020,410.4826,75.3144,456.0133,290.2205,394.2573,303.3081
350.3861,90.0383,410.8252,77.2298,455.3850,287.5529,394.9459,300.3614
349.8625,89.5148,410.3017,76.7062,454.8615,287.0294,394.4223,299.8379
349.4683,89.0977,408.6185,76.5623,452.2280,282.4002,393.0778,294.9356
348.9559,89.6101,408.1061,77.0747,451.7156,282.9126,392.5654,295.4480
346.3940,89.0977,405.5442,76.5623,449.1537,282.4002,390.0035,294.9356
339.7330,92.6843,398.8833,80.1490,442.4928,285.9869,383.3426,298.5223
338.1959,91.1472,397.3461,78.6118,440.9557,284.4497,381.8055,296.9851
337.6835,92.6843,396.8337,80.1490,440.4433,285.9869,381.2931,298.5223
335.1216,97.2958,394.2719,84.7604,437.8814,290.5983,378.7312,303.1337
335.5796,96.7521,396.0385,83.9394,440.6129,294.3315,380.1540,307.1442
329.8188,97.2758,390.2777,84.4631,434.8521,294.8552,374.3932,307.6679
320.5065,97.8069,382.3031,84.7107,427.8637,299.7577,366.0671,312.8539
320.1033,101.5081,380.5821,88.6912,425.1711,299.1523,364.6924,311.9692
316.4361,95.7453,376.9149,82.9284,421.5039,293.3895,361.0251,306.2064
308.2079,90.8412,370.0247,77.7407,415.6003,292.8582,353.7834,305.9587
309.8691,95.5759,370.3677,82.7548,414.9713,293.2848,354.4727,306.1060
309.2501,92.8450,371.0872,79.7402,416.6777,294.9283,354.8406,308.0331
300.1440,94.4520,361.9811,81.3472,407.5716,296.5352,345.7345,309.6400
297.2884,92.7722,360.4936,79.3774,407.0928,299.3265,343.8875,312.7213
293.4558,94.4147,356.6611,81.0200,403.2603,300.9691,340.0550,314.3638
289.6233,92.7722,352.8285,79.3774,399.4277,299.3265,336.2224,312.7213
292.3608,93.3197,355.5661,79.9249,402.1652,299.8740,338.9600,313.2688
286.6713,96.0498,348.5287,82.9407,394.1341,298.1993,332.2767,311.3084
285.0638,98.7290,346.9212,85.6199,392.5266,300.8785,330.6693,313.9876
284.4309,97.0486,347.6569,83.6495,394.2714,303.6707,331.0454,317.0698
280.5971,100.8824,343.8231,87.4833,390.4376,307.5045,327.2116,320.9036
278.0731,105.7250,339.9508,92.6116,385.5711,307.9408,323.6935,321.0542
278.6091,105.1890,340.4868,92.0756,386.1071,307.4048,324.2295,320.5182
275.9291,108.9410,337.8067,95.8276,383.4271,311.1568,321.5495,324.2702
285.8580,99.2146,346.4161,86.3809,391.0637,297.1181,330.5056,309.9519
282.1860,102.8867,342.7441,90.0529,387.3916,300.7902,326.8335,313.6239
291.1038,93.9689,351.6619,81.1352,396.3094,291.8724,335.7513,304.7061
276.9402,96.5918,337.4984,83.7580,382.1459,294.4953,321.5878,307.3290
273.0552,96.0352,334.9531,82.9175,380.5885,298.3173,318.6905,311.4350
278.8530,93.5409,339.4309,80.7029,384.0931,291.5092,323.5151,304.3472
287.7737,94.0656,348.3517,81.2277,393.0138,292.0340,332.4359,304.8719
289.4016,95.6707,348.6877,83.1065,392.3974,289.4173,333.1113,301.9815
295.9447,97.2415,353.9666,84.9453,396.7442,286.8565,338.7224,299.1527
297.5040,103.6233,354.2885,91.5893,396.1538,289.1946,339.3693,301.2286
299.0299,107.9725,354.6035,96.1951,395.5760,289.5865,340.0025,301.3639
298.5486,111.3423,354.1221,99.5649,395.0947,292.9563,339.5211,304.7336
307.4659,122.0947,361.8544,110.5685,401.9532,299.8357,347.5648,311.3620
303.9767,120.6173,359.5685,108.8360,400.5544,302.2908,344.9627,314.0720
306.3989,128.5883,360.8052,117.0583,400.9171,306.3876,346.5109,317.9176
312.4035,130.9384,365.6495,119.6543,404.9061,304.9460,351.6600,316.2302
312.9453,132.3492,365.0558,121.3057,403.4752,302.6461,351.3647,313.6896
315.2022,134.6062,367.3128,123.5627,405.7322,304.9031,353.6216,315.9466
320.9535,135.1168,371.9527,124.3088,409.5528,301.7820,358.5536,312.5900
318.7446,132.9079,369.7438,122.0999,407.3440,299.5732,356.3447,310.3811
