0.000378
0.16623
0.010606
0.010448
0.010509
0.010734
0.010758
0.010677
0.010653
0.010701
0.010811
0.010909
0.010953
0.010739
0.010677
0.010831
0.010618
0.010669
0.01081
0.010888
0.01084
0.010617
0.010523
0.010375
0.010823
0.010531
0.010393
0.010469
0.0105
0.010573
0.010408
0.010398
0.010322
0.010443
0.010636
0.010454
0.010548
0.010675
0.010574
0.010309
0.01038
0.010426
0.010508
0.010577
0.010297
0.010324
0.010435
0.010762
0.01035
0.01054
0.010544
0.010474
0.010349
0.010433
0.010434
0.010797
0.010526
0.010384
0.014503
0.01355
0.012863
0.012469
0.012264
0.011949
0.011771
0.011492
0.011365
0.011237
0.011313
0.01109
0.01105
0.011098
0.011021
0.011045
0.011036
0.011347
0.011115
0.011299
0.011198
0.011261
0.011253
0.011244
0.010985
0.011006
0.01122
0.011106
0.011098
0.011152
0.011222
0.011238
0.011267
0.01109
0.011071
0.01105
0.014245
0.013991
0.013467
0.013058
0.012638
0.012106
0.011718
0.011636
0.011498
0.011502
0.014486
0.013702
0.013233
0.01276
0.012414
0.012237
0.012145
0.012091
0.012107
0.011956
0.011805
0.012026
0.011658
0.011528
0.011479
0.011407
0.011145
0.011121
0.011313
0.011273
0.011138
0.011068
0.011082
0.011211
0.011216
0.011189
0.011213
0.011188
0.011222
0.011191
0.011117
0.011163
0.011172
0.015734
0.014158
0.013062
0.01203
0.011842
0.01168
0.011532
0.01157
0.01133
0.011181
0.011209
0.01117
0.011343
0.01107
0.011129
0.011245
0.011197
0.011152
0.015016
0.013701
0.013314
0.013142
0.012928
0.013053
0.012439
0.012192
0.012152
0.011995
0.011943
0.01175
0.011672
0.011524
0.011425
0.011523
0.011265
0.01136
0.011408
0.014701
0.014223
0.01386
0.013407
0.013074
0.012687
0.012099
0.011999
0.011828
0.011548
0.011482
0.011431
0.01142
0.01133
0.011293
0.011231
0.01131
0.011137
0.011264
0.011328
0.011429
0.011444
0.011463
0.011343
0.011484
0.011417
0.011449
0.011335
0.010863
0.011393
0.011546
0.01151
0.01142
0.011347
0.011545
0.011309
0.011533
0.011542
0.011407
0.011484
0.011548
0.011516
0.011508
0.01145
0.011483
0.011548
0.011353
0.011439
0.011503
0.011396
0.01163
0.011441
0.011555
0.011661
0.013333
0.01253
0.012378
0.012198
0.012017
0.011837
0.011697
0.011811
0.011729
0.011505
0.011501
0.011598
0.011852
0.011602
0.011628
0.011806
0.011631
0.011695
0.011842
0.011733
0.011821
0.011966
0.011911
