1
186.8000,208.9000,44.9648,109.9141
181.5800,203.5900,44.9502,109.8782
183.7580,201.2590,44.9878,109.9702
180.3758,205.5259,45.1074,110.2626
181.8376,207.7526,45.2724,110.6660
179.2838,209.7753,45.2628,110.6424
175.4284,214.4775,44.8674,109.6758
179.5428,216.7478,44.7020,109.2715
173.6543,220.5748,45.0660,110.1613
179.3654,217.3575,45.0066,110.0162
185.3365,218.8358,44.8478,109.6279
186.8336,215.3836,45.1301,110.3179
187.8834,225.8384,45.5565,111.3603
219.4883,187.2838,46.9405,114.7434
219.9488,194.2284,46.8758,114.5852
217.2949,194.9228,47.9124,117.1192
200.8295,197.6923,47.7668,116.7633
197.3829,197.0692,48.6294,118.8718
197.0383,203.3069,49.0489,119.8971
199.7038,199.4307,49.2386,120.3610
197.2704,210.7431,49.5064,121.0157
202.4270,210.0743,50.5519,123.5712
208.3427,210.9074,50.8627,124.3309
208.9343,218.1907,50.8651,124.3369
206.2934,218.0191,51.4731,125.8230
219.5293,220.7019,51.7293,126.4493
218.1529,216.4702,51.3206,125.4502
227.0153,223.2470,50.8753,124.3617
233.3015,221.2247,50.6315,123.7658
230.3302,223.7225,50.2103,122.7362
239.0330,221.2722,50.3615,123.1058
243.5033,216.5272,50.3773,123.1445
250.2503,206.1527,50.3726,123.1329
252.7250,220.4153,50.4068,123.2166
259.2725,218.2415,50.2232,122.7677
255.4272,217.1241,50.0016,122.2262
259.5427,214.3124,50.5447,123.5536
273.4543,217.6312,50.6793,123.8826
271.2454,220.6631,50.5850,123.6521
276.4245,219.1663,50.4007,123.2017
277.8425,219.9166,49.8645,121.8909
284.2842,219.0917,49.5470,121.1148
288.5284,224.4092,49.0315,119.8549
284.4529,224.9409,48.6148,118.8360
285.8453,224.9941,48.1697,117.7480
289.5845,216.8994,47.9221,117.1430
282.7585,216.9899,47.7005,116.6011
285.6758,222.3990,47.5197,116.1591
280.5676,213.9399,47.8172,116.8863
285.4568,222.9940,47.6803,116.5518
278.7457,216.6994,48.3482,118.1844
278.0746,216.9699,48.9622,119.6854
272.6075,216.9970,49.6252,121.3061
272.9608,211.5997,49.9858,122.1874
279.2961,211.0600,49.9415,122.0791
275.4296,212.8060,50.5513,123.5699
270.5430,220.1806,50.4102,123.2250
270.0543,219.1181,50.2444,122.8197
265.5054,225.3118,50.6851,123.8968
264.1505,225.9312,50.9799,124.6176
257.7151,226.8931,51.1804,125.1076
255.2715,227.8893,50.6890,123.9063
253.2271,231.5889,50.2801,122.9068
247.6227,231.9589,49.8581,121.8752
245.2623,231.0959,49.5238,121.0582
237.8262,231.0096,49.7966,121.7251
237.9826,232.8010,49.3721,120.6872
232.5983,239.2801,49.4530,120.8850
231.1598,239.0280,49.5643,121.1570
226.5160,234.5028,49.5848,121.2072
215.2516,234.9503,49.6605,121.3923
207.8252,234.9950,49.6892,121.4624
198.0825,229.5995,49.8310,121.8091
190.8083,225.4599,49.9200,122.0265
181.9808,225.0460,50.1325,122.5461
172.9981,225.0046,50.5842,123.6502
165.7998,226.8005,50.2133,122.7435
163.2800,226.0800,50.0357,122.3094
159.4280,227.8080,49.9149,122.0142
154.5428,230.6808,49.4584,120.8983
151.3543,230.9681,49.2977,120.5055
142.0354,227.3968,49.0805,119.9746
138.4035,216.2397,48.9194,119.5806
138.0404,209.7240,48.7820,119.2448
129.9040,209.9724,49.2208,120.3176
124.5904,216.2972,49.0456,119.8893
124.9590,210.6297,49.0411,119.8781
120.4959,216.3630,48.7389,119.1395
112.8496,220.5363,48.4290,118.3818
113.8850,223.6536,48.2736,118.0020
112.1885,205.9654,47.9718,117.2643
114.7188,217.6965,47.8036,116.8531
103.2719,212.5697,47.9655,117.2491
103.9272,208.4570,48.2573,117.9622
102.1927,203.5457,48.3010,118.0691
103.8193,201.2546,48.2259,117.8854
106.6819,204.6255,48.1223,117.6323
105.1682,209.4625,48.1101,117.6024
105.9168,205.4463,47.7991,116.8421
105.9917,193.3446,47.6090,116.3775
108.6992,192.1345,47.4035,115.8751
106.2699,191.1134,47.2734,115.5571
114.1270,191.0114,47.3032,115.6299
116.7127,191.9011,47.3667,115.7853
116.0713,179.3901,47.5525,116.2393
115.1071,190.7390,47.5551,116.2457
111.4107,184.6739,47.4655,116.0266
121.8411,181.3674,47.5144,116.1462
128.2841,190.0367,47.4342,115.9503
129.8284,193.6037,47.2483,115.4959
141.6828,194.8604,47.1178,115.1768
140.1683,180.5860,46.7044,114.1663
141.8168,189.9586,46.6612,114.0606
139.2817,175.5959,46.4765,113.6093
147.1282,175.9596,46.4395,113.5188
153.3128,168.7960,46.4785,113.6140
158.4313,177.0796,46.3089,113.1994
163.4431,177.0080,46.1265,112.7536
162.1443,176.1008,46.0420,112.5470
164.7144,184.1101,45.9214,112.2523
170.3714,173.2110,45.7941,111.9412
177.2372,178.4211,45.6492,111.5869
173.4237,173.5421,45.5843,111.4282
179.3424,166.7542,45.5259,111.2854
178.1342,168.7754,45.5458,111.3342
188.8134,163.5775,45.5109,111.2488
188.9813,164.8578,45.4619,111.1290
187.1981,164.9858,45.4157,111.0161
196.9198,164.0986,45.3741,110.9145
196.0920,164.0099,45.0906,110.2215
197.8092,163.1010,44.7652,109.4259
202.4809,172.0101,44.4342,108.6169
197.5481,169.3010,44.1674,107.9646
206.9548,169.9301,44.0937,107.7845
208.7955,167.2930,43.8093,107.0894
200.8795,161.6293,43.8186,107.1121
209.9880,152.9629,43.7058,106.8363
213.5988,152.0963,43.5851,106.5412
211.2599,161.9096,43.3922,106.0697
210.1260,155.6910,43.7062,106.8374
211.8126,157.7691,43.7708,106.9953
209.2813,157.0769,43.7452,106.9327
220.7281,153.4077,43.7729,107.0003
218.2728,153.0408,43.7387,106.9167
220.7273,157.5041,43.6648,106.7361
219.1727,161.5504,43.6008,106.5797
225.3173,154.7550,43.6763,106.7643
221.4317,154.9755,43.6434,106.6838
226.4432,148.6976,43.6306,106.6524
226.0443,153.4698,43.7373,106.9133
226.9044,156.6470,43.7156,106.8603
236.8904,160.5647,43.6617,106.7285
234.2890,152.8565,43.9500,107.4334
237.6289,157.4856,44.0601,107.7025
236.1629,158.8486,44.2490,108.1642
242.3163,161.6849,44.3019,108.2936
238.4316,157.4685,44.3326,108.3686
243.4432,148.9469,44.5146,108.8135
245.7443,148.9947,44.5407,108.8771
248.6744,154.3995,44.6671,109.1863
250.7674,153.1400,44.5243,108.8371
247.3767,156.6140,44.4719,108.7090
254.2377,142.5614,44.4333,108.6146
254.9238,147.4561,44.3899,108.5087
254.9924,144.3456,44.3166,108.3294
259.4992,144.9346,44.2849,108.2520
259.0499,148.5935,44.2825,108.2460
263.5050,155.2593,44.2542,108.1770
267.5505,143.3259,44.2891,108.2622
272.4550,152.0326,44.0023,107.5610
273.8455,150.2033,43.9677,107.4764
272.1845,149.1203,43.9935,107.5396
272.9185,155.3120,43.9976,107.5496
274.7918,147.8312,43.8644,107.2241
274.0792,153.3831,43.8127,107.0977
274.9079,144.0383,43.6797,106.7727
275.8908,140.4038,43.6445,106.6864
276.8891,140.9404,43.6619,106.7289
276.0889,141.8940,43.5437,106.4400
278.7089,141.9894,43.4545,106.2222
275.3709,141.0989,43.3917,106.0685
275.0371,145.5099,43.3526,105.9730
276.8037,145.0510,43.3174,105.8868
276.9804,140.5051,43.2184,105.6450
276.0980,143.6505,43.1585,105.4985
275.1098,134.9651,43.0228,105.1667
276.8110,132.2965,42.9824,105.0680
276.9811,142.8297,42.8118,104.6511
273.3981,140.2830,42.5525,104.0172
271.2398,147.2283,42.5518,104.0155
273.7240,151.5228,42.1191,102.9577
276.6724,151.9523,41.6887,101.9057
279.6672,149.2952,41.2643,100.8682
279.9667,150.8295,40.8772,99.9220
276.3967,155.4830,40.5864,99.2111
276.0397,152.3483,40.3246,98.5712
277.8040,153.8348,40.1133,98.0547
276.1804,153.9835,39.9858,97.7430
273.3181,156.6983,39.9554,97.6687
277.5318,155.1698,39.8970,97.5261
278.8532,148.7170,39.8755,97.4734
278.9853,156.1717,39.6096,96.8234
279.8985,155.1172,39.3645,96.2244
276.3899,153.2117,39.3728,96.2446
277.8390,161.1212,39.3646,96.2246
280.6839,150.2121,39.3722,96.2430
279.1684,161.7212,39.4705,96.4833
287.1169,161.0721,39.4827,96.5131
280.7117,161.9072,39.6007,96.8016
280.0712,162.8907,39.4492,96.4313
283.6071,170.1891,39.4316,96.3882
283.0607,164.6189,39.4489,96.4306
283.0061,167.6619,39.4313,96.3876
278.5006,165.2662,39.5245,96.6155
276.2501,169.5266,39.4560,96.4479
277.8250,155.5527,39.5323,96.6344
276.1825,171.2553,39.5858,96.7652
275.1183,159.3255,39.5422,96.6587
275.9118,162.6326,39.5792,96.7491
272.3912,167.4633,39.5217,96.6086
274.7391,166.1463,39.6071,96.8172
274.9739,167.8146,39.6535,96.9306
274.9974,164.3815,39.6795,96.9943
269.5997,163.1382,39.9025,97.5394
274.4600,170.2138,39.9126,97.5641
274.0460,168.2214,39.9671,97.6974
265.9046,169.8221,40.1867,98.2342
266.8905,179.8822,40.3141,98.5455
266.0891,167.3882,40.3662,98.6729
264.2089,164.3388,40.5231,99.0563
260.4209,163.1339,40.5817,99.1997
259.1421,170.2134,40.6017,99.2484
253.6142,167.3213,40.7604,99.6366
250.3614,162.5321,41.1547,100.6003
252.7361,168.3532,41.3898,101.1751
249.3736,171.6353,41.5153,101.4817
249.0374,173.7635,41.6599,101.8353
245.4037,176.6764,41.8067,102.1942
242.3404,181.4676,41.8982,102.4178
242.0340,189.1468,41.9952,102.6548
237.5034,184.5147,42.1633,103.0659
238.8503,184.9515,42.1545,103.0442
232.6850,180.4951,42.2779,103.3460
228.4685,181.8495,42.3397,103.4969
230.7469,176.5849,42.5430,103.9939
225.5747,185.0585,42.9071,104.8841
221.4575,181.4059,43.0107,105.1373
216.5457,184.6406,43.1583,105.4979
217.8546,184.9641,43.3247,105.9047
219.7855,179.5964,43.3904,106.0653
217.2785,179.9596,43.5235,106.3908
211.6279,180.8960,43.5926,106.5595
207.4628,181.8896,44.0594,107.7006
204.3463,181.9890,44.4695,108.7031
206.7346,187.3989,44.8629,109.6649
210.5735,176.2399,44.8933,109.7390
206.4574,184.1240,45.1463,110.3576
204.2457,183.1124,45.5887,111.4390
195.9246,180.3112,46.0280,112.5127
202.2924,190.8311,46.2672,113.0976
194.8292,186.4831,46.8631,114.5543
189.5829,177.9483,47.2406,115.4771
189.0583,178.8948,47.6044,116.3663
186.3058,190.6895,47.7863,116.8110
188.7306,193.6689,47.8766,117.0316
185.3731,187.6669,47.9423,117.1921
182.3373,180.7667,47.9450,117.1987
187.4337,181.8767,47.9487,117.2079
185.2434,179.2877,47.9157,117.1273
182.3243,176.3288,47.9404,117.1877
185.6324,180.5329,48.0558,117.4697
185.9632,172.8533,48.2123,117.8522
186.8963,181.0853,48.1471,117.6929
188.7896,170.2085,48.6123,118.8301
183.5790,184.4209,49.2988,120.5080
179.4579,184.0421,49.3115,120.5392
179.0458,176.8042,49.4952,120.9881
178.1046,174.2804,49.4306,120.8303
174.4105,175.8280,49.4492,120.8758
183.9410,177.7828,49.4276,120.8228
178.5941,165.3783,50.5779,123.6348
181.6594,172.2378,52.1651,127.5146
176.5659,172.9238,53.3641,130.4456
184.1566,163.9924,54.6448,133.5761
185.8157,172.0992,54.1535,132.3751
178.7816,175.6099,54.9819,134.4001
177.1782,169.6610,54.7571,133.8507
183.3178,172.6661,54.3439,132.8406
183.9318,173.8666,53.7189,131.3128
179.4932,176.6867,53.6642,131.1792
182.6493,177.8687,53.1545,129.9332
174.8649,175.2869,53.0857,129.7651
176.7865,176.8287,53.1279,129.8682
172.4787,176.0829,53.2075,130.0626
175.6479,185.0083,53.3407,130.3884
178.6648,184.1008,53.4607,130.6816
177.1665,184.9101,53.5478,130.8947
174.3167,184.9910,53.7924,131.4925
174.0317,184.0991,54.0333,132.0812
171.3032,181.3099,54.2198,132.5372
169.2303,200.8310,54.4931,133.2053
163.6230,185.6831,54.6137,133.5000
163.9623,192.2683,54.6794,133.6606
155.8962,181.2268,54.6752,133.6504
156.8896,185.5227,54.6486,133.5853
152.4890,198.5523,54.5821,133.4229
150.2489,190.8552,54.3125,132.7638
147.3249,204.4855,54.2812,132.6874
145.2325,187.8486,54.0633,132.1546
147.7233,203.2849,53.8038,131.5204
145.2723,198.5285,53.5066,130.7939
136.9272,194.4529,53.0722,129.7320
139.6927,198.5453,52.7631,128.9765
133.6693,200.7545,52.6056,128.5914
135.7669,201.8755,52.3207,127.8951
130.5767,201.0875,52.1237,127.4134
131.8577,202.8087,51.9262,126.9306
127.4858,218.2809,51.7038,126.3870
130.6486,202.7281,51.5626,126.0418
128.2649,206.5728,51.4363,125.7332
120.8265,199.7573,51.3801,125.5958
121.8826,204.4757,51.3292,125.4712
124.6883,201.3476,51.1040,124.9209
125.8688,198.3348,50.9800,124.6178
117.8869,196.2335,51.0594,124.8118
125.1887,205.9233,51.2569,125.2947
120.5189,207.7923,51.0193,124.7139
123.6519,201.6792,50.6252,123.7503
123.0652,201.0679,50.4818,123.3998
122.1065,203.7068,50.3332,123.0366
124.7107,207.5707,50.1600,122.6133
122.2711,203.4571,49.8268,121.7989
123.8271,203.0457,49.7514,121.6144
126.6827,199.4046,49.6454,121.3553
130.5683,209.8405,49.5703,121.1718
124.6568,212.6841,49.4441,120.8633
124.9657,214.7684,49.4047,120.7669
126.7966,206.8768,49.1392,120.1180
127.8797,215.0877,49.1874,120.2358
133.3880,206.9088,48.9437,119.6400
140.2388,205.1909,48.7345,119.1286
131.9239,202.3191,48.7744,119.2262
135.5924,213.7319,48.8103,119.3140
134.1592,207.6732,48.3894,118.2852
134.0159,207.9673,48.3274,118.1335
138.5016,215.1967,48.0840,117.5386
137.1502,203.3197,47.7497,116.7213
139.7150,218.3320,47.6824,116.5570
136.3715,204.5332,47.5835,116.3150
135.1371,220.2533,47.6248,116.4162
136.8137,209.2253,47.2920,115.6027
137.8814,211.7225,46.9164,114.6845
133.4881,211.9723,46.6247,113.9715
132.1488,211.0972,46.5850,113.8744
136.5149,209.2097,46.1790,112.8820
132.4515,217.1210,46.0611,112.5938
132.0452,220.6121,45.7939,111.9405
136.5045,215.5612,45.5609,111.3710
129.7505,210.5561,45.5643,111.3792
131.7750,210.0556,45.7963,111.9464
133.7775,215.4056,45.8290,112.0264
129.4778,216.8406,45.9714,112.3745
133.5478,211.5841,46.1159,112.7277
131.2548,219.1584,46.1299,112.7618
128.3255,200.1158,46.0350,112.5299
129.8326,216.2116,46.2900,113.1533
131.7832,216.9212,46.4715,113.5968
137.3783,216.9921,46.5629,113.8203
132.5378,216.9992,46.5556,113.8025
134.7538,220.5999,46.5128,113.6979
136.7754,220.9600,46.4024,113.4281
140.5775,205.6960,46.4292,113.4936
140.0578,214.0696,46.3814,113.3767
135.5058,220.3070,46.2305,113.0079
138.6506,216.4307,46.2564,113.0711
137.1651,211.5431,46.3697,113.3480
138.8165,221.8543,46.4354,113.5087
138.0816,217.4854,46.4408,113.5218
143.4082,224.2485,46.5352,113.7526
146.6408,217.7249,46.4226,113.4773
141.5641,207.1725,46.3750,113.3612
141.0564,220.5172,46.5663,113.8287
143.7056,213.7517,46.6301,113.9846
139.4706,216.6752,46.7419,114.2580
148.9471,229.5675,46.8473,114.5156
142.6947,224.5567,46.7974,114.3935
142.9695,224.0557,46.7342,114.2391
145.6969,222.2056,46.5858,113.8763
140.5697,217.5206,46.5574,113.8068
144.5570,228.7521,46.5856,113.8758
144.0557,224.4752,46.4669,113.5856
144.0056,220.4475,46.5586,113.8100
145.8006,226.3448,46.5690,113.8353
145.0800,226.9345,46.4878,113.6368
143.2080,219.7934,46.4618,113.5732
145.7208,226.2793,46.4093,113.4448
147.7721,229.6279,46.3911,113.4003
150.6772,224.5628,46.3386,113.2720
145.5677,229.4563,46.3706,113.3503
146.8568,229.0456,46.3335,113.2597
148.7857,221.8046,46.3293,113.2492
149.8786,226.4805,46.6674,114.0759
148.1879,224.2480,46.7226,114.2107
146.2188,219.5248,46.9524,114.7725
150.5219,226.2525,47.1211,115.1849
142.8522,217.9252,47.4051,115.8792
146.5852,221.5925,47.5137,116.1445
147.8585,212.9593,47.6312,116.4318
151.5858,221.0959,47.6641,116.5121
153.7586,221.9096,47.8407,116.9439
149.4759,219.2910,48.0555,117.4689
149.0476,220.8291,48.3053,118.0795
148.1048,217.3829,48.4762,118.4974
151.6105,221.5383,48.6114,118.8278
154.6610,226.4538,48.6209,118.8510
156.7661,220.6454,48.7231,119.1008
151.5766,222.7645,48.7982,119.2843
151.9577,210.3764,48.9408,119.6329
157.3958,225.3376,49.1850,120.2300
158.8396,217.8338,49.3245,120.5709
161.6840,221.5834,49.3543,120.6436
156.5684,208.4583,49.2471,120.3816
157.8568,223.3458,49.4380,120.8484
163.3857,214.9346,49.5331,121.0809
163.9386,204.1935,49.4296,120.8279
159.4939,220.2193,49.5642,121.1569
156.3494,227.2219,49.6107,121.2706
158.7349,209.9222,49.5997,121.2435
163.4735,224.3922,49.7971,121.7262
164.8474,219.5392,49.8578,121.8746
172.1847,230.7539,49.8170,121.7747
172.0185,219.2754,49.7466,121.6027
165.7018,210.9275,49.6405,121.3434
168.6702,224.4928,49.2395,120.3632
168.0670,221.3493,49.2247,120.3269
173.4067,220.1349,49.2113,120.2942
181.1407,219.1135,48.8121,119.3183
178.3141,221.7113,48.4660,118.4724
178.9314,215.6711,48.1519,117.7046
180.7931,215.9671,48.1231,117.6341
184.5793,221.3967,48.0597,117.4793
190.3579,214.7397,48.0027,117.3400
192.7358,217.6740,47.9141,117.1232
194.7736,215.2674,47.7968,116.8366
188.6774,214.1267,47.6143,116.3905
193.4677,214.9127,47.5983,116.3514
198.4468,230.2913,47.4145,115.9021
194.4447,213.8291,47.1735,115.3129
199.4445,217.5829,47.1402,115.2315
199.0444,215.2583,47.0551,115.0234
203.5044,217.7258,47.1805,115.3300
202.1505,215.2726,47.2749,115.5608
204.7150,214.1273,47.3966,115.8583
208.5715,214.9127,47.5795,116.3054
216.1572,208.6913,47.7461,116.7125
212.4157,226.9691,47.6377,116.4476
214.7416,221.5969,47.7057,116.6140
226.6742,218.3597,48.1704,117.7497
227.8674,220.7360,48.1533,117.7080
227.0867,225.4736,48.2816,118.0216
239.6087,218.7474,48.6028,118.8067
245.3609,224.3747,48.7604,119.1919
254.0361,215.0375,49.1816,120.2215
280.1036,169.1037,50.2208,122.7618
264.7104,217.6104,49.4174,120.7981
267.6710,222.4610,50.4920,123.4248
274.2671,222.0461,51.4808,125.8419
274.0267,219.3046,52.4384,128.1827
279.4027,216.3305,53.3343,130.3727
288.9403,210.6330,54.4525,133.1060
296.1940,204.6633,54.4073,132.9954
278.9194,155.4663,54.3033,132.7412
303.2919,199.1466,53.3448,130.3983
312.9292,205.3147,53.1861,130.0104
318.3929,214.0315,52.5050,128.3455
328.8393,210.4032,52.1642,127.5123
334.3839,213.6403,52.9178,129.3545
341.2384,213.9640,52.9562,129.4485
349.1238,217.5964,53.1148,129.8362
359.8124,215.2596,52.9377,129.4032
368.9812,217.7260,52.9569,129.4501
371.6981,213.4726,52.4236,128.1465
376.4698,208.5473,51.8875,126.8360
383.2470,222.4547,51.3002,125.4003
391.1247,216.6455,50.7176,123.9762
405.4125,220.5645,50.5039,123.4538
406.8412,225.4565,50.2972,122.9487
412.3841,222.3456,50.1112,122.4941
416.5384,214.8346,49.6231,121.3009
417.8539,205.9835,49.4175,120.7982
416.1854,205.9984,49.3465,120.6246
413.3185,207.7998,49.3209,120.5621
413.9319,199.8800,49.0447,119.8868
412.1932,194.5880,49.0046,119.7890
404.8193,187.7588,48.9878,119.7478
403.1819,188.8759,49.0002,119.7782
404.8182,187.1876,48.5820,118.7558
397.7818,188.8188,48.3879,118.2815
394.3782,188.9819,48.1382,117.6711
387.7378,192.5982,47.8922,117.0697
391.5738,180.3598,47.6819,116.5558
382.9574,178.2360,47.4361,115.9549
383.8958,178.9236,47.0461,115.0015
375.8896,181.6924,46.7502,114.2781
369.6890,177.4692,46.4934,113.6503
373.5689,176.1469,46.4561,113.5592
363.1569,172.4147,46.6576,114.0518
362.1157,167.5415,46.5462,113.7794
365.6116,175.1541,46.8282,114.4689
362.3611,179.5154,46.6881,114.1264
354.8361,179.9515,46.6501,114.0335
350.4836,176.3952,46.5492,113.7868
352.7484,171.5395,46.4151,113.4590
347.5748,172.8540,46.1579,112.8304
356.9575,170.2854,45.9984,112.4404
356.0958,170.0285,45.7931,111.9386
350.6096,172.7029,45.7513,111.8365
349.1609,167.5703,45.7310,111.7868
347.2161,168.8570,45.6779,111.6570
345.2216,167.1857,45.5091,111.2444
348.6222,164.3186,45.3572,110.8731
342.6622,171.2319,45.2863,110.6998
339.3662,170.1232,45.2577,110.6298
339.9366,168.2123,45.0913,110.2231
341.7937,164.4212,45.0470,110.1149
336.5794,174.8421,45.0072,110.0174
339.6579,169.5842,44.8658,109.6719
336.3658,172.6584,44.8035,109.5196
340.5366,176.5658,44.6081,109.0419
345.4537,170.6566,44.3277,108.3564
340.5454,166.4657,44.1405,107.8989
345.4545,175.9466,44.1037,107.8090
343.2455,172.3947,44.0022,107.5609
342.1245,171.1395,43.8083,107.0869
337.5125,169.2139,43.7705,106.9946
334.3513,174.4214,43.5943,106.5639
334.0351,172.2421,43.4359,106.1767
334.9035,176.5242,43.4287,106.1590
333.1903,174.2524,43.2365,105.6891
330.3190,174.0252,43.2083,105.6202
331.8319,174.0025,42.9836,105.0709
331.0832,171.3002,42.7208,104.4285
332.8083,175.5300,42.7267,104.4429
329.3808,179.5530,42.7086,104.3986
329.9381,173.6553,42.6160,104.1723
331.7938,175.7655,42.4839,103.8493
327.4794,180.4765,42.2783,103.3470
329.7479,183.6477,42.1263,102.9753
322.7748,183.0648,42.0177,102.7098
319.3775,175.8065,42.0675,102.8315
320.8377,184.0806,42.0960,102.9012
321.8838,175.0081,42.2200,103.2043
317.4884,178.6008,42.4019,103.6491
318.8488,174.4601,42.4179,103.6882
315.3849,166.8460,42.5144,103.9241
314.1385,172.3846,42.5850,104.0967
309.5139,176.5385,42.6868,104.3453
309.0514,175.1538,42.8765,104.8092
310.8051,166.0154,42.9815,105.0658
310.9805,168.7015,43.0813,105.3099
310.0981,171.6702,43.5240,106.3920
307.3098,180.0670,43.6582,106.7200
310.6310,180.9067,43.7450,106.9320
309.1631,180.9907,43.9422,107.4141
304.5163,180.0991,44.2750,108.2278
296.8516,171.9099,44.4977,108.7720
300.5852,179.1910,44.7150,109.3033
295.5585,179.0191,44.7063,109.2819
290.5558,171.8019,44.8192,109.5580
291.8556,179.1802,45.0084,110.0204
290.1855,168.2180,45.0778,110.1902
293.6186,166.2218,45.3162,110.7728
286.7618,169.6222,45.5658,111.3830
289.6762,167.2622,45.9346,112.2845
289.9676,158.9262,46.1825,112.8904
283.6968,169.7926,46.5137,113.7000
291.1697,162.7793,46.7077,114.1743
292.8170,162.0779,46.9410,114.7446
286.6817,163.8078,47.0609,115.0377
286.9682,157.6808,47.0754,115.0732
286.0968,171.4681,46.9254,114.7065
294.1097,174.6468,46.8994,114.6429
292.2110,168.6647,47.1834,115.3372
287.5211,167.1665,47.5528,116.2401
292.4521,159.8167,47.4818,116.0664
283.9452,163.5817,48.1941,117.8076
289.3945,160.3582,48.1497,117.6991
280.0395,160.0358,48.8018,119.2933
283.6039,161.8036,49.0182,119.8223
280.3604,152.0804,49.1725,120.1994
284.5360,163.7080,49.2938,120.4959
292.1536,155.8708,49.3071,120.5283
281.2154,150.5871,49.4340,120.8387
290.0215,164.4587,49.3951,120.7435
283.7021,151.4459,49.3173,120.5534
289.3702,162.7446,49.1750,120.2054
287.2370,152.1745,49.0850,119.9855
288.8237,163.7174,49.0803,119.9739
289.8824,159.4717,49.0188,119.8236
293.5882,147.3472,48.9254,119.5954
295.7588,160.5347,48.9974,119.7714
293.2759,157.3535,48.9495,119.6542
295.7276,145.3353,48.9628,119.6868
304.9727,144.1335,48.8665,119.4514
296.8973,157.5134,48.7799,119.2396
304.1897,144.4513,48.7148,119.0806
313.0190,154.8451,48.5248,118.6161
304.9019,146.8845,48.5422,118.6586
311.2902,152.3885,48.2176,117.8652
320.9290,152.0388,48.0960,117.5678
320.9929,143.9039,48.3233,118.1237
319.1993,157.4904,48.0021,117.3384
319.0199,157.9490,47.9207,117.1394
324.4020,149.8949,47.9786,117.2810
318.6402,154.4895,47.9960,117.3235
326.1640,151.3490,47.9355,117.1757
322.4164,148.3349,47.9386,117.1831
328.3416,141.7335,47.8447,116.9537
328.0342,141.9733,47.7823,116.8010
329.8034,139.2973,47.7259,116.6632
324.5804,137.2297,47.6012,116.3583
328.5580,132.5230,47.5043,116.1216
324.4558,132.0523,47.2757,115.5628
324.9456,132.9052,47.1013,115.1364
321.3946,119.4905,46.7974,114.3936
322.8394,127.1491,46.4661,113.5837
320.2839,129.7149,46.3700,113.3488
320.9284,120.0715,46.4708,113.5951
326.3929,118.2071,46.5076,113.6853
323.3393,129.7207,46.6500,114.0332
329.3339,141.6721,46.6562,114.0484
325.4334,141.9672,46.6638,114.0670
325.0433,134.7967,46.5064,113.6824
323.2043,156.5797,46.4689,113.5905
321.2204,148.8580,46.2542,113.0657
322.8221,165.1858,47.2468,115.4922
298.6822,185.7186,47.2236,115.4355
317.8682,163.4719,46.9118,114.6732
304.4868,203.5472,47.7174,116.6425
322.0487,154.4547,47.3983,115.8625
310.3049,195.4455,48.1329,117.6581
328.0305,153.6445,48.3352,118.1527
312.7031,188.1645,49.5777,121.1900
312.9703,188.9164,50.7592,124.0781
313.8970,194.3916,51.7857,126.5873
316.6897,210.2392,52.6195,128.6254
324.1690,206.4239,53.3941,130.5188
325.8169,204.2424,53.6147,131.0582
325.0817,212.1242,54.4860,133.1879
327.7082,218.3124,54.7810,133.9090
333.3708,220.7312,54.6249,133.5274
329.4371,220.9731,54.9501,134.3223
338.0437,229.9973,55.1028,134.6956
329.9044,175.9997,55.1895,134.9077
337.1904,204.8000,54.9674,134.3648
332.5190,173.4800,54.4478,133.0947
348.2519,248.6480,53.8064,131.5266
355.2252,250.7648,53.3117,130.3174
359.5225,250.9765,52.4262,128.1528
335.6523,190.6976,52.3429,127.9493
363.8652,247.6698,51.6953,126.3661
341.4865,210.1670,51.4351,125.7303
364.4486,257.7167,50.9658,124.5830
336.1449,199.4717,50.6525,123.8173
338.7145,208.0472,50.5798,123.6395
338.0714,201.7047,50.2391,122.8068
334.4071,198.3705,49.8942,121.9636
335.8407,214.2370,49.6899,121.4643
335.9841,201.4237,49.2069,120.2835
335.0984,206.4424,48.7268,119.1100
332.3098,215.9442,48.3800,118.2623
332.0310,208.7944,47.9922,117.3142
336.5031,215.2794,47.8603,116.9919
336.0503,215.0279,47.6344,116.4396
338.7050,220.4028,47.4310,115.9425
338.9705,207.4403,47.3557,115.7584
343.4970,205.2440,47.3226,115.6774
339.4497,202.3244,46.9805,114.8413
342.6450,205.6324,46.6997,114.1547
339.3645,199.6632,46.6263,113.9755
345.3365,209.8663,46.5503,113.7896
344.1336,205.4866,46.5180,113.7107
340.4134,205.0487,46.4599,113.5686
344.5413,216.7049,46.4366,113.5117
344.9541,213.3705,46.4157,113.4605
345.8954,204.9370,46.3968,113.4145
343.2896,204.0937,46.3871,113.3907
338.5290,203.1094,46.3424,113.2814
338.9529,208.4109,46.2300,113.0066
343.4953,202.6411,46.2297,113.0059
343.0495,207.4641,46.0565,112.5824
343.9050,206.1464,45.8620,112.1070
337.6905,203.3146,45.6949,111.6987
340.6690,213.8315,45.6464,111.5800
336.4669,201.3831,45.6226,111.5220
341.4467,210.9383,45.6510,111.5913
338.3447,201.9938,45.7476,111.8274
338.9345,210.9994,45.8513,112.0810
343.4934,205.5999,45.8937,112.1846
339.4493,206.8600,46.6366,114.0006
342.6449,206.0860,46.5858,113.8764
333.9645,204.2086,46.5742,113.8481
332.1964,206.7209,46.5168,113.7078
337.4196,201.5721,46.4581,113.5642
337.9420,200.1572,46.3331,113.2587
332.5942,205.4157,46.1560,112.8258
332.0594,199.6416,46.1045,112.6999
332.0060,197.2642,45.9061,112.2149
334.7006,197.9264,45.8184,112.0005
339.4701,192.5926,45.7014,111.7145
337.2470,201.0593,45.2110,110.5157
332.5247,200.1059,45.0141,110.0344
337.4525,199.1106,44.7666,109.4294
332.5453,200.8111,44.5400,108.8756
333.8545,195.5811,44.2281,108.1130
332.1855,204.0581,43.8878,107.2814
326.6185,201.3058,43.7053,106.8353
330.5619,207.3306,43.2646,105.7580
327.3562,195.3331,43.0658,105.2720
326.1356,206.7333,42.7863,104.5886
318.8136,197.0733,42.6292,104.2047
318.0814,197.9073,42.6409,104.2332
321.6081,188.0907,42.9803,105.0630
317.4608,188.9091,42.9834,105.0704
