1
55.0000,578.0000,46.0000,46.0000
78.5000,588.5000,47.0000,47.0000
78.5000,588.5000,47.0000,47.0000
78.5000,588.5000,47.0000,47.0000
0
0
0
0
0
0
0
0
0
0
0
0
0
0
0
0
0
0
2
0
0
0
0
1
806.5000,592.5000,53.0000,51.0000
825.5000,590.5000,51.0000,49.0000
825.5000,590.5000,51.0000,49.0000
825.5000,590.5000,51.0000,49.0000
825.5000,590.5000,51.0000,49.0000
0
0
0
0
0
0
0
0
0
0
0
0
0
0
0
0
0
0
0
0
2
0
0
0
0
1
1074.0000,435.0000,30.0000,18.0000
1074.0000,428.0000,30.0000,18.0000
1074.0000,428.0000,30.0000,18.0000
1074.0000,428.0000,30.0000,18.0000
0
0
0
0
0
0
0
0
0
0
0
0
0
0
0
0
0
0
0
0
2
0
0
0
0
1
1090.5000,340.5000,23.0000,17.0000
1095.0000,343.0000,22.0000,16.0000
1095.0000,343.0000,22.0000,16.0000
1095.0000,343.0000,22.0000,16.0000
1095.0000,343.0000,22.0000,16.0000
1095.0000,343.0000,22.0000,16.0000
0
0
0
0
0
0
0
0
0
0
0
0
0
0
0
0
0
0
2
0
0
0
0
1
1110.5000,320.5000,17.0000,9.0000
1113.5000,323.5000,17.0000,9.0000
1113.5000,323.5000,17.0000,9.0000
1113.5000,323.5000,17.0000,9.0000
1113.5000,323.5000,17.0000,9.0000
1113.5000,323.5000,17.0000,9.0000
1113.5000,323.5000,17.0000,9.0000
1113.5000,323.5000,17.0000,9.0000
0
0
0
0
0
0
0
0
0
0
0
0
0
0
0
2
0
0
0
