1
187.9377,215.9953,40.5796,98.5905
187.4024,217.0659,40.5796,98.5905
186.8671,218.6718,40.5796,98.5905
184.1906,221.3483,40.5796,98.5905
183.1200,221.8836,40.5796,98.5905
179.3730,222.9541,40.5796,98.5905
178.3024,222.4189,40.5796,98.5905
177.7671,220.2777,40.5796,98.5905
177.7671,219.7424,40.5796,98.5905
178.1892,218.7022,41.8766,101.7415
181.5069,219.8081,41.8766,101.7415
185.3775,219.2551,41.8766,101.7415
187.0363,218.7022,41.8766,101.7415
188.1422,218.1493,41.8766,101.7415
190.7906,217.0764,43.2149,104.9931
198.7789,207.9470,43.2149,104.9931
199.9200,206.2352,43.2149,104.9931
199.2294,204.5574,44.5961,108.3487
199.8177,205.1456,44.5961,108.3487
200.4983,205.0346,43.2348,105.0413
203.2310,203.9267,44.6166,108.3985
204.4075,204.5149,44.6166,108.3985
207.9369,206.2796,44.6166,108.3985
210.7533,205.7238,46.0425,111.8629
213.6646,203.9363,47.5140,115.4380
223.0764,203.9363,47.5140,115.4380
226.8411,205.1912,47.5140,115.4380
233.8408,208.2080,46.0637,111.9142
235.0565,210.6394,46.0637,111.9142
239.1831,212.4980,47.5358,115.4910
244.2027,213.7529,47.5358,115.4910
246.7125,215.0078,47.5358,115.4910
252.3596,211.8706,47.5358,115.4910
254.8694,210.6157,47.5358,115.4910
258.0066,209.3608,47.5358,115.4910
262.3988,208.1059,47.5358,115.4910
266.8890,207.9862,46.0848,111.9656
270.0238,207.2637,44.6780,108.5478
274.2469,205.3793,43.3142,105.2344
277.1096,209.9597,43.3142,105.2344
279.9724,220.2656,43.3142,105.2344
283.4076,229.9989,43.3142,105.2344
285.7864,233.8952,41.9921,102.0220
286.9822,238.2269,40.7102,98.9078
288.1408,234.9012,39.4675,95.8886
287.7000,242.1019,38.2628,92.9616
286.7664,243.0149,37.0948,90.1239
285.7860,243.0149,37.0948,90.1239
284.3154,243.5051,37.0948,90.1239
283.2324,243.0453,38.2803,93.0043
281.7932,243.4530,37.1118,90.1653
279.7295,241.5220,38.2979,93.0470
279.7295,240.5102,38.2979,93.0470
280.3141,241.4245,37.1289,90.2067
279.8239,241.9147,37.1289,90.2067
277.8631,242.4049,37.1289,90.2067
276.9592,243.7817,35.9955,87.4531
275.0611,244.7307,35.9955,87.4531
270.7905,245.2052,35.9955,87.4531
269.4419,246.0655,34.8967,84.7835
266.2164,246.0655,34.8967,84.7835
264.3733,246.0655,34.8967,84.7835
260.6870,246.5263,34.8967,84.7835
256.0791,247.4478,34.8967,84.7835
252.3929,248.8302,34.8967,84.7835
247.7850,249.2910,34.8967,84.7835
242.2556,249.7518,34.8967,84.7835
236.6293,247.9361,36.0120,87.4932
232.3411,248.4126,36.0120,87.4932
230.8127,247.0145,37.1630,90.2895
223.3561,245.0814,38.3507,93.1752
216.1668,242.5807,39.5764,96.1530
209.4414,244.0483,38.3683,93.2179
204.3826,244.5542,38.3683,93.2179
196.2885,245.0600,38.3683,93.2179
185.1590,245.5659,38.3683,93.2179
179.0884,245.5659,38.3683,93.2179
179.5943,248.6012,38.3683,93.2179
172.5120,249.1071,38.3683,93.2179
172.5120,249.1071,38.3683,93.2179
170.8871,245.0881,39.5946,96.1972
169.3165,245.0881,39.5946,96.1972
154.5485,244.0744,40.8600,99.2717
150.1210,243.5664,42.1659,102.4444
143.8786,240.2588,43.5135,105.7185
135.9251,233.8292,42.1852,102.4914
133.7846,234.8366,40.8975,99.3628
131.7128,236.8924,39.6491,96.3297
127.0826,237.8391,38.4388,93.3892
126.5748,237.8391,38.4388,93.3892
125.0512,239.3626,38.4388,93.3892
122.9135,236.8546,39.6673,96.3740
121.4248,232.0432,38.4565,93.4321
121.3181,226.4874,39.6855,96.4182
120.6839,223.3760,40.9539,99.4997
119.4883,216.3742,42.2628,102.6797
116.2216,218.5002,40.9727,99.5454
112.9745,217.9590,40.9727,99.5454
113.5157,217.9590,40.9727,99.5454
112.8609,215.2860,42.2822,102.7269
114.4206,212.5267,43.6335,106.0100
117.3029,213.1032,43.6335,106.0100
119.6088,211.3738,43.6335,106.0100
121.2174,210.2562,45.0280,109.3981
122.2802,208.5080,46.4671,112.8945
123.9926,207.9314,47.9522,116.5026
130.9592,206.6648,47.9522,116.5026
133.5911,205.9096,46.4885,112.9463
136.7556,209.4746,45.0694,109.4986
138.6356,196.2439,43.6936,106.1561
140.9415,197.9733,43.6936,106.1561
144.9768,200.2792,43.6936,106.1561
148.4356,198.5498,43.6936,106.1561
150.1650,189.3262,43.6936,106.1561
154.2003,187.0204,43.6936,106.1561
157.7495,188.0641,42.3599,102.9157
160.5436,188.0641,42.3599,102.9157
162.7789,187.5053,42.3599,102.9157
166.1319,185.8288,42.3599,102.9157
170.6025,186.3876,42.3599,102.9157
172.8378,183.5935,42.3599,102.9157
178.4260,183.5935,42.3599,102.9157
184.1019,190.7525,41.0668,99.7741
189.0738,191.7322,39.8132,96.7285
189.5993,181.7479,39.8132,96.7285
191.0651,177.0492,41.0857,99.8199
192.1513,171.6179,41.0857,99.8199
195.4102,174.8767,41.0857,99.8199
196.9262,173.8247,42.3988,103.0102
199.1693,174.3855,42.3988,103.0102
202.5340,172.1423,42.3988,103.0102
204.2164,172.7031,42.3988,103.0102
205.9850,170.3499,41.1045,99.8658
207.5007,171.4697,42.4182,103.0575
209.2697,169.6779,41.1234,99.9116
211.4423,166.4191,41.1234,99.9116
213.6993,165.2283,39.8681,96.8618
214.8353,164.5969,38.6511,93.9050
215.4252,162.9713,37.4713,91.0386
215.4252,163.4654,37.4713,91.0386
216.4134,163.9595,37.4713,91.0386
217.4017,162.4772,37.4713,91.0386
218.3899,161.4890,37.4713,91.0386
220.3664,161.4890,37.4713,91.0386
222.4206,157.4431,36.3275,88.2596
223.4555,153.0255,35.2185,85.5654
224.4577,154.7962,34.1435,82.9535
225.8808,155.6113,33.1012,80.4213
228.0671,156.4858,33.1012,80.4213
230.3213,158.5878,32.0908,77.9665
233.3523,160.6248,31.1112,75.5865
237.9448,162.6020,30.1616,73.2792
240.3953,163.3224,29.2409,71.0423
241.5541,163.3224,29.2409,71.0423
242.6320,162.1871,30.1754,73.3128
244.2241,162.1871,30.1754,73.3128
247.0104,161.7891,30.1754,73.3128
248.6651,161.7139,29.2543,71.0750
250.6567,160.8673,28.3613,68.9054
252.9037,161.6163,28.3613,68.9054
254.0856,159.6719,27.4956,66.8020
255.9562,158.1523,26.6562,64.7629
258.0739,158.8582,26.6562,64.7629
263.0690,155.6113,25.8426,62.7859
267.2163,156.5696,25.0537,60.8694
269.5869,155.5104,24.2889,59.0113
272.8518,154.8032,23.5475,57.2100
272.8518,154.8032,23.5475,57.2100
276.6406,154.7411,22.8287,55.4636
281.4720,157.4588,22.8287,55.4636
285.7459,158.6072,22.1319,53.7706
287.7910,160.0680,22.1319,53.7706
289.5896,161.1809,21.4563,52.1292
289.8153,160.3478,22.1420,53.7953
290.6918,158.3027,22.1420,53.7953
290.9839,157.7184,22.1420,53.7953
289.7536,156.8588,22.8497,55.5146
289.7536,156.5568,22.8497,55.5146
289.1497,157.1608,22.8497,55.5146
287.6399,157.1608,22.8497,55.5146
287.3380,156.8588,22.8497,55.5146
287.0360,155.0470,22.8497,55.5146
287.0360,152.6313,22.8497,55.5146
287.9419,150.8196,22.8497,55.5146
287.8787,148.7246,23.5800,57.2888
288.2386,147.4166,22.8602,55.5401
287.9366,147.1147,22.8602,55.5401
288.2386,146.5107,22.8602,55.5401
287.9366,147.4166,22.8602,55.5401
287.6347,149.5303,22.8602,55.5401
287.3797,158.8329,22.1624,53.8447
286.7953,159.7094,22.1624,53.8447
287.0875,160.0016,22.1624,53.8447
287.4258,159.0704,21.4858,52.2011
288.0380,158.7299,20.8300,50.6076
288.6304,160.0513,20.1941,49.0628
288.6304,160.3180,20.1941,49.0628
288.3638,160.3180,20.1941,49.0628
288.9387,161.3335,19.5777,47.5651
289.7151,161.0747,19.5777,47.5651
290.2328,162.3688,19.5777,47.5651
290.1787,163.6793,20.2034,49.0853
289.8559,164.4949,20.8491,50.6541
290.4049,165.0439,20.8491,50.6541
290.6794,168.0635,20.8491,50.6541
291.2284,169.1616,20.8491,50.6541
290.8953,171.3717,21.5154,52.2730
290.8358,175.3698,22.2031,53.9436
289.9534,184.1933,22.2031,53.9436
289.6593,186.2521,22.2031,53.9436
289.9982,190.6048,21.5253,52.2970
289.1452,190.0362,21.5253,52.2970
288.3365,193.6775,20.8683,50.7006
287.2306,194.5069,20.8683,50.7006
285.8903,194.7278,20.2313,49.1530
284.2903,194.1945,20.2313,49.1530
283.7570,193.6612,20.2313,49.1530
282.9570,194.9945,20.2313,49.1530
283.5324,196.5447,19.6137,47.6525
284.0501,199.3918,19.6137,47.6525
284.8265,202.7565,19.6137,47.6525
285.3442,206.6388,19.6137,47.6525
283.0148,208.9682,19.6137,47.6525
283.7366,208.2067,20.2405,49.1755
283.4700,207.9401,20.2405,49.1755
282.6700,206.6067,20.2405,49.1755
279.7366,204.2067,20.2405,49.1755
277.6033,203.9401,20.2405,49.1755
275.7366,203.1401,20.2405,49.1755
273.3366,201.8067,20.2405,49.1755
270.6700,201.0067,20.2405,49.1755
268.0456,201.2240,19.6227,47.6744
266.2745,202.2104,19.0237,46.2191
263.0511,203.4178,18.4430,44.8083
262.5132,209.9959,19.0324,46.2404
259.6993,211.7668,19.6407,47.7182
259.1816,213.8374,19.6407,47.7182
258.4461,217.4127,19.0412,46.2616
258.9877,220.8796,18.4599,44.8494
257.2339,220.4060,19.0499,46.2828
254.7241,221.4099,19.0499,46.2828
251.4614,222.1629,19.0499,46.2828
249.4001,218.6625,19.6587,47.7620
246.4977,215.5699,20.2870,49.2885
243.2186,214.2450,20.9354,50.8638
242.0547,213.4322,21.6045,52.4894
239.4192,211.4483,22.2950,54.1669
234.9453,207.6415,23.0075,55.8981
231.5384,205.8365,23.7429,57.6846
227.0806,199.5814,24.5017,59.5282
223.7773,192.8066,25.2848,61.4307
221.4439,190.4733,25.2848,61.4307
220.1106,187.8066,25.2848,61.4307
220.0399,187.4916,26.0929,63.3941
217.9693,188.1818,26.0929,63.3941
216.5889,189.2171,26.0929,63.3941
215.2085,191.6328,26.0929,63.3941
212.8460,193.2905,25.2964,61.4589
209.7751,194.9751,26.1048,63.4232
208.4480,192.8372,25.3080,61.4872
204.8343,194.7757,24.5354,59.6102
202.8931,195.0992,24.5354,59.6102
201.2069,194.7937,25.3196,61.5154
198.1200,193.8107,26.1288,63.4814
196.3220,193.1413,26.9639,65.5103
196.3220,189.9296,26.9639,65.5103
195.9652,188.5021,26.9639,65.5103
195.1774,186.0278,27.8257,67.6040
194.3661,184.2142,28.7150,69.7646
193.5288,182.3425,29.6327,71.9943
193.5288,183.1268,29.6327,71.9943
193.9210,184.6954,29.6327,71.9943
193.8396,184.7214,30.5798,74.2952
194.7102,187.0671,29.6463,72.0273
196.3392,190.1272,28.7413,69.8287
195.4995,188.6310,29.6599,72.0604
191.9701,193.3369,29.6599,72.0604
190.0698,196.0053,28.7545,69.8607
190.5087,195.9304,27.8768,67.7282
189.4028,195.1931,27.8768,67.7282
188.2201,194.1108,28.7677,69.8928
184.3369,191.8528,29.6871,72.1266
185.0389,184.8178,30.6360,74.4318
187.1222,185.9539,29.7008,72.1597
189.4752,185.5617,29.7008,72.1597
191.7456,183.2321,30.6500,74.4659
194.2330,183.1569,29.7144,72.1928
195.8017,181.1961,29.7144,72.1928
196.5860,180.4118,29.7144,72.1928
198.1546,179.2353,29.7144,72.1928
198.9389,178.8432,29.7144,72.1928
199.7846,179.5529,28.8074,69.9891
199.4635,180.6211,27.9280,67.8527
199.4635,181.3584,27.9280,67.8527
199.8897,186.0802,27.0755,65.7815
199.1760,186.0802,27.0755,65.7815
197.3917,187.1508,27.0755,65.7815
196.6780,187.8646,27.0755,65.7815
194.8937,188.5783,27.0755,65.7815
191.9630,188.5977,27.9408,67.8838
186.3557,187.8815,28.8338,70.0534
181.7106,187.1425,29.7554,72.2923
179.6665,186.3794,30.7063,74.6028
176.7405,186.4049,31.6877,76.9871
172.8930,186.4276,32.7005,79.4476
166.3312,191.1972,33.7456,81.9867
160.5449,195.2031,33.7456,81.9867
159.1155,196.5635,34.8241,84.6070
156.3508,199.7890,34.8241,84.6070
154.4119,201.2017,35.9370,87.3111
151.5649,209.7429,35.9370,87.3111
148.7178,215.9115,35.9370,87.3111
146.3452,216.3860,35.9370,87.3111
144.3474,217.8379,37.0856,90.1015
140.9161,217.3477,37.0856,90.1015
140.4259,212.4457,37.0856,90.1015
139.9357,212.4457,37.0856,90.1015
138.4651,212.4457,37.0856,90.1015
137.3823,210.0255,38.2708,92.9812
136.7707,207.5279,39.4940,95.9529
135.6180,205.9946,40.7562,99.0195
134.4295,204.9495,42.0588,102.1842
133.2025,204.9813,43.4030,105.4500
132.5089,205.0138,44.7901,108.8202
130.6088,206.2357,46.2216,112.2980
129.8702,204.4411,47.6989,115.8871
129.1080,203.2187,49.2233,119.5908
128.3214,201.9586,50.7965,123.4130
128.1803,199.9865,52.4200,127.3572
127.4881,199.9865,52.4200,127.3572
128.1803,199.9865,52.4200,127.3572
128.1803,200.6786,52.4200,127.3572
128.8724,201.3708,52.4200,127.3572
129.5646,202.0629,52.4200,127.3572
130.1112,200.7199,54.0953,131.4276
131.5387,202.1474,54.0953,131.4276
133.6798,202.1474,54.0953,131.4276
135.1073,202.8611,54.0953,131.4276
136.5347,203.5748,54.0953,131.4276
137.9622,204.2886,54.0953,131.4276
139.3896,205.0023,54.0953,131.4276
140.9290,207.7219,52.4440,127.4157
140.9290,207.7219,52.4440,127.4157
142.3133,207.7219,52.4440,127.4157
142.3133,207.7219,52.4440,127.4157
141.6212,207.7219,52.4440,127.4157
140.9290,207.7219,52.4440,127.4157
140.2369,207.7219,52.4440,127.4157
140.2369,208.4141,52.4440,127.4157
138.8525,208.4141,52.4440,127.4157
137.5765,211.0509,50.8432,123.5263
137.5765,211.7215,50.8432,123.5263
136.9059,213.0627,50.8432,123.5263
136.2353,214.4039,50.8432,123.5263
135.6702,217.6304,49.2912,119.7556
135.1205,220.1092,47.7865,116.1001
133.8578,218.8464,47.7865,116.1001
132.5950,217.5837,47.7865,116.1001
132.5950,216.9523,47.7865,116.1001
131.2000,215.7284,49.3138,119.8106
128.4590,213.8138,50.8899,123.6398
127.1139,213.1413,50.8899,123.6398
126.4414,213.1413,50.8899,123.6398
125.7688,213.1413,50.8899,123.6398
126.4414,213.1413,50.8899,123.6398
127.1139,213.8138,50.8899,123.6398
127.1139,214.4864,50.8899,123.6398
127.7865,215.1589,50.8899,123.6398
128.4590,214.4864,50.8899,123.6398
129.1316,214.4864,50.8899,123.6398
131.1492,215.1589,50.8899,123.6398
133.9436,217.7186,49.3364,119.8656
135.2456,217.7186,49.3364,119.8656
136.5475,217.7186,49.3364,119.8656
137.1985,217.7186,49.3364,119.8656
138.5005,217.7186,49.3364,119.8656
138.5005,218.3695,49.3364,119.8656
139.1514,217.7186,49.3364,119.8656
139.6650,216.4541,50.9132,123.6965
140.3376,217.1266,50.9132,123.6965
141.0101,217.1266,50.9132,123.6965
142.3552,217.7992,50.9132,123.6965
143.0278,217.7992,50.9132,123.6965
145.8225,219.6871,49.3591,119.9206
145.8225,219.6871,49.3591,119.9206
146.4734,219.6871,49.3591,119.9206
145.8225,219.6871,49.3591,119.9206
145.8225,219.0361,49.3591,119.9206
146.4734,219.0361,49.3591,119.9206
147.1244,219.6871,49.3591,119.9206
147.7754,220.3381,49.3591,119.9206
149.1797,223.4704,47.8524,116.2600
149.8111,224.1017,47.8524,116.2600
149.9101,227.1389,46.3917,112.7112
150.6182,229.4710,44.9755,109.2706
151.3046,231.7328,43.6027,105.9351
150.7281,232.3093,43.6027,105.9351
150.1517,235.1917,43.6027,105.9351
150.1517,236.3446,43.6027,105.9351
150.7281,236.3446,43.6027,105.9351
150.1517,231.7328,43.6027,105.9351
150.1517,230.0034,43.6027,105.9351
149.5752,227.6975,43.6027,105.9351
148.4223,225.3917,43.6027,105.9351
147.7255,223.6988,44.9962,109.3208
147.7255,224.2929,44.9962,109.3208
148.3196,224.2929,44.9962,109.3208
148.9137,224.8871,44.9962,109.3208
149.5078,224.8871,44.9962,109.3208
150.1020,224.8871,44.9962,109.3208
149.9770,223.7342,46.4343,112.8147
151.0762,222.5452,47.9183,116.4202
151.7095,221.9118,47.9183,116.4202
152.3428,221.2785,47.9183,116.4202
152.9762,221.2785,47.9183,116.4202
154.2429,221.2785,47.9183,116.4202
154.8762,221.2785,47.9183,116.4202
155.5095,221.2785,47.9183,116.4202
156.1429,221.2785,47.9183,116.4202
156.7762,221.2785,47.9183,116.4202
157.4095,221.2785,47.9183,116.4202
158.0428,221.9118,47.9183,116.4202
158.6762,221.9118,47.9183,116.4202
158.6762,221.9118,47.9183,116.4202
158.6762,222.5452,47.9183,116.4202
158.6762,223.1785,47.9183,116.4202
159.3095,223.1785,47.9183,116.4202
159.9429,223.8118,47.9183,116.4202
160.5762,224.4452,47.9183,116.4202
160.5762,225.0785,47.9183,116.4202
161.2095,225.7118,47.9183,116.4202
161.8428,226.3452,47.9183,116.4202
163.1095,225.7118,47.9183,116.4202
165.0095,225.7118,47.9183,116.4202
167.5428,225.0785,47.9183,116.4202
170.7095,225.0785,47.9183,116.4202
172.6095,225.0785,47.9183,116.4202
175.1429,225.0785,47.9183,116.4202
176.4095,225.7118,47.9183,116.4202
180.8428,225.7118,47.9183,116.4202
182.1095,225.0785,47.9183,116.4202
184.6429,224.4452,47.9183,116.4202
187.6771,223.2181,49.4498,120.1410
189.7377,225.0518,47.9403,116.4737
191.6377,225.0518,47.9403,116.4737
193.5377,225.0518,47.9403,116.4737
194.8044,225.6851,47.9403,116.4737
196.7044,226.3185,47.9403,116.4737
198.6044,226.3185,47.9403,116.4737
201.8694,228.0961,46.4769,112.9183
205.0337,229.8196,45.0582,109.4714
206.6901,228.0702,46.4983,112.9701
209.7588,228.6839,46.4983,112.9701
211.5999,228.6839,46.4983,112.9701
214.0548,230.5251,46.4983,112.9701
216.6057,233.4768,45.0789,109.5217
220.7783,234.0729,45.0789,109.5217
224.9508,234.0729,45.0789,109.5217
231.5077,234.0729,45.0789,109.5217
235.7722,233.9562,43.7028,106.1785
239.8980,236.1533,42.3688,102.9374
242.0151,235.0672,43.7229,106.2272
251.6929,230.4873,45.1203,109.6223
259.4419,229.2951,45.1203,109.6223
262.8934,229.3316,46.5623,113.1258
266.6825,231.6739,45.1410,109.6726
269.0668,233.4621,45.1410,109.6726
274.5244,234.5399,43.7631,106.3248
277.4166,235.6968,43.7631,106.3248
279.0309,234.5762,45.1617,109.7229
276.0506,235.1723,45.1617,109.7229
272.4741,236.3644,45.1617,109.7229
271.2819,236.9605,45.1617,109.7229
2
0
0
0
0
1
364.4558,227.6187,46.4318,80.3706
370.3853,227.6187,46.4318,80.3706
372.6080,226.3344,47.9158,82.9392
378.9796,225.5188,49.4472,85.5900
381.3541,225.7334,51.0275,88.3254
380.2678,217.5863,51.0275,88.3254
376.1936,213.4592,52.6584,91.1483
371.4266,211.4419,54.3413,94.0614
366.7991,212.5988,54.3413,94.0614
361.0148,213.7556,54.3413,94.0614
2
0
0
0
0
1
411.7239,214.2808,36.5762,116.2984
407.6612,213.7004,36.5762,116.2984
405.9200,213.7004,36.5762,116.2984
402.4377,214.2808,36.5762,116.2984
401.2547,216.0558,35.4597,112.7484
396.1900,203.6754,35.4597,112.7484
393.3763,196.9225,35.4597,112.7484
389.9959,191.1815,36.5929,116.3518
385.3528,189.4404,36.5929,116.3518
381.8661,187.5811,37.7625,120.0704
378.2424,188.8137,36.6097,116.4052
373.5600,188.2609,35.4922,112.8519
371.3012,187.6962,35.4922,112.8519
367.9130,187.6962,35.4922,112.8519
365.0894,187.6962,35.4922,112.8519
362.8076,189.4186,34.4088,109.4071
360.0723,186.1363,34.4088,109.4071
358.4311,186.1363,34.4088,109.4071
357.8622,187.2590,33.3585,106.0674
355.1949,188.8779,32.3402,102.8296
354.1674,188.8779,32.3402,102.8296
353.1369,186.2072,33.3738,106.1161
352.0580,186.2386,32.3550,102.8769
352.5717,182.1288,32.3550,102.8769
351.0306,179.5602,32.3550,102.8769
348.9757,179.5602,32.3550,102.8769
348.4619,179.0465,32.3550,102.8769
347.9449,177.4025,33.3891,106.1648
347.4135,176.8711,33.3891,106.1648
347.9449,175.2770,33.3891,106.1648
348.4545,176.3660,32.3699,102.9241
347.9408,176.3660,32.3699,102.9241
347.9211,178.4506,31.3818,99.7823
347.9211,178.4506,31.3818,99.7823
347.9020,180.4716,30.4239,96.7364
346.4370,182.4304,29.4952,93.7835
344.5625,182.8990,29.4952,93.7835
342.2193,183.8363,29.4952,93.7835
341.2821,184.7735,29.4952,93.7835
339.4076,185.2422,29.4952,93.7835
338.0017,185.7108,29.4952,93.7835
338.4703,186.6481,29.4952,93.7835
338.4518,188.5481,28.5948,90.9207
337.9785,190.8456,27.7219,88.1453
336.6550,191.2867,27.7219,88.1453
334.8903,192.1691,27.7219,88.1453
335.3134,193.9556,26.8757,85.4547
335.2961,196.1148,26.0553,82.8462
335.7098,196.5285,26.0553,82.8462
334.4687,196.9422,26.0553,82.8462
334.4526,199.8616,25.2600,80.3172
333.2467,201.8714,25.2600,80.3172
333.6323,204.3031,24.4889,77.8655
332.4676,206.6325,24.4889,77.8655
328.9734,207.4090,24.4889,77.8655
325.8644,206.1647,25.2716,80.3541
324.2404,205.7833,24.5002,77.9013
323.0757,203.8421,24.5002,77.9013
321.9109,199.9597,24.5002,77.9013
321.1345,194.9127,24.5002,77.9013
321.1345,194.1362,24.5002,77.9013
320.3547,193.2796,25.2832,80.3910
319.9507,192.7989,26.0912,82.9603
318.2958,194.0400,26.0912,82.9603
317.4651,196.8516,26.9251,85.6117
316.1800,197.6208,27.7856,88.3479
314.8536,196.6501,28.6737,91.1715
313.4856,195.1932,29.5901,94.0853
312.5444,194.7226,29.5901,94.0853
310.6621,193.7815,29.5901,94.0853
308.3069,192.7486,30.5358,97.0923
303.4637,194.6858,30.5358,97.0923
301.5228,194.5872,31.5117,100.1953
301.5228,194.5872,31.5117,100.1953
299.5193,194.4861,32.5188,103.3976
296.4212,186.6456,33.5581,106.7022
293.7516,185.4738,34.6306,110.1124
291.5453,183.1632,35.7374,113.6316
291.5453,181.4574,35.7374,113.6316
290.4055,179.6415,36.8796,117.2632
290.9684,178.4999,35.7538,113.6837
290.9684,179.6371,35.7538,113.6837
291.5370,180.2058,35.7538,113.6837
292.1030,180.0950,36.8965,117.3171
292.6859,179.3928,38.0757,121.0665
293.2898,180.6007,38.0757,121.0665
294.4977,181.2046,38.0757,121.0665
294.4931,179.2699,39.2926,124.9358
295.7402,178.6464,39.2926,124.9358
295.7358,176.6499,40.5484,128.9288
295.0879,173.9445,41.8444,133.0493
294.4192,171.1537,43.1817,137.3016
293.7292,168.2734,44.5618,141.6897
293.0171,164.5935,45.9860,146.2181
293.7449,161.5255,47.4557,150.8913
297.5096,157.7608,47.4557,150.8913
299.7631,153.0908,48.9724,155.7137
301.3158,149.8240,50.5375,160.6904
302.9197,149.0221,50.5375,160.6904
303.7160,147.2562,52.1527,165.8260
303.7120,146.2651,53.8195,171.1258
303.7069,144.3854,55.5396,176.5950
306.3540,144.3854,55.5396,176.5950
308.1187,144.3854,55.5396,176.5950
309.0010,143.5031,55.5396,176.5950
308.9958,139.7987,57.3146,182.2390
310.8155,137.0693,57.3146,182.2390
311.7192,135.0670,59.1464,188.0633
317.3180,136.0589,57.3410,182.3226
321.8768,136.9706,57.3410,182.3226
322.7841,135.8806,59.1736,188.1497
325.6017,138.6983,59.1736,188.1497
327.4801,141.5159,59.1736,188.1497
328.4193,143.3944,59.1736,188.1497
329.3586,143.3944,59.1736,188.1497
332.1762,142.4552,59.1736,188.1497
331.2306,140.3877,61.0648,194.1629
332.2012,140.3877,61.0648,194.1629
330.2548,138.2556,63.0164,200.3684
329.2528,136.2517,63.0164,200.3684
330.2548,136.2517,63.0164,200.3684
331.2567,135.2497,63.0164,200.3684
337.2284,138.3079,61.0928,194.2521
337.2284,140.2491,61.0928,194.2521
337.2284,140.2491,61.0928,194.2521
339.1695,141.2196,61.0928,194.2521
345.9255,144.1844,59.2279,188.3225
344.9790,136.4692,61.1208,194.3413
344.9790,129.6750,61.1208,194.3413
349.7943,133.6118,59.2551,188.4089
349.7885,129.6599,61.1489,194.4305
351.7297,130.6304,61.1489,194.4305
353.6709,133.5422,61.1489,194.4305
360.4277,140.3921,59.2823,188.4954
362.3101,138.5097,59.2823,188.4954
366.9796,146.0925,57.4727,182.7416
366.9749,144.9998,59.3095,188.5820
366.9703,142.9294,61.2051,194.6091
2
0
0
0
0
1
325.6717,168.3812,39.5520,78.5956
327.5070,168.3812,39.5520,78.5956
328.4246,168.3812,39.5520,78.5956
328.4246,168.8400,39.5520,78.5956
328.4246,169.2988,39.5520,78.5956
328.4246,169.2988,39.5520,78.5956
328.5695,170.4984,38.3446,76.1964
328.5695,171.8337,38.3446,76.1964
329.0146,175.8396,38.3446,76.1964
328.2645,177.8927,37.1742,73.8705
329.5586,179.6182,37.1742,73.8705
328.5332,180.5946,38.3622,76.2314
328.5332,182.8201,38.3622,76.2314
329.4234,185.9358,38.3622,76.2314
330.3136,189.0515,38.3622,76.2314
330.5908,191.3941,39.5883,78.6678
334.8656,194.4301,38.3799,76.2664
336.0327,201.6682,39.6065,78.7039
336.7762,205.4576,40.8723,81.2193
339.9192,208.4303,42.1786,83.8150
344.3309,214.8028,42.1786,83.8150
347.7623,215.2930,42.1786,83.8150
347.0883,213.4635,43.5266,86.4938
347.4006,211.5774,44.9177,89.2581
347.9221,213.1421,44.9177,89.2581
345.4783,217.1122,43.5466,86.5335
340.5782,218.4330,42.2173,83.8920
339.2618,219.7134,40.9286,81.3312
339.2618,220.6624,40.9286,81.3312
339.2618,222.0859,40.9286,81.3312
339.2618,223.0350,40.9286,81.3312
339.2618,223.9840,40.9286,81.3312
339.2618,224.9330,40.9286,81.3312
339.2618,225.4075,40.9286,81.3312
338.7873,224.4585,40.9286,81.3312
338.7873,224.4585,40.9286,81.3312
339.7363,223.5095,40.9286,81.3312
339.7363,223.5095,40.9286,81.3312
341.7845,222.8528,39.6793,78.8485
343.3117,222.2131,38.4680,76.4416
345.9940,222.2131,38.4680,76.4416
346.8882,221.3189,38.4680,76.4416
348.3694,220.6974,37.2938,74.1082
349.6694,219.8307,37.2938,74.1082
350.1027,219.8307,37.2938,74.1082
350.1027,219.3974,37.2938,74.1082
349.6694,218.9641,37.2938,74.1082
349.6694,218.5307,37.2938,74.1082
349.2361,217.6641,37.2938,74.1082
349.3719,218.3618,36.1554,71.8461
348.1131,218.3618,36.1554,71.8461
347.4061,218.1996,35.0517,69.6529
347.5352,219.2626,33.9818,67.5268
346.7470,218.8685,33.9818,67.5268
346.3528,219.2626,33.9818,67.5268
345.4157,217.3953,35.0678,69.6849
345.0098,216.9895,35.0678,69.6849
344.6039,216.5836,35.0678,69.6849
345.0098,217.3953,35.0678,69.6849
343.5156,222.1119,33.9974,67.5578
343.3665,218.6676,35.0839,69.7169
344.3098,218.9160,34.0130,67.5888
344.4348,219.1593,32.9747,65.5256
343.6701,219.9240,32.9747,65.5256
341.7583,219.5417,32.9747,65.5256
340.8490,217.3475,34.0286,67.6198
340.9743,218.3796,32.9899,65.5557
341.3567,217.6149,32.9899,65.5557
340.9743,217.6149,32.9899,65.5557
340.2096,216.4678,32.9899,65.5557
340.0648,213.8908,34.0442,67.6508
341.7667,220.8351,33.0050,65.5858
342.1491,224.6586,33.0050,65.5858
344.5646,224.8949,31.9975,63.5838
344.5646,223.4126,31.9975,63.5838
344.9352,221.9302,31.9975,63.5838
345.3058,220.4479,31.9975,63.5838
344.3118,219.5654,31.0208,61.6428
340.7235,217.4124,31.0208,61.6428
340.1205,213.3298,30.0739,59.7612
339.8815,199.9321,29.1558,57.9369
336.2794,197.7810,28.2659,56.1684
333.6598,195.8163,28.2659,56.1684
329.1795,195.6913,27.4030,54.4538
323.9769,199.9034,28.2788,56.1942
