1
526.2000,73.9000,583.8000,73.9000,583.8000,111.1000,526.2000,111.1000
523.2000,75.8000,580.8000,75.8000,580.8000,114.2000,523.2000,114.2000
519.1000,77.8000,577.9000,77.8000,577.9000,116.2000,519.1000,116.2000
511.9000,79.8000,573.1000,79.8000,573.1000,118.2000,511.9000,118.2000
503.7000,82.2000,567.3000,82.2000,567.3000,115.8000,503.7000,115.8000
496.4000,82.8000,563.6000,82.8000,563.6000,121.2000,496.4000,121.2000
494.2000,84.7000,563.8000,84.7000,563.8000,124.3000,494.2000,124.3000
490.2000,87.7000,559.8000,87.7000,559.8000,127.3000,490.2000,127.3000
484.0000,87.8000,556.0000,87.8000,556.0000,126.2000,484.0000,126.2000
477.9000,88.8000,551.1000,88.8000,551.1000,127.2000,477.9000,127.2000
473.8000,87.5000,548.2000,87.5000,548.2000,129.5000,473.8000,129.5000
468.7000,89.5000,544.3000,89.5000,544.3000,131.5000,468.7000,131.5000
463.8000,89.3000,538.2000,89.3000,538.2000,133.7000,463.8000,133.7000
464.2000,93.5000,533.8000,93.5000,533.8000,135.5000,464.2000,135.5000
459.1000,95.5000,529.9000,95.5000,529.9000,137.5000,459.1000,137.5000
454.8000,94.2000,529.2000,94.2000,529.2000,139.8000,454.8000,139.8000
449.8000,98.4000,524.2000,98.4000,524.2000,141.6000,449.8000,141.6000
445.9000,100.4000,519.1000,100.4000,519.1000,143.6000,445.9000,143.6000
441.7000,104.5000,517.3000,104.5000,517.3000,146.5000,441.7000,146.5000
440.8000,104.2000,515.2000,104.2000,515.2000,149.8000,440.8000,149.8000
433.5000,108.4000,511.5000,108.4000,511.5000,151.6000,433.5000,151.6000
429.4000,109.1000,508.6000,109.1000,508.6000,155.9000,429.4000,155.9000
426.3000,110.8000,506.7000,110.8000,506.7000,161.2000,426.3000,161.2000
421.9000,112.9000,507.1000,112.9000,507.1000,162.1000,421.9000,162.1000
418.7000,114.7000,506.3000,114.7000,506.3000,166.3000,418.7000,166.3000
420.8000,117.4000,507.2000,117.4000,507.2000,172.6000,420.8000,172.6000
414.7000,125.0000,502.3000,125.0000,502.3000,173.0000,414.7000,173.0000
412.5000,127.0000,502.5000,127.0000,502.5000,175.0000,412.5000,175.0000
413.6000,126.6000,502.4000,126.6000,502.4000,179.4000,413.6000,179.4000
412.5000,125.0000,502.5000,125.0000,502.5000,185.0000,412.5000,185.0000
411.2000,133.5000,504.8000,133.5000,504.8000,187.5000,411.2000,187.5000
407.7000,136.6000,507.3000,136.6000,507.3000,189.4000,407.7000,189.4000
405.7000,138.5000,505.3000,138.5000,505.3000,192.5000,405.7000,192.5000
405.5000,136.0000,507.5000,136.0000,507.5000,196.0000,405.5000,196.0000
406.2000,139.0000,511.8000,139.0000,511.8000,199.0000,406.2000,199.0000
404.1000,141.9000,510.9000,141.9000,510.9000,203.1000,404.1000,203.1000
403.0000,148.0000,511.0000,148.0000,511.0000,208.0000,403.0000,208.0000
404.3000,152.2000,508.7000,152.2000,508.7000,209.8000,404.3000,209.8000
405.8000,153.1000,516.2000,153.1000,516.2000,211.9000,405.8000,211.9000
407.0000,153.8000,515.0000,153.8000,515.0000,216.2000,407.0000,216.2000
406.1000,157.7000,512.9000,157.7000,512.9000,221.3000,406.1000,221.3000
404.9000,161.7000,514.1000,161.7000,514.1000,225.3000,404.9000,225.3000
402.6000,166.7000,515.4000,166.7000,515.4000,230.3000,402.6000,230.3000
403.5000,171.8000,517.5000,171.8000,517.5000,234.2000,403.5000,234.2000
407.6000,174.7000,520.4000,174.7000,520.4000,238.3000,407.6000,238.3000
410.7000,179.5000,522.3000,179.5000,522.3000,245.5000,410.7000,245.5000
409.1000,181.5000,527.9000,181.5000,527.9000,247.5000,409.1000,247.5000
409.0000,186.4000,529.0000,186.4000,529.0000,253.6000,409.0000,253.6000
404.9000,187.2000,526.1000,187.2000,526.1000,256.8000,404.9000,256.8000
408.8000,194.0000,531.2000,194.0000,531.2000,266.0000,408.8000,266.0000
411.6000,193.0000,536.4000,193.0000,536.4000,265.0000,411.6000,265.0000
406.4000,197.6000,533.6000,197.6000,533.6000,274.4000,406.4000,274.4000
402.4000,203.9000,529.6000,203.9000,529.6000,277.1000,402.4000,277.1000
403.8000,209.0000,526.2000,209.0000,526.2000,281.0000,403.8000,281.0000
397.6000,213.0000,522.4000,213.0000,522.4000,285.0000,397.6000,285.0000
386.7000,216.2000,522.3000,216.2000,522.3000,285.8000,386.7000,285.8000
388.3000,219.1000,516.7000,219.1000,516.7000,289.9000,388.3000,289.9000
381.2000,223.0000,510.8000,223.0000,510.8000,295.0000,381.2000,295.0000
380.1000,225.9000,510.9000,225.9000,510.9000,299.1000,380.1000,299.1000
375.3000,230.0000,503.7000,230.0000,503.7000,302.0000,375.3000,302.0000
372.2000,231.9000,501.8000,231.9000,501.8000,305.1000,372.2000,305.1000
365.8000,233.9000,500.2000,233.9000,500.2000,307.1000,365.8000,307.1000
357.5000,236.0000,495.5000,236.0000,495.5000,308.0000,357.5000,308.0000
359.6000,237.7000,496.4000,237.7000,496.4000,313.3000,359.6000,313.3000
355.5000,240.8000,493.5000,240.8000,493.5000,315.2000,355.5000,315.2000
351.5000,243.9000,489.5000,243.9000,489.5000,317.1000,351.5000,317.1000
347.5000,246.0000,485.5000,246.0000,485.5000,318.0000,347.5000,318.0000
346.3000,248.0000,486.7000,248.0000,486.7000,320.0000,346.3000,320.0000
343.0000,249.0000,487.0000,249.0000,487.0000,321.0000,343.0000,321.0000
336.8000,248.1000,483.2000,248.1000,483.2000,318.9000,336.8000,318.9000
335.9000,249.1000,481.1000,249.1000,481.1000,319.9000,335.9000,319.9000
332.0000,249.0000,476.0000,249.0000,476.0000,321.0000,332.0000,321.0000
325.9000,250.0000,471.1000,250.0000,471.1000,322.0000,325.9000,322.0000
320.7000,247.8000,468.3000,247.8000,468.3000,322.2000,320.7000,322.2000
316.7000,247.7000,464.3000,247.7000,464.3000,323.3000,316.7000,323.3000
312.7000,245.5000,460.3000,245.5000,460.3000,323.5000,312.7000,323.5000
303.8000,246.6000,450.2000,246.6000,450.2000,323.4000,303.8000,323.4000
295.8000,242.4000,442.2000,242.4000,442.2000,321.6000,295.8000,321.6000
294.0000,244.6000,438.0000,244.6000,438.0000,321.4000,294.0000,321.4000
286.3000,244.8000,426.7000,244.8000,426.7000,319.2000,286.3000,319.2000
284.1000,243.7000,426.9000,243.7000,426.9000,319.3000,284.1000,319.3000
279.2000,242.8000,420.8000,242.8000,420.8000,317.2000,279.2000,317.2000
274.4000,241.8000,413.6000,241.8000,413.6000,316.2000,274.4000,316.2000
270.0000,240.9000,402.0000,240.9000,402.0000,314.1000,270.0000,314.1000
269.3000,242.1000,397.7000,242.1000,397.7000,312.9000,269.3000,312.9000
266.1000,240.1000,396.9000,240.1000,396.9000,310.9000,266.1000,310.9000
259.2000,239.1000,388.8000,239.1000,388.8000,309.9000,259.2000,309.9000
253.3000,238.0000,381.7000,238.0000,381.7000,310.0000,253.3000,310.0000
253.6000,237.3000,378.4000,237.3000,378.4000,305.7000,253.6000,305.7000
250.9000,236.0000,372.1000,236.0000,372.1000,296.0000,250.9000,296.0000
248.2000,236.1000,365.8000,236.1000,365.8000,294.9000,248.2000,294.9000
246.2000,234.1000,363.8000,234.1000,363.8000,292.9000,246.2000,292.9000
243.6000,232.2000,356.4000,232.2000,356.4000,289.8000,243.6000,289.8000
241.7000,232.4000,353.3000,232.4000,353.3000,287.6000,241.7000,287.6000
240.9000,229.3000,350.1000,229.3000,350.1000,285.7000,240.9000,285.7000
241.3000,227.4000,345.7000,227.4000,345.7000,282.6000,241.3000,282.6000
238.1000,227.7000,344.9000,227.7000,344.9000,279.3000,238.1000,279.3000
237.2000,224.7000,342.8000,224.7000,342.8000,276.3000,237.2000,276.3000
236.5000,222.6000,338.5000,222.6000,338.5000,275.4000,236.5000,275.4000
238.9000,221.6000,336.1000,221.6000,336.1000,274.4000,238.9000,274.4000
239.0000,222.8000,335.0000,222.8000,335.0000,273.2000,239.0000,273.2000
240.1000,222.9000,334.9000,222.9000,334.9000,272.1000,240.1000,272.1000
243.5000,222.1000,333.5000,222.1000,333.5000,268.9000,243.5000,268.9000
247.8000,222.1000,334.2000,222.1000,334.2000,268.9000,247.8000,268.9000
250.9000,214.9000,336.1000,214.9000,336.1000,264.1000,250.9000,264.1000
254.1000,211.9000,336.9000,211.9000,336.9000,261.1000,254.1000,261.1000
256.3000,210.1000,336.7000,210.1000,336.7000,256.9000,256.3000,256.9000
260.8000,208.0000,335.2000,208.0000,335.2000,256.0000,260.8000,256.0000
263.9000,207.1000,337.1000,207.1000,337.1000,253.9000,263.9000,253.9000
271.0000,205.4000,343.0000,205.4000,343.0000,248.6000,271.0000,248.6000
273.0000,203.2000,345.0000,203.2000,345.0000,248.8000,273.0000,248.8000
279.5000,203.5000,345.5000,203.5000,345.5000,245.5000,279.5000,245.5000
283.8000,201.7000,346.2000,201.7000,346.2000,241.3000,283.8000,241.3000
286.8000,199.8000,349.2000,199.8000,349.2000,238.2000,286.8000,238.2000
290.9000,197.9000,352.1000,197.9000,352.1000,235.1000,290.9000,235.1000
294.1000,196.9000,352.9000,196.9000,352.9000,234.1000,294.1000,234.1000
297.1000,196.1000,355.9000,196.1000,355.9000,230.9000,297.1000,230.9000
301.4000,194.0000,356.6000,194.0000,356.6000,230.0000,301.4000,230.0000
305.6000,193.1000,358.4000,193.1000,358.4000,227.9000,305.6000,227.9000
309.6000,192.0000,362.4000,192.0000,362.4000,228.0000,309.6000,228.0000
314.9000,191.1000,364.1000,191.1000,364.1000,225.9000,314.9000,225.9000
318.0000,190.2000,366.0000,190.2000,366.0000,223.8000,318.0000,223.8000
321.0000,188.1000,369.0000,188.1000,369.0000,222.9000,321.0000,222.9000
323.6000,188.4000,376.4000,188.4000,376.4000,219.6000,323.6000,219.6000
326.9000,187.4000,376.1000,187.4000,376.1000,218.6000,326.9000,218.6000
330.0000,185.3000,378.0000,185.3000,378.0000,217.7000,330.0000,217.7000
332.1000,183.4000,378.9000,183.4000,378.9000,214.6000,332.1000,214.6000
334.2000,183.5000,379.8000,183.5000,379.8000,213.5000,334.2000,213.5000
336.2000,182.5000,381.8000,182.5000,381.8000,212.5000,336.2000,212.5000
338.3000,181.6000,382.7000,181.6000,382.7000,210.4000,338.3000,210.4000
340.4000,180.4000,383.6000,180.4000,383.6000,211.6000,340.4000,211.6000
342.4000,180.6000,385.6000,180.6000,385.6000,209.4000,342.4000,209.4000
343.0000,180.6000,391.0000,180.6000,391.0000,209.4000,343.0000,209.4000
345.4000,179.7000,388.6000,179.7000,388.6000,207.3000,345.4000,207.3000
346.1000,178.6000,392.9000,178.6000,392.9000,207.4000,346.1000,207.4000
348.2000,178.7000,393.8000,178.7000,393.8000,206.3000,348.2000,206.3000
349.5000,177.6000,391.5000,177.6000,391.5000,206.4000,349.5000,206.4000
352.6000,178.8000,393.4000,178.8000,393.4000,205.2000,352.6000,205.2000
355.4000,177.7000,398.6000,177.7000,398.6000,205.3000,355.4000,205.3000
356.5000,174.4000,398.5000,174.4000,398.5000,205.6000,356.5000,205.6000
357.7000,174.3000,397.3000,174.3000,397.3000,206.7000,357.7000,206.7000
359.4000,175.3000,402.6000,175.3000,402.6000,207.7000,359.4000,207.7000
361.8000,175.2000,400.2000,175.2000,400.2000,208.8000,361.8000,208.8000
363.9000,172.2000,401.1000,172.2000,401.1000,205.8000,363.9000,205.8000
364.8000,173.1000,403.2000,173.1000,403.2000,207.9000,364.8000,207.9000
364.9000,173.5000,402.1000,173.5000,402.1000,203.5000,364.9000,203.5000
365.8000,174.5000,404.2000,174.5000,404.2000,204.5000,365.8000,204.5000
365.8000,174.9000,404.2000,174.9000,404.2000,200.1000,365.8000,200.1000
364.8000,174.9000,403.2000,174.9000,403.2000,200.1000,364.8000,200.1000
361.2000,173.9000,406.8000,173.9000,406.8000,199.1000,361.2000,199.1000
361.3000,171.9000,405.7000,171.9000,405.7000,197.1000,361.3000,197.1000
363.7000,171.9000,403.3000,171.9000,403.3000,197.1000,363.7000,197.1000
363.8000,169.8000,402.2000,169.8000,402.2000,196.2000,363.8000,196.2000
362.8000,167.8000,401.2000,167.8000,401.2000,194.2000,362.8000,194.2000
361.9000,166.9000,399.1000,166.9000,399.1000,192.1000,361.9000,192.1000
