1.0098
0.094598
0.030123
0.025035
0.024677
0.024731
0.023921
0.023643
0.024035
0.023416
0.023188
0.027758
0.026837
0.026499
0.026604
0.025777
0.025451
0.025835
0.025189
0.024818
0.024884
0.024376
0.023986
0.02397
0.02755
0.026839
0.026575
0.026227
0.025086
0.024449
0.024056
0.026097
0.025797
0.025384
0.024316
0.025067
0.024775
0.023985
0.023635
0.024119
0.023419
0.022978
0.022996
0.022174
0.021969
0.022039
0.021773
0.021982
0.021679
0.022142
0.022147
0.021781
0.021453
0.021499
0.021045
0.020391
0.02029
0.020354
0.019553
0.019647
0.019725
0.019355
0.019189
0.019354
0.018911
0.018804
0.019078
0.018861
0.01904
0.019521
0.019519
0.020186
0.020536
0.020993
0.020849
0.021286
0.020644
0.021481
0.021214
0.021686
0.021562
0.022157
0.021714
0.022166
0.021635
0.022054
0.021879
0.02175
0.021923
0.022489
0.021427
0.021439
0.021682
0.02224
0.021233
0.021104
0.021817
0.021448
0.021475
0.021386
0.021001
0.021028
0.021267
0.020706
0.020627
0.020949
0.020886
0.021309
0.021071
0.021016
0.021724
0.022504
0.022527
0.02263
0.023781
0.022951
0.023716
0.022992
0.023172
0.023495
0.024987
0.026388
0.024319
0.024699
0.025327
0.026138
0.026756
0.02657
0.025512
0.027653
0.02758
0.029148
0.023669
0.023281
0.023601
0.024035
0.023509
0.023518
0.025986
0.025741
0.025536
0.025378
0.025595
0.024772
0.024511
0.023872
0.024515
0.025192
0.022515
0.020437
0.019796
0.018771
0.017546
0.017879
0.017616
0.017139
0.017402
0.017531
0.017951
0.017397
0.018075
0.018492
0.018419
0.018861
0.018438
0.018378
0.018528
0.018498
0.018676
0.018943
0.018946
0.019106
0.018738
0.018866
0.019399
0.018997
0.018882
0.019076
0.018763
0.019314
0.01906
0.018925
0.019435
0.019108
0.018729
0.018471
0.018146
0.018289
0.018269
0.018659
0.018454
0.018277
0.018335
0.018286
0.018083
0.018252
