0.000164,0.000185,0.000154,0.000156,0.000163,0.000154,0.00017,0.000254,0.0002,0.000147,0.000157,0.000175,0.001051,0.000159,0.000321
3.401649,3.740515,3.306729,3.317428,3.553867,3.324282,3.679093,3.692566,3.405837,3.404803,3.554629,3.733943,4.826778,4.778921,4.521066
0.044391,0.056573,0.044729,0.044211,0.04412,0.044604,0.054579,0.055618,0.04382,0.055823,0.055726,0.056797,0.064023,0.058495,0.048441
0.044294,0.056696,0.045074,0.044384,0.04404,0.044651,0.058966,0.056045,0.043964,0.056036,0.056069,0.059691,0.056625,0.059499,0.06482599999999999
0.044429,0.056606,0.04516,0.04489,0.043987,0.044827,0.057454,0.05603,0.043838,0.055986,0.055814,0.117937,0.056272,0.099422,0.056949
0.044523,0.056711,0.046054,0.044939,0.043897,0.044473,0.057493,0.083994,0.044327,0.055983,0.057252,0.089156,0.056507,0.044806,0.090488
0.044149,0.057293,0.05562,0.04399,0.049199,0.044468,0.057395,0.05711,0.043929,0.056051,0.048464,0.079413,0.057897,0.046069,0.053413
0.049221,0.06002,0.057929,0.044978,0.056254,0.046081,0.057775,0.056759,0.043905,0.055859,0.045674,0.057105,0.055902,0.057023,0.05409
0.044461,0.05975,0.058144,0.04487,0.070951,0.044926,0.057319,0.08804099999999999,0.044526,0.05589,0.045593,0.056822,0.05749,0.053165,0.058894
0.045097,0.061,0.058315,0.044789,0.06015,0.045839,0.057115,0.060516,0.056858,0.055871,0.045137,0.059882,0.056576,0.076019,0.054167
0.045235,0.06183,0.058322,0.044662,0.056734,0.045396,0.060563,0.058861,0.055049,0.056285,0.055895,0.0569,0.056559,0.098367,0.053773
0.05957,0.062106,0.058471,0.04505,0.057717,0.046122,0.059604,0.056108,0.056526,0.056578,0.059662,0.056959,0.056599,0.098617,0.045718
0.06097,0.057991,0.058371,0.04494,0.059095,0.046274,0.059902,0.056084,0.059388,0.056603,0.056034,0.068228,0.05637,0.058092,0.051544
0.058263,0.057788,0.058397,0.050054,0.055121,0.060896,0.064607,0.056332,0.056529,0.056464,0.055971,0.057069,0.056266,0.057836,0.054021
0.058142,0.063598,0.057096,0.056485,0.057176,0.061622,0.057421,0.056591,0.0563,0.056427,0.055941,0.057351,0.056347,0.060248,0.063987
0.056569,0.058217,0.057475,0.056917,0.06648800000000001,0.060379,0.057224,0.057033,0.056691,0.058636,0.056273,0.057333,0.062873,0.053034,0.06725399999999999
0.056545,0.058846,0.056932,0.056646,0.057322,0.056501,0.057262,0.056566,0.056949,0.056853,0.057619,0.057337,0.055935,0.053517,0.067539
0.056144,0.05906,0.057337,0.055666,0.057064,0.05628,0.054354,0.056491,0.05654,0.056725,0.056151,0.066234,0.055874,0.05336,0.05432
0.05624,0.058591,0.057176,0.055951,0.057266,0.056429,0.045268,0.0562,0.058498,0.057116,0.05636,0.064622,0.05664,0.055262,0.054908
0.056108,0.057914,0.057953,0.059931,0.056173,0.056347,0.045792,0.056576,0.060038,0.057092,0.056597,0.057036,0.05667,0.053954,0.05867
0.057674,0.058006,0.059082,0.057598,0.056176,0.045198,0.045852,0.056446,0.056739,0.057182,0.056319,0.060658,0.070613,0.071535,0.060286
0.048786,0.058581,0.058102,0.056438,0.056171,0.057098,0.045619,0.056327,0.05713,0.056294,0.056687,0.05758,0.06857199999999999,0.113729,0.058621
0.044326,0.060718,0.056755,0.056131,0.056322,0.057382,0.048706,0.056709,0.057944,0.056379,0.056886,0.058945,0.08240400000000001,0.132623,0.057795
0.044416,0.057401,0.056727,0.056227,0.05625,0.056953,0.058092,0.05724,0.059616,0.056376,0.057278,0.057332,0.068316,0.097626,0.057932
0.044463,0.060542,0.056474,0.057461,0.056327,0.06549099999999999,0.056754,0.056385,0.060177,0.06813,0.05619,0.057432,0.061576,0.098272,0.059088
0.044313,0.054805,0.05741,0.057482,0.05647,0.045532,0.056364,0.056533,0.060805,0.056785,0.05633,0.057211,0.065856,0.09948799999999999,0.104823
0.047182,0.056039,0.057218,0.052144,0.056648,0.046619,0.056354,0.056395,0.060357,0.056501,0.056197,0.059055,0.05322,0.107051,0.0594
0.048371,0.056052,0.057014,0.057062,0.05632,0.058797,0.056541,0.05658,0.062861,0.056425,0.056443,0.057188,0.049007,0.088115,0.061201
0.054806,0.050387,0.04984,0.059025,0.056073,0.056796,0.05676,0.056093,0.05855,0.056026,0.056035,0.057041,0.057692,0.056309,0.06934
0.045194,0.050568,0.056174,0.058336,0.056101,0.056533,0.051479,0.05626,0.062058,0.056423,0.056229,0.057189,0.104491,0.056331,0.077488
0.045493,0.055353,0.055713,0.058775,0.0557,0.055776,0.056625,0.056225,0.060901,0.056528,0.055989,0.063808,0.056818,0.065659,0.060807
0.045849,0.056222,0.055975,0.058643,0.056717,0.056276,0.05634,0.062402,0.063128,0.056567,0.056513,0.057871,0.09129900000000001,0.12428,0.057877
0.057297,0.055967,0.055706,0.05651,0.06209,0.054997,0.056338,0.05594,0.063551,0.050383,0.056736,0.057846,0.063267,0.09181400000000001,0.050757
0.05772,0.056148,0.05645,0.056806,0.055819,0.045011,0.056203,0.056122,0.056961,0.050716,0.057295,0.057564,0.119119,0.113862,0.046765
0.057669,0.056286,0.053289,0.051254,0.056518,0.049564,0.0563,0.056055,0.053749,0.051267,0.05724,0.061168,0.086436,0.106447,0.04539
0.057126,0.056198,0.051639,0.056498,0.073771,0.047806,0.056211,0.056157,0.057376,0.057135,0.056386,0.063083,0.058102,0.07724399999999999,0.066659
0.057146,0.056028,0.05426,0.057333,0.056731,0.044317,0.056402,0.055956,0.057568,0.058726,0.056344,0.136542,0.066437,0.048668,0.09918
0.057398,0.05668,0.057328,0.057394,0.056806,0.056277,0.060438,0.056169,0.058778,0.057309,0.07587099999999999,0.173867,0.117112,0.062166,0.067687
0.057881,0.05669,0.056897,0.057002,0.05711,0.056662,0.059453,0.056893,0.057572,0.056528,0.056227,0.159484,0.058858,0.064966,0.054029
0.057445,0.050477,0.058512,0.057303,0.057039,0.053107,0.052862,0.073459,0.05623,0.056597,0.056354,0.141716,0.059976,0.058499,0.057152
0.050905,0.056138,0.056555,0.054082,0.064459,0.055908,0.053277,0.05689,0.055874,0.056708,0.0562,0.120682,0.058602,0.102203,0.056991
0.052053,0.055758,0.056481,0.051146,0.06133,0.056023,0.052024,0.056601,0.056139,0.058275,0.056535,0.117195,0.060432,0.124052,0.057238
0.057032,0.050628,0.05668,0.050723,0.06303499999999999,0.055888,NaN,0.056912,0.048691,0.052377,0.05608,0.115406,0.104863,0.106946,0.046996
0.056974,0.050266,0.057161,NaN,0.055798,0.055663,NaN,0.060994,0.051108,0.051631,0.056024,0.122062,0.072507,0.09544999999999999,0.041488
0.051266,NaN,0.056967,NaN,NaN,0.055767,NaN,0.060868,NaN,NaN,0.050811,0.107083,0.057196,0.052996,0.041686
0.051122,NaN,0.057221,NaN,NaN,0.056918,NaN,0.05567,NaN,NaN,0.050782,0.113062,0.057495,NaN,NaN
NaN,NaN,0.056622,NaN,NaN,0.055944,0.000144,0.05274,NaN,NaN,NaN,0.14992,0.084506,NaN,NaN
NaN,NaN,0.057278,0.000145,NaN,0.055623,3.426857,NaN,NaN,NaN,NaN,0.126886,0.099704,NaN,NaN
NaN,0.000154,0.056598,3.783767,0.000159,0.055571,0.045242,NaN,0.00016,0.000159,NaN,0.060165,0.056994,NaN,NaN
NaN,3.422815,0.051343,0.055614,3.42274,0.055758,0.045624,NaN,3.725861,3.803269,NaN,0.057867,0.057163,0.002103,0.00017
0.000141,0.04392,0.051611,0.055387,0.043989,0.055615,0.05893,NaN,0.055755,0.052044,0.000154,0.061619,0.057364,3.753129,4.02766
3.487017,0.043724,NaN,0.055478,0.044007,0.056499,0.060639,0.000126,0.06598,0.052239,3.780454,0.102763,0.058794,0.05683,0.064206
0.055779,0.043693,NaN,0.055449,0.043413,0.056819,0.060519,3.362944,0.055498,0.052619,0.05721,0.089298,0.056594,0.056922,0.053636
0.055699,0.043907,NaN,0.055397,0.046046,0.056662,0.060853,0.044178,0.05569,0.052757,0.058265,0.057485,0.057374,0.055833,0.047835
0.055764,0.044359,NaN,0.07428899999999999,0.05541,0.057172,0.05995,0.044544,0.055539,0.052325,0.057461,0.057543,0.058256,0.057399,0.057162
0.056004,0.044385,0.000149,0.055835,0.055124,0.057759,0.061185,0.044145,0.055947,0.052278,0.05057,0.057314,0.056977,0.067242,0.055086
0.055728,0.044479,3.383311,NaN,0.055305,0.05932,0.059988,0.056316,0.056273,0.054182,0.050485,0.091005,0.057475,0.064911,0.055251
0.055687,0.044748,0.044434,NaN,0.055337,0.058546,0.059508,0.061723,0.06909899999999999,0.051957,NaN,0.058297,0.07935399999999999,0.055561,0.054758
0.055635,0.044606,0.044711,NaN,0.055466,0.059972,0.056182,0.06205,0.055617,0.052142,NaN,0.065443,0.058249,NaN,0.081553
0.055781,0.044926,0.043764,NaN,0.056534,0.059376,0.056194,0.056713,0.055703,0.052681,NaN,0.057837,0.054557,NaN,0.056913
0.055775,0.044903,0.04367,0.000163,0.055934,0.06647,0.05642,0.047685,0.055729,0.052115,NaN,0.058164,0.059776,NaN,0.056316
0.05608,0.044912,0.044378,3.322355,0.055879,0.057606,0.06769500000000001,0.057602,0.057254,0.053343,0.00016,0.075144,0.058444,NaN,0.073784
0.055677,0.044985,0.043967,0.066497,0.055775,0.058667,0.060892,0.058066,0.058583,0.052477,3.515878,0.057857,0.06977700000000001,0.000266,0.09793300000000001
0.055749,0.047639,0.043541,0.04481,0.081327,0.057674,0.064586,0.05579,0.056195,0.07733,0.064164,0.054214,0.06851699999999999,3.97373,0.057514
0.055871,0.056364,0.043684,0.04746,0.056535,0.065911,0.051982,0.056316,0.055858,0.054518,0.055573,0.054492,0.064718,0.056289,0.045644
0.055814,0.0557,0.044427,0.044519,0.05563,0.058474,0.052166,0.056729,0.05834,0.05337,0.055553,NaN,0.058331,0.056584,0.045731
0.055797,0.055629,0.056211,0.047658,0.056121,0.07993599999999999,0.050767,0.056594,0.056046,0.054173,0.055843,NaN,NaN,0.054865,0.045208
0.055727,0.055653,0.055471,0.047541,0.055833,0.057258,0.042005,0.056695,0.056015,0.052936,0.056191,NaN,NaN,0.044532,0.056176
0.05671,0.055522,0.057792,0.04717,0.056221,0.078109,0.042651,0.059015,0.06472,0.052918,0.057026,NaN,NaN,0.044241,0.056148
0.055871,0.055098,0.058331,0.046746,0.055593,0.0645,0.04251,0.061305,0.056047,0.053168,0.056507,0.000168,NaN,0.049756,0.078857
0.056121,0.0539,0.058159,0.047193,0.055551,0.067651,0.04274,0.05679,0.055789,0.053015,0.0559,3.426481,0.000274,0.055959,0.060687
0.055905,0.058781,0.060971,0.046691,0.055069,0.063815,0.053247,0.057435,0.055674,0.051826,0.062257,0.044014,5.417672,0.057796,0.056254
0.055787,0.057483,0.056648,0.046722,0.054971,0.064569,0.055325,0.056751,0.055558,0.052216,0.060546,0.044091,0.056027,0.055649,0.056463
0.054785,0.056378,0.056203,0.046879,0.054893,0.064259,0.055101,0.056635,0.056205,0.052213,0.056297,0.044705,0.059972,0.091053,0.056186
0.05079,0.056516,0.05614,0.045735,0.054896,0.074768,0.054928,0.06487900000000001,0.055829,0.057264,0.058951,0.049496,0.057099,0.06422,0.057554
NaN,0.056419,0.055976,0.044335,0.055168,0.064467,0.054997,0.06607300000000001,0.055821,0.052297,0.056481,0.050731,0.070385,0.057265,0.056466
NaN,0.057304,0.055449,0.044326,0.055183,0.062018,0.054971,0.056902,0.055686,0.052369,0.056512,0.061436,0.056698,0.055962,0.07321900000000001
NaN,0.055673,0.055104,0.044156,0.04951,0.060739,0.054888,0.056719,0.055722,0.054387,0.053377,0.060895,0.058327,0.056533,0.072626
NaN,0.056002,0.056089,0.044446,0.049677,0.053645,0.054992,0.056788,0.055626,0.067859,0.05639,0.05434,0.064968,0.07102799999999999,0.056676
0.000144,0.055333,0.056721,0.044547,0.049563,0.051264,0.052313,0.05644,0.055913,0.053198,0.056304,0.054536,0.056669,0.073578,0.060885
3.384617,0.056551,0.060292,0.044375,NaN,0.050855,0.042421,0.045525,0.056201,0.054373,0.056415,NaN,0.05035,0.057929,0.056885
0.052272,0.056747,0.059958,0.044458,NaN,NaN,0.04216,0.060924,0.056211,0.05254,0.056482,NaN,0.052112,0.084137,0.057255
0.054646,0.057732,0.055423,0.044425,NaN,NaN,0.045726,0.058982,0.056048,0.052491,0.056669,NaN,0.051552,0.131021,0.058016
0.089652,0.056217,0.058461,0.04433,NaN,NaN,0.07974299999999999,0.056356,0.056148,0.053832,0.056479,NaN,0.050019,0.06603100000000001,0.057086
0.052513,0.056664,0.06058,0.053388,0.000146,NaN,0.065415,0.056652,0.055995,0.05254,0.057396,0.00014,0.050292,0.059441,0.057363
0.059852,0.057471,0.061295,0.055838,3.410456,0.000252,0.06008,0.05649,0.056212,0.052375,0.056214,3.387022,NaN,0.070185,0.066041
0.058016,0.056736,0.059498,0.052229,0.04458,3.568221,0.070453,0.056396,0.056481,0.053368,0.057149,0.060068,NaN,0.057636,0.057317
0.051785,0.056598,0.058809,0.052639,0.044728,0.044889,0.073065,0.056752,0.056828,0.052186,0.0564,0.057055,NaN,0.057093,0.057403
0.052871,0.056694,0.056934,0.05317,0.0563,0.044092,0.052953,0.056794,0.056648,0.052267,0.056201,0.05649,NaN,0.056001,0.057709
0.05261,0.051879,0.057029,0.056246,0.058943,0.044024,0.053753,0.056635,0.051054,0.052262,0.05308,0.05798,0.001497,0.07277,0.057647
0.051606,0.062131,0.059044,0.055725,0.058832,0.044802,0.05323,0.055553,0.052837,0.06547,0.055855,0.067578,4.998047,0.113076,0.05706
0.051569,0.054505,0.056965,0.055833,0.060247,0.051478,0.05332,0.044508,NaN,0.05147,0.055747,0.05917,0.088612,0.1095,0.057604
0.051381,0.053084,0.056132,0.055554,0.059864,0.043449,0.052777,0.058693,NaN,0.052096,0.055628,0.05793,0.07882699999999999,0.061571,0.057088
0.051484,0.05386,0.056533,0.05551,0.044671,0.050369,0.053247,0.060754,NaN,0.052232,0.061136,0.058322,0.055844,0.070745,0.061222
0.05349,0.052327,0.056554,0.05575,0.060287,0.043828,0.051997,0.055536,NaN,0.052399,0.05565,0.057665,0.05609,0.06465899999999999,0.057178
0.051761,0.053547,0.056059,0.05713,0.060266,0.043465,0.052211,0.054881,0.00025,0.05222,0.055461,0.057662,0.056377,0.079876,0.058161
0.053235,0.056782,0.057617,0.056796,0.057385,0.043757,0.051945,0.058814,4.012446,0.052248,0.055665,0.056608,0.057195,0.077969,0.056338
0.051605,0.05671,0.0558,0.056705,0.055756,0.055004,0.052557,0.054957,0.06948500000000001,0.052428,0.055658,0.056599,0.065038,0.068319,0.056778
0.051702,0.056609,0.055859,0.056938,0.055396,0.055251,0.049986,0.054418,0.103465,0.052392,0.055693,0.058716,0.079592,0.071621,0.059227
0.051647,0.057337,0.055856,0.057429,0.056288,0.055297,0.052358,0.054519,0.058121,0.052239,0.05567,0.068804,0.115494,0.059781,0.05681
0.051678,0.056649,0.055575,0.057582,0.051049,0.055469,0.067832,0.054129,0.056533,0.052207,0.055843,0.057247,NaN,0.061943,0.054378
0.051629,0.056974,0.041104,0.058594,0.051005,0.055466,0.053142,0.054327,0.054793,0.052261,0.05587,0.056795,NaN,0.114209,0.04503
0.051754,0.056626,0.050734,0.059321,NaN,0.049903,0.052431,0.057405,0.051924,0.052313,0.055908,0.05753,NaN,0.060536,0.045395
0.051972,0.056784,NaN,0.05849,NaN,0.050742,0.052518,0.057437,0.054708,0.052592,0.05599,0.057225,NaN,0.057695,0.045827
0.046985,0.056816,NaN,0.058577,NaN,NaN,0.052201,0.053657,NaN,0.052451,0.056199,0.057894,0.000138,0.057678,0.045675
NaN,0.057287,NaN,0.059052,NaN,NaN,0.05244,0.054249,NaN,0.06086,0.050716,0.057624,3.778128,0.052335,0.048697
NaN,0.056385,NaN,0.05868,0.000177,NaN,0.0526,0.053932,NaN,0.053037,NaN,0.054071,NaN,NaN,0.057324
NaN,0.056823,2.4e-05,0.057994,3.457387,NaN,0.052811,0.05666,NaN,0.05286,NaN,0.055353,NaN,NaN,0.057516
NaN,0.051071,3.446935,0.057147,0.056173,0.00016,0.052948,0.051454,0.000143,0.052906,NaN,0.055699,NaN,NaN,0.07645299999999999
0.000153,0.051726,NaN,0.056803,0.055513,3.386314,0.053215,NaN,3.778248,0.05286,NaN,0.0584,NaN,NaN,0.056474
3.23084,NaN,NaN,0.056981,0.050004,NaN,0.04812,NaN,NaN,0.052693,0.000285,0.050059,0.013052,0.006164,0.05647
NaN,NaN,NaN,0.055296,NaN,NaN,NaN,NaN,NaN,0.052577,3.289274,NaN,4.928098,4.921298,0.057219
NaN,NaN,NaN,0.0569,NaN,NaN,NaN,NaN,NaN,0.052158,NaN,NaN,NaN,NaN,0.051755
NaN,NaN,0.000142,0.058072,NaN,NaN,NaN,0.00016,NaN,0.053549,NaN,NaN,NaN,NaN,NaN
NaN,0.000139,3.275961,0.057986,NaN,0.000168,NaN,4.126889,0.000238,NaN,NaN,NaN,NaN,NaN,NaN
0.000162,3.466891,NaN,0.056787,0.00016,3.574675,0.000158,NaN,3.522809,NaN,NaN,0.000159,NaN,NaN,NaN
3.469193,NaN,NaN,0.05598,3.381876,0.05565,3.621022,NaN,0.046939,NaN,0.000141,3.686817,0.000308,0.000306,NaN
0.054671,NaN,NaN,0.055749,0.044586,0.056275,0.055891,NaN,0.046596,NaN,3.422647,0.075696,4.905726,4.676258,0.000164
0.055437,NaN,NaN,0.04508,0.045262,0.055421,0.055884,NaN,0.05568,0.000138,0.056756,0.087964,0.064606,0.056182,3.816941
0.055506,NaN,0.000142,0.045546,0.044315,0.055477,0.057771,0.000158,0.055947,3.666533,0.054844,0.056593,0.110891,0.055726,0.08513800000000001
0.055546,0.000143,3.558775,0.04581,0.044437,0.055609,0.056054,3.580462,0.055955,0.043614,0.059047,0.056103,0.112991,0.044384,0.093302
0.055533,3.760414,0.055473,0.045533,0.044473,0.055594,0.05893,0.055731,0.055861,0.043526,0.070565,0.055966,0.115785,0.044423,0.059522
0.054734,0.055096,0.066722,0.045443,0.048192,0.055424,0.059114,0.05538,0.055598,0.043407,0.059572,0.057324,0.122557,0.079578,0.055256
0.055453,0.055176,0.056047,0.045113,0.054955,0.050382,0.055875,0.055778,0.055936,0.052742,0.064211,0.05591,0.120249,0.057816,0.055361
0.053737,0.054984,0.055896,0.044693,0.044889,NaN,0.055873,0.055807,0.050666,0.045843,0.06558799999999999,0.057574,0.109988,0.059478,0.054754
0.039676,0.055315,0.055716,0.045615,0.044621,NaN,0.055731,0.055579,NaN,0.043615,0.061487,0.05575,0.115433,0.055602,0.053365
NaN,0.055397,0.055579,0.044631,0.040616,NaN,0.054015,0.055508,NaN,0.039826,0.056757,0.055866,0.107618,0.055919,0.06826599999999999
NaN,0.055859,0.05696,0.045158,NaN,NaN,NaN,0.049901,NaN,NaN,NaN,0.050093,0.057412,NaN,0.044649
NaN,0.05911,0.055735,0.057178,NaN,0.000147,NaN,NaN,NaN,NaN,NaN,NaN,0.052219,NaN,0.057816
NaN,0.055357,0.05727,0.056318,NaN,3.334412,NaN,NaN,0.000171,NaN,NaN,NaN,NaN,NaN,0.050666
0.000146,0.055261,0.055431,0.056319,NaN,0.044308,NaN,NaN,3.532207,NaN,NaN,NaN,NaN,NaN,NaN
3.660015,0.055369,0.049855,0.056448,0.00016,0.045803,0.000129,NaN,0.055933,0.000146,0.000154,NaN,NaN,0.000173,NaN
0.056515,0.049836,NaN,0.0563,3.582802,0.055619,3.514846,0.000148,0.055862,3.320468,3.839122,0.000129,NaN,3.745013,NaN
0.056172,NaN,NaN,0.057081,0.052379,0.047554,0.04722,3.809909,0.057018,0.044404,0.096334,3.92664,0.000161,0.044868,NaN
0.055838,NaN,NaN,0.063348,0.044246,0.044536,0.052849,0.055549,0.055956,0.044561,0.094844,0.116875,4.92511,0.04707,0.000239
0.050228,NaN,NaN,0.06135,0.043956,0.044259,0.053005,0.050278,0.055953,0.044727,0.093179,0.071743,0.056197,0.05628,4.247183
0.050167,NaN,0.000207,0.058389,0.044177,0.043689,0.07631400000000001,0.049932,0.055696,0.044704,0.052066,0.079439,0.057203,0.052421,0.102956
0.065099,0.000236,3.409201,0.05901,0.055711,0.040444,0.052753,0.050014,0.055798,0.054865,0.051878,0.058345,0.056237,0.050112,0.169967
NaN,3.311058,0.044637,0.059127,0.066275,0.040348,0.053219,NaN,0.055596,0.055923,0.051718,0.057823,0.055509,0.050171,0.092686
NaN,0.044075,0.044315,0.056761,0.056114,0.040802,0.047498,NaN,0.06965499999999999,0.044323,0.051803,0.064093,0.056912,NaN,0.052267
NaN,0.044329,0.044667,0.05616,0.056027,0.044462,0.052054,NaN,0.055651,0.039938,0.051869,0.062221,0.056367,NaN,0.052445
NaN,0.043845,0.044848,0.045232,0.056286,0.044246,0.052041,NaN,0.055671,0.044274,0.051773,0.050814,0.056296,NaN,0.052291
0.000125,0.043779,0.044682,0.045371,0.056071,0.043872,0.047078,0.000156,0.055648,0.057091,0.053138,0.051533,0.050596,NaN,0.052422
3.234041,0.044722,0.043832,0.045461,0.0552,0.044121,0.05202,3.43473,0.055741,0.057052,0.051973,0.050719,0.056088,0.000238,0.094233
0.044019,0.044546,0.043875,0.045404,0.055173,0.0408,0.052241,0.043871,0.055744,0.056716,0.052158,0.056462,0.055687,3.834393,0.091583
0.043962,0.044542,0.044775,0.047322,0.055047,0.040827,0.052018,0.043849,0.055698,0.060975,0.05301,0.056409,0.099748,0.045089,0.144526
0.043756,0.046779,0.044563,0.05181,0.049594,0.040049,0.052189,0.043737,0.055845,0.058025,0.052192,0.058301,0.08531900000000001,0.047555,0.108973
0.045031,0.055996,0.049612,0.045273,0.055141,0.043772,0.052174,0.043744,0.057301,0.07828400000000001,0.052541,0.056793,0.070074,0.094124,0.08448600000000001
0.072684,0.054884,0.055631,0.045046,0.055103,0.043889,0.052143,0.043767,0.055742,0.063306,0.052313,0.058375,0.056411,0.07715900000000001,0.053253
0.0587,0.044559,0.056186,0.047527,0.05519,0.044936,0.052118,0.04395,0.055983,0.058562,0.052069,0.069267,0.047704,0.056246,0.053045
0.068522,0.043916,0.056266,0.04544,0.055301,0.045183,0.052174,0.044548,0.055693,0.056949,0.052068,0.051607,0.056,0.065868,0.053512
0.05522,0.052321,0.057963,0.045187,0.055446,0.050377,0.052177,0.044441,0.055563,0.058037,0.053121,0.052129,0.057625,0.05678,0.053408
0.054051,0.055427,0.061463,0.04494,0.055531,0.050474,0.052188,0.0444,0.055497,0.059912,0.052047,0.051823,0.055688,0.095525,0.051867
0.046875,0.055391,0.056761,0.045105,0.055433,0.050806,0.052069,0.047896,0.055652,0.055819,0.052149,NaN,0.055881,0.045454,0.053067
0.05632,0.0551,0.056476,0.045086,0.059105,0.050299,0.052285,0.05199,0.056047,0.059777,0.05277,NaN,0.057083,0.045499,0.078973
0.055814,0.055355,0.045149,0.045299,0.052427,NaN,0.052197,0.057102,0.056229,0.056184,0.052072,NaN,0.057008,0.045183,0.09196
0.055904,0.052699,0.044711,0.045499,0.052705,NaN,0.052526,0.055339,0.055946,0.057319,0.052163,NaN,0.056594,0.08905200000000001,0.053274
0.050905,0.052003,0.044829,0.045629,0.055973,NaN,0.05325,0.055618,0.056056,0.077267,0.058665,0.000147,0.048011,0.07045899999999999,0.053433
0.050881,0.055665,0.045001,0.046121,0.056352,NaN,0.052558,0.053671,0.055692,0.054146,0.052281,3.463448,0.082138,0.056436,0.053997
0.050902,0.056477,0.044591,0.0531,0.056832,0.000147,0.052395,0.04963,0.055505,0.054167,0.052532,0.059798,0.051685,0.057,0.056306
0.050928,0.055782,0.04439,0.056811,0.051444,3.631931,0.052403,0.056413,0.055726,0.054297,0.052942,0.103349,0.056057,0.057446,0.076365
0.050522,0.056191,0.045017,0.059228,0.048044,0.067303,0.052369,0.056386,0.055829,0.059891,0.053227,0.075475,0.056219,0.0569,0.05309
NaN,0.05634,0.04482,0.057666,0.056803,0.055795,0.052602,0.056062,0.056259,0.055148,0.04848,0.061103,0.056603,0.059137,0.053376
NaN,0.055618,0.050688,0.056742,0.045828,0.056243,0.052382,0.056014,0.055996,0.052889,0.050737,0.073963,0.063856,0.052426,0.053351
NaN,0.044545,0.050488,0.054074,0.04477,0.055946,0.052363,0.056341,0.05624,0.05281,0.049214,0.059936,0.056463,0.046329,0.053572
NaN,0.044169,0.050452,0.05119,0.046594,0.055851,0.052312,0.056286,0.055948,0.053228,NaN,0.056246,0.05023,0.045949,0.053141
0.000163,0.046069,NaN,0.044933,0.045173,0.055863,0.052418,0.056227,0.055952,0.044585,NaN,0.057176,0.056159,0.056483,0.05287
3.334685,0.050516,NaN,0.044776,0.044265,0.055505,0.052266,0.049563,0.055956,0.043186,NaN,0.057165,0.057285,0.085675,0.083868
0.05488,0.044566,NaN,0.044439,0.044137,0.05571,0.052476,0.044172,0.055941,0.045376,NaN,0.05917,0.055841,0.055101,0.073131
0.043866,0.044362,NaN,0.044525,0.044266,0.055537,0.052591,0.044606,0.056534,0.043333,0.000165,0.06443699999999999,0.055962,0.059779,0.057488
0.043802,0.045058,0.000166,0.050647,0.044245,0.055821,0.053122,0.044583,0.056532,0.045646,3.584333,0.057307,0.056562,0.09983400000000001,0.060223
0.043871,0.055262,3.768601,0.058144,0.044248,0.055737,0.052673,0.045072,0.067385,0.058243,0.057138,0.057103,0.056569,0.06039,0.057032
0.043835,0.056185,0.056787,0.04526,0.045801,0.055759,0.053054,0.044678,0.056993,0.061029,0.054976,0.058853,0.056182,0.045721,0.052911
0.043904,0.05595,0.057347,0.046169,0.049584,0.055539,0.054667,0.04462,0.056121,0.057587,0.055878,0.057746,0.070812,0.050224,0.059686
0.044083,0.056252,0.07163,0.054678,0.044307,0.055708,0.053556,0.044675,0.056238,0.045199,0.056107,0.056612,0.058574,0.057132,0.058286
0.046,0.056441,0.068872,0.049581,0.044167,0.055835,0.053589,0.044758,0.055816,0.045315,0.055817,0.056045,0.057451,0.062162,0.054651
0.044391,0.056342,0.056684,0.05668,0.044137,0.055924,0.053724,0.056299,0.056006,0.053654,0.055892,0.058643,0.056332,0.103789,0.055311
0.058641,0.058677,0.056429,0.056568,0.044211,0.055674,0.054113,0.05661,0.055833,0.057563,0.055634,0.056412,0.05753,0.070345,0.05524
0.05686,0.059118,0.056628,0.04734,0.044149,0.055801,0.054421,0.056223,0.073837,0.056423,0.05583,0.057283,0.056932,0.106672,0.049902
0.056948,0.059277,0.056723,0.045035,0.053228,0.055731,0.055548,0.058603,0.056274,0.055368,0.069481,0.07158,0.051424,0.101994,0.063082
0.062126,0.059116,0.056624,0.044899,0.044735,0.055817,0.054749,0.058736,0.061477,0.045,0.055942,0.067963,0.044367,0.046046,0.053703
0.061341,0.056973,0.056676,0.044777,0.044411,0.055693,0.053279,0.059146,0.056256,0.045378,0.055694,0.056177,NaN,0.046052,0.054659
0.061347,0.059247,0.056209,0.044414,0.044372,0.055769,0.053138,0.057881,0.056072,0.057455,0.058278,0.06511500000000001,NaN,0.045693,0.09810099999999999
0.052866,0.060243,0.06310300000000001,0.044716,0.044661,0.055972,0.052698,0.058323,0.05655,0.058241,0.05582,0.060513,NaN,0.06829300000000001,0.07631300000000001
0.049067,0.060235,0.056627,0.044602,0.040914,0.055943,0.053679,0.074048,0.056149,0.058509,0.055998,0.058714,NaN,0.100379,0.052481
0.052609,0.060215,0.072628,0.044716,0.040812,0.060802,0.05333,0.047968,0.055985,0.05832,0.056165,0.05691,0.000269,0.126489,0.05759
0.062357,0.060688,0.056588,0.045653,0.041001,0.056814,0.048181,0.04612,0.055985,NaN,0.050277,0.056857,3.869691,0.106775,0.056736
0.061264,0.059863,0.056278,0.054159,0.040951,NaN,0.047653,0.057078,NaN,NaN,0.050057,0.056685,0.058876,0.07104199999999999,0.056617
0.060975,0.05955,0.056501,0.053363,NaN,NaN,0.049587,0.042365,NaN,NaN,NaN,0.057319,0.058508,NaN,0.05482
0.061012,0.057502,0.057581,0.05112,NaN,NaN,NaN,0.041144,NaN,NaN,NaN,0.057775,0.104937,NaN,0.055588
0.060828,NaN,0.05652,0.045273,NaN,NaN,NaN,NaN,NaN,0.000247,NaN,NaN,0.109944,NaN,0.055573
NaN,NaN,0.05658,0.04588,NaN,0.00016,NaN,NaN,0.000224,3.828123,NaN,NaN,0.057619,NaN,0.055693
NaN,NaN,0.056567,0.045957,0.00017,3.32568,NaN,NaN,3.692098,0.056261,0.000278,NaN,0.064999,0.000169,0.053971
NaN,NaN,0.05644,0.046112,3.324513,0.044612,0.000162,NaN,0.06439300000000001,0.055767,3.697355,NaN,0.061489,4.00438,0.054774
NaN,0.000634,0.056514,0.053096,0.045292,0.044531,3.384436,0.000161,0.056149,0.06413000000000001,0.054121,0.000158,0.060474,0.043505,0.052587
0.00015,3.548378,0.056565,0.061251,0.045932,0.04427,0.044298,3.527873,0.055996,0.057802,0.059987,4.053313,0.09721299999999999,0.043163,0.060184
3.660994,0.056255,0.056602,0.061974,0.04558,0.044275,0.044113,0.044221,0.06286700000000001,0.056707,0.05354,0.102841,0.09625599999999999,0.043187,0.057127
0.075514,0.056321,0.056468,0.058102,0.045495,0.044017,0.051567,0.043951,0.064608,0.05645,0.053662,0.099048,0.065959,0.085573,0.057158
0.072892,0.055769,0.056612,0.058034,0.060244,0.043806,0.057423,0.043853,0.058014,0.057086,0.053213,0.105989,0.059035,0.055506,0.071962
0.055755,0.055239,0.056773,0.05593,0.060894,0.043881,0.061233,0.043949,0.056698,0.05653,0.053451,0.085509,0.059059,0.053529,0.093779
0.05703,0.055185,0.056813,0.056374,0.061339,0.058058,0.060881,0.043863,0.056253,0.056677,0.053722,0.054392,0.058015,0.053298,0.09851
0.055827,0.055131,0.056671,0.057856,0.061052,0.057665,0.048118,0.043923,0.056191,0.056659,0.053364,0.057467,0.092476,0.054325,0.055855
0.055797,0.055044,0.05691,0.05751,0.061,0.060039,0.049894,0.043816,0.056639,0.05638,0.053793,0.088296,0.07106,0.059891,0.085782
0.055749,0.055363,0.05721,0.057682,0.061374,0.058333,0.060735,0.043914,0.056183,0.057688,0.053494,0.09951599999999999,0.08817,0.055098,0.076515
0.055631,0.055275,0.057048,0.057846,0.0594,0.05723,0.061045,0.046973,0.056147,0.057194,0.055138,0.066375,0.114275,0.046448,0.0547
0.05599,0.055415,0.05732,0.058417,0.059445,0.055888,0.060776,0.05588,0.056084,0.057341,0.053217,0.070511,0.06995700000000001,0.054272,0.055288
0.055597,0.055421,0.057141,0.058797,0.09157899999999999,0.05587,0.044849,0.055792,0.056238,0.057523,0.053713,0.098022,0.062172,0.058985,0.054234
0.055468,0.055688,0.05726,0.065815,0.065645,0.056403,0.047623,0.055836,0.05609,0.05829,0.053747,0.09989199999999999,0.060127,0.064359,0.053942
0.055552,0.07006900000000001,0.057043,0.068328,0.058769,0.056073,0.053764,0.055778,0.056096,0.057099,0.053493,0.135388,0.057329,0.090236,0.052894
0.05553,0.056047,0.057648,0.059627,0.05721,0.056141,0.057125,0.055906,0.05611,0.057735,0.053632,0.103769,0.057194,0.057376,0.05304
0.055567,0.055827,0.058134,0.058701,0.059186,0.056055,0.057423,0.055914,0.056059,0.056453,0.053652,0.108325,0.07011100000000001,0.057197,0.053002
0.05736,0.055718,0.057488,0.056927,0.055993,0.069759,0.05627,0.058336,0.055974,0.058271,0.053732,0.058544,0.09567199999999999,0.057977,0.059322
0.05539,0.055567,0.057441,0.057845,0.054954,0.062447,0.055912,0.055732,0.055926,0.057594,0.053419,0.057226,0.107254,0.057894,0.053327
0.055512,0.055765,0.057472,0.05764,0.054255,0.056116,0.054793,0.055883,0.055894,0.058065,0.061961,0.056089,0.07890900000000001,0.057541,0.071724
0.055565,0.055706,0.05763,0.057681,0.044084,0.056405,0.045673,0.055721,0.056047,0.058215,0.053547,0.056464,0.058947,0.048792,0.09889299999999999
0.056179,0.05633,0.057844,0.058177,0.044207,0.055691,0.045576,0.055827,0.055988,0.05951,0.053603,0.063871,0.056293,0.046098,0.07152500000000001
0.055853,0.055819,0.0571,0.058283,0.047599,0.055508,0.045104,0.050464,0.056055,0.058813,0.055512,0.05115,0.048983,0.046569,0.048349
0.055681,0.055867,0.056887,0.062809,0.052104,0.056419,0.045382,0.050581,0.050417,0.059965,0.053308,0.064765,0.057929,0.046474,0.048337
0.055562,0.055761,0.056779,0.047244,0.05133,0.056375,0.045374,0.050617,0.050488,0.060238,0.052989,0.056218,0.05947,0.057216,NaN
0.055681,0.056018,0.056931,0.046976,0.050831,0.055932,0.045559,NaN,NaN,0.060034,0.053208,0.056606,0.059531,0.05178,NaN
0.055677,0.062899,0.056816,0.046608,NaN,0.05661,0.046096,NaN,NaN,NaN,0.053974,NaN,0.066313,0.053354,NaN
0.07080699999999999,0.056931,0.056591,0.042685,NaN,0.055883,0.045877,NaN,NaN,NaN,0.053463,NaN,0.058741,0.051492,NaN
0.056623,0.056605,0.056592,NaN,NaN,0.055696,0.045381,NaN,NaN,NaN,0.056658,NaN,0.05832,NaN,0.00026
0.05604,0.058834,0.061374,NaN,NaN,0.051063,0.046149,0.000145,0.000164,NaN,0.053413,NaN,0.057352,NaN,3.774401
0.056077,0.05746,0.050697,NaN,0.000158,0.051402,0.045665,3.47096,3.714057,0.000141,0.053108,0.000291,0.057706,NaN,0.057039
0.055926,0.056616,0.046055,NaN,4.006791,NaN,0.054071,0.05701,0.077184,3.78901,0.052934,5.196487,0.058892,NaN,0.056976
0.050696,0.056728,0.048828,0.000141,0.044616,NaN,0.052894,0.06217,0.056086,0.056212,0.052142,0.057236,0.061266,0.000176,0.055999
0.050596,0.05653,0.057294,3.631986,0.044602,NaN,0.045426,0.056119,0.05631,0.055976,0.052092,0.056642,0.05676,3.92542,0.056811
0.056033,0.056139,0.057256,0.055773,0.044599,NaN,0.046371,0.056525,0.056055,0.055926,0.052115,0.056374,0.058153,0.109186,0.055963
0.056785,0.056294,0.057287,0.055876,0.045086,0.00014,0.04542,0.056379,0.055377,0.056033,0.044999,0.056724,0.060347,0.105364,0.066693
0.056284,0.056178,0.057559,0.055828,0.056425,3.473261,0.045266,0.056223,0.044152,0.056025,0.04568,0.056846,0.061624,0.09692199999999999,0.070131
0.055861,0.056199,0.057224,0.055953,0.056563,0.056476,0.044947,0.056365,0.043889,0.056104,0.045249,0.056353,0.060013,0.059765,0.045846
0.055983,0.056232,0.057451,0.05613,0.057027,0.056591,0.044799,0.065661,0.043983,0.05602,0.045449,0.058497,0.111789,0.05928,0.046519
0.05599,0.056085,0.057435,0.056375,0.057006,0.059012,0.045391,0.056998,0.043886,0.056105,0.045583,0.053867,0.102917,0.059996,0.047146
0.056061,0.056137,0.054854,0.056548,0.057006,0.053525,0.045713,0.056398,0.044085,0.05607,0.045409,0.056748,0.108882,0.059046,0.050138
0.056033,0.056193,0.057398,0.056752,0.061036,0.059531,0.053805,0.056699,0.044679,0.061966,0.046053,0.057973,0.113704,0.07306699999999999,0.062212
0.05721,0.056284,0.051941,0.058165,0.058201,0.05642,0.044693,0.056408,0.044417,0.056058,0.054045,0.056338,0.071494,0.078276,0.059897
0.080619,0.056597,0.047676,0.05624,0.059648,0.07623099999999999,0.044386,0.056461,0.044054,0.056039,0.059191,0.055985,0.057938,0.05728,0.055832
0.05987,0.056639,0.056835,0.064292,0.054067,0.056329,0.045296,0.053527,0.044158,0.055916,0.058782,0.065636,0.075557,0.057997,0.059908
0.068662,0.056718,0.056929,0.056388,0.056533,0.056499,0.049745,0.056819,0.044371,0.056093,0.058944,0.060756,0.064775,0.057748,0.063849
0.06440700000000001,0.056528,0.056759,0.055885,0.055889,0.056602,0.05907,0.056578,0.044139,0.056014,0.05524,0.07403999999999999,0.085218,0.057784,0.061434
0.06876400000000001,0.056581,0.050745,0.056228,0.054049,0.056521,0.044998,0.057031,0.044063,0.056255,0.049345,0.107477,0.052712,0.055432,0.060345
0.056451,0.055858,0.048154,0.058595,0.057336,0.056059,0.055239,0.056407,0.043927,0.056093,0.049505,0.100563,NaN,0.047314,0.059799
0.056176,0.056252,0.056412,0.056958,0.056416,0.0564,0.05687,0.057023,0.044203,0.056438,0.055731,0.06451800000000001,NaN,0.053099,0.058933
0.053532,0.064987,0.056788,0.056383,0.056258,0.056349,0.057131,0.057122,0.044106,0.056555,0.054816,0.083963,NaN,0.046569,0.059279
0.057055,0.058028,0.051823,0.056627,0.056591,0.056488,0.056589,0.057141,0.044298,0.07285999999999999,0.05403,0.074307,NaN,0.057529,0.058292
0.05826,NaN,0.057648,0.05641,0.056285,0.056375,NaN,0.056394,0.044471,0.056499,NaN,0.102091,0.000241,0.091573,0.095384
0.056947,NaN,0.056277,0.05625,0.055621,0.056292,NaN,0.056487,0.04416,0.058885,NaN,0.129523,3.901776,0.058223,0.08210099999999999
0.056828,NaN,NaN,0.056058,0.044631,0.056421,NaN,0.056552,0.044226,0.056657,NaN,0.056556,0.050706,0.059709,0.058089
0.056984,NaN,NaN,0.05613,0.044957,0.056232,NaN,0.059623,0.044525,0.061029,NaN,0.066679,0.127151,0.059975,0.060071
0.057154,0.000159,NaN,0.056141,0.056399,0.056293,0.000142,0.0569,0.052992,0.056331,0.000152,0.052102,0.109366,0.060029,0.081376
0.058348,3.31847,NaN,0.056203,0.054541,0.056408,3.593187,0.05706,0.053147,0.056457,3.372897,0.053736,0.115477,0.065798,0.05844
0.057028,0.05706,0.000159,0.055819,0.04422,0.05639,0.058175,0.056894,0.044662,0.05614,0.112115,0.092996,0.085771,0.105986,0.060185
0.056991,0.056621,3.55629,0.056193,0.044393,0.056482,0.057618,0.056884,0.044484,0.056191,0.060737,NaN,0.076156,0.058049,0.046658
NaN,0.060513,0.042328,0.056474,0.044056,0.056455,0.056238,0.056928,0.044337,0.056093,0.059729,NaN,0.19961,0.058971,0.046859
NaN,0.058264,0.042242,0.061247,0.044185,0.056485,0.056126,0.056882,0.044373,0.056179,0.060483,NaN,0.167082,0.059206,0.046018
NaN,0.047044,0.042094,0.056776,0.04404,0.054827,0.075096,0.056894,0.044618,0.057549,0.060734,NaN,0.12406,0.058583,0.045792
NaN,0.044807,0.042374,0.057056,0.044021,0.056357,0.056043,0.061756,0.044165,0.056081,0.059878,0.006615,0.06576700000000001,0.057791,0.059963
0.000283,0.042753,0.042466,0.056716,0.044195,0.056507,0.056229,0.056627,0.044457,0.056038,0.060683,5.498631,0.093844,0.056936,0.05733
3.427375,0.041935,0.041806,0.056693,0.044706,0.05663,0.05621,0.056637,0.044607,0.05622,0.061078,0.155278,0.08112999999999999,0.057133,0.058002
0.044967,0.042129,0.041675,0.056612,0.048022,0.056449,0.053538,0.056564,0.059673,0.056088,0.063357,0.057875,0.060817,0.086519,0.057039
0.044997,0.042326,0.042058,0.056142,0.049607,0.057001,0.056152,0.056517,0.051422,0.056432,0.06346599999999999,0.05886,0.062833,0.090563,0.057442
0.050463,0.042172,0.04235,0.056171,0.045092,0.05106,0.05659,0.056621,0.045786,0.056423,0.062958,0.056907,0.071751,0.059352,0.057825
0.0554,0.042086,0.042086,0.056233,0.045155,0.062885,0.056703,0.056602,0.050864,0.056805,0.06347700000000001,0.059566,0.066662,0.058464,0.058127
0.054896,0.042234,0.042015,0.056302,0.045654,0.057785,0.06875000000000001,0.056804,0.058209,0.056673,0.063282,0.115991,0.095193,0.058514,0.058048
0.057153,0.049373,0.041996,0.0564,0.045312,0.082291,0.061213,0.0567,0.057549,0.056829,0.062173,0.059773,0.058731,0.058717,0.059875
0.047589,0.045673,0.042205,0.056191,0.044842,0.056911,0.056678,0.05785,0.057362,0.056703,0.06342399999999999,0.063531,0.057448,0.085115,0.059829
0.047433,0.056615,0.042328,0.056307,0.047005,0.068811,0.056553,0.057808,0.056942,0.059583,0.057518,0.056732,0.093427,0.132073,0.058049
0.047539,0.056213,0.042041,0.056175,0.057552,0.05171,0.056521,0.0747,0.052239,0.056818,0.056501,0.058309,0.058872,0.06381199999999999,0.078391
0.047365,0.056228,0.042403,0.05637,0.047436,0.051925,0.056354,0.057953,0.045069,0.056997,0.05648,0.09969600000000001,0.060767,0.059431,0.08833000000000001
0.060212,0.056086,0.041948,0.056496,0.044942,0.062356,0.056324,0.058116,0.046055,0.056589,0.056323,0.110373,0.057641,0.102221,0.056936
0.059715,0.05611,0.052335,0.056437,0.048064,0.057301,0.056249,0.057818,0.045085,0.056696,0.056967,0.105711,0.056503,0.117741,0.06375599999999999
0.057953,0.056125,0.053128,0.05618,0.058562,0.057885,0.056107,0.057704,0.045144,0.050911,0.046369,0.082881,0.062472,0.121666,0.058113
0.059106,0.056448,0.05602,0.056567,0.045195,0.061484,0.056125,0.057606,0.044965,0.056487,0.04604,0.085466,0.062698,0.116984,0.058489
0.049104,0.056676,0.057015,0.056826,0.053206,0.063096,0.056415,0.057655,0.045284,0.056535,0.045344,0.120117,0.060672,0.061432,0.058754
0.050544,0.056445,0.057279,0.057146,0.045054,0.060985,0.056218,0.057474,0.045092,0.056819,0.044539,0.09125,0.062778,0.061022,0.058453
0.045184,0.056277,0.057836,0.056898,0.045202,0.057917,0.056332,0.057563,0.046602,0.056834,0.045292,0.102118,0.080819,0.060027,0.046955
0.046703,0.056152,0.058055,0.057099,0.044931,0.054235,0.056358,0.057566,0.052417,0.057012,0.056494,0.059256,0.058106,0.114775,0.047253
0.056536,0.056105,0.054395,0.072133,0.045059,0.05658,0.056364,0.058011,0.044767,0.056784,0.055787,0.08511199999999999,0.058425,0.086493,0.058459
0.045279,0.056128,0.055311,0.056695,0.045094,0.070007,0.057536,0.057747,0.044658,0.056849,0.056002,0.056737,0.058648,0.060232,0.065759
0.045047,0.056487,0.057519,0.056845,0.044882,0.057965,0.057352,0.057898,0.044653,0.056805,0.056124,0.058618,0.056847,0.059965,0.117004
0.060207,0.058151,0.056353,0.056947,0.045752,0.057761,0.056487,0.058045,0.044541,0.054102,0.056204,0.089432,0.062435,0.080106,0.057958
0.060085,0.059387,0.054834,0.057267,0.053129,0.058685,0.056487,0.058825,0.044588,0.051297,0.044933,0.103468,0.07222000000000001,0.071842,0.058179
0.058812,0.058199,0.054999,0.0579,0.045548,0.057634,0.06035,0.058089,0.044513,0.05138,0.048655,0.07512099999999999,0.06236,0.060288,0.057314
0.057637,0.05827,0.055953,0.057947,0.045343,0.05789,0.08527,0.068178,0.044807,0.056545,0.0568,0.068228,0.05857,0.060261,0.061776
0.057489,0.058641,0.058669,0.059108,0.04549,0.06329899999999999,0.05884,0.05783,0.044925,0.057069,0.057066,0.062009,0.06351999999999999,0.065055,0.057685
0.059693,0.057911,0.053876,0.057626,0.056897,0.057768,0.061838,0.061306,0.045051,0.065118,0.06891,0.09658799999999999,0.058732,0.112483,0.060478
0.06053,0.058637,0.055954,0.057525,0.064181,0.053065,0.084813,0.06397799999999999,0.044806,0.056933,0.060739,0.111384,0.058608,0.115287,0.0568
0.061176,0.058673,0.054967,0.057461,0.06818100000000001,0.057113,0.060337,0.058198,0.040721,0.056859,0.05663,0.06560299999999999,0.056731,0.113472,0.046891
0.060674,0.058404,0.054983,0.057978,0.057492,0.062088,0.060151,0.065359,0.041027,0.05696,0.05674,0.058627,0.047191,0.07202699999999999,0.0498
0.059482,0.060732,0.054615,0.058368,0.057065,0.061862,0.061376,0.06633,0.045626,0.056897,0.056685,0.057236,0.110389,0.06083,0.058561
0.057587,0.062179,0.054233,0.063329,0.058294,0.072127,0.059143,0.070246,0.058474,0.056936,0.056798,0.082042,0.08938500000000001,0.059761,0.060738
0.057381,0.070996,0.05418,0.059119,0.057069,0.05799,0.061284,0.062002,0.045748,0.056712,0.056664,0.111974,0.113941,0.0596,0.058342
0.057392,0.060169,0.054423,0.059038,0.056995,0.070602,0.056616,0.059265,0.047199,0.056794,0.056691,0.073907,0.102202,0.059909,0.083631
0.055507,0.060562,0.054474,0.058835,0.057114,0.104876,0.057374,0.05984,0.045498,0.056712,0.056703,0.058229,0.058034,0.060618,0.05802
0.06404,0.060682,0.055212,0.059047,0.057327,0.09877,0.056739,0.059993,0.050888,0.056935,0.056869,0.057423,0.057912,0.060543,0.057984
0.061759,0.053107,0.055635,0.05887,0.056833,0.092755,0.056851,0.06385399999999999,0.057269,0.057003,0.051278,0.057412,0.099383,0.067913,0.058245
0.05749,0.053605,0.052666,0.058363,0.056801,0.118313,0.056898,0.059581,0.059317,0.051877,0.051335,0.09224599999999999,0.114436,0.07017900000000001,0.058269
0.0577,0.052874,0.051958,0.058278,0.058049,0.09415,0.057193,0.056701,0.060375,0.052492,0.051478,0.102002,0.111352,0.062136,0.058135
0.057818,0.058437,0.053113,0.058529,0.046314,0.114036,0.057126,0.058816,0.060476,0.051631,0.051088,0.05854,0.114108,0.113241,0.046357
0.057382,0.058222,0.052972,0.05786,0.049144,0.114852,0.078571,0.057755,0.06013,0.056893,0.051086,0.070266,0.10426,0.116863,0.046529
0.057007,0.052732,0.041971,0.057737,0.046491,0.110268,0.068539,0.057995,0.056862,0.061435,0.051612,0.113162,0.06358900000000001,0.078723,0.042747
0.047837,0.052809,0.042909,0.057284,0.051335,0.111207,0.058138,0.057626,0.057246,0.051061,0.051596,0.108686,0.06092,0.064968,0.046814
0.052461,0.05704,0.046756,0.05734,0.0549,0.08688700000000001,0.059906,0.07377499999999999,0.056995,0.05166,NaN,0.120466,0.070301,0.050211,0.046968
0.046086,0.051696,0.045693,0.05719,0.045087,0.042314,0.056972,0.068801,0.057046,0.057776,NaN,0.054401,0.061604,0.058259,0.06297800000000001
0.057236,0.050925,0.045861,0.057398,0.041287,0.04444,0.056709,0.05869,0.057332,0.057971,NaN,0.052128,0.058397,0.058316,0.058994
0.057593,0.050445,0.046706,0.056911,0.041681,0.052031,0.051371,0.05872,0.054545,0.056003,NaN,0.051804,0.062167,0.052422,0.10528
0.051908,0.040968,0.042376,0.054681,0.042032,0.051652,0.051139,0.051794,0.052176,0.051397,0.000162,0.051947,0.057733,0.052344,0.105047
0.051875,0.041044,0.053035,0.045328,0.042289,NaN,0.051029,0.051807,0.052663,0.051267,3.574565,0.091414,NaN,0.058351,NaN
0.056893,0.045938,0.046855,0.047072,0.048453,NaN,0.056549,0.057974,0.057815,0.056705,0.047157,0.08927499999999999,NaN,0.057356,NaN
0.057374,0.045673,0.04572,0.046812,0.057938,NaN,0.057386,0.06987599999999999,0.055789,0.05678,NaN,0.056119,NaN,0.058868,NaN
0.059733,0.045553,0.054029,0.059019,0.057887,NaN,0.057007,0.058184,0.048181,0.056657,NaN,0.051466,NaN,0.059326,NaN
0.057599,0.056035,0.054074,0.048213,0.06464399999999999,0.000178,0.057069,0.058479,0.064661,0.056737,NaN,0.057472,0.000159,0.060311,0.000163
0.057163,0.056608,0.057829,0.054704,0.048157,3.331828,0.057183,0.058824,0.07283100000000001,0.056681,NaN,NaN,3.678274,0.059165,3.897606
0.057495,0.056346,0.057478,0.060255,0.060827,0.044981,0.057199,0.058794,0.053513,0.056712,0.000159,NaN,0.0577,0.064835,0.061873
0.052012,0.056434,0.058125,0.05562,0.059105,0.044882,0.057101,0.058792,0.055188,0.056853,3.903609,NaN,0.058044,0.07295,0.059332
0.057726,0.056373,0.05798,0.057733,0.057107,0.044675,0.05874,0.072338,0.061198,0.053115,0.057252,NaN,0.057968,0.056746,0.060702
0.058167,0.056338,0.05828,0.057715,0.051921,0.044666,0.057035,0.076402,0.058459,0.052382,0.057631,0.000168,0.054475,0.056425,0.059377
0.058375,0.05642,0.057998,0.057598,0.058421,0.044526,0.05825,0.058629,0.058136,0.062515,0.057537,4.066518,0.045283,0.060926,0.048545
0.058183,0.050846,0.057542,0.05211,0.05842,0.056563,0.057278,0.062077,0.058745,0.058592,0.058642,0.05699,0.083095,0.05711,0.04833
0.058462,0.056693,0.057685,0.045268,0.058204,0.04678,0.057406,0.08175200000000001,0.058344,0.058799,0.058743,0.100825,0.057106,0.056663,0.045385
0.058937,0.057274,0.057549,0.045163,0.058296,0.050675,0.057399,0.075545,0.057884,0.055527,0.059128,0.061444,0.061681,0.108118,0.045528
0.058006,0.051926,0.057486,0.045116,NaN,0.056892,0.057518,NaN,0.057753,0.051512,0.059413,0.056521,0.056981,0.101281,0.047793
0.057953,0.061484,0.057796,0.046476,NaN,0.056964,0.058312,NaN,0.058213,0.052787,0.060503,0.057041,0.057055,0.055056,0.056629
0.053155,0.057308,0.051855,0.045355,NaN,0.055942,0.070352,NaN,0.058448,0.059442,0.074491,0.057326,0.056824,0.07023699999999999,0.057945
0.058509,0.057188,0.051877,0.045294,NaN,0.045235,0.059679,NaN,0.057666,0.058652,0.066681,0.056684,0.060112,0.058316,0.056666
0.05752,0.057518,0.057951,0.044782,0.000146,0.045057,0.060247,0.000141,0.058042,0.045949,0.056198,0.068649,0.054592,0.06322700000000001,0.057193
0.058228,0.057125,0.057288,0.044935,3.694851,0.045364,0.058143,3.538513,0.057437,0.041648,0.056458,0.07018199999999999,0.045481,0.069525,0.057342
0.058237,0.057107,0.092587,0.045013,0.05797,0.045201,0.058585,0.05653,0.058002,0.041622,0.056214,0.056648,0.046959,0.062131,0.057036
0.058322,0.057389,0.054719,0.045711,0.058248,0.045348,0.059144,0.057335,0.05803,0.048861,0.056321,0.057281,0.056791,0.055392,0.056425
0.058171,0.060366,0.053361,0.045472,0.064069,0.045128,0.058392,0.057799,0.060008,0.057584,0.056272,0.06227,0.059413,0.055784,0.043605
0.057979,0.05208,0.049348,0.049341,0.057401,0.045335,0.058762,0.058893,0.057814,0.057358,0.057429,0.056844,0.056653,0.05534,0.044319
0.05748,0.051996,0.048439,0.050661,0.057374,0.044626,0.058505,0.058134,0.057371,0.056712,0.055915,0.056314,0.056081,0.054596,0.04347
0.057475,0.052503,0.051433,0.045568,0.06600399999999999,0.05168,0.0584,0.059962,0.057619,0.059285,0.056466,0.057334,0.077642,0.056512,0.047477
0.057308,0.051906,0.048521,0.044973,0.058809,0.048057,0.059071,0.066633,0.057244,0.057122,0.056223,0.056958,0.102216,0.081363,0.053406
0.05772,0.05934,0.054574,0.044816,0.058635,0.056493,0.058417,0.064789,0.057288,0.058909,0.056322,0.061196,0.045505,0.107773,0.060163
0.057238,0.059579,0.053497,0.044656,0.058244,0.056696,0.059254,0.058352,0.057419,0.057309,0.056219,0.058654,0.08298800000000001,0.054509,0.057193
0.05723,NaN,0.054431,0.044606,0.057567,0.057502,0.058962,0.06133,0.056959,0.057457,0.059459,0.057032,0.08921800000000001,0.055861,0.079515
0.057353,NaN,0.065523,0.044518,0.063251,0.057253,0.057724,0.091721,0.057425,0.057202,0.060551,0.057597,0.056515,0.075501,0.057081
0.058599,NaN,0.05187,0.044592,0.060028,0.057275,0.064554,0.059446,0.05738,0.060579,0.06173,0.056647,0.05643,0.057204,0.057283
0.067247,NaN,0.054722,0.044533,0.059476,0.057324,0.07815900000000001,0.060302,0.059111,0.058454,0.060407,0.057093,0.073056,0.058611,0.056923
0.067472,0.000155,0.055001,0.044869,0.06257600000000001,0.057315,0.058897,0.05942,0.057101,0.057813,0.058026,0.0576,0.108249,0.058614,0.057801
0.057679,3.692797,0.055276,0.044737,0.064253,0.056752,0.05895,0.068754,0.056852,0.057267,0.06041,0.057213,0.045869,0.058598,0.057845
0.046801,0.058437,0.056279,0.045306,0.059691,0.056489,0.058729,0.060941,0.057452,0.057176,0.057194,0.057135,0.071672,0.057641,0.057894
0.046857,0.057915,0.056035,0.056555,0.059628,0.056414,0.057747,0.057676,0.057478,0.055182,0.056729,0.057216,0.109996,0.057314,0.057455
0.046734,0.048956,0.056252,0.04957,0.057427,0.056457,0.048806,0.06386,0.054426,0.054692,0.05694,0.057403,0.107259,0.055798,0.057998
0.047641,0.044081,0.056693,0.04523,0.063692,0.05592,0.057513,0.058469,0.053783,0.057544,0.056898,0.056476,0.063044,0.058663,0.057963
0.057673,0.043941,0.060394,0.044949,0.06557399999999999,0.055829,0.057289,0.058272,0.05384,0.056618,0.056866,0.056906,0.057793,0.056024,0.057356
0.046734,0.043898,0.055496,0.048333,0.072309,0.056219,0.053883,0.064996,0.054776,0.056556,0.057055,0.06523900000000001,0.056699,0.053298,0.06955699999999999
0.046456,0.045665,0.055551,0.045283,0.07152799999999999,0.056273,0.053766,0.074223,0.055118,0.056667,0.056711,0.074516,0.047621,0.06902899999999999,0.058898
0.058305,0.059428,0.054901,0.044998,0.119967,0.056123,0.054271,0.057252,0.057834,0.056293,0.056911,0.102938,0.113432,0.056801,0.056819
0.045583,0.056718,0.054881,0.047633,0.057971,0.056231,0.054042,0.057212,0.057322,0.056474,0.057345,0.064536,0.157108,0.06816899999999999,0.056968
0.046674,0.058207,0.054666,0.05597,0.056348,0.04684,0.053816,0.056804,0.057825,0.056335,0.056798,0.057523,0.06813,0.057236,0.059156
0.055859,0.048937,0.054944,0.056453,0.056315,0.047405,0.053236,0.050649,0.057374,0.056767,0.056887,0.057387,0.107044,0.0569,0.059234
0.045692,0.044721,0.054745,0.053282,0.056339,0.055882,0.0532,0.051061,0.057704,0.046639,0.056581,0.057271,0.105158,0.05688,0.05881
