1
583.8034,192.6913,63.7818,57.7064
581.8587,190.9424,66.0798,59.5944
578.2441,187.9282,71.7014,65.2015
581.3005,190.1494,69.5354,62.9469
577.4990,188.7319,68.9497,62.6906
574.5001,187.5517,65.2785,59.1857
573.7709,187.1527,62.9965,57.5220
572.0000,183.0000,79.0000,73.0000
601.0000,200.0000,55.0000,50.0000
602.0000,200.0000,55.0000,50.0000
603.0000,200.0000,55.0000,50.0000
604.0000,201.0000,56.0000,49.0000
606.0000,201.0000,55.0000,50.0000
607.0000,201.0000,55.0000,50.0000
605.0000,198.0000,60.0000,54.0000
2
0
0
0
0
1
575.0000,184.0000,23.0000,49.0000
574.0000,184.0000,23.0000,49.0000
573.0000,184.0000,24.0000,50.0000
573.0000,184.0000,23.0000,50.0000
572.0000,184.0000,24.0000,50.0000
572.0000,184.0000,24.0000,50.0000
571.0000,185.0000,24.0000,50.0000
570.0000,184.0000,25.0000,51.0000
569.9673,184.1295,25.4991,52.1405
569.6150,184.5467,25.8689,52.2526
568.4003,183.7153,26.1645,52.3705
567.4363,182.4816,27.2413,54.0780
563.0000,182.0000,32.0000,55.0000
537.0000,163.0000,38.0000,68.0000
525.0000,148.0000,39.0000,66.0000
519.0000,139.0000,48.0000,79.0000
504.0000,124.0000,48.0000,77.0000
497.0000,115.0000,59.0000,91.0000
2
0
0
0
0
1
537.4390,177.4505,64.0861,62.0855
537.4993,177.9228,64.9779,63.4763
537.0067,177.5416,64.8352,63.3353
536.5709,178.0368,64.8957,62.9074
536.6331,178.5797,65.2166,63.7104
537.3749,178.8152,65.1026,63.5944
538.6229,180.2122,64.9374,62.4509
539.0035,180.6734,64.9459,62.4583
540.3649,181.3176,64.6955,62.4449
542.4317,182.0734,63.5630,61.6202
547.3085,183.6763,60.8008,58.9007
522.3085,162.6763,49.0000,52.0000
512.3085,153.6763,52.0000,58.0000
2
0
0
0
0
1
560.8163,186.5159,66.2894,62.3506
562.4711,186.9440,67.0328,63.0913
565.6138,187.9987,66.1041,62.6367
566.7186,188.4775,67.0393,63.2928
568.7010,189.0409,67.0868,63.1285
570.3380,189.2265,67.5211,63.7600
572.5664,189.1514,67.1033,63.6194
573.5745,189.6243,67.7707,63.2627
574.9164,189.1882,68.5283,64.0824
577.2894,190.2563,68.1679,63.6599
579.3681,190.6286,68.4086,63.9067
581.9796,190.8157,68.0989,63.8645
583.4248,191.1888,67.3759,63.4067
584.9893,191.5742,68.5236,64.5714
586.8312,191.6296,68.3744,64.3774
587.9399,191.8180,68.6327,64.6410
589.9016,192.8464,68.2744,64.3153
591.2584,193.2262,68.5626,64.5953
593.3125,193.7903,68.6367,64.9137
594.5393,194.5149,69.4406,64.9606
595.0822,194.6322,69.3056,64.8273
596.5810,195.2483,69.5326,65.2789
597.9333,195.9088,69.2449,64.7857
599.1459,195.6354,69.5605,65.5681
600.0317,196.1198,69.9536,65.4575
599.6111,195.8766,72.2079,67.1952
597.8837,193.2805,77.8876,73.8855
596.4809,191.7611,83.3608,79.1123
596.8073,190.9967,85.5004,81.7261
596.9218,190.7949,86.3532,82.3814
597.6055,191.3216,86.0887,81.8674
598.3790,192.6546,84.8649,80.6305
599.1302,192.6250,84.2940,80.5591
599.7210,193.0506,84.0085,80.0184
599.8117,193.5332,84.0702,80.0975
600.6195,194.0599,83.3755,78.9073
601.1154,194.9447,81.6560,77.4825
604.6579,198.4051,74.5261,70.0458
608.6713,202.2879,66.3373,63.1127
600.0000,199.0000,71.0000,69.0000
592.0000,203.0000,54.0000,52.0000
587.0000,204.0000,55.0000,52.0000
583.0000,203.0000,57.0000,54.0000
582.0000,203.0000,57.0000,54.0000
580.0000,203.0000,58.0000,54.0000
580.0000,202.0000,56.0000,53.0000
579.0000,202.0000,55.0000,52.0000
578.0000,201.0000,55.0000,52.0000
576.0000,201.0000,55.0000,51.0000
578.0000,194.0000,79.0000,79.0000
573.0000,200.0000,54.0000,51.0000
571.0000,200.0000,54.0000,51.0000
569.0000,199.0000,54.0000,51.0000
567.0000,199.0000,54.0000,51.0000
565.0000,198.0000,55.0000,51.0000
564.0000,198.0000,54.0000,51.0000
562.0000,197.0000,54.0000,51.0000
560.0000,197.0000,54.0000,51.0000
558.0000,196.0000,55.0000,51.0000
557.0000,196.0000,54.0000,51.0000
556.0000,188.0000,83.0000,84.0000
555.0000,194.0000,54.0000,52.0000
557.0000,192.0000,56.0000,53.0000
561.0000,190.0000,57.0000,55.0000
566.0742,189.7607,76.9742,74.0965
561.0438,187.2509,83.7640,80.7394
558.7894,185.3375,89.1201,86.1201
557.6572,185.0170,91.4043,88.3950
556.4179,184.8075,92.4079,89.4550
555.3743,184.9198,95.3233,91.3145
555.7733,185.5611,95.5841,91.0735
556.2428,186.4135,94.1305,89.7086
556.6382,187.4442,94.0314,90.1090
556.9713,188.2519,94.4498,91.4885
557.7990,189.1270,93.6018,91.6387
558.8232,190.4543,92.0814,91.0916
558.7744,190.5803,92.8694,92.3807
559.8454,191.6052,92.8247,91.8288
560.7723,192.2606,93.4613,91.4726
561.9702,193.0786,92.9999,92.0031
563.6025,194.2994,92.6215,91.6259
564.4689,194.1020,93.1135,92.6225
566.3563,195.2905,93.4670,92.4779
568.6931,196.1216,93.5803,92.5943
570.5551,196.8327,93.7287,93.7287
571.9774,196.7756,93.2417,93.7396
573.7311,197.3886,93.9579,94.9667
575.3339,197.6733,95.4632,96.4745
576.8630,197.1808,96.7790,97.2872
577.6908,196.9367,100.5189,100.5190
576.9182,195.4729,106.7375,106.7375
574.7266,193.5370,116.5971,116.5971
574.5212,192.8616,121.4140,121.4140
574.5620,192.3497,124.3919,124.3919
576.4979,192.9402,124.8053,125.8000
578.2741,193.6667,124.6838,125.6726
580.5209,194.7019,124.7637,124.7637
581.9497,195.2820,123.9641,123.9641
583.6960,195.8159,125.2832,125.2832
585.6091,196.6669,125.3855,125.3855
587.7313,197.7854,124.8117,124.8117
589.5931,198.4840,125.8576,125.8576
591.0128,198.7013,126.6386,127.6331
592.4802,199.4249,128.1068,128.1067
593.3802,199.6409,131.1604,131.1604
594.6219,200.5155,132.7879,131.7950
596.0601,201.7679,131.8634,130.8668
597.1826,202.2471,132.5536,131.5592
598.4106,203.8002,132.6381,131.6468
599.6446,205.1355,132.5700,130.5776
599.7886,206.4951,133.6356,132.6668
601.0331,207.7163,132.7202,132.7202
602.4168,208.8067,132.7723,131.7768
603.2048,209.3595,133.5414,132.5440
604.3031,210.2695,134.0815,133.0842
605.3234,211.3116,134.0612,133.0617
606.2574,212.1836,134.2127,133.2138
606.6760,212.5680,134.1607,133.1611
607.5732,213.5083,134.1261,133.1267
607.8809,213.8832,134.3723,133.3727
608.7097,214.6481,134.2753,133.2768
609.5983,215.1604,134.5084,133.5141
611.2507,216.5014,133.5811,133.5811
611.9961,216.5630,135.2962,134.3080
613.8057,218.0274,134.4384,133.4523
615.6171,219.3138,133.6122,132.6248
616.5101,220.2707,133.2364,133.2364
616.7884,220.5816,133.5071,134.0076
617.0700,221.1588,134.0166,135.0217
617.2675,221.6403,135.2772,136.2801
617.5009,222.2314,137.1063,137.1063
617.8324,222.8076,137.9695,137.9695
618.5483,223.5783,138.5545,138.5546
619.1050,224.2583,138.7488,138.7488
619.7723,224.9667,139.7194,139.7194
620.5606,225.7950,139.6315,140.6335
621.3848,226.6531,139.4472,140.4485
622.6031,227.7820,139.9727,139.9727
623.7865,228.9128,140.0484,140.0484
624.9354,229.9390,140.1182,140.1182
626.2059,231.0837,139.9081,139.9081
627.1456,231.9666,140.4099,140.4099
628.3390,233.1412,141.0599,140.0612
629.4468,234.2566,141.1917,140.1935
630.3796,235.1707,142.3525,140.3500
631.0691,235.9204,143.7642,141.7644
632.1038,236.9695,144.3145,142.3159
632.9714,237.9164,144.4222,142.4195
634.1418,239.1421,144.0574,142.0633
2
0
0
0
0
1
585.1624,194.3859,47.5071,64.5847
585.4283,194.6313,47.3332,64.3048
584.8845,193.9373,48.1102,65.2312
584.3104,194.3778,48.4565,65.3962
582.5189,193.5519,51.8727,68.9165
576.0444,189.7826,61.8927,78.7166
578.9738,192.7571,61.3217,76.4647
582.8648,195.9210,58.7510,74.0669
584.3255,198.1496,57.6340,72.4987
584.7028,199.9353,57.4943,72.1800
584.2383,201.9027,55.9519,71.0752
583.3009,203.4449,54.7876,70.0879
581.5313,205.0757,53.3338,68.7573
578.2704,205.6739,54.6605,69.7218
575.8334,205.5281,54.4772,70.2231
571.5201,205.3722,55.1533,71.1754
567.5704,205.6554,56.1507,71.3750
563.2161,205.7153,57.0278,72.1645
560.2779,206.2162,55.4471,71.0213
556.6283,207.1828,54.9089,70.3643
551.1696,207.4363,56.2147,71.2299
546.9501,207.4569,56.3196,71.7653
541.8924,207.6964,57.5618,72.3508
536.8488,207.9215,57.6143,73.2137
532.3058,208.4976,56.2612,72.3207
527.6773,209.5081,56.6689,72.0170
522.0764,209.2456,57.8268,72.8560
518.0571,210.1206,57.3829,72.8781
513.1470,210.2313,58.4742,74.4591
508.2696,211.1416,58.7140,74.0782
503.9223,211.8325,58.3897,73.6605
498.6296,212.3338,57.7811,72.6613
493.8345,214.0699,57.3807,72.3279
489.7669,215.3031,57.1356,72.3711
485.0793,215.8666,57.3815,72.3119
481.1342,216.4203,56.4553,71.1056
477.1184,216.9583,55.7768,70.9317
472.6972,216.8705,56.1141,71.5666
468.4513,216.5405,55.0973,70.9567
464.0263,215.6972,56.5477,71.8999
461.4604,216.8799,55.6244,70.6968
458.0466,216.9681,56.1122,71.5341
454.0658,216.7468,56.9208,72.6016
439.1442,211.6654,69.5816,82.7887
431.3455,210.6664,75.0626,85.9607
433.0753,215.2000,68.6426,80.5806
432.8587,217.5614,65.8362,77.9150
432.5038,219.5422,63.2889,74.6578
430.5732,221.0026,63.2191,74.7786
429.3918,221.8152,62.4357,74.5327
428.5110,222.7724,61.6226,73.6215
427.1812,224.0436,60.6358,72.5527
426.1346,224.1526,61.3014,74.2133
425.7293,224.5164,60.8974,73.3529
424.9360,224.9854,60.6564,73.0821
425.1342,226.1636,60.2715,71.9512
424.8826,226.9736,59.7800,71.2141
424.4159,227.2243,59.7875,71.7416
424.4293,227.5872,60.5959,72.5601
424.0971,227.9449,60.7126,72.7223
423.3861,228.4285,61.2098,72.6705
422.7845,227.9226,63.5667,75.0886
420.1628,225.8491,67.3181,78.4705
415.4290,221.8735,77.9391,88.6591
420.6425,222.4803,74.5228,86.3265
426.6652,226.4288,68.3131,80.1905
430.3045,230.0455,63.8181,75.5776
432.6961,232.6139,60.0628,72.3638
432.3041,233.5405,59.7786,71.7404
432.5141,235.2579,58.4061,71.1541
432.1633,237.0427,57.2311,70.3015
431.7380,238.9229,56.6313,68.9324
430.2151,240.4817,56.9862,69.5431
432.1065,243.6678,52.3873,64.0370
429.7196,243.2740,53.8215,66.0909
427.6350,243.7857,53.0788,66.7495
430.7813,246.8874,47.7681,60.1623
427.9732,246.7374,49.9800,63.7562
424.8495,245.1710,51.6640,66.4952
410.8499,244.1124,59.2535,73.5035
404.3930,246.7624,57.4368,71.3169
409.2951,247.2292,57.3008,68.3692
409.9524,246.1118,61.2799,70.5179
411.0924,246.7750,60.3076,70.1777
411.7160,247.5989,60.9303,70.1594
412.1867,247.5701,61.5262,71.2067
412.6581,247.2370,62.1301,72.0874
412.4224,247.8978,63.5510,73.6269
413.9283,248.1029,63.3700,73.2934
414.3276,248.2424,64.2669,74.2190
414.9335,247.9484,64.8977,74.4123
415.1867,247.3078,65.9544,75.0018
416.0064,246.9610,66.8254,76.3665
414.9984,244.4636,70.2783,79.2241
410.6368,244.5926,71.3335,83.4983
406.9517,245.3712,66.5696,81.6853
420.1841,248.0988,61.7488,75.4175
426.4810,250.2826,58.3175,70.8328
430.0347,251.5863,55.3515,68.4558
420.8102,250.5151,56.2886,70.6196
423.1286,251.2672,52.7708,67.1159
428.5641,252.2547,52.1455,66.0524
430.9960,252.2402,52.0055,65.4350
432.5080,252.1336,52.2059,65.8546
433.8713,252.7918,51.6140,65.4026
434.9581,252.4646,51.4970,65.4138
436.6444,252.7913,51.1086,64.9400
426.7870,250.2774,54.6778,69.5435
414.1982,240.6388,73.0560,86.0199
416.7927,240.6128,72.0055,85.3911
416.5398,236.2775,80.1390,92.3219
420.2752,241.5381,70.1018,83.5914
422.5406,237.9266,76.7117,88.8116
436.0245,243.1218,67.6317,80.1462
444.8891,247.4073,59.6879,73.0433
441.6361,248.7126,55.3429,70.5464
436.5358,242.0782,64.2795,77.9280
441.5617,238.6800,69.8334,81.5914
450.3403,243.2151,59.9818,72.4167
462.6263,249.6697,46.1518,60.1876
465.6952,248.2885,47.2712,60.2845
470.0727,248.1756,44.5263,57.3838
473.7032,246.5276,44.8951,58.1130
479.0816,246.4270,41.6852,55.0505
482.4688,245.1855,42.0495,55.6198
484.3110,242.6276,44.7722,59.0885
487.7172,241.0905,45.7518,60.4468
490.8249,240.3415,45.9232,60.5802
494.4575,239.4772,43.9801,58.8856
498.3969,238.9651,43.4864,57.8546
502.6097,238.8101,42.0434,55.8690
506.5399,237.9000,39.5396,53.0682
509.5786,236.8029,40.1824,53.5288
513.1277,235.7049,40.2255,53.5737
515.9284,233.3464,42.2877,56.6701
518.3976,232.6862,43.3543,57.5603
521.8693,230.7773,43.4597,57.3465
524.8675,229.3313,44.0541,58.3025
528.6116,228.4134,43.3958,57.7505
532.1348,227.7467,42.6885,56.0093
534.6766,225.3460,44.9919,58.9271
537.4808,223.8361,45.0923,59.3912
541.0353,222.7664,44.6231,58.5303
543.6920,220.6082,44.1224,58.7903
545.2166,219.8217,45.7109,60.1844
546.7214,217.2995,47.0633,63.1728
545.0000,213.0000,52.0000,67.0000
539.0000,205.0000,65.0000,81.0000
536.9943,204.8013,64.4362,80.6496
530.4570,195.9187,81.1286,97.0586
531.6088,198.3535,73.1543,89.3665
533.6183,200.7692,66.6717,83.1055
545.3475,200.9072,63.9749,80.4627
541.8150,200.0671,62.7124,78.9464
541.3461,200.1944,58.8075,74.9999
542.5464,199.8374,55.1925,71.7923
536.7005,189.1917,72.9266,88.8528
536.0712,186.2517,77.3966,92.4013
534.5963,180.5445,86.7949,101.9973
534.3278,175.6972,93.7353,108.6243
540.6395,183.8871,72.8468,89.0814
542.8180,186.1686,65.1518,81.6231
544.2576,187.1389,60.8882,77.8961
546.4312,187.8734,55.7734,71.9799
546.3560,186.7816,55.8257,72.5584
545.7751,185.2334,56.5502,72.5485
540.9370,175.9757,74.4411,89.4202
541.1892,174.6884,73.5417,88.9557
543.7234,176.8450,65.3824,81.1244
540.7920,169.8985,77.7255,92.9414
541.9981,170.1976,72.9387,87.9177
544.4393,171.9730,64.9304,80.8734
546.4039,172.3809,59.8447,75.7601
543.4250,164.3334,74.6480,89.6763
543.1071,162.5685,73.2985,88.2276
546.0209,164.4053,64.7180,79.4576
550.9619,165.5050,55.7351,69.9522
557.0000,162.0000,60.0000,76.0000
563.0000,166.0000,51.0000,65.0000
561.0000,163.0000,57.0000,67.0000
559.0000,161.0000,61.0000,69.0000
559.0000,160.0000,61.0000,66.0000
559.0000,159.0000,61.0000,66.0000
559.0000,157.0000,60.0000,66.0000
559.0000,156.0000,60.0000,66.0000
559.0000,155.0000,60.0000,65.0000
559.0000,154.0000,59.0000,65.0000
559.0000,152.0000,59.0000,65.0000
559.0000,151.0000,58.0000,65.0000
557.0000,150.0000,61.0000,67.0000
559.0000,149.0000,58.0000,64.0000
557.0000,147.0000,61.0000,68.0000
556.0000,146.0000,61.0000,68.0000
558.0000,146.0000,58.0000,64.0000
555.0000,144.0000,61.0000,67.0000
555.0000,143.0000,60.0000,67.0000
556.0000,143.0000,58.0000,64.0000
554.0000,141.0000,59.0000,66.0000
553.0000,140.0000,59.0000,66.0000
553.0000,139.0000,58.0000,65.0000
553.0000,138.0000,57.0000,65.0000
552.0000,137.0000,57.0000,66.0000
552.0000,137.0000,57.0000,65.0000
553.0000,137.0000,55.0000,62.0000
551.0000,135.0000,57.0000,65.0000
553.0000,135.0000,54.0000,62.0000
551.0000,134.0000,56.0000,64.0000
551.0000,134.0000,56.0000,64.0000
550.0000,133.0000,56.0000,65.0000
550.0000,133.0000,56.0000,64.0000
551.0000,133.0000,54.0000,61.0000
551.0000,132.0000,53.0000,62.0000
549.0000,131.0000,56.0000,65.0000
548.0000,131.0000,57.0000,64.0000
550.0000,131.0000,54.0000,62.0000
548.0000,130.0000,56.0000,65.0000
548.0000,130.0000,54.0000,64.0000
548.5746,131.2496,50.4404,63.4509
517.5746,113.2496,51.0000,79.0000
504.5746,95.2496,53.0000,74.0000
490.5746,76.2496,62.0000,83.0000
477.5746,63.2496,66.0000,88.0000
466.5746,51.2496,78.0000,102.0000
448.5746,32.0000,82.0000,106.0000
436.5746,18.0000,97.0000,121.0000
2
0
0
0
0
1
517.2206,125.4334,79.1628,66.1538
517.0775,125.9247,79.0621,65.8647
516.0538,125.0262,79.7464,66.3214
516.3815,125.4271,79.0400,65.0550
516.8236,125.8229,78.4572,64.9991
516.0353,124.6235,78.4849,66.0327
516.3278,124.4523,78.3781,65.6605
515.6526,124.3460,78.8510,65.8189
515.5114,124.8617,78.3847,65.1604
515.1532,124.2641,77.9865,65.0642
515.2391,123.6022,78.5643,66.2049
516.3057,122.9201,77.4158,65.8162
519.5374,123.4214,72.9659,63.0310
506.0000,118.0000,81.0000,69.0000
503.0000,115.0000,84.0000,72.0000
462.0000,85.0000,97.0000,86.0000
2
0
0
0
0
1
545.0000,129.0000,22.0000,61.0000
544.0000,129.0000,23.0000,60.0000
544.0000,128.0000,22.0000,61.0000
544.0000,128.0000,22.0000,61.0000
543.0000,128.0000,23.0000,61.0000
543.0000,128.0000,23.0000,61.0000
543.4426,128.4612,23.1188,61.2641
543.0000,128.0000,23.0000,61.0000
542.0000,127.0000,24.0000,62.0000
541.9479,127.0081,25.1240,63.1118
542.0336,127.3227,24.0482,62.3340
541.1845,126.8872,25.1749,63.3813
541.0683,126.9452,25.8113,63.4663
541.3492,127.2733,25.5140,62.3985
541.5616,126.7203,24.3705,62.2729
541.1835,126.1580,24.2800,62.3614
541.4545,126.2660,24.4180,62.4456
541.4758,126.4056,24.5521,62.3191
541.5041,126.6425,24.4154,62.0874
541.2527,126.0957,24.8735,62.6542
541.5969,125.6810,24.9223,62.9741
541.0654,125.0470,24.5467,62.3267
540.2256,125.0580,25.2961,62.2150
540.2748,125.1846,26.0374,62.7901
540.5370,125.3277,25.6267,62.7667
539.0000,124.0000,25.0000,62.0000
539.5476,124.7539,24.3773,60.8781
539.0000,124.0000,24.0000,61.0000
539.0436,124.6701,24.7603,60.7759
539.2533,124.2815,24.3475,61.2416
539.0000,124.0000,23.0000,61.0000
538.5050,123.5592,24.3783,61.6265
538.1846,123.2620,23.9285,60.5950
538.4721,123.6394,24.1494,61.3034
538.1155,123.4605,24.5292,60.4405
536.8677,122.4854,25.3679,62.4311
537.1246,122.6265,24.0717,61.6151
536.7744,121.7681,24.7654,61.8080
536.1833,121.1498,24.7855,62.2004
536.2807,121.7651,24.5911,61.2341
537.0000,121.0000,22.0000,60.0000
532.0000,118.0000,32.0000,67.0000
541.0000,119.0000,28.0000,65.0000
543.0000,119.0000,30.0000,68.0000
544.0000,118.0000,32.0000,63.0000
544.0000,118.0000,33.0000,67.0000
547.0000,118.0000,30.0000,68.0000
546.0000,117.0000,32.0000,70.0000
548.0000,117.0000,30.0000,67.0000
549.0000,117.0000,29.0000,65.0000
547.0000,116.0000,31.0000,69.0000
549.0000,116.0000,29.0000,67.0000
547.0000,116.0000,31.0000,68.0000
546.0000,115.0000,31.0000,66.0000
547.1634,115.7524,30.4689,64.9804
545.0000,115.0000,31.0000,68.0000
545.0000,115.0000,27.0000,64.0000
539.0000,116.0000,24.0000,60.0000
519.0000,97.0000,29.0000,70.0000
508.0000,83.0000,32.0000,72.0000
501.0000,73.0000,38.0000,87.0000
487.0000,56.0000,39.0000,83.0000
480.0000,39.0000,48.0000,94.0000
466.0000,25.0000,54.0000,107.0000
450.0000,12.0000,60.0000,126.0000
2
0
0
0
0
1
505.1476,101.2917,73.6466,67.1462
504.9611,101.0842,73.3077,66.8324
503.7731,100.4813,73.7571,66.7839
503.2730,100.6407,73.8032,66.8244
503.4206,100.2199,73.3960,66.4431
502.9740,100.6325,73.3561,65.8726
502.4052,99.8558,73.3347,66.3750
502.0880,99.4758,73.2729,66.8238
501.0037,99.5215,73.8656,66.8779
500.8791,99.4330,73.8013,66.3355
500.3194,99.1635,73.2716,66.3330
500.5457,98.4836,73.0999,67.1837
502.3982,99.0337,70.7147,65.3268
511.0000,98.0000,69.0000,64.0000
524.0000,98.0000,64.0000,60.0000
531.0000,97.0000,68.0000,63.0000
531.0000,95.0000,76.0000,70.0000
531.0000,94.0000,79.0000,73.0000
531.0000,94.0000,80.0000,74.0000
530.0000,94.0000,80.0000,74.0000
530.0000,94.0000,79.0000,74.0000
529.0000,94.0000,79.0000,74.0000
528.0000,94.0000,79.0000,73.0000
528.0000,94.0000,78.0000,73.0000
527.0000,94.0000,78.0000,73.0000
527.0000,94.0000,78.0000,73.0000
527.0000,94.0000,77.0000,73.0000
526.0000,94.0000,78.0000,73.0000
526.0000,94.0000,78.0000,72.0000
526.0000,95.0000,77.0000,71.0000
525.0000,95.0000,78.0000,71.0000
525.0000,95.0000,77.0000,71.0000
525.0000,95.0000,77.0000,71.0000
525.0000,95.0000,76.0000,71.0000
525.0000,95.0000,76.0000,71.0000
525.0000,95.0000,76.0000,71.0000
524.0000,95.0000,77.0000,71.0000
524.0000,95.0000,76.0000,71.0000
524.0000,96.0000,76.0000,70.0000
524.0000,96.0000,75.0000,69.0000
524.0000,96.0000,73.0000,67.0000
524.0000,99.0000,65.0000,58.0000
512.0000,97.0000,69.0000,64.0000
499.6289,98.5330,68.7395,63.2222
494.0000,100.0000,66.0000,59.0000
490.0000,98.0000,71.0000,65.0000
488.0000,98.0000,73.0000,67.0000
487.0000,98.0000,75.0000,68.0000
488.0000,98.0000,75.0000,69.0000
489.0000,99.0000,74.0000,68.0000
490.0000,99.0000,73.0000,68.0000
490.0000,100.0000,73.0000,66.0000
491.0000,100.0000,72.0000,66.0000
491.0000,101.0000,72.0000,65.0000
492.0000,101.0000,72.0000,65.0000
492.0000,101.0000,72.0000,66.0000
492.0000,101.0000,72.0000,66.0000
493.0000,102.0000,71.0000,65.0000
493.0000,102.0000,72.0000,65.0000
494.0000,102.0000,71.0000,65.0000
494.0000,102.0000,72.0000,66.0000
494.0000,103.0000,72.0000,65.0000
495.0000,103.0000,72.0000,65.0000
495.0000,103.0000,72.0000,65.0000
496.0000,103.0000,71.0000,65.0000
497.0000,104.0000,71.0000,65.0000
497.0000,104.0000,72.0000,65.0000
498.0000,104.0000,71.0000,65.0000
499.0000,105.0000,71.0000,64.0000
500.0000,105.0000,71.0000,65.0000
501.0000,105.0000,71.0000,65.0000
502.0000,105.0000,72.0000,65.0000
503.0000,105.0000,71.0000,65.0000
504.0000,106.0000,71.0000,65.0000
504.0000,106.0000,72.0000,66.0000
503.0000,106.0000,75.0000,68.0000
503.0000,106.0000,76.0000,70.0000
503.0000,106.0000,77.0000,71.0000
503.0000,107.0000,77.0000,70.0000
504.0000,107.0000,76.0000,70.0000
504.0000,107.0000,76.0000,71.0000
504.0000,108.0000,76.0000,70.0000
504.0000,108.0000,76.0000,70.0000
504.0000,108.0000,76.0000,70.0000
505.0000,108.0000,76.0000,70.0000
505.0000,109.0000,76.0000,69.0000
505.0000,109.0000,76.0000,70.0000
506.0000,109.0000,76.0000,70.0000
506.0000,110.0000,76.0000,69.0000
507.0000,110.0000,76.0000,70.0000
507.0000,110.0000,76.0000,70.0000
508.0000,110.0000,76.0000,70.0000
508.0000,111.0000,76.0000,69.0000
509.0000,111.0000,76.0000,70.0000
509.0000,111.0000,76.0000,70.0000
510.0000,112.0000,76.0000,69.0000
511.0000,112.0000,75.0000,69.0000
511.0000,112.0000,76.0000,70.0000
512.0000,113.0000,75.0000,69.0000
513.0000,113.0000,75.0000,69.0000
514.0000,113.0000,75.0000,69.0000
514.0000,113.0000,76.0000,70.0000
515.0000,114.0000,76.0000,69.0000
516.0000,114.0000,76.0000,69.0000
518.0000,114.0000,74.0000,69.0000
519.0000,114.0000,75.0000,69.0000
519.0000,115.0000,76.0000,69.0000
521.0000,115.0000,75.0000,69.0000
522.0000,115.0000,75.0000,69.0000
524.0000,116.0000,72.0000,65.0000
530.0000,117.0000,66.0000,60.0000
538.8779,116.0350,68.0523,63.1135
556.0000,116.0000,59.0000,53.0000
565.0000,115.0000,59.0000,54.0000
567.0000,114.0000,64.0000,59.0000
567.0000,113.0000,68.0000,62.0000
568.0000,112.0000,68.0000,63.0000
569.0000,113.0000,67.0000,61.0000
569.0000,113.0000,67.0000,61.0000
570.0000,113.0000,66.0000,61.0000
570.0000,113.0000,66.0000,61.0000
570.0000,113.0000,66.0000,61.0000
571.0000,114.0000,65.0000,60.0000
571.0000,114.0000,65.0000,60.0000
571.0000,114.0000,65.0000,59.0000
572.0000,114.0000,65.0000,59.0000
573.0000,114.0000,63.0000,58.0000
573.0000,114.0000,63.0000,58.0000
574.0000,114.0000,62.0000,57.0000
575.0000,114.0000,60.0000,55.0000
573.0000,114.0000,59.0000,54.0000
565.0000,114.0000,59.0000,54.0000
549.2391,112.4634,69.5600,64.4575
536.4659,106.9032,87.6976,81.7496
532.7482,103.1429,96.9380,91.0973
532.2938,101.8195,99.4278,93.9441
533.8459,102.2177,98.7434,93.7451
533.9012,102.1258,99.7816,94.0492
534.7581,102.0129,99.5149,94.5113
535.7996,102.1318,99.4212,94.4353
536.4919,101.3028,100.7188,96.2356
537.2106,101.7998,100.9025,95.9178
537.5493,102.2804,100.5824,95.5907
537.0602,101.8459,101.4663,96.4570
537.2471,102.0708,102.2405,97.2302
537.4681,102.4166,102.8362,97.8455
538.4001,103.2444,103.4028,97.9072
539.1968,103.2178,103.2179,98.2202
539.5955,103.6069,103.6219,99.1188
539.8466,103.7829,103.5409,98.5491
540.2736,104.1952,103.8724,98.8839
541.1174,104.5814,103.6094,99.1139
541.2917,104.4491,103.9216,99.4252
541.8259,104.9127,103.2842,99.2816
542.7797,105.0705,102.5212,98.5400
545.3111,103.9675,101.6509,98.1475
530.1602,92.6774,159.2488,157.1090
530.4838,93.2408,159.8322,157.8475
529.5700,92.0441,162.6542,160.6664
527.6157,90.1821,167.8545,166.8745
528.2557,91.2165,167.8391,167.8391
528.8273,91.9466,168.5256,168.5256
528.4813,91.5513,169.3343,169.3343
528.8154,91.0399,171.0694,170.5740
529.2954,91.3388,171.4939,171.4939
529.4915,91.6726,172.4809,172.4809
530.0672,92.3905,173.7049,172.7049
531.0032,93.3817,174.2220,173.2233
531.4816,93.9560,173.9221,173.4228
532.7455,95.0147,173.6398,172.6438
536.0884,97.7862,165.5264,165.5264
537.0649,98.6956,166.1513,165.1531
537.4303,98.9284,166.7326,165.7296
538.1173,99.5501,167.9927,166.9933
539.0810,100.4314,168.3901,167.3882
540.0604,101.3962,168.2603,168.2603
540.6689,102.0921,169.1166,170.1179
540.9504,102.4494,169.0247,170.0259
541.9541,103.1770,169.2950,170.2926
542.9559,103.9861,169.0723,170.0703
543.8212,104.5510,169.7687,170.7699
544.9807,105.7388,169.4664,169.4664
546.2280,106.8613,168.4722,168.4722
547.0104,107.2916,170.4101,169.4066
547.9551,108.6673,170.3489,170.3490
548.8628,109.5801,171.1674,171.1675
544.6476,109.0079,180.3183,180.3183
545.3912,109.8595,180.9608,180.9608
547.0510,110.9146,180.7600,180.7600
548.5706,111.1492,181.7125,181.7125
550.4556,112.0754,180.6535,181.6504
551.6219,112.4640,181.9759,182.9649
552.6406,112.9480,183.0893,184.0806
553.6812,113.8217,183.3626,184.3576
555.3157,114.8846,182.9167,183.9143
556.6489,115.6981,183.1776,184.1744
558.2109,116.3215,183.2759,184.2724
559.5869,117.2379,183.3008,185.2940
560.6513,118.0154,183.4169,186.4083
561.7422,118.7622,183.4029,186.3938
562.8017,119.7440,182.9669,185.9641
563.8487,120.5202,183.1252,186.1218
564.8083,121.5128,182.9904,185.9835
565.4529,122.0838,182.8141,185.3102
566.2973,122.9155,183.2203,185.2178
567.3593,123.8971,183.9756,184.9754
568.2864,124.7284,184.1674,185.1675
569.2612,125.5801,184.1609,185.1605
570.2229,126.2559,184.4113,185.4095
571.4160,126.9007,185.9481,186.9366
572.2782,127.6274,186.2590,187.2597
573.0869,128.2881,187.4666,187.4666
574.1926,129.2345,188.1893,188.1893
575.4135,130.0939,188.3630,188.3630
576.5492,131.2927,188.7389,187.7411
577.3811,131.9950,188.3414,188.3413
578.0372,132.6797,189.3284,188.3281
578.8010,133.5309,189.1728,188.1746
579.8105,134.5183,188.9394,187.9399
580.6318,135.1557,189.3785,187.3772
580.9196,135.4641,189.5843,188.0827
581.7762,136.2388,190.1637,189.1636
582.5179,137.0448,190.2124,189.2130
582.7716,137.1102,190.4231,189.4245
583.7468,138.0628,189.9977,189.4982
584.6624,138.7987,190.2438,190.2438
585.4027,139.6136,190.2867,190.2867
586.0704,140.3730,191.3752,190.3774
586.7386,141.1136,191.4220,191.4220
587.1540,141.5941,191.6841,192.6843
587.2714,141.9880,193.1678,193.1678
587.5894,142.5727,193.8202,193.8202
588.2718,143.1964,193.4146,193.4146
588.8358,143.8543,194.5121,194.5121
589.7252,144.7584,194.0573,194.0573
590.5502,145.5494,194.2417,194.2417
591.4007,146.2650,194.3196,194.3196
592.3171,147.1528,195.1258,195.1258
593.2391,148.0064,195.1716,195.1716
593.5940,148.3261,195.1762,195.1762
594.5079,149.2806,195.0173,196.0158
594.8415,149.6015,195.1703,196.1684
595.7441,150.5058,195.0744,196.0738
596.6361,151.3064,195.1759,196.1753
597.4295,152.0929,195.2455,196.2443
598.2603,152.9019,196.2090,196.2090
2
0
0
0
0
1
563.7747,103.5274,50.6122,60.0962
563.6868,103.6341,50.7947,59.8819
562.7621,103.5313,51.2176,60.6744
562.0146,103.4734,51.6874,60.7399
559.7238,103.5120,54.5890,63.2927
548.0000,104.0000,50.0000,58.0000
534.0000,104.0000,49.0000,58.0000
523.0000,107.0000,49.0000,57.0000
517.0000,108.0000,56.0000,65.0000
516.0000,108.0000,58.0000,68.0000
516.0000,108.0000,57.0000,67.0000
517.0000,108.0000,56.0000,65.0000
517.0000,107.0000,56.0000,66.0000
517.0000,107.0000,56.0000,65.0000
517.0000,107.0000,56.0000,65.0000
517.0000,107.0000,56.0000,65.0000
517.0000,107.0000,56.0000,65.0000
517.0000,107.0000,56.0000,65.0000
517.0000,107.0000,56.0000,65.0000
517.0000,107.0000,56.0000,65.0000
517.0000,107.0000,56.0000,65.0000
517.0000,107.0000,56.0000,65.0000
518.0000,107.0000,54.0000,63.0000
521.0000,106.0000,50.0000,59.0000
532.0000,105.0000,42.0000,50.0000
547.0000,105.0000,38.0000,47.0000
534.0000,93.0000,43.0000,56.0000
524.0000,82.0000,47.0000,58.0000
516.0000,74.0000,56.0000,70.0000
2
0
0
0
0
1
553.0380,100.1922,60.6846,62.7009
553.3203,100.4709,60.5038,62.7617
553.7123,100.8764,60.5699,62.5789
553.3906,100.8093,60.8529,62.5981
553.7992,100.2191,60.5250,63.0282
553.7532,99.8827,60.5160,62.7688
553.3442,99.6922,60.1618,61.6666
554.4695,100.0111,59.5487,61.5417
554.8098,100.2988,59.7061,61.2119
554.7977,100.1267,59.7297,61.4856
555.0505,100.5868,59.0944,60.5852
554.8987,99.8440,59.4796,61.2259
554.3631,99.2909,59.9129,61.4096
554.5172,99.3938,60.6036,61.5967
554.1413,99.0030,60.5568,62.0035
549.0000,101.0000,53.0000,55.0000
522.0000,89.0000,57.0000,62.0000
509.0000,78.0000,63.0000,69.0000
498.0000,66.0000,68.0000,75.0000
487.0000,55.0000,76.0000,84.0000
474.0000,42.0000,83.0000,91.0000
460.0000,29.0000,93.0000,105.0000
2
0
0
0
0
1
546.2419,98.2570,79.5454,63.6433
545.6459,98.4997,80.7849,64.6512
544.8876,97.9430,81.1253,65.6614
544.6404,97.2624,81.4120,66.4769
542.8320,96.9715,82.7795,67.3683
542.4016,96.6589,83.2318,68.3000
542.7502,97.2217,82.4876,67.7580
541.8406,97.3023,82.3320,67.3904
540.3542,96.8566,82.3826,66.8128
540.4515,96.4312,81.5078,67.0112
540.0651,95.9459,81.9875,67.9540
541.6557,95.2961,79.7948,66.7499
546.9890,95.1695,79.3737,68.0918
564.0000,98.0000,63.0000,52.0000
569.0000,97.0000,63.0000,52.0000
570.0000,96.0000,63.0000,52.0000
570.0000,96.0000,63.0000,52.0000
570.0000,96.0000,64.0000,52.0000
571.0000,96.0000,63.0000,52.0000
571.0000,96.0000,63.0000,52.0000
571.0000,96.0000,63.0000,52.0000
571.0000,96.0000,63.0000,52.0000
571.0000,96.0000,63.0000,52.0000
571.0000,96.0000,63.0000,52.0000
571.0000,96.0000,63.0000,52.0000
571.0000,96.0000,63.0000,52.0000
571.0000,96.0000,63.0000,52.0000
572.0000,96.0000,62.0000,52.0000
572.0000,96.0000,63.0000,52.0000
572.0000,96.0000,63.0000,52.0000
572.0000,96.0000,63.0000,52.0000
572.0000,96.0000,63.0000,52.0000
573.0000,96.0000,63.0000,52.0000
574.0000,96.0000,63.0000,52.0000
578.0000,96.0000,65.0000,54.0000
580.0000,93.0000,84.0000,73.0000
579.0000,91.0000,105.0000,92.0000
580.0000,90.0000,110.0000,98.0000
582.0000,91.0000,108.0000,95.0000
582.0000,91.0000,107.0000,95.0000
583.0000,91.0000,106.0000,93.0000
583.0000,91.0000,107.0000,94.0000
584.0000,91.0000,107.0000,94.0000
584.0000,91.0000,107.0000,95.0000
584.0000,91.0000,107.0000,95.0000
585.0000,92.0000,106.0000,94.0000
585.0000,92.0000,108.0000,95.0000
586.0000,92.0000,108.0000,96.0000
586.0000,92.0000,109.0000,96.0000
587.0000,92.0000,108.0000,96.0000
588.0000,92.0000,108.0000,96.0000
588.0000,92.0000,107.0000,95.0000
589.0000,92.0000,107.0000,95.0000
589.0000,92.0000,107.0000,96.0000
588.0000,92.0000,109.0000,96.0000
589.0000,92.0000,107.0000,96.0000
589.0000,92.0000,107.0000,96.0000
589.0000,92.0000,106.0000,93.0000
593.0000,95.0000,85.0000,74.0000
576.0000,99.0000,61.0000,62.0000
560.0604,92.4984,87.0915,79.8327
559.4789,91.9931,85.3822,72.7680
551.3989,84.2053,102.4302,89.4645
548.8779,81.4514,109.9922,97.0783
550.0320,82.4560,110.5765,98.5157
551.8373,83.6985,110.6495,98.7384
553.1844,84.5917,110.4060,98.4700
554.4105,85.2220,110.5953,98.2722
555.1705,85.6070,112.1510,99.0868
555.7988,85.8683,113.4065,100.4056
556.1691,86.3396,113.3704,100.3978
557.0043,87.0851,114.5716,101.5552
557.5538,87.7901,115.6130,102.5947
558.2220,88.7920,115.2732,102.2583
559.4122,89.8831,114.6983,101.7684
560.6932,90.8661,114.7167,101.7596
561.8904,91.5984,114.0770,102.0828
562.1176,91.7959,115.6341,103.5469
562.7813,92.4590,117.0853,104.0271
563.1700,92.4576,118.4211,105.5051
563.8596,92.9469,119.0061,106.0313
564.5516,93.9250,119.6700,106.7527
564.7006,93.8647,120.3669,108.1238
563.6197,93.2691,122.4907,112.2889
607.6197,47.2691,141.0000,129.0000
609.6197,35.0000,122.0000,130.0000
603.6197,20.0000,125.0000,142.0000
602.6197,19.0000,143.0000,170.0000
598.6197,12.0000,137.0000,166.0000
600.6197,15.0000,161.0000,191.0000
597.6197,8.0000,164.0000,195.0000
599.6197,17.0000,174.0000,230.0000
599.6197,15.0000,171.0000,219.0000
598.6197,12.0000,177.0000,246.0000
599.6197,10.0000,176.0000,260.0000
594.6197,2.0000,185.0000,280.0000
593.6197,2.0000,188.0000,291.0000
588.6197,2.0000,196.0000,292.0000
572.6197,2.0000,216.0000,293.0000
546.6197,2.0000,241.0000,294.0000
514.6197,2.0000,271.0000,292.0000
465.6197,2.0000,306.0000,282.0000
371.6197,2.0000,325.0000,276.0000
369.6197,2.0000,358.0000,255.0000
366.6197,2.0000,380.0000,248.0000
364.6197,2.0000,425.0000,261.0000
361.6197,2.0000,437.0000,258.0000
326.6197,2.0000,483.0000,275.0000
313.6197,2.0000,497.0000,261.0000
236.6197,2.0000,576.0000,281.0000
144.0000,2.0000,616.0000,251.0000
132.0000,2.0000,693.0000,267.0000
128.0000,2.0000,705.0000,267.0000
120.0000,2.0000,755.0000,273.0000
117.0000,2.0000,767.0000,269.0000
108.0000,2.0000,804.0000,258.0000
91.0000,2.0000,872.0000,245.0000
90.0000,2.0000,996.0000,251.0000
76.0000,2.0000,1192.0000,259.0000
65.0000,2.0000,1216.0000,258.0000
67.0000,2.0000,1214.0000,258.0000
68.0000,2.0000,1213.0000,260.0000
68.0000,2.0000,1213.0000,260.0000
68.0000,2.0000,1213.0000,261.0000
68.0000,2.0000,1213.0000,262.0000
589.5555,90.5825,119.7213,110.9505
593.4788,91.2793,118.3058,110.4987
594.7433,92.0073,120.6844,112.6556
596.2261,93.4664,119.3154,112.3762
597.2691,94.4681,120.6478,113.7862
597.6613,94.8309,122.6902,115.7822
598.5120,95.5062,122.6718,116.7310
599.5785,96.4021,121.6794,115.7135
600.3797,97.3016,121.1906,116.2254
601.7116,98.0304,120.5548,115.5979
602.5478,98.9340,120.0630,116.0630
603.3065,99.4125,119.0226,115.0683
604.2075,100.4063,119.0497,115.0566
604.5518,100.6972,118.9508,114.9613
605.5168,101.5255,118.8121,114.8249
606.2659,102.2114,118.1994,114.2110
606.8530,102.7916,119.0954,115.0803
606.3937,102.8906,119.5205,115.5931
606.9158,103.7575,120.1213,115.1360
607.0399,104.4294,121.0911,116.1124
607.7007,105.2563,121.6107,117.6227
608.4799,106.0500,121.2565,118.2590
609.1083,106.6511,122.8176,118.8124
609.6622,107.3005,123.7901,118.7833
610.5944,108.4445,123.0749,119.0815
608.5839,106.5441,127.0692,123.5781
604.9065,104.0917,131.4568,127.6871
603.8777,107.5944,127.2650,124.5041
648.8777,118.5944,105.0000,107.0000
637.8777,108.5944,95.0000,100.0000
636.8777,106.5944,100.0000,108.0000
635.8777,104.5944,108.0000,115.0000
633.8777,103.5944,118.0000,126.0000
630.8777,102.5944,128.0000,136.0000
628.8777,101.5944,141.0000,149.0000
629.8777,99.5944,144.0000,154.0000
630.8777,94.5944,150.0000,163.0000
628.8777,81.5944,157.0000,173.0000
620.8777,71.0000,172.0000,193.0000
618.8777,58.0000,176.0000,213.0000
614.8777,34.0000,185.0000,238.0000
611.8777,12.0000,194.0000,267.0000
608.8777,2.0000,207.0000,283.0000
548.8777,2.0000,231.0000,295.0000
461.8777,2.0000,269.0000,293.0000
381.8777,2.0000,277.0000,281.0000
378.8777,2.0000,314.0000,253.0000
380.8777,2.0000,316.0000,222.0000
379.8777,2.0000,372.0000,208.0000
352.8777,2.0000,359.0000,171.0000
359.8777,2.0000,401.0000,147.0000
308.8777,2.0000,426.0000,143.0000
189.8777,2.0000,484.0000,149.0000
146.0000,2.0000,535.0000,136.0000
136.0000,2.0000,611.0000,139.0000
134.0000,2.0000,639.0000,141.0000
130.0000,2.0000,676.0000,155.0000
125.0000,2.0000,729.0000,168.0000
122.0000,2.0000,774.0000,180.0000
118.0000,2.0000,821.0000,182.0000
108.0000,2.0000,959.0000,207.0000
94.0000,2.0000,1150.0000,214.0000
90.0000,2.0000,1191.0000,246.0000
90.0000,2.0000,1191.0000,258.0000
90.0000,2.0000,1191.0000,264.0000
92.0000,2.0000,1189.0000,266.0000
93.0000,2.0000,1188.0000,267.0000
94.0000,2.0000,1187.0000,266.0000
95.0000,2.0000,1186.0000,268.0000
97.0000,2.0000,1184.0000,260.0000
99.0000,2.0000,1182.0000,254.0000
101.0000,2.0000,1180.0000,249.0000
99.0000,2.0000,1182.0000,247.0000
102.0000,2.0000,1179.0000,246.0000
105.0000,2.0000,1176.0000,247.0000
106.0000,2.0000,1175.0000,248.0000
106.0000,2.0000,1175.0000,249.0000
107.0000,2.0000,1174.0000,247.0000
106.0000,2.0000,1175.0000,248.0000
107.0000,2.0000,1174.0000,246.0000
110.0000,2.0000,1171.0000,243.0000
109.0000,2.0000,1172.0000,242.0000
108.0000,2.0000,1173.0000,243.0000
104.0000,2.0000,1177.0000,246.0000
103.0000,2.0000,1178.0000,249.0000
104.0000,2.0000,1177.0000,250.0000
105.0000,2.0000,1176.0000,251.0000
105.0000,2.0000,1176.0000,251.0000
105.0000,2.0000,1176.0000,250.0000
105.0000,2.0000,1176.0000,249.0000
106.0000,2.0000,1175.0000,249.0000
107.0000,2.0000,1174.0000,248.0000
107.0000,2.0000,1174.0000,247.0000
106.0000,2.0000,1175.0000,249.0000
109.0000,2.0000,1172.0000,250.0000
110.0000,2.0000,1171.0000,247.0000
111.0000,2.0000,1170.0000,246.0000
112.0000,2.0000,1169.0000,244.0000
115.0000,2.0000,1166.0000,242.0000
115.0000,2.0000,1166.0000,241.0000
116.0000,2.0000,1165.0000,239.0000
117.0000,2.0000,1164.0000,240.0000
119.0000,2.0000,1162.0000,238.0000
117.0000,2.0000,1164.0000,237.0000
117.0000,2.0000,1164.0000,238.0000
118.0000,2.0000,1163.0000,239.0000
119.0000,2.0000,1162.0000,238.0000
119.0000,2.0000,1162.0000,240.0000
119.0000,2.0000,1162.0000,242.0000
121.0000,2.0000,1160.0000,242.0000
122.0000,2.0000,1159.0000,243.0000
124.0000,2.0000,1157.0000,243.0000
126.0000,2.0000,1155.0000,244.0000
127.0000,2.0000,1154.0000,247.0000
127.0000,2.0000,1154.0000,248.0000
125.0000,2.0000,1156.0000,250.0000
128.0000,2.0000,1153.0000,251.0000
130.0000,2.0000,1151.0000,250.0000
131.0000,2.0000,1150.0000,249.0000
132.0000,2.0000,1149.0000,250.0000
133.0000,2.0000,1148.0000,251.0000
133.0000,2.0000,1148.0000,250.0000
135.0000,2.0000,1146.0000,251.0000
135.0000,2.0000,1146.0000,251.0000
135.0000,2.0000,1146.0000,251.0000
134.0000,2.0000,1147.0000,253.0000
132.0000,2.0000,1149.0000,252.0000
133.0000,2.0000,1148.0000,251.0000
138.0000,2.0000,1143.0000,253.0000
137.0000,2.0000,1144.0000,250.0000
136.0000,2.0000,1145.0000,250.0000
137.0000,2.0000,1144.0000,252.0000
137.0000,2.0000,1144.0000,253.0000
138.0000,2.0000,1143.0000,251.0000
137.0000,2.0000,1144.0000,253.0000
138.0000,2.0000,1143.0000,252.0000
140.0000,2.0000,1141.0000,243.0000
140.0000,2.0000,1141.0000,241.0000
149.0000,2.0000,1132.0000,239.0000
155.0000,2.0000,1126.0000,237.0000
157.0000,2.0000,1124.0000,237.0000
159.0000,2.0000,1122.0000,242.0000
159.0000,2.0000,1122.0000,242.0000
160.0000,2.0000,1121.0000,241.0000
161.0000,2.0000,1120.0000,241.0000
167.0000,2.0000,1114.0000,241.0000
164.0000,2.0000,1117.0000,243.0000
153.0000,2.0000,1128.0000,244.0000
148.0000,2.0000,1133.0000,245.0000
149.0000,2.0000,1132.0000,247.0000
149.0000,2.0000,1132.0000,248.0000
151.0000,2.0000,1130.0000,249.0000
151.0000,2.0000,1130.0000,251.0000
153.0000,2.0000,1128.0000,250.0000
153.0000,2.0000,1128.0000,255.0000
154.0000,2.0000,1127.0000,256.0000
153.0000,2.0000,1128.0000,259.0000
153.0000,2.0000,1128.0000,265.0000
152.0000,2.0000,1129.0000,267.0000
153.0000,2.0000,1128.0000,270.0000
155.0000,2.0000,1126.0000,272.0000
156.0000,2.0000,1125.0000,273.0000
157.0000,2.0000,1124.0000,274.0000
157.0000,2.0000,1124.0000,274.0000
156.0000,2.0000,1125.0000,272.0000
156.0000,2.0000,1125.0000,273.0000
157.0000,2.0000,1124.0000,274.0000
157.0000,2.0000,1124.0000,275.0000
158.0000,2.0000,1123.0000,275.0000
155.0000,2.0000,1126.0000,273.0000
154.0000,2.0000,1127.0000,270.0000
157.0000,2.0000,1124.0000,271.0000
157.0000,2.0000,1124.0000,271.0000
158.0000,2.0000,1123.0000,270.0000
160.0000,2.0000,1121.0000,267.0000
161.0000,2.0000,1120.0000,264.0000
163.0000,2.0000,1118.0000,267.0000
165.0000,2.0000,1116.0000,269.0000
164.0000,2.0000,1117.0000,270.0000
163.0000,2.0000,1118.0000,267.0000
161.0000,2.0000,1120.0000,266.0000
165.0000,2.0000,1116.0000,268.0000
164.0000,2.0000,1117.0000,269.0000
164.0000,2.0000,1117.0000,271.0000
165.0000,2.0000,1116.0000,273.0000
165.0000,2.0000,1116.0000,275.0000
164.0000,2.0000,1117.0000,277.0000
166.0000,2.0000,1115.0000,277.0000
168.0000,2.0000,1113.0000,278.0000
167.0000,2.0000,1114.0000,277.0000
165.0000,2.0000,1116.0000,280.0000
162.0000,2.0000,1119.0000,281.0000
160.0000,2.0000,1121.0000,281.0000
161.0000,2.0000,1120.0000,283.0000
161.0000,2.0000,1120.0000,283.0000
161.0000,2.0000,1120.0000,281.0000
161.0000,2.0000,1120.0000,281.0000
161.0000,2.0000,1120.0000,281.0000
161.0000,2.0000,1120.0000,281.0000
160.0000,2.0000,1121.0000,278.0000
160.0000,2.0000,1121.0000,282.0000
159.0000,2.0000,1122.0000,282.0000
163.0000,2.0000,1118.0000,283.0000
165.0000,2.0000,1116.0000,283.0000
164.0000,2.0000,1117.0000,282.0000
166.0000,2.0000,1115.0000,286.0000
167.0000,2.0000,1114.0000,286.0000
169.0000,2.0000,1112.0000,288.0000
170.0000,2.0000,1111.0000,287.0000
171.0000,2.0000,1110.0000,290.0000
170.0000,2.0000,1111.0000,288.0000
170.0000,2.0000,1111.0000,288.0000
165.0000,2.0000,1116.0000,285.0000
163.0000,2.0000,1118.0000,285.0000
162.0000,2.0000,1119.0000,285.0000
162.0000,2.0000,1119.0000,282.0000
161.0000,2.0000,1120.0000,285.0000
162.0000,2.0000,1119.0000,285.0000
162.0000,2.0000,1119.0000,284.0000
162.0000,2.0000,1119.0000,282.0000
162.0000,2.0000,1119.0000,281.0000
162.0000,2.0000,1119.0000,282.0000
162.0000,2.0000,1119.0000,282.0000
161.0000,2.0000,1120.0000,284.0000
167.0000,2.0000,1114.0000,284.0000
169.0000,2.0000,1112.0000,288.0000
169.0000,2.0000,1112.0000,287.0000
168.0000,2.0000,1113.0000,287.0000
171.0000,2.0000,1110.0000,289.0000
169.0000,2.0000,1112.0000,289.0000
167.0000,2.0000,1114.0000,287.0000
165.0000,2.0000,1116.0000,286.0000
162.0000,2.0000,1119.0000,285.0000
166.0000,2.0000,1115.0000,284.0000
165.0000,2.0000,1116.0000,284.0000
161.0000,2.0000,1120.0000,285.0000
162.0000,2.0000,1119.0000,285.0000
161.0000,2.0000,1120.0000,289.0000
161.0000,2.0000,1120.0000,288.0000
162.0000,2.0000,1119.0000,287.0000
162.0000,2.0000,1119.0000,288.0000
163.0000,2.0000,1118.0000,286.0000
163.0000,2.0000,1118.0000,285.0000
163.0000,2.0000,1118.0000,284.0000
161.0000,2.0000,1120.0000,284.0000
163.0000,2.0000,1118.0000,286.0000
167.0000,2.0000,1114.0000,285.0000
170.0000,2.0000,1111.0000,285.0000
171.0000,2.0000,1110.0000,285.0000
168.0000,2.0000,1113.0000,287.0000
170.0000,2.0000,1111.0000,285.0000
171.0000,2.0000,1110.0000,287.0000
172.0000,2.0000,1109.0000,287.0000
173.0000,2.0000,1108.0000,286.0000
167.0000,2.0000,1114.0000,285.0000
165.0000,2.0000,1116.0000,284.0000
165.0000,2.0000,1116.0000,283.0000
165.0000,2.0000,1116.0000,287.0000
166.0000,2.0000,1115.0000,288.0000
167.0000,2.0000,1114.0000,290.0000
170.0000,2.0000,1111.0000,289.0000
168.0000,2.0000,1113.0000,289.0000
169.0000,2.0000,1112.0000,287.0000
170.0000,2.0000,1111.0000,289.0000
170.0000,2.0000,1111.0000,289.0000
170.0000,2.0000,1111.0000,289.0000
168.0000,2.0000,1113.0000,291.0000
171.0000,2.0000,1110.0000,295.0000
176.0000,2.0000,1105.0000,293.0000
175.0000,2.0000,1106.0000,295.0000
176.0000,2.0000,1105.0000,293.0000
175.0000,2.0000,1106.0000,293.0000
178.0000,2.0000,1103.0000,294.0000
177.0000,2.0000,1104.0000,295.0000
176.0000,2.0000,1105.0000,294.0000
179.0000,2.0000,1102.0000,295.0000
183.0000,2.0000,1098.0000,295.0000
174.0000,2.0000,1107.0000,294.0000
177.0000,2.0000,1104.0000,293.0000
180.0000,2.0000,1101.0000,294.0000
178.0000,2.0000,1103.0000,292.0000
177.0000,2.0000,1104.0000,292.0000
178.0000,2.0000,1103.0000,291.0000
177.0000,2.0000,1104.0000,290.0000
178.0000,2.0000,1103.0000,290.0000
177.0000,2.0000,1104.0000,290.0000
179.0000,2.0000,1102.0000,291.0000
180.0000,2.0000,1101.0000,289.0000
179.0000,2.0000,1102.0000,286.0000
180.0000,2.0000,1101.0000,286.0000
180.0000,2.0000,1101.0000,283.0000
189.0000,2.0000,1092.0000,281.0000
192.0000,2.0000,1089.0000,282.0000
194.0000,2.0000,1087.0000,279.0000
190.0000,2.0000,1091.0000,279.0000
194.0000,2.0000,1087.0000,277.0000
192.0000,2.0000,1089.0000,283.0000
192.0000,2.0000,1089.0000,283.0000
192.0000,2.0000,1089.0000,284.0000
190.0000,2.0000,1091.0000,286.0000
188.0000,2.0000,1093.0000,282.0000
187.0000,2.0000,1094.0000,284.0000
190.0000,2.0000,1091.0000,279.0000
192.0000,2.0000,1089.0000,278.0000
192.0000,2.0000,1089.0000,279.0000
193.0000,2.0000,1088.0000,277.0000
193.0000,2.0000,1088.0000,275.0000
197.0000,2.0000,1084.0000,272.0000
198.0000,2.0000,1083.0000,271.0000
200.0000,2.0000,1081.0000,274.0000
201.0000,2.0000,1080.0000,275.0000
200.0000,2.0000,1081.0000,273.0000
204.0000,2.0000,1077.0000,275.0000
205.0000,2.0000,1076.0000,277.0000
205.0000,2.0000,1076.0000,274.0000
206.0000,2.0000,1075.0000,279.0000
201.0000,2.0000,1080.0000,282.0000
206.0000,2.0000,1075.0000,284.0000
211.0000,2.0000,1070.0000,285.0000
211.0000,2.0000,1070.0000,289.0000
216.0000,2.0000,1065.0000,287.0000
209.0000,2.0000,1072.0000,287.0000
210.0000,2.0000,1071.0000,286.0000
203.0000,2.0000,1078.0000,289.0000
200.0000,2.0000,1081.0000,288.0000
197.0000,2.0000,1084.0000,289.0000
196.0000,2.0000,1085.0000,291.0000
196.0000,2.0000,1085.0000,294.0000
194.0000,2.0000,1087.0000,294.0000
193.0000,2.0000,1088.0000,294.0000
194.0000,2.0000,1087.0000,294.0000
195.0000,2.0000,1086.0000,292.0000
193.0000,2.0000,1088.0000,293.0000
194.0000,2.0000,1087.0000,292.0000
194.0000,2.0000,1087.0000,290.0000
195.0000,2.0000,1086.0000,288.0000
194.0000,2.0000,1087.0000,288.0000
195.0000,2.0000,1086.0000,287.0000
197.0000,2.0000,1084.0000,283.0000
198.0000,2.0000,1083.0000,287.0000
198.0000,2.0000,1083.0000,290.0000
199.0000,2.0000,1082.0000,290.0000
199.0000,2.0000,1082.0000,288.0000
199.0000,2.0000,1082.0000,289.0000
199.0000,2.0000,1082.0000,286.0000
200.0000,2.0000,1081.0000,288.0000
201.0000,2.0000,1080.0000,290.0000
202.0000,2.0000,1079.0000,290.0000
204.0000,2.0000,1077.0000,292.0000
204.0000,2.0000,1077.0000,291.0000
205.0000,2.0000,1076.0000,293.0000
206.0000,2.0000,1075.0000,291.0000
206.0000,2.0000,1075.0000,291.0000
206.0000,2.0000,1075.0000,291.0000
206.0000,2.0000,1075.0000,291.0000
207.0000,2.0000,1074.0000,290.0000
206.0000,2.0000,1075.0000,289.0000
204.0000,2.0000,1077.0000,289.0000
205.0000,2.0000,1076.0000,290.0000
206.0000,2.0000,1075.0000,289.0000
208.0000,2.0000,1073.0000,288.0000
208.0000,2.0000,1073.0000,289.0000
209.0000,2.0000,1072.0000,289.0000
209.0000,2.0000,1072.0000,288.0000
211.0000,2.0000,1070.0000,290.0000
217.0000,2.0000,1064.0000,287.0000
214.0000,2.0000,1067.0000,290.0000
222.0000,2.0000,1059.0000,290.0000
221.0000,2.0000,1060.0000,291.0000
238.0000,2.0000,1043.0000,290.0000
240.0000,2.0000,1041.0000,293.0000
241.0000,2.0000,1040.0000,293.0000
244.0000,2.0000,1037.0000,293.0000
249.0000,2.0000,1032.0000,295.0000
247.0000,2.0000,1034.0000,295.0000
246.0000,2.0000,1035.0000,296.0000
254.0000,2.0000,1027.0000,295.0000
252.0000,2.0000,1029.0000,296.0000
251.0000,2.0000,1030.0000,295.0000
252.0000,2.0000,1029.0000,295.0000
254.0000,2.0000,1027.0000,295.0000
257.0000,2.0000,1024.0000,296.0000
261.0000,2.0000,1020.0000,295.0000
264.0000,2.0000,1017.0000,296.0000
269.0000,2.0000,1012.0000,296.0000
279.0000,2.0000,1002.0000,296.0000
279.0000,2.0000,1002.0000,296.0000
281.0000,2.0000,1000.0000,296.0000
281.0000,2.0000,1000.0000,296.0000
284.0000,2.0000,997.0000,298.0000
288.0000,2.0000,993.0000,298.0000
291.0000,2.0000,990.0000,297.0000
294.0000,2.0000,987.0000,298.0000
