1
509.0000,199.0000,54.0000,30.0000
504.5000,199.0000,55.0000,30.0000
488.5000,200.0000,55.0000,30.0000
476.0000,203.0000,54.0000,30.0000
492.0000,195.0000,54.0000,30.0000
472.5000,200.0000,55.0000,30.0000
451.5000,190.0000,55.0000,30.0000
447.0000,190.0000,54.0000,30.0000
412.0000,202.0000,54.0000,30.0000
434.5000,197.0000,55.0000,30.0000
426.5000,197.0000,55.0000,30.0000
423.5000,193.0000,55.0000,30.0000
371.0000,205.0000,56.0000,30.0000
364.0000,203.0000,56.0000,30.0000
354.0000,200.0000,56.0000,30.0000
336.0000,198.0000,56.0000,30.0000
354.5000,192.5000,57.0000,31.0000
347.5000,178.5000,57.0000,31.0000
338.0000,177.5000,58.0000,31.0000
310.0000,171.5000,58.0000,31.0000
315.5000,163.5000,57.0000,31.0000
307.0000,165.0000,56.0000,30.0000
300.5000,164.0000,55.0000,30.0000
293.0000,159.0000,56.0000,30.0000
295.5000,139.5000,57.0000,31.0000
292.0000,139.0000,56.0000,30.0000
2
0
0
0
0
1
180.5000,166.5000,55.0000,33.0000
168.0000,152.0000,56.0000,34.0000
163.5000,155.0000,57.0000,34.0000
159.0000,152.0000,56.0000,34.0000
121.5000,155.0000,57.0000,34.0000
123.5000,159.0000,57.0000,34.0000
124.5000,166.0000,57.0000,34.0000
131.5000,151.0000,57.0000,34.0000
130.0000,170.0000,58.0000,34.0000
130.0000,175.5000,58.0000,35.0000
133.5000,170.5000,59.0000,35.0000
135.0000,171.5000,58.0000,35.0000
141.5000,179.5000,59.0000,35.0000
146.5000,184.5000,59.0000,35.0000
148.5000,186.5000,59.0000,35.0000
152.0000,189.0000,60.0000,36.0000
156.5000,192.5000,59.0000,35.0000
157.0000,192.0000,60.0000,36.0000
159.5000,195.5000,59.0000,35.0000
2
0
0
0
0
1
167.0000,179.5000,38.0000,31.0000
167.0000,177.5000,38.0000,31.0000
169.0000,179.5000,38.0000,31.0000
183.0000,182.5000,38.0000,31.0000
185.0000,182.5000,38.0000,31.0000
187.0000,185.5000,38.0000,31.0000
212.0000,184.5000,38.0000,31.0000
214.0000,184.0000,38.0000,32.0000
2
0
0
0
0
1
193.5000,183.5000,45.0000,53.0000
198.0000,186.0000,44.0000,52.0000
198.5000,187.5000,45.0000,53.0000
203.0000,190.0000,46.0000,54.0000
208.5000,191.5000,45.0000,53.0000
209.0000,193.0000,46.0000,54.0000
213.5000,195.5000,45.0000,53.0000
217.0000,198.0000,44.0000,52.0000
218.0000,199.0000,44.0000,52.0000
221.0000,200.0000,44.0000,52.0000
226.0000,206.0000,44.0000,52.0000
230.0000,206.0000,44.0000,52.0000
236.0000,213.0000,44.0000,52.0000
240.5000,210.5000,45.0000,53.0000
241.0000,209.0000,46.0000,54.0000
245.5000,207.5000,47.0000,55.0000
251.0000,212.0000,48.0000,56.0000
255.0000,216.0000,48.0000,56.0000
261.5000,221.5000,49.0000,57.0000
265.0000,225.0000,50.0000,58.0000
268.5000,225.5000,49.0000,57.0000
273.5000,226.5000,49.0000,57.0000
280.0000,228.0000,48.0000,56.0000
287.0000,231.0000,48.0000,56.0000
296.5000,235.5000,47.0000,55.0000
303.5000,238.5000,47.0000,55.0000
305.0000,242.0000,48.0000,56.0000
306.0000,244.0000,48.0000,56.0000
307.5000,250.5000,49.0000,57.0000
309.0000,251.0000,50.0000,58.0000
309.5000,252.5000,51.0000,59.0000
315.0000,255.0000,50.0000,58.0000
2
0
0
0
0
1
268.0000,276.5000,62.0000,39.0000
271.0000,279.5000,62.0000,39.0000
273.5000,284.0000,63.0000,40.0000
276.5000,289.0000,63.0000,40.0000
280.0000,291.5000,62.0000,39.0000
283.0000,294.5000,62.0000,39.0000
284.0000,294.5000,62.0000,39.0000
286.5000,294.5000,61.0000,39.0000
270.0000,288.5000,62.0000,39.0000
270.5000,290.5000,61.0000,39.0000
267.5000,290.5000,61.0000,39.0000
263.0000,294.5000,62.0000,39.0000
257.0000,296.5000,62.0000,39.0000
253.5000,295.5000,61.0000,39.0000
252.0000,295.0000,60.0000,38.0000
253.0000,298.0000,60.0000,38.0000
255.5000,299.0000,59.0000,38.0000
253.0000,298.5000,58.0000,37.0000
253.0000,301.5000,58.0000,37.0000
252.5000,303.0000,59.0000,38.0000
246.5000,308.0000,59.0000,38.0000
244.5000,310.0000,59.0000,38.0000
247.0000,310.0000,60.0000,38.0000
243.5000,310.0000,59.0000,38.0000
244.5000,315.0000,59.0000,38.0000
245.0000,317.5000,58.0000,37.0000
244.5000,321.0000,59.0000,38.0000
244.0000,327.5000,58.0000,37.0000
243.0000,329.5000,58.0000,37.0000
238.0000,337.5000,58.0000,37.0000
239.5000,342.5000,57.0000,37.0000
240.0000,345.0000,56.0000,36.0000
245.5000,346.5000,57.0000,37.0000
278.0000,347.0000,56.0000,36.0000
280.0000,347.0000,56.0000,36.0000
286.0000,347.0000,56.0000,36.0000
288.0000,346.0000,56.0000,36.0000
289.0000,345.0000,56.0000,36.0000
2
0
0
0
0
1
224.0000,337.5000,56.0000,43.0000
225.5000,336.0000,57.0000,44.0000
226.0000,336.0000,58.0000,44.0000
230.0000,335.5000,58.0000,45.0000
