1
508.0000,195.0000,562.0000,195.0000,562.0000,224.0000,508.0000,224.0000
502.0000,195.0000,556.0000,195.0000,556.0000,224.0000,502.0000,224.0000
490.0000,194.0000,544.0000,194.0000,544.0000,223.0000,490.0000,223.0000
479.0000,194.0000,533.0000,194.0000,533.0000,223.0000,479.0000,223.0000
474.0000,194.0000,528.0000,194.0000,528.0000,223.0000,474.0000,223.0000
457.0000,193.0000,511.0000,193.0000,511.0000,222.0000,457.0000,222.0000
439.0000,186.0000,493.0000,186.0000,493.0000,215.0000,439.0000,215.0000
430.0000,184.0000,484.0000,184.0000,484.0000,213.0000,430.0000,213.0000
416.0000,181.0000,471.1000,181.0000,471.1000,210.6000,416.0000,210.6000
390.0000,180.0000,448.7465,180.0000,448.7465,211.5890,390.0000,211.5890
393.0000,181.0000,452.0452,181.0000,452.0452,212.7519,393.0000,212.7519
388.0000,176.0000,446.4448,176.0000,446.4448,207.4244,388.0000,207.4244
376.0000,174.0000,433.5531,174.0000,433.5531,204.9381,376.0000,204.9381
369.0000,170.0000,426.2603,170.0000,426.2603,200.7784,369.0000,200.7784
355.0000,168.0000,412.5516,168.0000,412.5516,198.9373,355.0000,198.9373
348.0000,168.0000,405.8444,168.0000,405.8444,199.0970,348.0000,199.0970
344.0000,162.0000,402.4329,162.0000,402.4329,193.4179,344.0000,193.4179
321.0000,161.0000,377.3527,161.0000,377.3527,191.2833,321.0000,191.2833
313.0000,158.0000,368.7792,158.0000,368.7792,187.9705,313.0000,187.9705
307.0000,154.0000,363.0631,154.0000,363.0631,184.1253,307.0000,184.1253
297.0000,156.0000,353.6337,156.0000,353.6337,186.4366,297.0000,186.4366
278.0000,152.0000,333.7692,152.0000,333.7692,181.9650,278.0000,181.9650
266.0000,146.0000,320.9177,146.0000,320.9177,175.5005,266.0000,175.5005
229.0000,133.0000,283.9177,133.0000,283.9177,162.5005,229.0000,162.5005
2
0
0
0
0
1
213.0000,160.0000,257.0000,160.0000,257.0000,183.0000,213.0000,183.0000
207.0000,161.0000,251.0000,161.0000,251.0000,184.0000,207.0000,184.0000
202.0000,161.0000,246.0000,161.0000,246.0000,184.0000,202.0000,184.0000
187.0000,155.0000,231.0000,155.0000,231.0000,178.0000,187.0000,178.0000
2
0
0
0
0
1
154.0000,169.0000,194.0000,169.0000,194.0000,204.0000,154.0000,204.0000
158.0000,173.0000,198.0000,173.0000,198.0000,208.0000,158.0000,208.0000
170.0000,177.0000,208.7700,177.0000,208.7700,210.9200,170.0000,210.9200
177.0000,177.0000,214.1792,177.0000,214.1792,209.5232,177.0000,209.5232
178.0000,182.0000,214.0338,182.0000,214.0338,213.5175,178.0000,213.5175
2
0
0
0
0
1
155.0000,170.0000,188.8500,170.0000,188.8500,203.8500,155.0000,203.8500
155.0000,174.0000,189.5470,174.0000,189.5470,208.5470,155.0000,208.5470
159.0000,171.0000,194.4357,171.0000,194.4357,206.4357,159.0000,206.4357
163.0000,168.0000,199.5287,168.0000,199.5287,204.5287,163.0000,204.5287
164.0000,166.0000,201.8423,166.0000,201.8423,203.8423,164.0000,203.8423
167.0000,167.0000,206.3959,167.0000,206.3959,206.3959,167.0000,206.3959
169.0000,171.0000,209.8098,171.0000,209.8098,211.8098,169.0000,211.8098
172.0000,167.0000,214.0641,167.0000,214.0641,209.0641,172.0000,209.0641
176.0000,168.0000,219.1407,168.0000,219.1407,211.1407,176.0000,211.1407
177.0000,173.0000,221.0235,173.0000,221.0235,217.0235,177.0000,217.0235
181.0000,170.0000,226.3742,170.0000,226.3742,215.3742,181.0000,215.3742
181.0000,183.0000,227.0698,183.0000,227.0698,229.0698,181.0000,229.0698
187.0000,182.0000,234.0112,182.0000,234.0112,229.0112,187.0000,229.0112
188.0000,186.0000,235.9715,186.0000,235.9715,233.9715,188.0000,233.9715
192.0000,190.0000,239.7266,190.0000,239.7266,237.7266,192.0000,237.7266
195.0000,196.0000,242.2393,196.0000,242.2393,243.2393,195.0000,243.2393
198.0000,200.0000,244.5157,200.0000,244.5157,246.5157,198.0000,246.5157
203.0000,201.0000,248.5654,201.0000,248.5654,246.5654,203.0000,246.5654
209.0000,199.0000,253.8669,199.0000,253.8669,243.8669,209.0000,243.8669
212.0000,201.0000,256.1789,201.0000,256.1789,245.1789,212.0000,245.1789
217.0000,205.0000,260.7271,205.0000,260.7271,248.7271,217.0000,248.7271
221.0000,205.0000,264.0562,205.0000,264.0562,248.0562,221.0000,248.0562
223.0000,207.0000,264.9548,207.0000,264.9548,248.9548,223.0000,248.9548
227.0000,204.0000,268.9548,204.0000,268.9548,245.9548,227.0000,245.9548
231.0000,207.0000,273.5992,207.0000,273.5992,249.5992,231.0000,249.5992
216.0000,194.0000,257.5092,194.0000,257.5092,235.5092,216.0000,235.5092
212.0000,199.0000,252.2339,199.0000,252.2339,239.2339,212.0000,239.2339
215.0000,202.0000,252.7599,202.0000,252.7599,239.7599,215.0000,239.7599
218.0000,203.0000,253.6281,203.0000,253.6281,238.6281,218.0000,238.6281
224.0000,207.0000,258.1630,207.0000,258.1630,241.1629,224.0000,241.1629
228.0000,212.0000,260.4048,212.0000,260.4048,244.4048,228.0000,244.4048
232.0000,214.0000,263.2356,214.0000,263.2356,245.2356,232.0000,245.2356
237.0000,216.0000,267.2686,216.0000,267.2686,246.2686,237.0000,246.2686
245.0000,218.0000,274.6432,218.0000,274.6432,247.6432,245.0000,247.6432
252.0000,219.0000,281.4900,219.0000,281.4900,248.4900,252.0000,248.4900
250.0000,219.0000,280.2522,219.0000,280.2522,249.2522,250.0000,249.2522
252.0000,224.0000,282.8773,224.0000,282.8773,254.8773,252.0000,254.8773
255.0000,230.0000,286.0367,230.0000,286.0367,261.0367,255.0000,261.0367
259.0000,229.0000,290.6774,229.0000,290.6774,260.6774,259.0000,260.6774
264.0000,233.0000,296.4943,233.0000,296.4943,265.4943,264.0000,265.4943
264.0000,234.0000,297.3317,234.0000,297.3317,267.3317,264.0000,267.3317
270.0000,232.0000,304.0183,232.0000,304.0183,266.0183,270.0000,266.0183
259.0000,222.0000,293.7187,222.0000,293.7187,256.7187,259.0000,256.7187
259.0000,220.0000,294.2545,220.0000,294.2545,255.2545,259.0000,255.2545
266.0000,222.0000,301.9796,222.0000,301.9796,257.9796,266.0000,257.9796
273.0000,227.0000,309.3494,227.0000,309.3494,263.3494,273.0000,263.3494
272.0000,232.0000,308.1626,232.0000,308.1626,268.1626,272.0000,268.1626
262.0000,232.0000,297.6052,232.0000,297.6052,267.6052,262.0000,267.6052
264.0000,237.0000,298.6900,237.0000,298.6900,271.6900,264.0000,271.6900
267.0000,241.0000,301.3331,241.0000,301.3331,275.3331,267.0000,275.3331
266.0000,243.0000,299.9798,243.0000,299.9798,276.9798,266.0000,276.9798
266.0000,246.0000,299.9798,246.0000,299.9798,279.9798,266.0000,279.9798
268.0000,253.0000,301.2802,253.0000,301.2802,286.2802,268.0000,286.2802
266.0000,253.0000,298.5946,253.0000,298.5946,285.5946,266.0000,285.5946
267.0000,262.0000,299.5946,262.0000,299.5946,294.5946,267.0000,294.5946
268.0000,267.0000,300.7626,267.0000,300.7626,299.7626,268.0000,299.7626
269.0000,268.0000,302.1002,268.0000,302.1002,301.1002,269.0000,301.1002
278.0000,268.0000,310.4182,268.0000,310.4182,300.4182,278.0000,300.4182
279.0000,270.0000,311.4182,270.0000,311.4182,302.4182,279.0000,302.4182
284.0000,274.0000,316.7524,274.0000,316.7524,306.7524,284.0000,306.7524
283.0000,279.0000,316.2587,279.0000,316.2587,312.2587,283.0000,312.2587
282.0000,284.0000,315.4300,284.0000,315.4300,317.4300,282.0000,317.4300
286.0000,287.0000,319.7743,287.0000,319.7743,320.7743,286.0000,320.7743
284.0000,288.0000,317.0788,288.0000,317.0788,321.0788,284.0000,321.0788
286.0000,288.0000,318.0564,288.0000,318.0564,320.0564,286.0000,320.0564
287.0000,289.0000,318.5606,289.0000,318.5606,320.5606,287.0000,320.5606
283.0000,291.0000,314.5606,291.0000,314.5606,322.5606,283.0000,322.5606
282.0000,290.0000,313.5606,290.0000,313.5606,321.5606,282.0000,321.5606
270.0000,284.0000,301.7234,284.0000,301.7234,315.7234,270.0000,315.7234
267.0000,281.0000,299.5414,281.0000,299.5414,313.5414,267.0000,313.5414
264.0000,284.0000,297.0446,284.0000,297.0446,317.0446,264.0000,317.0446
264.0000,284.0000,297.2148,284.0000,297.2148,317.2148,264.0000,317.2148
263.0000,288.0000,296.0437,288.0000,296.0437,321.0437,263.0000,321.0437
265.0000,290.0000,297.1926,290.0000,297.1926,322.1926,265.0000,322.1926
266.0000,288.0000,297.6947,288.0000,297.6947,319.6947,266.0000,319.6947
270.0000,289.0000,301.2043,289.0000,301.2043,320.2043,270.0000,320.2043
272.0000,290.0000,303.2043,290.0000,303.2043,321.2043,272.0000,321.2043
271.0000,296.0000,301.3992,296.0000,301.3992,326.3992,271.0000,326.3992
271.0000,297.0000,301.0852,297.0000,301.0852,327.0852,271.0000,327.0852
274.0000,303.0000,303.4635,303.0000,303.4635,332.4635,274.0000,332.4635
272.0000,301.0000,301.7682,301.0000,301.7682,330.7682,272.0000,330.7682
274.0000,303.0000,304.0758,303.0000,304.0758,333.0758,274.0000,333.0758
276.0000,305.0000,306.3866,305.0000,306.3866,335.3866,276.0000,335.3866
272.0000,303.0000,303.6421,303.0000,303.6421,334.6421,272.0000,334.6421
280.0000,310.0000,311.1524,310.0000,311.1524,341.1524,280.0000,341.1524
281.0000,312.0000,313.1170,312.0000,313.1170,344.1170,281.0000,344.1170
282.0000,313.0000,315.1105,313.0000,315.1105,346.1105,282.0000,346.1105
288.0000,323.0000,320.9399,323.0000,320.9399,355.9399,288.0000,355.9399
277.0000,328.0000,309.7703,328.0000,309.7703,360.7703,277.0000,360.7703
290.0000,336.0000,322.2637,336.0000,322.2637,368.2637,290.0000,368.2637
293.0000,335.0000,325.9290,335.0000,325.9290,367.9290,293.0000,367.9290
295.0000,336.0000,328.6075,336.0000,328.6075,369.6075,295.0000,369.6075
2
0
0
0
0
1
236.0000,344.0000,285.0000,344.0000,285.0000,373.0000,236.0000,373.0000
239.0000,335.0000,288.2500,335.0000,288.2500,364.1500,239.0000,364.1500
239.0000,336.0000,288.7525,336.0000,288.7525,365.4515,239.0000,365.4515
240.0000,340.0000,290.2600,340.0000,290.2600,369.7560,240.0000,369.7560
240.0000,325.0000,291.2852,325.0000,291.2852,355.3711,240.0000,355.3711
243.0000,330.0000,295.0695,330.0000,295.0695,360.8417,243.0000,360.8417
242.0000,330.0000,295.1309,330.0000,295.1309,361.4785,242.0000,361.4785
233.0000,342.0000,285.8602,342.0000,285.8602,373.3161,233.0000,373.3161
