0.000285
17.547015
4.967839
4.636216
0.511674
0.556659
0.602494
0.461615
4.908666
0.528908
4.707511
0.470891
0.459749
4.768913
4.822708
0.438179
0.432425
4.678984
4.641526
0.586838
0.529962
0.429186
0.481806
0.505696
0.608916
0.58894
0.47196
0.564078
0.486146
4.578277
0.529163
0.5459580000000001
0.6015779999999999
0.474054
0.453096
0.463801
0.544415
0.485677
0.547241
0.5753470000000001
0.587111
0.469786
0.534251
0.62785
0.512975
0.453602
0.622997
4.797644
0.523797
0.560639
4.849023
0.414586
0.507603
4.336323
4.777141
4.887106
4.927062
4.933871
4.818431
4.559844
0.454863
0.421955
4.813474
0.463232
0.427644
0.405137
0.483127
0.483243
0.471788
0.459124
0.662123
0.6443759999999999
0.49062
0.451396
0.474942
0.497186
0.461426
0.470722
0.467281
0.50122
0.454213
0.474026
0.502785
0.549018
0.478224
0.640752
0.442867
0.467129
0.490284
4.333322
0.460301
0.493539
0.444962
0.42943
0.449592
0.405286
0.491658
0.442204
0.47437
0.417116
0.524771
0.437198
0.412005
0.409703
4.764489
0.457818
4.857244
0.525918
0.488874
0.449047
0.462112
0.479149
0.472609
0.45994
0.427741
0.416594
0.434556
0.462616
0.480814
4.342506
0.429611
0.463282
0.431843
0.42732
0.465953
0.478734
0.546229
0.420955
0.448807
0.421684
0.424111
0.467375
0.477563
0.415961
0.421116
0.429849
0.419285
0.434808
0.440438
0.41386
0.409335
0.443824
0.514792
0.431426
0.415776
0.551208
0.423941
0.438846
0.484195
4.353813
0.409262
0.396314
0.409674
0.424096
0.407217
0.391033
0.406413
0.415479
0.407277
0.390615
0.406449
0.427746
0.432612
0.410017
0.493642
0.428003
0.417305
0.408569
0.430253
0.414535
0.392138
0.447365
0.429858
0.431672
0.408502
0.465
0.413656
0.475566
0.451412
4.39202
0.58392
0.413361
0.420232
0.457485
0.423441
0.497761
0.408401
0.407522
0.462487
0.477425
0.456844
0.448763
0.476359
0.492716
0.428845
0.414696
0.453703
0.467447
0.408306
0.397763
0.427111
0.410139
0.452198
0.48385
4.729051
0.478995
0.529567
4.717937
4.859246
4.461439
4.757997
0.449258
0.415312
0.407785
0.415114
0.431509
0.43536
0.462309
0.421062
0.456082
0.495689
0.481745
0.43311
0.431456
0.452041
0.463626
0.5555909999999999
0.561232
0.548203
0.5143990000000001
0.433554
0.405198
0.477912
0.519329
0.469986
0.492754
0.473278
0.455856
0.425427
4.943155
4.793113
0.446326
0.408552
0.430471
0.411621
0.40659
0.492207
0.429344
0.4596
0.477482
0.494875
0.478973
0.426053
0.435578
0.453846
0.406531
0.470261
0.436462
0.438326
0.477327
0.453242
0.515646
0.455203
0.500796
0.47313
0.475792
0.543641
0.449705
0.460036
4.289588
0.463857
0.416573
0.451018
0.46041
0.399306
0.423536
0.393372
0.39344
0.407616
0.432703
0.424935
0.421271
0.483887
0.39548
4.770865
0.419348
0.465957
0.428591
0.448895
0.436647
0.407332
0.482828
0.423831
0.44362
0.423929
0.429285
4.705282
0.536531
0.418197
4.234442
0.42922
4.75977
0.454232
0.410038
0.44148
0.483021
0.487302
0.431888
0.462012
4.892369
0.482506
4.713445
4.73841
0.593295
0.464195
0.419567
0.452053
0.504142
0.441177
0.436675
0.420976
0.504532
0.45204
0.440865
0.417101
0.462781
0.441586
0.419391
0.482857
4.365917
0.438706
0.484744
0.471956
0.433865
0.454972
0.432042
4.895164
0.496398
0.425251
0.478188
0.432914
0.410646
0.431989
0.41898
0.440832
0.421522
0.428807
0.468289
0.443451
0.433071
0.465645
4.832418
4.812444
0.609839
4.809886
0.495002
0.43827
0.486107
0.438091
4.299371
0.464705
0.437704
0.47029
0.493434
0.472947
0.478268
0.475994
0.498756
0.479823
0.486344
0.483195
0.50879
0.461717
0.491155
0.486725
0.452039
0.444093
