0.000253
3.487173
NaN
NaN
NaN
NaN
0.000173
3.586567
0.042926
0.042994
0.04293
0.039331
0.048922
NaN
NaN
NaN
NaN
0.000142
3.119087
0.055359
0.054919
0.055018
0.0543
0.052427
0.055858
0.056467
NaN
0.056286
0.052109
0.052274
NaN
NaN
NaN
NaN
0.000145
3.353811
0.048963
0.05217
0.043641
0.043793
0.043511
0.046531
0.059243
0.05584
NaN
NaN
NaN
NaN
0.000154
3.317238
0.062472
0.06328499999999999
0.051589
0.0501
NaN
NaN
NaN
NaN
0.000143
3.627353
0.04325
0.043585
0.043283
0.043139
0.043335
0.04634
0.056748
0.055466
0.055695
0.057725
NaN
0.055475
0.055307
0.044865
0.053704
0.055346
0.055622
0.057434
0.057425
0.055289
0.055522
NaN
0.056062
0.055621
0.056132
0.055457
0.043828
0.043609
0.046318
0.050315
0.055951
0.055596
0.06815400000000001
NaN
0.061385
0.055808
0.05587
0.044371
0.044659
0.047987
0.055298
0.053688
0.055962
0.050618
NaN
NaN
NaN
NaN
0.000266
3.718021
0.056325
0.0555
0.048077
0.044102
0.04323
0.039224
NaN
NaN
NaN
NaN
0.000165
3.440969
0.039034
0.039148
NaN
NaN
NaN
NaN
0.000282
