1
624.0000,667.0000,58.0000,27.0000
617.0000,664.0000,58.0000,27.0000
617.0000,664.0000,58.0000,27.0000
617.0000,664.0000,58.0000,27.0000
617.0000,664.0000,58.0000,27.0000
0
0
0
2
0
0
0
0
1
368.0000,554.0000,41.0000,28.0000
337.0000,526.0000,48.0000,33.0000
337.0000,526.0000,48.0000,33.0000
337.0000,526.0000,48.0000,33.0000
337.0000,526.0000,48.0000,33.0000
337.0000,526.0000,48.0000,33.0000
0
0
2
0
0
0
0
1
202.0000,621.0000,26.0000,52.0000
208.0000,655.0000,29.0000,59.0000
208.0000,655.0000,29.0000,59.0000
0
0
0
0
0
0
0
0
2
0
0
0
0
1
391.0000,851.0000,30.0000,46.0000
389.0000,851.0000,30.0000,46.0000
389.0000,851.0000,30.0000,46.0000
389.0000,851.0000,30.0000,46.0000
389.0000,851.0000,30.0000,46.0000
389.0000,851.0000,30.0000,46.0000
389.0000,851.0000,30.0000,46.0000
389.0000,851.0000,30.0000,46.0000
389.0000,851.0000,30.0000,46.0000
389.0000,851.0000,30.0000,46.0000
389.0000,851.0000,30.0000,46.0000
389.0000,851.0000,30.0000,46.0000
389.0000,851.0000,30.0000,46.0000
388.0000,852.0000,31.0000,47.0000
388.0000,852.0000,31.0000,47.0000
388.0000,852.0000,31.0000,47.0000
388.0000,852.0000,31.0000,47.0000
388.0000,852.0000,31.0000,47.0000
388.0000,852.0000,31.0000,47.0000
388.0000,852.0000,31.0000,47.0000
388.0000,852.0000,31.0000,47.0000
391.0000,867.0000,32.0000,49.0000
391.0000,867.0000,32.0000,49.0000
391.0000,867.0000,32.0000,49.0000
391.0000,867.0000,32.0000,49.0000
391.0000,867.0000,32.0000,49.0000
391.0000,867.0000,32.0000,49.0000
391.0000,867.0000,32.0000,49.0000
391.0000,867.0000,32.0000,49.0000
391.0000,867.0000,32.0000,49.0000
391.0000,867.0000,32.0000,49.0000
391.0000,867.0000,32.0000,49.0000
389.0000,872.0000,28.0000,43.0000
389.0000,872.0000,28.0000,43.0000
389.0000,872.0000,28.0000,43.0000
389.0000,872.0000,28.0000,43.0000
389.0000,872.0000,28.0000,43.0000
2
0
0
406.0000,873.0000,27.0000,42.0000
0
0
0
0
1
412.0000,894.0000,30.0000,21.0000
408.0000,895.0000,30.0000,21.0000
408.0000,895.0000,30.0000,21.0000
408.0000,895.0000,30.0000,21.0000
408.0000,895.0000,30.0000,21.0000
408.0000,895.0000,30.0000,21.0000
408.0000,895.0000,30.0000,21.0000
408.0000,895.0000,30.0000,21.0000
408.0000,895.0000,30.0000,21.0000
408.0000,895.0000,30.0000,21.0000
408.0000,895.0000,30.0000,21.0000
408.0000,895.0000,30.0000,21.0000
408.0000,895.0000,30.0000,21.0000
408.0000,895.0000,30.0000,21.0000
408.0000,895.0000,30.0000,21.0000
408.0000,896.0000,28.0000,20.0000
408.0000,896.0000,28.0000,20.0000
408.0000,896.0000,28.0000,20.0000
408.0000,896.0000,28.0000,20.0000
408.0000,896.0000,28.0000,20.0000
408.0000,896.0000,28.0000,20.0000
408.0000,896.0000,28.0000,20.0000
408.0000,896.0000,28.0000,20.0000
408.0000,896.0000,28.0000,20.0000
408.0000,896.0000,28.0000,20.0000
408.0000,896.0000,28.0000,20.0000
419.0000,896.0000,28.0000,20.0000
419.0000,896.0000,28.0000,20.0000
419.0000,896.0000,28.0000,20.0000
419.0000,896.0000,28.0000,20.0000
419.0000,896.0000,28.0000,20.0000
419.0000,896.0000,28.0000,20.0000
419.0000,896.0000,28.0000,20.0000
0
2
0
0
0
0
1
566.0000,856.0000,54.0000,23.0000
566.0000,858.0000,54.0000,23.0000
566.0000,858.0000,54.0000,23.0000
566.0000,858.0000,54.0000,23.0000
566.0000,858.0000,54.0000,23.0000
566.0000,858.0000,54.0000,23.0000
566.0000,858.0000,54.0000,23.0000
566.0000,858.0000,54.0000,23.0000
567.0000,859.0000,52.0000,22.0000
567.0000,859.0000,52.0000,22.0000
567.0000,859.0000,52.0000,22.0000
567.0000,859.0000,52.0000,22.0000
567.0000,859.0000,52.0000,22.0000
567.0000,859.0000,52.0000,22.0000
567.0000,859.0000,52.0000,22.0000
567.0000,859.0000,52.0000,22.0000
567.0000,859.0000,52.0000,22.0000
567.0000,859.0000,52.0000,22.0000
567.0000,859.0000,52.0000,22.0000
567.0000,859.0000,52.0000,22.0000
0
0
0
0
2
0
0
0
0
1
696.0000,808.0000,41.0000,32.0000
701.0000,795.0000,46.0000,36.0000
701.0000,795.0000,46.0000,36.0000
701.0000,795.0000,46.0000,36.0000
701.0000,795.0000,46.0000,36.0000
0
0
0
0
0
0
2
0
0
0
0
1
781.0000,694.0000,50.0000,30.0000
773.0000,703.0000,55.0000,33.0000
773.0000,703.0000,55.0000,33.0000
773.0000,703.0000,55.0000,33.0000
773.0000,703.0000,55.0000,33.0000
773.0000,703.0000,55.0000,33.0000
773.0000,703.0000,55.0000,33.0000
770.0000,706.0000,58.0000,35.0000
770.0000,706.0000,58.0000,35.0000
770.0000,706.0000,58.0000,35.0000
770.0000,706.0000,58.0000,35.0000
770.0000,706.0000,58.0000,35.0000
770.0000,706.0000,58.0000,35.0000
770.0000,706.0000,58.0000,35.0000
780.0000,703.0000,55.0000,33.0000
780.0000,703.0000,55.0000,33.0000
2
0
0
0
730.0000,730.0000,63.0000,38.0000
0
0
0
0
1
670.0000,755.0000,53.0000,34.0000
679.0000,761.0000,47.0000,30.0000
679.0000,761.0000,47.0000,30.0000
679.0000,761.0000,47.0000,30.0000
679.0000,761.0000,47.0000,30.0000
679.0000,761.0000,47.0000,30.0000
679.0000,761.0000,47.0000,30.0000
679.0000,761.0000,47.0000,30.0000
679.0000,761.0000,47.0000,30.0000
679.0000,761.0000,46.0000,29.0000
679.0000,761.0000,46.0000,29.0000
679.0000,761.0000,46.0000,29.0000
679.0000,761.0000,46.0000,29.0000
679.0000,761.0000,46.0000,29.0000
679.0000,761.0000,46.0000,29.0000
679.0000,761.0000,46.0000,29.0000
679.0000,761.0000,46.0000,29.0000
679.0000,761.0000,46.0000,29.0000
0
0
0
0
0
0
0
0
0
2
0
0
0
0
1
352.0000,681.0000,52.0000,27.0000
329.0000,696.0000,54.0000,28.0000
329.0000,696.0000,54.0000,28.0000
0
0
0
0
0
0
0
0
0
0
2
0
0
0
0
1
436.0000,846.0000,28.0000,53.0000
433.0000,845.0000,28.0000,53.0000
433.0000,845.0000,28.0000,53.0000
433.0000,845.0000,28.0000,53.0000
433.0000,845.0000,28.0000,53.0000
0
0
0
0
0
0
0
0
0
0
0
2
0
0
0
0
1
143.0000,681.0000,66.0000,22.0000
142.0000,680.0000,66.0000,22.0000
142.0000,680.0000,66.0000,22.0000
142.0000,680.0000,66.0000,22.0000
142.0000,680.0000,66.0000,22.0000
142.0000,680.0000,66.0000,22.0000
142.0000,680.0000,66.0000,22.0000
142.0000,680.0000,66.0000,22.0000
0
2
0
0
0
0
1
135.0000,490.0000,22.0000,57.0000
140.0000,461.0000,22.0000,57.0000
140.0000,461.0000,22.0000,57.0000
0
0
0
0
0
0
0
0
2
0
0
0
0
1
213.0000,322.0000,28.0000,52.0000
214.0000,323.0000,27.0000,50.0000
214.0000,323.0000,27.0000,50.0000
214.0000,323.0000,27.0000,50.0000
214.0000,323.0000,27.0000,50.0000
214.0000,323.0000,27.0000,50.0000
214.0000,323.0000,27.0000,50.0000
214.0000,323.0000,27.0000,50.0000
214.0000,323.0000,27.0000,50.0000
214.0000,323.0000,27.0000,50.0000
214.0000,323.0000,27.0000,50.0000
214.0000,323.0000,27.0000,50.0000
214.0000,323.0000,27.0000,50.0000
0
0
0
0
2
0
0
0
0
1
290.0000,241.0000,25.0000,48.0000
290.0000,241.0000,25.0000,46.0000
290.0000,241.0000,25.0000,46.0000
290.0000,241.0000,25.0000,46.0000
290.0000,241.0000,25.0000,46.0000
290.0000,241.0000,25.0000,46.0000
290.0000,241.0000,25.0000,46.0000
290.0000,241.0000,25.0000,46.0000
293.0000,230.0000,27.0000,50.0000
293.0000,230.0000,27.0000,50.0000
293.0000,230.0000,27.0000,50.0000
293.0000,230.0000,27.0000,50.0000
293.0000,230.0000,27.0000,50.0000
293.0000,230.0000,27.0000,50.0000
293.0000,230.0000,27.0000,50.0000
300.0000,229.0000,25.0000,48.0000
300.0000,229.0000,25.0000,48.0000
300.0000,229.0000,25.0000,48.0000
300.0000,229.0000,25.0000,48.0000
300.0000,229.0000,25.0000,48.0000
300.0000,229.0000,25.0000,48.0000
300.0000,229.0000,25.0000,48.0000
298.0000,227.0000,28.0000,52.0000
298.0000,227.0000,28.0000,52.0000
298.0000,227.0000,28.0000,52.0000
298.0000,227.0000,28.0000,52.0000
298.0000,227.0000,28.0000,52.0000
298.0000,227.0000,28.0000,52.0000
298.0000,227.0000,28.0000,52.0000
298.0000,227.0000,28.0000,52.0000
294.0000,228.0000,25.0000,46.0000
294.0000,228.0000,25.0000,46.0000
294.0000,228.0000,25.0000,46.0000
294.0000,228.0000,25.0000,46.0000
294.0000,228.0000,25.0000,46.0000
294.0000,228.0000,25.0000,46.0000
2
0
0
0
0
0
0
0
0
0
0
0
0
282.0000,222.0000,23.0000,44.0000
0
0
0
0
1
412.0000,207.0000,66.0000,22.0000
447.0000,221.0000,76.0000,25.0000
447.0000,221.0000,76.0000,25.0000
447.0000,221.0000,76.0000,25.0000
0
0
0
0
0
0
2
0
0
0
0
1
609.0000,197.0000,27.0000,60.0000
602.0000,191.0000,26.0000,58.0000
602.0000,191.0000,26.0000,58.0000
602.0000,191.0000,26.0000,58.0000
0
0
0
0
2
0
0
0
0
1
565.0000,204.0000,57.0000,31.0000
598.0000,211.0000,66.0000,36.0000
598.0000,211.0000,66.0000,36.0000
598.0000,211.0000,66.0000,36.0000
0
0
0
0
0
0
2
0
0
0
0
1
752.0000,590.0000,27.0000,63.0000
743.0000,614.0000,25.0000,59.0000
743.0000,614.0000,25.0000,59.0000
743.0000,614.0000,25.0000,59.0000
0
0
0
0
0
0
0
0
0
2
0
0
0
0
1
496.0000,176.0000,27.0000,57.0000
506.0000,166.0000,25.0000,54.0000
506.0000,166.0000,25.0000,54.0000
506.0000,166.0000,25.0000,54.0000
506.0000,166.0000,25.0000,54.0000
506.0000,166.0000,25.0000,54.0000
506.0000,166.0000,25.0000,54.0000
506.0000,166.0000,25.0000,54.0000
2
0
0
0
0
1
257.0000,248.0000,65.0000,22.0000
241.0000,259.0000,63.0000,22.0000
241.0000,259.0000,63.0000,22.0000
0
0
0
0
0
0
2
0
0
0
0
1
158.0000,645.0000,48.0000,37.0000
159.0000,648.0000,51.0000,39.0000
159.0000,648.0000,51.0000,39.0000
159.0000,648.0000,51.0000,39.0000
159.0000,648.0000,51.0000,39.0000
159.0000,648.0000,51.0000,39.0000
159.0000,648.0000,51.0000,39.0000
159.0000,648.0000,51.0000,39.0000
159.0000,648.0000,51.0000,39.0000
159.0000,648.0000,51.0000,39.0000
159.0000,648.0000,51.0000,39.0000
0
0
0
0
0
0
2
0
0
0
0
1
433.0000,756.0000,56.0000,22.0000
451.0000,762.0000,58.0000,23.0000
451.0000,762.0000,58.0000,23.0000
0
0
0
0
0
0
2
0
0
0
0
1
535.0000,846.0000,67.0000,21.0000
537.0000,841.0000,65.0000,20.0000
537.0000,841.0000,65.0000,20.0000
537.0000,841.0000,65.0000,20.0000
537.0000,841.0000,65.0000,20.0000
537.0000,841.0000,65.0000,20.0000
537.0000,841.0000,65.0000,20.0000
537.0000,841.0000,65.0000,20.0000
537.0000,841.0000,65.0000,20.0000
537.0000,841.0000,65.0000,20.0000
537.0000,841.0000,65.0000,20.0000
537.0000,841.0000,65.0000,20.0000
537.0000,841.0000,65.0000,20.0000
537.0000,841.0000,65.0000,20.0000
537.0000,841.0000,65.0000,20.0000
537.0000,838.0000,69.0000,22.0000
2
0
0
0
0
0
573.0000,816.0000,78.0000,24.0000
0
0
0
0
1
623.0000,790.0000,52.0000,26.0000
623.0000,789.0000,52.0000,26.0000
623.0000,789.0000,52.0000,26.0000
623.0000,789.0000,52.0000,26.0000
623.0000,789.0000,52.0000,26.0000
623.0000,789.0000,52.0000,26.0000
623.0000,789.0000,52.0000,26.0000
623.0000,789.0000,52.0000,26.0000
623.0000,789.0000,52.0000,26.0000
623.0000,789.0000,52.0000,26.0000
623.0000,789.0000,52.0000,26.0000
623.0000,789.0000,52.0000,26.0000
622.0000,789.0000,54.0000,27.0000
622.0000,789.0000,54.0000,27.0000
622.0000,789.0000,54.0000,27.0000
622.0000,789.0000,54.0000,27.0000
622.0000,789.0000,54.0000,27.0000
622.0000,789.0000,54.0000,27.0000
622.0000,789.0000,54.0000,27.0000
0
0
0
0
0
0
0
2
0
0
0
