1
335.7151,121.3843,17.3740,24.1801
329.9926,119.6389,17.3970,24.2122
325.7804,118.7489,17.7720,24.7341
319.5197,119.9050,17.2956,24.0709
317.3370,117.2516,17.3194,24.1041
311.4815,115.1525,17.6796,24.6055
306.7703,118.2265,17.8048,24.7797
302.3195,117.7225,17.3142,24.0968
298.4758,117.8361,17.7099,24.6476
298.4758,117.8361,17.7099,24.6476
293.4430,115.3335,17.0653,23.7505
289.8441,115.7473,17.9185,24.9380
286.1808,115.4540,17.9864,25.0324
284.1006,114.5488,17.1476,25.4716
282.6465,115.4910,16.6638,24.2304
285.0275,114.4481,15.1870,24.7249
279.2715,115.6363,14.6127,24.5390
275.0094,115.6237,14.1969,23.6711
271.9214,116.7465,14.5435,24.5510
270.4346,114.0633,14.0684,24.3891
267.8037,116.9438,15.2944,21.2858
262.9829,115.0682,15.2287,21.1944
258.9095,117.4995,15.4469,21.4981
254.0028,115.2303,16.0173,22.2919
251.0625,115.1888,16.4527,22.8979
244.1908,114.6975,16.9368,23.5716
238.3719,115.6000,17.1920,23.9268
234.4812,113.7841,17.0286,24.8566
227.4540,115.4694,17.5271,24.3932
223.6039,114.0684,17.3706,24.1753
219.4262,115.3774,17.3840,24.1941
215.9147,115.3364,17.1427,23.8582
211.2794,116.2287,16.9962,23.6543
206.5948,116.5926,16.7343,23.2898
202.0068,116.2432,17.0535,23.7341
199.8513,117.4628,16.2415,22.6039
193.7809,118.9721,16.8669,23.4744
189.4542,117.7216,17.2378,23.9905
185.1582,115.7886,17.9849,25.0303
179.5434,116.6592,18.4633,25.6961
174.6753,118.4050,17.8566,26.3943
171.1994,117.1281,18.2781,25.4384
166.7110,117.9306,17.9624,24.9989
163.9715,118.3935,16.7284,26.3598
159.2183,119.4450,16.4604,26.7455
157.7236,119.4844,16.5441,27.4083
156.2110,122.2798,15.3272,25.6683
152.4394,121.5137,15.0380,25.2225
151.5739,122.6679,14.2446,25.6877
150.3290,123.4998,15.2004,26.4661
149.2035,126.2077,14.9761,26.6610
148.7185,126.4672,14.9453,26.2303
149.8811,128.2740,14.0924,26.5774
149.1344,127.7681,14.5307,26.2131
148.1100,130.0327,13.8879,25.5268
151.9181,129.6269,14.3102,24.3857
151.9181,129.6269,14.3102,24.3857
151.9181,129.6269,14.3102,24.3857
151.9181,129.6269,14.3102,24.3857
145.8868,132.8970,14.0714,25.1965
146.9519,132.6474,14.2029,25.2253
147.6448,132.9922,14.9333,26.4087
146.8528,134.7366,15.1335,26.5901
169.2130,131.8584,15.4270,29.3607
170.1740,133.8327,15.2868,28.4804
170.4965,134.1210,15.9962,29.9031
173.2390,133.7914,16.9955,29.9986
175.1680,134.1621,17.3133,28.0367
180.0339,136.7364,18.5725,25.8481
184.0348,135.7645,18.9152,26.3250
184.8959,141.2915,19.3713,26.9598
189.5468,138.7641,19.3419,26.9189
195.5498,140.0710,19.1675,26.6761
202.9050,137.8073,18.5360,25.7973
206.3160,139.4609,18.6343,25.9341
213.7952,139.4089,18.4642,25.6974
217.4374,142.9287,18.3265,25.5057
221.5190,140.9184,18.4123,25.6251
229.0431,142.3574,18.1206,25.2192
234.1186,142.3577,18.1025,25.1940
242.4594,143.8818,17.6982,24.6313
246.5194,144.4035,17.5238,24.3886
250.9058,145.2504,17.8068,24.7825
257.3163,144.2001,17.3876,24.1990
262.8901,144.5746,16.7849,23.3602
268.0638,143.5449,17.4746,24.3201
273.9139,144.3277,17.1270,23.8364
276.7798,145.5741,17.8665,24.8655
279.2527,145.8550,17.8924,24.9016
286.4038,145.6504,17.2598,24.0211
286.8870,144.9557,15.6381,26.9850
290.5915,143.2817,15.2502,26.5995
293.4431,143.1929,15.4706,28.2738
295.1027,142.0951,15.0577,27.5934
296.2775,142.4010,15.0054,27.4962
296.0728,142.6591,15.3791,28.6761
297.0088,142.2932,15.1611,27.1204
298.4796,140.5836,15.5670,29.0272
299.1268,141.4867,15.5266,29.0458
299.4617,139.3711,15.8221,28.5467
300.8664,139.7786,16.0470,29.2902
300.8044,138.7677,16.8890,30.1549
300.7207,138.4567,15.7947,29.4319
300.3835,137.1385,15.8142,30.0449
300.5258,140.9532,15.0681,28.4074
299.6816,136.7334,15.8426,29.1990
299.2661,138.2318,15.9832,29.3864
298.0847,137.3258,18.4679,25.7025
301.0427,137.5841,16.1619,28.9487
297.8543,137.2192,19.2142,26.7412
300.9291,137.4354,16.7888,29.8007
301.4573,138.2384,18.9962,26.4378
303.6000,140.2295,18.4179,25.6329
304.3207,136.6546,15.9383,28.3598
304.0246,139.2925,18.0590,25.1335
305.4150,137.0704,15.9303,29.1950
306.3085,136.4186,16.0452,29.6395
304.7617,137.2317,19.3223,26.8917
306.7658,137.6175,15.7339,30.7325
307.1602,136.3365,18.5690,25.8433
308.3727,137.5833,17.9519,24.9844
308.8021,136.3441,18.0054,25.0589
309.2346,134.9288,17.6235,24.5274
309.8721,136.3333,16.8963,23.5153
310.2851,136.3879,16.1847,22.5249
310.8169,137.2744,16.3231,22.7175
311.7156,136.8535,15.8788,22.0992
311.9261,136.0890,16.4534,22.8989
312.4316,135.6303,16.0682,22.3627
312.7696,137.5593,15.9584,22.2100
313.4541,135.8656,16.0391,22.3223
313.7414,135.9323,16.2476,22.6125
312.4944,135.3701,16.8294,23.4221
314.7963,134.7146,14.2355,27.9117
314.8569,136.2392,16.1879,22.5293
314.3336,135.8941,16.3480,22.7522
314.8315,134.7299,15.5695,21.6687
317.4813,134.4020,13.1568,24.6250
315.6653,135.0845,15.8163,22.0122
317.7839,133.3298,13.1044,25.0920
316.1786,134.1130,15.7274,21.8884
318.0495,133.0699,12.3990,24.8695
316.1278,135.1450,15.2943,21.2857
316.2357,135.0648,15.3578,21.3740
316.4048,132.7757,15.5293,21.6127
317.7187,131.1792,12.7964,26.3847
317.8536,131.7916,13.2637,26.4208
318.5690,130.2862,13.1511,27.1356
317.7546,131.0655,16.3035,22.6903
318.4397,129.2673,13.1882,26.3559
318.5826,130.0525,13.1325,27.1045
319.3587,129.8532,13.2413,27.2235
319.0700,128.3968,13.5229,26.9582
319.4160,129.7724,12.9205,26.5115
319.0495,127.6647,13.4123,26.8386
317.9088,128.8572,13.0259,26.1012
318.5891,128.8480,13.1859,26.4230
317.8463,129.4669,13.3825,26.6030
316.8615,130.1471,16.1125,22.4244
317.9874,127.0187,12.9322,25.8320
315.5956,128.8941,15.9165,22.1516
314.0639,129.0256,15.8471,22.0550
313.8427,128.0582,16.0580,22.3485
313.2590,128.1625,16.7693,23.3385
313.9655,126.6690,16.7673,23.3357
314.2205,127.1923,16.2672,22.6397
315.0318,124.9538,13.4921,26.7666
313.5935,128.0358,16.6479,23.1696
314.6351,123.8478,13.6196,26.7906
315.3363,125.8239,13.0875,25.3765
315.6791,126.5829,13.4155,26.9331
314.8866,126.4567,13.4507,27.9564
314.0970,126.4209,16.8349,23.4298
313.9608,128.2770,16.4308,22.8674
313.3855,127.2816,16.5123,22.9809
314.8210,126.1310,13.5806,26.3673
314.5086,127.7942,15.5213,21.6017
313.1478,128.1942,15.6067,21.7204
313.4714,127.3342,15.3146,21.3140
312.9922,128.0122,15.1337,21.0622
312.6503,127.1075,15.7398,21.9057
312.8700,126.7330,15.9929,22.2579
312.2558,124.9582,15.8687,22.0851
312.5713,125.8972,15.6227,21.7428
311.5630,125.7246,15.6085,21.7230
310.9021,124.7635,15.8747,22.0934
312.1581,124.2618,15.6690,21.8072
311.2661,123.5511,15.6983,21.8480
311.4515,123.8447,16.1008,22.4081
312.9076,120.9793,13.5383,27.5018
310.9549,123.7506,16.4472,22.8903
310.3409,122.0685,16.7664,23.3345
312.3337,122.2870,16.4430,22.8843
312.0335,121.9868,16.2481,22.6131
312.7848,121.8692,16.0326,22.3132
312.8973,123.2414,15.7109,21.8655
315.8101,120.5262,12.9106,26.3550
316.5367,118.9024,11.8871,26.0788
316.6516,119.7481,12.1167,25.9362
317.5067,118.4867,11.6924,25.0695
316.1934,118.2155,11.3183,24.3577
316.6888,117.0366,10.8167,23.6097
316.0978,118.0539,10.7772,22.6057
315.9354,117.1157,10.9635,22.7980
316.8528,117.5829,10.4368,21.2039
316.8528,117.5829,10.4368,21.2039
316.8528,117.5829,10.4368,21.2039
316.8528,117.5829,10.4368,21.2039
316.8528,117.5829,10.4368,21.2039
316.8528,117.5829,10.4368,21.2039
316.8528,117.5829,10.4368,21.2039
308.8685,116.7493,10.6593,21.6090
309.9826,116.2181,10.4339,21.9593
310.1616,113.9912,10.0234,21.5937
311.3568,116.6044,9.8530,21.3446
310.9944,112.9635,10.2655,21.0831
310.7534,113.9771,10.3126,20.6759
310.7173,113.4940,10.5296,20.9567
311.3129,114.8363,10.1520,20.7638
309.4671,114.1723,12.7174,17.6993
310.6514,114.7654,10.2832,19.8168
309.4665,113.3262,10.9957,20.1531
309.7636,114.1100,10.8222,20.7483
308.6729,112.1096,10.9505,21.6716
308.3184,113.0969,10.7942,21.4765
307.4639,111.8138,10.9631,21.8698
306.3507,112.2364,10.7024,21.1266
305.6835,112.2500,10.4049,20.8967
303.6554,113.7057,9.7096,19.7814
302.1489,112.0657,9.9430,20.0204
300.0028,112.4786,9.8098,20.0604
299.4034,112.0464,9.8002,20.1593
297.3042,112.8479,9.9990,19.8777
297.2823,111.8822,9.9755,19.3297
296.1706,112.6421,10.1375,18.9905
295.4745,112.5430,9.6571,18.2591
294.3147,112.5575,9.4503,18.5857
294.3147,112.5575,9.4503,18.5857
294.3147,112.5575,9.4503,18.5857
294.3147,112.5575,9.4503,18.5857
294.3147,112.5575,9.4503,18.5857
294.3147,112.5575,9.4503,18.5857
294.3147,112.5575,9.4503,18.5857
294.3147,112.5575,9.4503,18.5857
294.3147,112.5575,9.4503,18.5857
294.3147,112.5575,9.4503,18.5857
294.3147,112.5575,9.4503,18.5857
273.5056,118.5027,12.0169,16.7244
272.4707,119.7085,12.0944,16.8322
271.3456,119.0946,12.3702,17.2161
269.6938,119.0810,12.3726,17.2195
268.8510,119.7645,12.3634,17.2067
267.7029,117.7383,10.2146,19.4008
265.7863,117.0578,12.2700,17.0766
264.5902,114.5594,12.8150,17.8352
264.3986,112.2996,13.4558,18.7269
261.9314,117.3067,13.4771,18.7566
261.2219,112.3472,13.9982,19.4819
260.4424,114.5742,11.4926,23.9945
258.2861,114.8170,14.9952,20.8694
257.9225,111.9051,12.8665,24.4626
256.4676,115.1761,14.6373,20.3714
256.0693,116.1274,14.3924,20.0305
254.2289,114.6873,14.6617,20.4052
253.4898,115.4952,12.2906,22.9587
252.7811,112.7803,12.6635,24.3883
251.5542,114.9256,12.5015,23.6919
252.3784,110.1134,12.0947,22.5867
250.6912,113.1515,12.3687,23.4006
249.0708,112.9272,13.2825,24.8101
248.9215,112.3462,12.3722,24.2527
249.2676,112.9234,12.5075,25.4237
248.8363,113.1254,12.0503,23.6874
247.9460,107.5813,11.8181,22.8688
247.9460,107.5813,11.8181,22.8688
247.9460,107.5813,11.8181,22.8688
248.6705,112.4520,10.7877,21.8118
248.8277,113.4939,11.6108,22.8188
248.4105,114.3103,11.1514,22.0124
247.0196,113.3250,11.2257,21.4891
247.0239,115.2018,10.9659,21.4662
247.4375,114.6324,10.4784,20.7747
247.5447,115.1981,10.9599,20.6789
248.2630,114.5805,11.2630,21.2034
248.1925,115.1624,11.1796,21.8901
247.4153,113.9303,10.8522,21.8986
245.6292,116.2745,11.2168,22.1000
245.6273,115.4989,10.7667,21.5650
243.8227,116.0941,10.9085,22.0642
242.2911,116.7746,10.3352,20.6917
242.3775,117.2172,10.5315,20.8794
240.5649,117.0881,10.6873,20.2267
239.8792,117.6791,10.5883,20.9080
238.3371,116.1276,10.7113,21.5523
237.6728,117.1684,10.7345,20.3225
237.3570,115.9863,11.2576,21.3798
236.9494,116.9287,11.5662,21.1976
236.0970,116.9076,11.4447,21.0038
235.7773,117.5178,11.8201,21.0644
235.1047,115.7267,10.8085,21.3118
231.4721,118.3483,13.2873,18.4925
231.2934,115.2577,11.3422,21.5976
230.0203,118.5377,13.0463,18.1570
229.8720,114.3031,10.5167,21.0569
228.0152,113.7952,10.8801,21.3672
226.9391,113.4360,10.7087,21.3174
226.7600,114.3698,10.8885,20.9327
226.6301,115.0678,10.1928,19.6584
225.8386,114.8663,9.8490,19.6165
223.5124,114.2355,9.8572,19.1253
211.3448,119.1433,12.3892,17.2425
208.7064,119.4140,12.5506,17.4671
206.6009,121.5019,12.3930,17.2478
203.3770,121.2103,11.9976,16.6976
203.1514,121.0450,12.1008,16.8412
201.2933,121.2997,11.9940,16.6926
197.6112,122.6587,12.2334,17.0257
196.0131,121.0944,11.7857,16.4026
193.0315,121.7471,11.9512,16.6330
189.6102,121.9143,11.8989,16.5602
186.6184,121.5348,12.2839,17.0960
182.5024,121.5160,12.3269,17.1558
181.2349,120.8699,12.1359,16.8901
177.5437,119.3564,12.2148,16.9998
174.1054,121.3846,11.7809,16.3959
170.7497,119.8122,12.3446,17.1805
168.9149,120.5221,11.9464,16.6263
166.6265,120.1300,11.9204,16.5901
164.7554,119.9887,11.8649,16.5129
161.0683,119.6151,12.1525,16.9132
161.0676,118.8011,10.4475,19.8422
157.8922,119.8273,12.1419,16.8984
156.3945,118.8022,10.8695,19.3482
155.1506,116.6503,11.0250,19.9100
153.5358,120.0418,10.4514,18.9945
149.2605,119.2437,10.6201,19.2358
147.4331,119.1195,11.1291,19.0689
151.4096,111.3345,12.2575,17.0593
151.0662,111.3985,12.3364,17.1691
150.9281,111.5245,11.9800,16.6731
149.7601,112.4993,11.5870,16.1261
147.5494,113.2364,10.4554,18.7229
146.5473,112.6138,10.3267,18.5503
132.3029,119.2354,10.6276,18.2951
129.8346,118.7437,10.3096,17.8887
138.8867,114.6577,9.5101,18.1434
135.4299,113.0718,9.3765,18.0019
121.9312,118.7631,11.8601,16.5062
117.2328,117.0012,11.8426,16.4819
117.2328,117.0012,11.8426,16.4819
117.2328,117.0012,11.8426,16.4819
117.2328,117.0012,11.8426,16.4819
117.2328,117.0012,11.8426,16.4819
117.2328,117.0012,11.8426,16.4819
117.2328,117.0012,11.8426,16.4819
105.2002,118.0168,9.7876,18.9992
99.4825,112.1040,12.1242,16.8737
96.4523,115.0881,11.6780,16.2527
93.5141,114.2124,11.6329,16.1900
91.0754,114.6944,10.3785,17.0413
88.4083,114.5381,10.3347,17.1596
82.7199,116.2439,11.0854,15.4280
82.7199,116.2439,11.0854,15.4280
82.7199,116.2439,11.0854,15.4280
71.4373,115.1721,11.1735,15.5507
66.0508,115.4832,11.3475,15.7928
60.8401,114.9770,11.1361,15.4986
57.0594,115.1069,11.4919,15.9937
52.7483,114.4134,12.0665,16.7934
46.1490,113.2489,12.1471,16.9056
41.0247,112.2778,11.9229,16.5936
35.9532,112.0196,11.8460,16.4865
32.9880,112.5580,12.1844,16.9576
28.6837,112.4581,12.3620,17.2046
14.5514,119.6069,12.8340,17.8615
10.4227,118.3462,12.7441,17.7364
