1
46.0000,44.0000,16.0000,63.0000
33.0000,41.0000,16.0000,63.0000
33.0000,41.0000,16.0000,63.0000
33.0000,41.0000,16.0000,63.0000
33.0000,41.0000,16.0000,63.0000
33.0000,41.0000,16.0000,63.0000
33.0000,41.0000,16.0000,63.0000
33.0000,41.0000,16.0000,63.0000
33.0000,41.0000,16.0000,63.0000
33.0000,41.0000,16.0000,63.0000
33.0000,41.0000,16.0000,63.0000
0
0
0
0
0
0
0
0
0
0
0
0
0
0
0
0
0
0
0
0
0
0
0
0
0
0
0
0
0
0
0
0
0
0
0
0
0
0
0
0
0
0
0
0
0
0
0
0
0
0
0
0
0
0
0
0
0
0
0
0
0
0
0
0
0
0
0
0
0
0
0
0
0
0
0
0
0
0
0
0
0
0
0
0
0
0
0
0
0
0
0
0
0
0
0
0
2
0
0
0
0
1
135.0000,43.0000,28.0000,88.0000
127.0000,49.0000,29.0000,91.0000
127.0000,49.0000,29.0000,91.0000
127.0000,49.0000,29.0000,91.0000
127.0000,49.0000,29.0000,91.0000
127.0000,49.0000,29.0000,91.0000
127.0000,49.0000,29.0000,91.0000
127.0000,49.0000,29.0000,91.0000
127.0000,49.0000,29.0000,91.0000
127.0000,49.0000,29.0000,91.0000
127.0000,49.0000,29.0000,91.0000
127.0000,49.0000,29.0000,91.0000
2
0
0
0
0
0
0
0
0
0
0
0
0
0
