1
390.0000,180.0000,42.0000,42.0000
393.0000,182.0000,42.0000,42.0000
394.0000,181.0000,43.0000,43.0000
392.0000,181.0000,43.0000,43.0000
392.0000,181.0000,43.0000,43.0000
394.0000,180.0000,43.0000,43.0000
394.0000,182.0000,43.0000,43.0000
394.0000,180.0000,44.0000,44.0000
395.0000,180.0000,44.0000,44.0000
395.0000,179.0000,45.0000,45.0000
395.0000,179.0000,45.0000,45.0000
394.0000,179.0000,45.0000,45.0000
395.0000,179.0000,45.0000,45.0000
396.0000,180.0000,44.0000,44.0000
392.0000,179.0000,45.0000,45.0000
394.0000,179.0000,45.0000,45.0000
396.0000,179.0000,45.0000,45.0000
394.0000,178.0000,44.0000,44.0000
395.0000,178.0000,44.0000,44.0000
396.0000,181.0000,44.0000,44.0000
394.0000,176.0000,45.0000,45.0000
394.0000,177.0000,45.0000,45.0000
394.0000,176.0000,45.0000,45.0000
394.0000,176.0000,46.0000,46.0000
393.0000,176.0000,46.0000,46.0000
392.0000,178.0000,45.0000,45.0000
394.0000,176.0000,46.0000,46.0000
394.0000,177.0000,46.0000,46.0000
393.0000,179.0000,47.0000,47.0000
394.0000,176.0000,48.0000,48.0000
394.0000,176.0000,48.0000,48.0000
396.0000,175.0000,47.0000,47.0000
396.0000,180.0000,45.0000,45.0000
396.0000,177.0000,45.0000,45.0000
396.0000,176.0000,46.0000,46.0000
396.0000,175.0000,47.0000,47.0000
394.0000,177.0000,47.0000,47.0000
396.0000,176.0000,47.0000,47.0000
395.0000,177.0000,48.0000,48.0000
394.0000,177.0000,48.0000,48.0000
394.0000,178.0000,48.0000,48.0000
391.0000,177.0000,49.0000,49.0000
393.0000,178.0000,49.0000,49.0000
393.0000,175.0000,49.0000,49.0000
392.0000,176.0000,49.0000,49.0000
391.0000,175.0000,49.0000,49.0000
391.0000,176.0000,49.0000,49.0000
390.0000,177.0000,49.0000,49.0000
391.0000,174.0000,49.0000,49.0000
391.0000,173.0000,50.0000,50.0000
389.0000,176.0000,51.0000,51.0000
391.0000,175.0000,50.0000,50.0000
391.0000,175.0000,49.0000,49.0000
390.0000,178.0000,49.0000,49.0000
389.0000,176.0000,49.0000,49.0000
391.0000,176.0000,49.0000,49.0000
390.0000,176.0000,49.0000,49.0000
387.0000,176.0000,49.0000,49.0000
386.0000,178.0000,49.0000,49.0000
385.0000,177.0000,49.0000,49.0000
386.0000,177.0000,49.0000,49.0000
390.0000,177.0000,49.0000,49.0000
386.0000,180.0000,49.0000,49.0000
385.0000,179.0000,49.0000,49.0000
385.0000,177.0000,49.0000,49.0000
383.0000,177.0000,49.0000,49.0000
384.0000,181.0000,48.0000,48.0000
385.0000,179.0000,48.0000,48.0000
385.0000,180.0000,47.0000,47.0000
383.0000,177.0000,47.0000,47.0000
382.0000,181.0000,46.0000,46.0000
382.0000,180.0000,46.0000,46.0000
382.0000,183.0000,46.0000,46.0000
379.0000,182.0000,47.0000,47.0000
378.0000,180.0000,47.0000,47.0000
378.0000,182.0000,46.0000,46.0000
375.0000,181.0000,46.0000,46.0000
373.0000,181.0000,47.0000,47.0000
374.0000,179.0000,47.0000,47.0000
373.0000,182.0000,47.0000,47.0000
372.0000,180.0000,47.0000,47.0000
371.0000,183.0000,47.0000,47.0000
371.0000,181.0000,47.0000,47.0000
369.0000,181.0000,47.0000,47.0000
371.0000,180.0000,47.0000,47.0000
365.0000,182.0000,47.0000,47.0000
365.0000,181.0000,48.0000,48.0000
368.0000,183.0000,48.0000,48.0000
363.0000,181.0000,48.0000,48.0000
364.0000,180.0000,49.0000,49.0000
363.0000,180.0000,49.0000,49.0000
363.0000,180.0000,49.0000,49.0000
360.0000,182.0000,49.0000,49.0000
360.0000,181.0000,49.0000,49.0000
357.0000,180.0000,50.0000,50.0000
357.0000,183.0000,49.0000,49.0000
354.0000,182.0000,50.0000,50.0000
352.0000,183.0000,50.0000,50.0000
354.0000,182.0000,50.0000,50.0000
349.0000,183.0000,51.0000,51.0000
349.0000,182.0000,50.0000,50.0000
347.0000,182.0000,50.0000,50.0000
347.0000,183.0000,50.0000,50.0000
346.0000,184.0000,50.0000,50.0000
346.0000,184.0000,51.0000,51.0000
341.0000,184.0000,51.0000,51.0000
345.0000,181.0000,51.0000,51.0000
341.0000,186.0000,50.0000,50.0000
339.0000,186.0000,50.0000,50.0000
339.0000,186.0000,50.0000,50.0000
337.0000,187.0000,50.0000,50.0000
335.0000,187.0000,50.0000,50.0000
335.0000,190.0000,49.0000,49.0000
333.0000,188.0000,49.0000,49.0000
331.0000,188.0000,50.0000,50.0000
336.0000,190.0000,50.0000,50.0000
327.0000,187.0000,51.0000,51.0000
330.0000,188.0000,51.0000,51.0000
328.0000,189.0000,51.0000,51.0000
327.0000,189.0000,51.0000,51.0000
324.0000,189.0000,50.0000,50.0000
323.0000,192.0000,50.0000,50.0000
322.0000,189.0000,51.0000,51.0000
314.0000,188.0000,52.0000,52.0000
312.0000,189.0000,52.0000,52.0000
313.0000,189.0000,53.0000,53.0000
314.0000,188.0000,53.0000,53.0000
310.0000,191.0000,52.0000,52.0000
310.0000,189.0000,52.0000,52.0000
312.0000,188.0000,53.0000,53.0000
308.0000,192.0000,53.0000,53.0000
310.0000,193.0000,53.0000,53.0000
305.0000,192.0000,52.0000,52.0000
304.0000,190.0000,52.0000,52.0000
305.0000,189.0000,53.0000,53.0000
301.0000,191.0000,54.0000,54.0000
299.0000,190.0000,53.0000,53.0000
290.0000,191.0000,53.0000,53.0000
293.0000,193.0000,52.0000,52.0000
292.0000,193.0000,50.0000,50.0000
292.0000,195.0000,51.0000,51.0000
299.0000,191.0000,51.0000,51.0000
291.0000,193.0000,51.0000,51.0000
293.0000,193.0000,52.0000,52.0000
285.0000,195.0000,52.0000,52.0000
280.0000,192.0000,51.0000,51.0000
278.0000,193.0000,50.0000,50.0000
273.0000,194.0000,50.0000,50.0000
276.0000,195.0000,50.0000,50.0000
274.0000,194.0000,50.0000,50.0000
276.0000,194.0000,50.0000,50.0000
283.0000,198.0000,50.0000,50.0000
280.0000,196.0000,50.0000,50.0000
276.0000,197.0000,50.0000,50.0000
274.0000,197.0000,50.0000,50.0000
275.0000,196.0000,50.0000,50.0000
260.0000,196.0000,51.0000,51.0000
257.0000,196.0000,52.0000,52.0000
257.0000,195.0000,52.0000,52.0000
257.0000,195.0000,52.0000,52.0000
259.0000,197.0000,52.0000,52.0000
246.0000,195.0000,52.0000,52.0000
252.0000,194.0000,51.0000,51.0000
250.0000,195.0000,51.0000,51.0000
248.0000,194.0000,51.0000,51.0000
248.0000,194.0000,51.0000,51.0000
244.0000,196.0000,51.0000,51.0000
251.0000,198.0000,51.0000,51.0000
249.0000,197.0000,50.0000,50.0000
245.0000,199.0000,50.0000,50.0000
242.0000,198.0000,49.0000,49.0000
241.0000,200.0000,49.0000,49.0000
239.0000,199.0000,49.0000,49.0000
243.0000,198.0000,49.0000,49.0000
237.0000,198.0000,49.0000,49.0000
233.0000,199.0000,49.0000,49.0000
241.0000,200.0000,49.0000,49.0000
230.0000,200.0000,50.0000,50.0000
213.0000,197.0000,51.0000,51.0000
201.0000,199.0000,52.0000,52.0000
198.0000,198.0000,52.0000,52.0000
197.0000,199.0000,52.0000,52.0000
194.0000,198.0000,52.0000,52.0000
189.0000,195.0000,53.0000,53.0000
190.0000,198.0000,52.0000,52.0000
182.0000,196.0000,52.0000,52.0000
177.0000,198.0000,52.0000,52.0000
179.0000,198.0000,51.0000,51.0000
170.0000,199.0000,52.0000,52.0000
180.0000,199.0000,52.0000,52.0000
185.0000,202.0000,52.0000,52.0000
183.0000,208.0000,52.0000,52.0000
180.0000,205.0000,52.0000,52.0000
173.0000,208.0000,53.0000,53.0000
169.0000,208.0000,52.0000,52.0000
153.0000,207.0000,53.0000,53.0000
150.0000,206.0000,53.0000,53.0000
147.0000,206.0000,53.0000,53.0000
150.0000,205.0000,53.0000,53.0000
142.0000,207.0000,54.0000,54.0000
147.0000,203.0000,54.0000,54.0000
140.0000,203.0000,54.0000,54.0000
138.0000,205.0000,54.0000,54.0000
138.0000,206.0000,54.0000,54.0000
133.0000,206.0000,54.0000,54.0000
132.0000,205.0000,54.0000,54.0000
128.0000,205.0000,55.0000,55.0000
128.0000,202.0000,54.0000,54.0000
122.0000,204.0000,54.0000,54.0000
115.0000,204.0000,54.0000,54.0000
119.0000,204.0000,54.0000,54.0000
114.0000,204.0000,54.0000,54.0000
113.0000,205.0000,55.0000,55.0000
111.0000,203.0000,55.0000,55.0000
109.0000,206.0000,55.0000,55.0000
105.0000,202.0000,55.0000,55.0000
103.0000,205.0000,55.0000,55.0000
104.0000,203.0000,55.0000,55.0000
102.0000,207.0000,54.0000,54.0000
99.0000,204.0000,54.0000,54.0000
92.0000,201.0000,55.0000,55.0000
88.0000,203.0000,55.0000,55.0000
87.0000,204.0000,55.0000,55.0000
98.0000,206.0000,55.0000,55.0000
84.0000,205.0000,55.0000,55.0000
85.0000,204.0000,55.0000,55.0000
81.0000,205.0000,55.0000,55.0000
82.0000,208.0000,55.0000,55.0000
79.0000,210.0000,54.0000,54.0000
76.0000,212.0000,54.0000,54.0000
74.0000,212.0000,54.0000,54.0000
73.0000,212.0000,55.0000,55.0000
71.0000,204.0000,56.0000,56.0000
66.0000,209.0000,56.0000,56.0000
60.0000,208.0000,57.0000,57.0000
54.0000,207.0000,57.0000,57.0000
52.0000,211.0000,57.0000,57.0000
53.0000,212.0000,57.0000,57.0000
48.0000,210.0000,58.0000,58.0000
47.0000,212.0000,57.0000,57.0000
47.0000,210.0000,57.0000,57.0000
42.0000,211.0000,57.0000,57.0000
45.0000,209.0000,57.0000,57.0000
39.0000,212.0000,56.0000,56.0000
33.0000,211.0000,56.0000,56.0000
26.0000,213.0000,56.0000,56.0000
41.0000,211.0000,56.0000,56.0000
42.0000,209.0000,57.0000,57.0000
26.0000,210.0000,57.0000,57.0000
17.0000,211.0000,56.0000,56.0000
