1
165.5414,48.5336,43.0672,174.0000
169.2378,45.2116,43.1177,173.6602
169.2020,47.5469,43.2019,173.5923
171.1887,47.6045,43.2525,173.4567
171.4544,48.7276,43.3032,173.5244
171.1884,49.9375,43.2524,173.3889
170.9227,48.7861,43.2018,173.3889
169.2373,45.4470,43.1174,173.1180
168.9939,47.8324,43.0163,172.9151
166.7515,44.4451,42.9155,172.7800
166.2385,42.0930,42.7814,172.9150
161.7569,41.0021,42.6310,172.7799
160.9713,39.8834,42.4811,172.7124
155.6819,42.2059,42.3152,172.6450
154.8811,41.1168,42.2160,172.5101
152.3931,41.1741,42.1335,172.3753
150.1897,42.3474,42.0513,172.3080
149.1076,40.9457,41.9691,172.9137
147.7420,40.6299,41.9035,173.6567
147.2272,39.2461,41.8053,174.1994
148.9484,40.1426,41.6747,174.8118
147.3156,39.1849,41.6096,174.3338
148.1860,40.6031,41.5120,173.7209
147.3728,39.7378,41.4796,173.0423
145.7270,43.3863,41.4634,172.5692
147.1037,43.6728,41.4634,171.8951
147.3653,42.7881,41.4958,171.2908
147.0070,41.7928,41.6903,170.9562
147.4777,44.2052,41.8857,170.6223
146.3512,42.1658,41.9185,170.0891
147.4577,42.3352,41.9348,169.6905
146.6292,44.8143,41.9185,169.1602
145.2374,45.0670,41.9185,168.5655
146.6153,47.6136,41.9512,167.8412
145.7447,46.7498,42.0331,167.2511
147.3846,50.4427,42.1152,166.4018
147.3706,50.7190,42.1481,165.7518
147.8814,52.0948,42.2634,165.1043
147.5516,51.2177,42.3789,164.5884
147.4602,53.6769,42.5942,163.9454
148.2522,53.8946,42.7273,163.4331
148.4579,56.3366,42.9109,162.7947
150.9583,50.4989,43.0617,161.2685
152.8885,63.6712,43.2299,160.5125
153.8718,58.8746,43.6183,159.2585
156.1962,53.9040,43.6013,158.5120
155.6244,50.6936,43.5842,158.6359
152.4335,51.9577,43.6013,158.1401
152.4624,43.7928,43.5331,157.5842
157.4275,46.3304,43.4141,156.5377
157.7158,48.7213,43.4141,155.8039
160.3249,41.8410,43.3802,154.9519
159.2230,43.2044,43.2616,154.1650
156.8817,42.9996,43.3630,154.6468
154.8587,38.7378,43.3799,155.0092
156.6304,41.7486,43.2782,155.1909
156.1418,40.6408,43.0754,155.3728
157.8724,42.6269,43.0417,155.5549
158.4369,42.4978,43.0585,155.8587
160.7887,46.6378,42.9071,155.8587
160.8528,46.6896,42.7563,155.7369
164.1251,46.9223,43.0736,155.1894
163.4815,45.0673,43.2419,154.7044
168.3559,47.2504,43.2588,154.4023
168.3847,45.3791,43.1912,153.9801
170.8584,51.3098,43.4443,154.4613
173.1015,52.1816,43.5970,154.8233
178.1752,51.3848,43.9206,154.2790
178.3939,52.4862,44.0921,154.0982
183.6204,53.7141,44.1955,153.6166
184.1193,53.8927,44.4026,153.1966
189.5079,55.8510,44.9056,153.3761
190.5293,55.6473,45.3091,153.8554
196.3137,55.3663,45.8577,154.5165
196.5573,53.0577,46.0011,155.1201
200.3223,53.0577,46.4862,155.1201
202.3288,57.9764,46.8494,155.6654
209.3210,54.6168,47.2337,156.2735
209.1093,54.2276,47.7319,157.1891
216.3045,46.5554,48.7014,158.0488
215.1726,46.2406,49.8429,158.7896
219.7071,48.0068,50.8553,159.5960
219.0992,48.7222,51.4910,160.4064
217.5691,43.1299,52.6777,161.0330
216.0736,42.8893,53.7271,161.5992
215.9398,42.7015,54.0420,162.0410
215.7873,42.5132,54.4008,162.4841
213.4933,43.3494,54.6983,163.0554
211.4593,39.9115,55.2111,163.5012
211.9359,54.9763,54.9523,163.8206
212.7205,54.8403,54.8235,164.1405
210.6180,47.2104,54.6308,164.1405
210.4003,50.6166,54.2893,163.8199
212.8789,49.6647,54.3954,163.5000
213.4117,48.7690,54.8416,163.0529
213.3024,57.8643,55.0987,162.0338
212.5249,58.3216,55.2063,160.9578
216.9516,73.0451,56.0042,159.0087
216.1521,71.5405,57.0105,157.5801
221.7267,72.1683,57.2555,156.1028
225.5193,69.7063,57.2778,154.5784
219.4241,81.5624,57.3002,153.2500
215.2290,75.9906,58.2179,151.9928
210.0871,74.6532,59.4005,150.3898
208.2036,85.3641,60.1198,148.6862
207.1556,83.0685,61.6462,147.1180
205.3339,77.7685,63.0429,145.7962
203.5442,94.7842,64.2989,144.4863
210.9631,83.8222,64.9268,143.1882
204.1508,82.5147,65.7384,141.7899
206.3117,83.1268,66.8169,140.3499
205.3799,80.0744,67.9653,138.7599
204.2177,83.0461,68.5759,138.2721
200.0851,84.8137,68.6563,138.4342
201.0881,90.5133,68.4417,138.0016
205.4967,91.6817,68.7626,137.4086
205.4967,91.6817,68.7626,137.4086
205.4967,91.6817,68.7626,137.4086
205.4967,91.6817,68.7626,137.4086
205.4967,91.6817,68.7626,137.4086
205.4967,91.6817,68.7626,137.4086
205.4967,91.6817,68.7626,137.4086
202.1634,84.7241,69.0849,136.6035
172.6991,53.4053,68.2483,137.7240
148.2597,20.7550,68.1683,137.0784
148.2597,20.7550,68.1683,137.0784
145.9963,27.1498,68.1683,137.0249
141.9561,18.3007,68.0884,136.4361
136.5642,8.4251,68.0086,136.2229
132.4093,4.1508,68.2212,135.6376
130.2347,1.0000,68.0080,134.7369
133.0573,1.0000,67.7423,134.8422
135.2953,3.6639,67.7688,134.8949
142.4508,3.7311,66.8158,134.7368
145.7674,11.7837,66.3199,134.7368
149.4668,22.5429,65.9054,134.6841
159.0514,26.2323,64.9786,134.4211
162.2877,29.0441,64.4710,134.1060
167.9603,36.4134,64.2191,133.5298
178.1100,41.0687,63.4164,133.0082
187.2800,47.3619,62.6484,132.7484
193.2499,57.6758,62.3058,133.3707
201.3180,67.9938,61.8191,134.1000
211.6220,72.4463,61.7225,134.1000
210.8842,74.9398,61.5296,134.5191
211.2724,82.1531,61.5777,134.3615
221.3726,78.5618,61.8663,134.4140
224.4846,74.8799,62.2771,134.6765
230.8121,74.8575,61.9852,134.7291
233.2509,77.5192,62.0579,134.7817
237.0835,73.7824,61.7670,135.1503
238.8472,77.3723,62.4425,135.1503
237.9765,78.9878,63.5158,135.5726
238.4615,74.3063,63.3669,135.9963
237.3253,75.9545,64.0600,136.3681
236.5171,75.7507,63.9599,136.8476
235.0093,78.3180,64.5095,137.2218
234.1954,77.2017,64.4087,137.7042
232.8374,78.8705,64.5849,138.0807
232.0868,78.6642,64.3326,138.5662
230.8479,80.3435,64.2321,138.9451
229.1844,76.6067,64.1317,139.0536
228.5456,79.1922,63.6307,139.4881
227.1301,79.1459,62.9844,139.5971
223.1985,77.1296,62.3939,139.9788
219.5627,71.2735,62.1746,140.6350
214.1540,74.8690,62.2717,140.9646
204.6429,68.9248,62.2717,141.7355
196.5069,67.4895,61.9555,142.8982
194.0795,62.0331,61.8587,144.5728
189.9100,59.4650,62.0037,146.0976
186.2558,51.9946,61.8826,147.6955
183.9443,46.7228,61.5200,148.5609
181.9936,42.1354,61.3037,150.0697
179.1642,37.5264,61.2558,151.5353
177.6388,43.2371,61.0165,152.3048
175.4103,41.4418,60.5398,151.7693
174.1339,47.8416,60.7054,150.9393
172.8540,53.3795,60.8714,152.0596
177.6844,52.0920,60.9189,152.7130
173.7705,66.2135,61.5614,152.8919
174.4655,62.1016,62.8119,153.0114
171.1495,74.4979,63.7443,152.5332
168.1969,75.7134,64.7154,152.0565
168.2292,77.8843,65.6507,151.7002
169.6787,80.0754,66.3431,151.2854
168.0266,85.3999,67.1206,150.5762
169.4530,80.7253,67.9596,149.8116
175.4777,78.9346,68.6498,149.3434
180.6292,72.1908,69.4007,148.8767
185.7678,77.5047,70.3224,148.0044
192.4690,75.7847,71.0366,147.4262
198.2359,76.7882,71.8968,147.3686
197.8539,75.9075,72.7955,147.1384
197.9023,77.9105,73.8192,147.0234
197.4611,78.1058,74.8573,146.5640
197.0385,80.1253,77.0211,146.3922
197.3454,71.5948,77.5025,145.8776
196.5605,72.4182,79.3493,143.9401
195.2301,75.5964,81.2400,143.2092
193.7735,78.5208,83.3979,143.0414
188.3045,83.3414,85.8412,142.8737
188.9601,84.4088,88.3226,142.5947
186.9513,87.2969,90.2891,142.4833
186.7564,88.2431,92.1584,142.4833
186.6799,90.2064,93.7784,142.3163
198.1540,83.5909,94.6209,142.3163
203.3693,82.6222,95.6558,142.3719
210.1661,80.8731,96.1042,142.0382
214.9525,74.3649,96.8550,141.8163
213.6018,76.0601,97.0064,142.2594
226.3083,82.3422,97.4232,143.0374
231.1767,74.4584,98.1463,143.7079
225.4412,66.4661,99.3731,144.5500
223.4615,62.7465,99.3731,144.2676
218.0338,60.7107,99.7225,144.5494
214.8221,56.7511,99.4887,144.8317
210.3461,55.3565,99.1390,145.8501
205.8035,53.9037,98.9841,146.9895
199.8548,55.3679,99.0614,148.1379
195.3158,51.9740,98.9066,149.1795
194.2320,46.5997,98.3657,150.1701
183.8623,55.7493,98.1736,149.7595
185.9159,50.2547,97.9435,150.9880
189.9484,43.9129,97.6374,151.7547
188.7165,45.5505,97.4849,152.6439
191.7429,42.6869,96.4567,152.2265
182.6153,47.0590,96.8335,151.4535
190.5568,38.1330,96.3039,151.1577
186.5119,54.7205,96.7930,149.9178
192.1039,50.8378,97.2467,149.6835
194.9131,58.9637,98.2344,149.2742
188.3571,59.0133,98.3111,149.1576
194.2164,55.9180,98.3495,149.4489
198.3962,64.7754,99.2715,149.6241
194.1277,56.7273,100.0083,149.8578
199.2581,70.6096,102.0007,149.9749
191.9088,69.7631,103.3554,149.6234
188.5286,67.3288,104.8492,148.3376
190.9829,84.0993,107.2656,148.2797
192.4966,81.0715,108.7321,148.4534
191.6482,82.9692,110.7284,148.6274
189.4790,78.9226,112.3720,148.8596
186.1210,73.9553,113.2499,148.9178
179.3338,76.9961,113.2942,148.7433
181.4027,78.2802,113.7367,148.0460
176.7200,74.6427,114.0921,147.3521
183.2736,82.6420,114.7161,146.9491
178.2267,77.6652,115.8364,147.1788
195.2266,73.8535,117.4653,146.9488
201.2720,67.1935,119.7596,146.5470
195.9237,89.7952,121.1162,146.0318
175.5753,89.8680,125.4688,145.8607
186.9067,99.5782,128.2135,145.8037
190.1846,82.1259,132.5206,145.8606
192.1647,76.3627,136.1442,145.7467
159.9341,79.5566,133.2724,145.0635
158.6508,78.3766,132.1271,145.5735
155.3386,53.8466,129.5981,144.1519
160.3517,71.4841,127.9275,143.1946
157.1447,73.6711,127.4778,142.5234
164.2556,76.6288,128.6729,142.2450
169.3824,74.9049,130.6834,141.8561
152.5033,67.4865,131.6023,141.5790
146.7792,74.8669,134.7895,141.9109
143.1093,74.3722,137.1062,143.0750
149.4826,73.4696,137.1062,142.9632
148.6404,74.8461,136.9455,144.1918
146.4124,63.5234,135.7687,143.7975
147.7873,66.2926,134.6549,144.0222
158.6070,70.1900,134.4445,143.8534
159.5891,66.9181,134.2345,144.8087
189.1836,88.8912,133.8150,142.8855
195.6483,80.5413,135.3309,142.4389
195.6483,80.5413,135.3309,142.4389
195.6483,80.5413,135.3309,142.4389
195.6483,80.5413,135.3309,142.4389
195.6483,80.5413,135.3309,142.4389
195.6483,80.5413,135.3309,142.4389
195.6483,80.5413,135.3309,142.4389
204.6800,74.6059,137.3397,140.8254
181.2639,78.8141,136.6422,139.7252
185.6874,80.9482,136.9091,139.0702
173.3228,79.1935,138.1926,138.8529
171.0974,83.9192,139.1103,138.5817
178.7417,76.3039,140.6862,137.0118
168.7686,79.9206,142.1700,137.0654
172.4506,78.1229,142.3921,137.0118
166.8717,88.6544,142.1696,135.7809
172.7487,78.5331,143.8912,136.2582
176.6903,94.8655,143.6102,136.1518
194.1184,100.7197,142.9931,135.1413
208.4806,105.6331,144.9481,134.1383
178.5935,109.9756,147.3261,134.4003
170.4000,113.4563,145.8874,134.6103
169.3343,107.1991,146.1154,134.6103
169.9407,100.8971,144.6884,134.7154
164.7763,104.4978,145.5362,134.6628
162.6743,107.8513,145.9342,135.1888
171.2023,100.5123,146.3902,135.5585
170.6433,103.0553,145.4181,135.9292
170.0398,92.9004,144.5660,136.4601
177.1679,98.2243,143.6060,136.7267
176.5718,100.8119,142.7646,137.0471
182.4260,107.0232,140.1435,137.4218
188.1262,101.2284,137.6801,138.1734
171.9434,102.9259,137.0347,138.4972
168.8039,99.2241,135.8570,138.5513
180.4194,94.4627,136.1224,138.9302
190.8373,100.0443,135.0058,138.8216
192.5407,91.6093,135.2167,139.1470
191.4632,95.0513,135.6393,139.7449
189.9320,96.7913,135.0035,140.0178
202.9538,100.4640,133.8960,140.1272
196.9520,94.6714,133.3730,140.6198
199.1440,97.4262,132.3831,140.7297
197.0342,94.1786,131.1420,141.7742
174.0216,107.0062,129.9638,142.6049
173.0291,101.7504,130.2684,143.8304
170.8664,100.4849,129.2507,146.8081
181.0802,91.0527,127.4331,148.3565
185.8192,90.6094,126.2384,149.3996
183.4091,87.9803,125.9918,150.9170
181.3801,86.2766,126.8285,152.5676
180.8116,89.7973,126.1844,153.8192
183.2207,88.4949,126.4309,154.4801
181.8144,88.0333,125.7889,157.9800
180.6241,88.2169,124.6587,160.0165
183.4801,86.4104,123.7822,161.7667
181.3223,84.5574,123.0569,163.5992
179.1773,82.9006,122.3359,164.9412
180.7208,82.1613,122.5271,166.6808
185.6231,80.9437,122.4792,169.5457
193.0448,80.1275,122.2400,168.8171
191.7460,79.1466,121.4760,171.1252
189.4470,80.3113,121.1913,171.0583
191.3382,80.1978,120.5285,171.3256
194.8199,80.0840,119.8694,171.5933
192.1931,80.9671,118.5583,172.1966
198.9245,80.7098,117.5394,172.8019
200.0953,80.3942,116.6212,173.5444
206.6780,76.5047,115.7101,174.5613
213.7856,74.9688,115.2581,175.4478
220.1766,74.0659,114.6277,174.8309
225.8665,73.2532,113.7770,174.0114
230.7209,72.4732,113.0214,173.1278
234.8114,71.7834,112.2268,172.0457
236.0038,70.9551,111.1746,171.3065
239.3629,71.3532,110.2192,170.3696
236.8561,70.3916,109.2290,169.9703
237.9259,71.8871,108.4183,169.1072
238.1599,71.1010,107.8677,168.3145
238.0167,69.2009,108.2048,167.5255
237.9628,67.1150,108.3316,167.1983
248.6277,66.7819,108.6278,167.9821
248.6999,64.1326,110.1554,168.9664
250.3092,58.6346,113.2535,168.7023
248.1281,54.1254,116.6158,168.7682
282.0082,8.7360,118.8934,167.4498
259.9212,25.3044,118.8470,167.7114
265.6233,8.2646,118.4291,168.4975
257.6999,25.0765,118.5679,168.4317
251.6765,27.3135,117.9195,168.4317
244.1591,28.2922,117.1825,168.7607
235.8717,30.9258,116.5417,167.8378
227.0878,34.4366,115.3580,167.4444
222.2234,32.8521,114.1864,168.5563
214.3185,33.2439,113.1605,170.2682
208.6074,36.9751,112.4533,172.1305
199.7956,40.8044,112.1019,173.8787
196.5387,36.8785,112.7587,174.9655
193.7682,23.4588,113.9920,176.4691
190.0023,12.5604,115.7286,177.2963
185.4296,22.6857,115.6382,178.4044
181.4365,14.0077,115.9996,179.3104
178.6826,28.9514,115.2293,180.5711
175.5262,22.7460,113.6539,181.0649
170.9978,21.3031,111.8780,181.6307
168.7318,21.1524,110.2173,181.9855
167.1216,19.8532,108.8396,182.1987
164.7907,21.0329,107.5216,182.2699
161.0600,25.7837,106.2196,182.4835
156.0167,26.9046,104.8089,182.6973
152.2409,30.1500,103.8672,183.6251
148.4300,29.7232,103.0964,184.6293
146.5473,32.5124,102.6936,183.8360
145.9677,34.1910,102.4529,182.7588
144.8111,27.5160,101.9727,181.3310
145.0481,25.4088,101.4150,180.6227
145.2669,26.9681,100.9000,179.7760
152.1683,23.8641,100.4271,178.6524
151.1346,25.2581,99.7209,178.1639
150.6877,26.6187,99.2145,177.7463
150.2265,27.9761,98.7495,177.3297
149.1608,31.6855,98.1709,176.9141
148.8675,35.4155,97.3272,176.4304
148.6089,31.0220,96.4148,175.7412
148.1608,38.2284,95.9628,175.2606
147.2049,42.9711,95.2131,175.0553
146.9046,37.2749,94.4321,174.7817
146.6224,35.0116,93.6205,174.6452
146.2183,36.2584,93.1086,174.4405
146.2183,36.2584,93.1086,174.4405
146.2183,36.2584,93.1086,174.4405
146.2183,36.2584,93.1086,174.4405
146.2183,36.2584,93.1086,174.4405
146.2183,36.2584,93.1086,174.4405
146.2183,36.2584,93.1086,174.4405
145.7545,35.1289,92.7449,174.3724
153.6225,25.8654,91.6218,174.3724
153.6225,25.8654,91.6218,174.3724
152.8315,31.6841,90.6197,174.3042
152.7563,31.6841,89.3807,174.3042
152.6079,35.1855,88.3333,174.2362
152.5786,35.2144,87.0221,174.1681
152.4485,38.7131,85.9683,174.1001
151.6208,49.2050,85.2295,173.8960
150.2766,55.1232,84.3972,173.5564
148.1889,61.2316,84.0346,172.7428
146.0683,61.5757,83.7719,171.9331
146.0961,67.6555,83.7065,171.0600
147.2635,70.2682,83.5757,170.2582
146.2783,76.3170,83.2819,169.3271
144.6745,77.9193,83.1518,168.2026
143.5840,79.4831,83.1193,167.1514
139.7340,79.9548,83.0868,166.0414
138.6305,79.3484,83.0868,164.8739
135.8856,77.7335,83.0544,163.5214
135.2789,80.2853,83.1841,162.6272
136.0522,78.5304,82.6642,161.6743
140.1418,72.4376,82.0830,160.8533
141.3955,74.9745,81.6982,159.9108
142.1551,76.3815,81.1876,159.0987
146.8051,70.3330,80.3948,158.4151
153.0514,73.6993,79.5155,157.9200
157.8829,69.7405,78.0867,157.3649
162.5498,65.6911,76.8666,157.0575
166.9013,64.6742,76.2360,156.9961
167.7240,64.7524,75.4915,156.8122
173.4515,61.7065,74.9902,156.6284
180.4232,70.2354,74.9902,156.1389
179.7011,63.1329,74.3458,155.7730
182.8608,68.7189,73.8811,154.7994
181.4871,71.4687,73.6502,153.1668
184.3605,74.8760,73.7941,152.3291
186.4799,76.2417,73.4193,151.4961
187.3697,78.5052,73.6201,150.9043
188.8485,79.7578,73.5913,150.3148
191.4019,83.0019,73.3326,149.7276
195.0908,83.2754,72.6738,149.0843
199.2170,84.5129,72.0492,148.5019
202.8772,81.7763,71.3175,147.9798
201.6932,73.1779,70.7603,147.4018
208.4244,72.4927,70.4010,146.7108
207.2556,75.6347,69.8510,146.1951
207.1745,73.8872,68.9505,145.7382
206.9684,79.7665,68.3580,145.5674
213.5505,78.8482,67.8240,145.4537
215.8363,83.7502,67.7445,145.2832
217.7370,76.9726,67.5063,145.3400
219.7094,79.8440,67.0844,145.3968
218.5177,69.0783,66.7437,145.7375
218.4291,59.1827,65.9094,146.2499
218.3963,52.4087,64.9568,146.1928
217.9434,48.5740,63.9926,146.0786
216.9341,42.6081,63.3677,146.4209
216.8920,42.5109,62.4766,146.6497
216.9024,44.3125,61.4760,146.9934
211.5443,49.9741,60.6355,147.4528
210.6886,47.2079,59.8065,147.0496
208.2759,65.8590,58.9421,146.8198
205.4186,73.8051,58.2974,146.4757
201.8086,76.9420,57.6826,145.9607
199.1464,82.0307,57.6375,145.3906
196.7446,85.0961,57.8852,144.9930
193.8136,81.6780,58.4505,143.9735
194.9199,84.0682,58.5874,142.8488
189.9399,87.2223,58.4044,142.1234
186.0615,84.7684,58.4044,141.2351
185.2083,84.1588,58.5869,140.4627
182.5141,88.3096,59.4336,139.4751
180.2644,91.4818,60.0837,138.5489
180.7831,89.1587,60.7409,137.5206
178.8470,91.3961,61.5001,136.5536
177.3563,87.3155,62.1247,135.4868
180.7083,96.7625,62.0034,134.4283
177.6408,91.7412,61.4706,133.6407
174.6915,94.7807,60.7262,132.7532
173.1591,97.8662,60.5364,131.7161
176.1038,102.8518,60.2290,130.2754
188.5925,114.8985,60.0173,128.3925
187.6260,104.4114,60.4158,126.9883
186.7634,105.7818,60.5574,125.7481
186.7232,107.2222,60.6520,124.3236
184.7194,102.7847,60.6283,123.1095
187.2861,100.6591,61.2204,122.3401
189.6846,97.7547,61.3161,121.5277
187.9745,95.5556,61.5077,121.0055
191.4974,98.9305,61.8681,120.6274
198.7179,95.2858,62.2789,119.7792
196.1952,99.4617,62.3762,119.3113
195.2528,102.0961,62.6443,118.7054
194.6080,102.2932,62.2038,118.2417
189.5582,100.0946,61.4505,117.8722
184.8756,103.3430,62.8668,117.5960
183.3310,104.1044,63.5544,117.6419
180.9148,98.6945,64.2743,117.5041
177.3188,92.6276,64.7012,117.0910
176.8891,102.7553,64.7012,117.0452
177.9740,95.9155,64.1704,116.6794
179.0607,88.2060,63.6189,116.5883
174.9944,93.7029,63.2462,116.4061
172.1069,94.4953,63.1226,116.3606
167.0035,95.8089,63.2952,116.9061
163.8406,97.0510,64.8035,117.6367
159.1930,95.8597,65.6135,118.6017
153.4197,97.4743,66.8950,118.5091
145.4126,98.7728,67.9664,117.3055
140.5043,90.7493,68.8956,116.0224
133.3099,93.4459,69.6761,115.1160
129.0994,86.9290,70.8736,114.2616
2
0
0
0
0
1
206.5500,65.5179,40.2500,137.2676
210.6528,64.7431,40.6588,136.9459
214.1493,62.4014,41.3258,136.0365
216.0223,68.9960,42.0846,135.3988
222.1287,63.6686,42.8408,135.2401
225.1798,67.4630,43.6942,134.7647
231.8389,64.8006,44.4111,134.7120
240.3768,65.0019,45.1397,134.2384
246.7616,65.0910,45.6334,134.0287
248.9662,63.6447,46.1504,133.2433
251.3106,62.2732,46.4028,132.3065
253.8143,60.9114,47.0372,131.3762
258.9916,61.0859,47.3495,130.9656
260.9332,60.7815,47.9599,129.6355
261.9683,63.0628,48.5219,128.3189
263.3538,65.2783,49.0526,127.1159
260.2349,61.0365,49.4933,127.1656
258.5094,69.4389,49.6867,127.2649
257.5195,64.3048,49.6867,127.4141
266.7664,77.2080,49.6673,126.9164
273.7256,76.6180,49.5897,126.3214
276.1872,75.1290,49.2216,125.8773
275.0023,74.5857,48.9332,125.1889
262.7437,47.3596,48.7229,122.7438
276.8343,79.6781,48.3042,121.4972
278.9995,77.5199,48.4929,120.8802
278.8707,77.4396,48.7960,121.0691
278.7411,78.1833,49.1010,121.2110
276.3364,76.6137,49.3887,121.1163
273.6060,74.7035,49.6395,121.8260
270.8618,69.5259,49.8916,122.5874
268.4515,66.7785,50.1059,123.3057
266.0309,61.3537,50.3212,124.5098
263.5915,57.4263,50.5571,125.9689
261.4763,51.6335,50.7941,127.7896
259.3598,50.0423,51.0124,129.5367
257.2002,50.3649,51.3113,130.8017
255.0195,51.0164,51.6319,131.3126
253.8109,50.6240,52.0555,132.2359
251.8405,54.8170,52.6248,132.7008
249.4467,52.4818,53.3238,134.0486
246.6316,55.6864,54.1153,134.8864
243.0200,54.4996,55.0031,135.5713
236.3632,57.0204,56.0559,135.9950
229.2626,57.7428,56.9975,136.4200
220.5382,55.4554,57.9326,137.5390
211.2475,59.2229,58.9736,139.4194
211.2475,59.2229,58.9736,139.4194
211.2475,59.2229,58.9736,139.4194
211.2475,59.2229,58.9736,139.4194
211.2475,59.2229,58.9736,139.4194
211.2475,59.2229,58.9736,139.4194
211.2475,59.2229,58.9736,139.4194
201.2416,62.7642,60.4018,141.9791
169.2735,138.0964,59.1749,144.4194
169.2735,138.0964,59.1749,144.4194
145.9710,117.8607,59.4523,146.9016
122.0955,79.5716,58.9646,149.7707
103.3984,37.8245,59.6556,154.3926
96.5153,28.8534,60.9373,158.6142
87.0968,36.7005,62.1512,162.4557
76.9851,43.7397,63.6079,163.6614
71.0398,51.3474,64.6763,163.6614
67.1422,58.3574,65.7627,165.0679
61.4978,64.5232,66.7132,166.0350
58.0201,72.1586,67.5992,166.2296
56.3479,80.0513,68.3650,165.8400
53.8170,86.9067,68.9792,165.2570
55.4202,86.0562,69.5181,164.6760
59.7712,94.0118,70.1427,163.9684
63.2064,88.7037,70.8277,163.6481
66.7457,94.3818,71.3533,163.0728
69.1385,89.2922,71.2976,162.3084
67.1974,94.9777,71.4090,161.6110
71.5600,83.8433,71.1858,160.0328
70.9809,88.7052,71.4361,158.5950
70.7556,80.7538,70.8501,157.4798
70.5792,82.2701,70.1582,156.3726
73.6890,86.0863,69.4183,154.7233
73.9771,91.8658,68.7403,153.2123
80.7102,88.4319,67.9348,151.7161
82.3343,95.0562,67.2979,150.3531
89.1942,88.5414,66.9299,149.2372
88.9497,80.0929,66.4593,148.1295
101.6931,70.7726,65.5506,146.9144
105.5020,67.4311,64.7825,145.5945
108.3305,73.7156,64.2004,144.4570
108.1280,79.0156,63.6738,143.2720
112.1661,71.0237,63.1266,141.9289
110.2063,78.1160,62.8060,140.7646
114.4500,76.6204,62.6343,139.8848
117.8087,75.1341,62.5609,139.0105
121.5996,68.9954,62.4387,138.2503
120.4386,73.0349,62.2436,137.3863
124.2826,67.7662,61.9518,136.9033
124.4164,69.7890,61.6372,136.4220
124.9075,61.8848,61.4446,135.8358
123.3978,68.4245,61.1566,135.3052
126.8194,60.7647,60.7505,134.3010
123.2592,67.4535,60.5844,133.2517
126.5682,65.3077,60.3714,132.0546
124.6239,71.9504,60.2299,130.8681
125.6238,64.5635,59.7593,129.8457
125.3559,72.7119,59.4559,128.9327
131.4757,63.7004,58.9914,127.9758
130.8587,65.7400,58.5996,127.1760
136.8028,67.3235,58.3478,127.4244
136.8996,68.0639,58.1199,127.6732
137.4786,69.1449,57.6658,127.1246
138.4072,70.1579,57.2829,126.7274
143.4664,71.2099,57.0144,126.2323
144.6875,72.2367,56.8139,125.7886
147.3190,74.9933,56.8361,125.1989
145.0544,76.8223,56.8361,124.8077
149.0835,77.0710,57.1248,124.2226
152.0423,76.4729,57.3033,123.6889
155.3529,74.9739,57.5719,123.3507
158.3445,75.0968,57.7293,123.0616
164.4208,73.6667,57.8646,122.5809
166.6110,77.1263,58.1359,122.1020
172.2957,76.5181,58.3857,121.6251
174.5348,75.0845,58.5909,121.1975
178.3283,79.1891,58.8198,121.0081
177.9963,79.2896,58.6819,120.7718
182.4193,77.8259,58.3610,120.4415
181.7120,80.3453,58.2014,120.1592
182.5816,79.7070,57.9741,119.7837
182.3217,79.0110,57.6797,119.5498
182.2451,79.7453,56.9587,119.6899
182.1695,79.7254,56.2467,119.7366
181.7306,82.2102,55.5216,119.5028
182.0624,75.8815,54.7409,119.4561
181.1445,78.7769,54.3346,120.1094
