0.000488
13.845
1.4896
0.31976
0.32649
0.22695
0.20315
0.17209
0.18334
0.23325
0.22756
0.25025
0.24682
0.28183
0.22704
0.22843
0.21649
0.21228
0.20706
0.25416
0.31465
0.21859
0.17865
0.1686
0.1706
0.21085
0.26137
0.28923
0.18884
0.1684
0.18967
0.27462
0.43043
0.37996
0.2375
0.20082
0.17446
0.25401
0.18874
0.21406
0.20388
0.23932
0.2509
0.21759
0.16766
0.25889
0.25694
0.22531
0.44424
0.40696
0.2388
0.2292
0.23017
0.17834
0.18635
0.26707
0.2894
0.19206
0.16807
0.18466
0.17142
0.16679
0.18118
0.21639
0.25027
0.18022
0.32668
0.2607
0.26118
0.20707
0.20907
0.27006
0.20414
0.28358
0.25814
0.29089
0.27063
0.39533
0.35655
0.40952
0.36656
0.24932
0.22729
0.27704
0.37708
0.29504
0.2128
0.19207
0.17137
0.21103
0.21093
0.26586
0.3249
0.46313
0.25341
0.24107
0.23832
0.17462
0.17794
0.33759
0.43136
0.29996
0.26632
0.26959
0.31728
0.26637
0.2358
0.30099
0.51641
0.37991
0.38833
0.46606
0.3703
0.33933
0.37463
0.3017
0.3077
0.38739
0.46447
0.44142
0.34293
0.42783
0.2504
0.27008
0.27005
0.2259
0.64173
0.58988
0.43465
0.29316
0.38835
0.39143
0.29384
0.33176
0.44174
0.24549
0.35097
0.31436
0.47945
0.24455
0.26106
0.26371
0.41262
0.34747
0.32205
0.45337
0.37006
0.50713
0.41206
0.35198
0.33348
0.31427
0.35131
0.35301
0.28833
0.48569
0.37618
0.53102
0.30938
0.24685
0.27605
0.29437
0.27276
0.26467
0.33875
0.32559
0.24845
0.26569
0.38585
0.39882
0.35202
0.25261
0.37404
0.30097
0.40198
0.36038
0.40307
0.32888
0.22599
0.38087
0.45241
0.23463
0.24243
0.30531
0.28495
0.33534
0.56103
0.23238
0.22062
0.33309
0.29656
0.31256
0.30187
0.26689
0.2474
0.30042
0.25489
0.29022
0.26943
0.36487
0.50457
0.31065
0.22264
0.20348
0.22782
0.22023
0.2114
0.33412
0.39146
0.45703
0.25028
0.26814
0.39117
0.40191
0.49626
0.25286
0.43521
0.43392
0.34204
0.25498
0.24472
0.27658
0.19887
0.22004
0.3866
0.24019
0.238
0.28428
0.503
0.42067
0.34319
0.35006
0.36182
0.26476
0.26761
0.22809
0.17878
0.17592
0.20153
0.17428
0.1771
0.25238
0.19942
0.17299
0.17886
0.18777
0.26372
0.28754
0.25921
0.20437
0.21759
0.34569
0.47273
0.31817
0.91858
0.43497
0.31333
0.20525
0.20167
0.32033
0.36204
0.23481
0.17353
0.18205
0.2072
0.19292
0.27141
0.37907
0.18773
0.20462
0.28408
0.4071
0.43169
0.48128
0.43791
0.33365
0.21642
0.23749
0.35231
0.29289
0.37315
0.31492
0.25178
0.46419
0.57142
0.34607
0.36713
0.30622
0.26522
0.23187
0.3036
0.29895
0.44088
0.63708
0.33461
0.36244
0.37299
0.2853
0.27769
0.32108
0.35037
0.38794
0.21592
0.23591
0.27431
0.40777
0.30237
0.33182
0.49885
0.40988
0.30572
0.32302
0.28105
0.26708
0.25505
0.36777
0.34391
0.37741
0.43489
0.28606
0.39623
0.33939
0.42029
0.31024
0.48411
0.3179
0.19284
0.16833
0.3154
0.32101
0.36669
0.42241
0.27098
0.26948
0.31058
0.22568
0.44108
0.3392
0.32021
0.35909
0.31496
0.51359
0.25664
0.24544
0.28612
0.25223
0.32609
0.35323
0.34798
0.36291
0.29917
0.31676
0.27198
0.20552
0.22071
0.22894
0.27317
0.21861
0.19855
0.19143
0.28806
0.26177
0.38999
0.23517
0.19777
0.19293
0.19538
0.21048
0.19103
0.22891
0.23426
0.32678
0.4656
0.45557
0.34907
0.29347
0.30445
0.2457
0.33968
0.37112
0.28136
0.22034
0.20023
0.23693
0.24413
0.19181
0.16633
0.26806
0.25548
0.17092
0.28886
0.35124
0.36642
0.32881
0.26405
0.20282
0.37956
0.198
0.2065
0.20582
0.19865
0.2396
0.30847
0.5105
0.29986
0.34474
0.36669
0.40979
0.27486
0.26977
0.18076
0.22968
0.30163
0.34627
0.21955
0.33962
0.31605
0.20367
0.26563
0.22563
0.25799
0.26839
0.33201
0.20963
0.24103
0.38735
0.39762
0.33735
0.3553
0.23228
0.42578
0.45534
0.35796
0.45089
0.43787
0.31629
0.28371
0.19763
0.20967
0.22908
0.19542
0.30191
0.31839
0.22888
0.18746
0.15811
0.21466
0.1897
0.17048
0.17519
0.22449
0.27836
0.25216
0.34595
0.5075
0.34728
0.37718
0.43739
0.25807
0.19386
0.38517
0.22426
0.20665
0.2621
0.20765
0.22592
0.31784
0.37665
0.36714
0.58689
0.22827
0.3946
0.27649
0.22503
0.23187
0.23276
0.29106
0.31388
0.32914
0.19117
0.21512
0.17635
0.20097
0.2087
0.21184
0.2594
0.25242
0.24015
0.37645
0.36793
0.51482
0.29858
0.19862
0.20937
0.42301
0.44686
0.41214
0.43902
0.43114
0.26524
0.17451
0.18668
0.22082
0.25583
0.18428
0.16779
0.33229
0.36224
0.28567
0.4083
0.29019
0.19124
0.19048
0.17424
0.27704
0.28667
0.29755
0.42662
0.25229
0.33383
0.2878
0.19289
0.25039
0.33159
0.43792
0.32409
0.35145
0.28501
0.3377
0.19986
0.24126
0.22033
0.45046
0.46798
0.34496
0.39238
0.29838
0.38915
0.31644
0.40779
0.40216
0.33827
0.45198
0.40527
0.28303
0.21498
0.23651
0.21373
0.24698
0.19177
0.26116
0.25511
0.25379
0.27256
0.27734
0.37464
0.3877
0.39367
0.3208
0.27609
0.22306
0.24597
0.39082
0.40624
0.38355
0.27387
0.26478
