1.0724,1.0836,1.0857,0,0,0,0,0,0,0,0,0,0,0,0
0.09448,0.093405,0.094413,0,0,0,0,0,0,0,0,0,0,0,0
0.033031,0.032738,0.033205,0,0,0,0,0,0,0,0,0,0,0,0
0.030296,0.030847,0.0304,0,0,0,0,0,0,0,0,0,0,0,0
0.029512,0.030028,0.029457,0,0,0,0,0,0,0,0,0,0,0,0
0.03904,0.039147,0.039017,0,0,0,0,0,0,0,0,0,0,0,0
0.028835,0.029645,0.028602,0,0,0,0,0,0,0,0,0,0,0,0
0.028249,0.028923,0.027875,0,0,0,0,0,0,0,0,0,0,0,0
0.02804,0.02877,0.028058,0,0,0,0,0,0,0,0,0,0,0,0
0.028892,0.029545,0.028525,0,0,0,0,0,0,0,0,0,0,0,0
0.02896,0.029518,0.028846,0,0,0,0,0,0,0,0,0,0,0,0
0.028775,0.029693,0.028748,0,0,0,0,0,0,0,0,0,0,0,0
0.027794,0.028312,0.028088,0,0,0,0,0,0,0,0,0,0,0,0
0.027998,0.028426,0.028051,0,0,0,0,0,0,0,0,0,0,0,0
0.027829,0.027874,0.027767,0,0,0,0,0,0,0,0,0,0,0,0
0.027868,0.028184,0.027658,0,0,0,0,0,0,0,0,0,0,0,0
0.027985,0.028311,0.028114,0,0,0,0,0,0,0,0,0,0,0,0
0.028082,0.028143,0.02817,0,0,0,0,0,0,0,0,0,0,0,0
0.027919,0.028376,0.028285,0,0,0,0,0,0,0,0,0,0,0,0
0.028089,0.028255,0.028173,0,0,0,0,0,0,0,0,0,0,0,0
0.028031,0.028504,0.028453,0,0,0,0,0,0,0,0,0,0,0,0
0.028218,0.028225,0.028441,0,0,0,0,0,0,0,0,0,0,0,0
0.028135,0.028467,0.028708,0,0,0,0,0,0,0,0,0,0,0,0
0.028586,0.028696,0.029039,0,0,0,0,0,0,0,0,0,0,0,0
0.028116,0.028496,0.028329,0,0,0,0,0,0,0,0,0,0,0,0
0.029253,0.029306,0.029188,0,0,0,0,0,0,0,0,0,0,0,0
0.028464,0.028776,0.028358,0,0,0,0,0,0,0,0,0,0,0,0
0.028234,0.028579,0.028527,0,0,0,0,0,0,0,0,0,0,0,0
0.027713,0.028465,0.028576,0,0,0,0,0,0,0,0,0,0,0,0
0.028099,0.028326,0.028355,0,0,0,0,0,0,0,0,0,0,0,0
0.028353,0.028088,0.028502,0,0,0,0,0,0,0,0,0,0,0,0
0.028127,0.028235,0.028312,0,0,0,0,0,0,0,0,0,0,0,0
0.028205,0.028127,0.02854,0,0,0,0,0,0,0,0,0,0,0,0
0.028286,0.02836,0.028157,0,0,0,0,0,0,0,0,0,0,0,0
0.028145,0.028333,0.028353,0,0,0,0,0,0,0,0,0,0,0,0
0.028247,0.0284,0.028226,0,0,0,0,0,0,0,0,0,0,0,0
0.028002,0.028362,0.028258,0,0,0,0,0,0,0,0,0,0,0,0
0.029282,0.029094,0.029211,0,0,0,0,0,0,0,0,0,0,0,0
0.02907,0.029338,0.029435,0,0,0,0,0,0,0,0,0,0,0,0
0.02904,0.0292,0.02961,0,0,0,0,0,0,0,0,0,0,0,0
0.029115,0.029141,0.029145,0,0,0,0,0,0,0,0,0,0,0,0
0.029194,0.029073,0.028987,0,0,0,0,0,0,0,0,0,0,0,0
0.028972,0.02911,0.02829,0,0,0,0,0,0,0,0,0,0,0,0
0.029264,0.029122,0.028016,0,0,0,0,0,0,0,0,0,0,0,0
0.028791,0.028972,0.028195,0,0,0,0,0,0,0,0,0,0,0,0
0.029003,0.029237,0.027851,0,0,0,0,0,0,0,0,0,0,0,0
0.029108,0.028976,0.027893,0,0,0,0,0,0,0,0,0,0,0,0
0.027946,0.027288,0.02671,0,0,0,0,0,0,0,0,0,0,0,0
0.028072,0.027193,0.027765,0,0,0,0,0,0,0,0,0,0,0,0
0.028082,0.027646,0.028122,0,0,0,0,0,0,0,0,0,0,0,0
0.028052,0.025784,0.028144,0,0,0,0,0,0,0,0,0,0,0,0
0.027851,0.027154,0.027991,0,0,0,0,0,0,0,0,0,0,0,0
0.027846,0.026871,0.028234,0,0,0,0,0,0,0,0,0,0,0,0
0.028012,0.026493,0.028104,0,0,0,0,0,0,0,0,0,0,0,0
0.028269,0.026927,0.027953,0,0,0,0,0,0,0,0,0,0,0,0
0.029059,0.026908,0.027739,0,0,0,0,0,0,0,0,0,0,0,0
0.026709,0.026756,0.027864,0,0,0,0,0,0,0,0,0,0,0,0
0.026789,0.026691,0.02789,0,0,0,0,0,0,0,0,0,0,0,0
0.026438,0.026975,0.027874,0,0,0,0,0,0,0,0,0,0,0,0
0.026705,0.026793,0.028035,0,0,0,0,0,0,0,0,0,0,0,0
0.026754,0.026717,0.027902,0,0,0,0,0,0,0,0,0,0,0,0
0.027019,0.026539,0.027649,0,0,0,0,0,0,0,0,0,0,0,0
0.026947,0.026699,0.027864,0,0,0,0,0,0,0,0,0,0,0,0
0.026971,0.026484,0.02766,0,0,0,0,0,0,0,0,0,0,0,0
0.027667,0.026821,0.027865,0,0,0,0,0,0,0,0,0,0,0,0
0.0268,0.026832,0.027985,0,0,0,0,0,0,0,0,0,0,0,0
0.026868,0.02665,0.027959,0,0,0,0,0,0,0,0,0,0,0,0
0.02676,0.026796,0.027738,0,0,0,0,0,0,0,0,0,0,0,0
0.026669,0.026883,0.027809,0,0,0,0,0,0,0,0,0,0,0,0
0.02787,0.027679,0.028681,0,0,0,0,0,0,0,0,0,0,0,0
0.027733,0.027516,0.028843,0,0,0,0,0,0,0,0,0,0,0,0
0.02762,0.027597,0.028959,0,0,0,0,0,0,0,0,0,0,0,0
0.027393,0.027578,0.028641,0,0,0,0,0,0,0,0,0,0,0,0
0.027795,0.027723,0.028807,0,0,0,0,0,0,0,0,0,0,0,0
0.027628,0.027465,0.028922,0,0,0,0,0,0,0,0,0,0,0,0
0.027553,0.027295,0.028526,0,0,0,0,0,0,0,0,0,0,0,0
0.027663,0.027624,0.02873,0,0,0,0,0,0,0,0,0,0,0,0
0.027793,0.027687,0.028864,0,0,0,0,0,0,0,0,0,0,0,0
0.028505,0.028025,0.029565,0,0,0,0,0,0,0,0,0,0,0,0
0.029101,0.029185,0.030008,0,0,0,0,0,0,0,0,0,0,0,0
0.029215,0.029007,0.030587,0,0,0,0,0,0,0,0,0,0,0,0
0.029071,0.029424,0.030251,0,0,0,0,0,0,0,0,0,0,0,0
0.028513,0.029073,0.029791,0,0,0,0,0,0,0,0,0,0,0,0
0.029082,0.029019,0.030259,0,0,0,0,0,0,0,0,0,0,0,0
NaN,NaN,NaN,0,0,0,0,0,0,0,0,0,0,0,0
NaN,NaN,NaN,0,0,0,0,0,0,0,0,0,0,0,0
NaN,NaN,NaN,0,0,0,0,0,0,0,0,0,0,0,0
NaN,NaN,NaN,0,0,0,0,0,0,0,0,0,0,0,0
1.0816,1.0461,1.1697,0,0,0,0,0,0,0,0,0,0,0,0
0.090844,0.090665,0.094492,0,0,0,0,0,0,0,0,0,0,0,0
0.033001,0.032362,0.031854,0,0,0,0,0,0,0,0,0,0,0,0
0.02793,0.027973,0.02784,0,0,0,0,0,0,0,0,0,0,0,0
0.027037,0.027219,0.02694,0,0,0,0,0,0,0,0,0,0,0,0
0.027064,0.02707,0.026874,0,0,0,0,0,0,0,0,0,0,0,0
0.027244,0.027153,0.027096,0,0,0,0,0,0,0,0,0,0,0,0
0.025393,0.026356,0.026434,0,0,0,0,0,0,0,0,0,0,0,0
0.024901,0.025841,0.026564,0,0,0,0,0,0,0,0,0,0,0,0
0.025269,0.026098,0.02761,0,0,0,0,0,0,0,0,0,0,0,0
0.025209,0.026808,0.026801,0,0,0,0,0,0,0,0,0,0,0,0
0.035075,0.035872,0.036246,0,0,0,0,0,0,0,0,0,0,0,0
0.025442,0.026276,0.026395,0,0,0,0,0,0,0,0,0,0,0,0
0.025322,0.026467,0.026475,0,0,0,0,0,0,0,0,0,0,0,0
0.025365,0.026329,0.026523,0,0,0,0,0,0,0,0,0,0,0,0
0.024608,0.025468,0.025726,0,0,0,0,0,0,0,0,0,0,0,0
0.025687,0.026477,0.026612,0,0,0,0,0,0,0,0,0,0,0,0
0.025494,0.026399,0.026473,0,0,0,0,0,0,0,0,0,0,0,0
0.025584,0.026477,0.027053,0,0,0,0,0,0,0,0,0,0,0,0
0.0253,0.026424,0.026807,0,0,0,0,0,0,0,0,0,0,0,0
0.026002,0.026962,0.027228,0,0,0,0,0,0,0,0,0,0,0,0
0.026454,0.027107,0.027111,0,0,0,0,0,0,0,0,0,0,0,0
0.025811,0.027007,0.043099,0,0,0,0,0,0,0,0,0,0,0,0
0.025834,0.026823,0.030337,0,0,0,0,0,0,0,0,0,0,0,0
0.025891,0.02693,0.028611,0,0,0,0,0,0,0,0,0,0,0,0
0.025764,0.026681,0.02723,0,0,0,0,0,0,0,0,0,0,0,0
0.025979,0.026946,0.02736,0,0,0,0,0,0,0,0,0,0,0,0
0.025922,0.026878,0.02707,0,0,0,0,0,0,0,0,0,0,0,0
0.026031,0.02718,0.027063,0,0,0,0,0,0,0,0,0,0,0,0
0.025861,0.026947,0.026747,0,0,0,0,0,0,0,0,0,0,0,0
0.026129,0.027104,0.027188,0,0,0,0,0,0,0,0,0,0,0,0
0.026082,0.026728,0.02697,0,0,0,0,0,0,0,0,0,0,0,0
0.026096,0.027054,0.027053,0,0,0,0,0,0,0,0,0,0,0,0
0.025958,0.027025,0.026891,0,0,0,0,0,0,0,0,0,0,0,0
0.026687,0.026454,0.026865,0,0,0,0,0,0,0,0,0,0,0,0
0.025692,0.025724,0.027013,0,0,0,0,0,0,0,0,0,0,0,0
0.026129,0.02577,0.027321,0,0,0,0,0,0,0,0,0,0,0,0
0.025874,0.025688,0.026958,0,0,0,0,0,0,0,0,0,0,0,0
0.025802,0.025876,0.030042,0,0,0,0,0,0,0,0,0,0,0,0
0.025777,0.025458,0.028455,0,0,0,0,0,0,0,0,0,0,0,0
0.025775,0.025863,0.028228,0,0,0,0,0,0,0,0,0,0,0,0
0.025542,0.025386,0.026982,0,0,0,0,0,0,0,0,0,0,0,0
0.025629,0.025659,0.026719,0,0,0,0,0,0,0,0,0,0,0,0
0.025572,0.025273,0.0268,0,0,0,0,0,0,0,0,0,0,0,0
0.025667,0.025533,0.026679,0,0,0,0,0,0,0,0,0,0,0,0
0.025722,0.025716,0.026731,0,0,0,0,0,0,0,0,0,0,0,0
0.025868,0.025513,0.026816,0,0,0,0,0,0,0,0,0,0,0,0
0.025519,0.026356,0.026535,0,0,0,0,0,0,0,0,0,0,0,0
0.025883,0.026823,0.027033,0,0,0,0,0,0,0,0,0,0,0,0
0.02564,0.026504,0.026643,0,0,0,0,0,0,0,0,0,0,0,0
0.025628,0.02671,0.026622,0,0,0,0,0,0,0,0,0,0,0,0
0.025495,0.026865,0.026302,0,0,0,0,0,0,0,0,0,0,0,0
0.025595,0.026833,0.026997,0,0,0,0,0,0,0,0,0,0,0,0
0.025823,0.025835,0.026413,0,0,0,0,0,0,0,0,0,0,0,0
0.02555,0.025455,0.026685,0,0,0,0,0,0,0,0,0,0,0,0
0.025653,0.025344,0.026604,0,0,0,0,0,0,0,0,0,0,0,0
0.025589,0.036898,0.026569,0,0,0,0,0,0,0,0,0,0,0,0
0.025639,0.044318,0.026746,0,0,0,0,0,0,0,0,0,0,0,0
0.025737,0.037911,0.026806,0,0,0,0,0,0,0,0,0,0,0,0
0.025735,0.038109,0.02667,0,0,0,0,0,0,0,0,0,0,0,0
0.02606,0.034173,0.026717,0,0,0,0,0,0,0,0,0,0,0,0
0.025697,0.031432,0.026717,0,0,0,0,0,0,0,0,0,0,0,0
0.026089,0.029319,0.027296,0,0,0,0,0,0,0,0,0,0,0,0
0.026291,0.028137,0.026957,0,0,0,0,0,0,0,0,0,0,0,0
0.02582,0.02687,0.027041,0,0,0,0,0,0,0,0,0,0,0,0
0.025326,0.026234,0.026036,0,0,0,0,0,0,0,0,0,0,0,0
0.02597,0.027146,0.027139,0,0,0,0,0,0,0,0,0,0,0,0
0.026046,0.027241,0.027117,0,0,0,0,0,0,0,0,0,0,0,0
NaN,NaN,NaN,0,0,0,0,0,0,0,0,0,0,0,0
NaN,NaN,NaN,0,0,0,0,0,0,0,0,0,0,0,0
NaN,NaN,NaN,0,0,0,0,0,0,0,0,0,0,0,0
NaN,NaN,NaN,0,0,0,0,0,0,0,0,0,0,0,0
1.1003,1.0723,1.1067,0,0,0,0,0,0,0,0,0,0,0,0
0.095514,0.094194,0.094889,0,0,0,0,0,0,0,0,0,0,0,0
0.034378,0.033101,0.034247,0,0,0,0,0,0,0,0,0,0,0,0
0.029957,0.02828,0.02828,0,0,0,0,0,0,0,0,0,0,0,0
0.02937,0.028411,0.029392,0,0,0,0,0,0,0,0,0,0,0,0
0.029401,0.028555,0.029494,0,0,0,0,0,0,0,0,0,0,0,0
0.030033,0.028026,0.029742,0,0,0,0,0,0,0,0,0,0,0,0
0.029776,0.02848,0.029619,0,0,0,0,0,0,0,0,0,0,0,0
0.029549,0.028637,0.029772,0,0,0,0,0,0,0,0,0,0,0,0
0.029704,0.028331,0.029662,0,0,0,0,0,0,0,0,0,0,0,0
0.031092,0.030047,0.032588,0,0,0,0,0,0,0,0,0,0,0,0
0.041593,0.040165,0.041957,0,0,0,0,0,0,0,0,0,0,0,0
0.031436,0.031823,0.031914,0,0,0,0,0,0,0,0,0,0,0,0
0.03027,0.030419,0.030461,0,0,0,0,0,0,0,0,0,0,0,0
0.029395,0.030266,0.030078,0,0,0,0,0,0,0,0,0,0,0,0
0.030394,0.031013,0.030969,0,0,0,0,0,0,0,0,0,0,0,0
0.030288,0.030829,0.03115,0,0,0,0,0,0,0,0,0,0,0,0
0.030965,0.030991,0.030842,0,0,0,0,0,0,0,0,0,0,0,0
0.030702,0.030605,0.030477,0,0,0,0,0,0,0,0,0,0,0,0
0.030392,0.03139,0.031882,0,0,0,0,0,0,0,0,0,0,0,0
0.030441,0.030901,0.030663,0,0,0,0,0,0,0,0,0,0,0,0
0.030916,0.029529,0.030596,0,0,0,0,0,0,0,0,0,0,0,0
0.030939,0.029157,0.031201,0,0,0,0,0,0,0,0,0,0,0,0
0.030775,0.029472,0.031559,0,0,0,0,0,0,0,0,0,0,0,0
0.030089,0.02893,0.030093,0,0,0,0,0,0,0,0,0,0,0,0
0.030597,0.030375,0.030586,0,0,0,0,0,0,0,0,0,0,0,0
0.031735,0.031716,0.031865,0,0,0,0,0,0,0,0,0,0,0,0
0.031117,0.030394,0.03063,0,0,0,0,0,0,0,0,0,0,0,0
0.029226,0.030937,0.029987,0,0,0,0,0,0,0,0,0,0,0,0
0.031294,0.030717,0.030204,0,0,0,0,0,0,0,0,0,0,0,0
0.030949,0.031354,0.030081,0,0,0,0,0,0,0,0,0,0,0,0
