1
34.0091,61.7765,70.0162,84.8978
36.4483,67.2648,70.0162,84.8978
42.5464,72.7530,70.0162,84.8978
50.9326,79.5370,67.8790,82.3063
60.3758,80.7174,67.8790,82.3063
69.8189,82.4880,67.8790,82.3063
79.7079,84.9246,65.8070,79.7939
90.4456,89.0052,63.7982,77.3581
100.8527,94.0702,61.8507,74.9967
108.9115,95.6820,61.8507,74.9967
118.9888,96.8266,59.9627,72.7075
126.8124,94.7403,59.9627,72.7075
133.5927,92.1325,59.9627,72.7075
138.8084,88.4815,59.9627,72.7075
145.4609,84.3755,58.1323,70.4880
151.5315,83.3638,58.1323,70.4880
157.6021,79.8226,58.1323,70.4880
166.2021,76.7873,58.1323,70.4880
179.8609,76.2814,58.1323,70.4880
196.0491,76.2814,58.1323,70.4880
211.7315,76.7873,58.1323,70.4880
228.4256,76.2814,58.1323,70.4880
244.9952,76.3455,56.3578,68.3364
259.2109,75.8553,56.3578,68.3364
273.4266,75.3651,56.3578,68.3364
285.1913,74.3847,56.3578,68.3364
293.0344,73.4043,56.3578,68.3364
296.4658,71.4435,56.3578,68.3364
296.4658,70.4631,56.3578,68.3364
289.6030,70.4631,56.3578,68.3364
280.3691,70.3515,58.1590,70.5204
264.1809,70.3515,58.1590,70.5204
249.3862,69.4043,56.3837,68.3677
234.1901,67.4435,56.3837,68.3677
221.3252,69.4674,54.6626,66.2808
207.5075,73.2792,54.6626,66.2808
192.7369,76.6144,54.6626,66.2808
180.8252,81.3792,54.6626,66.2808
176.0605,82.3321,54.6626,66.2808
172.3281,100.3317,56.4096,68.3991
163.8754,103.3365,54.6877,66.3112
156.2518,103.8130,54.6877,66.3112
148.5100,105.7780,53.0183,64.2870
145.8197,97.8389,54.7128,66.3417
140.1807,95.3494,56.4614,68.4619
133.6601,95.9021,54.7379,66.3721
128.9736,93.8885,56.4873,68.4934
126.1023,91.3176,58.2926,70.6824
123.5631,89.2862,58.2926,70.6824
121.6159,87.6488,60.1557,72.9414
122.6629,87.6488,60.1557,72.9414
128.5075,86.4832,62.0782,75.2726
145.6315,88.7105,60.1833,72.9749
161.3374,88.7105,60.1833,72.9749
174.9491,86.0929,60.1833,72.9749
191.2639,85.4503,62.1067,75.3072
208.4471,83.8938,60.2109,73.0084
227.6896,82.9140,58.3730,70.7798
244.8315,83.4864,56.5911,68.6192
261.4442,83.0572,54.8636,66.5246
274.7854,80.1984,54.8636,66.5246
288.6031,76.3867,54.8636,66.5246
299.0854,74.0043,54.8636,66.5246
307.1854,71.6219,54.8636,66.5246
311.4736,68.7631,54.8636,66.5246
312.4266,65.9043,54.8636,66.5246
307.1854,65.4278,54.8636,66.5246
298.1325,66.8572,54.8636,66.5246
283.8383,72.5749,54.8636,66.5246
270.3816,79.7843,53.1889,64.4939
250.5591,84.3067,54.8888,66.5552
227.5944,87.6557,54.8888,66.5552
199.3669,93.3969,54.8888,66.5552
179.3526,93.2902,56.6431,68.6823
157.2847,92.1926,58.4534,70.8773
149.1592,89.6534,58.4534,70.8773
124.3565,81.9188,60.3216,73.1426
108.0663,75.6130,60.3216,73.1426
86.0827,70.2402,62.2494,75.4802
68.7651,68.0755,62.2494,75.4802
46.9857,69.7687,60.3493,73.1762
26.0527,75.9562,62.2780,75.5149
8.8222,77.9966,64.2684,77.9283
0.4399,80.2318,64.2684,77.9283
-1.7954,80.7907,64.2684,77.9283
-0.6778,81.3495,64.2684,77.9283
1.6482,80.1042,66.3224,80.4189
3.3776,74.3395,66.3224,80.4189
9.8119,65.5603,68.4421,82.9891
11.4526,64.4426,66.3529,80.4558
12.1216,62.5805,68.4735,83.0272
12.8157,59.4654,70.6619,85.6808
15.3806,67.9472,72.9203,88.4191
11.0389,73.5225,75.2508,91.2450
17.6952,74.0292,77.6559,94.1612
29.0275,76.8192,75.2854,91.2869
40.8157,76.1643,75.2854,91.2869
51.9491,84.0232,75.2854,91.2869
61.7726,85.3330,75.2854,91.2869
70.1256,88.6910,72.9873,88.5003
85.2160,91.9476,70.7593,85.7988
104.3023,94.4103,70.7593,85.7988
121.5415,95.0260,70.7593,85.7988
149.8631,100.5672,70.7593,85.7988
170.7964,103.6456,70.7593,85.7988
192.4461,104.7373,73.0208,88.5410
210.3380,106.4989,75.3545,91.3707
243.5783,108.5484,73.0543,88.5816
273.2816,109.2651,70.8243,85.8776
294.8306,109.2651,70.8243,85.8776
317.4606,109.3444,68.6624,83.2562
331.9124,107.4159,70.8568,85.9171
346.5389,103.8018,68.6939,83.2944
353.1173,98.4194,68.6939,83.2944
354.9115,92.4390,68.6939,83.2944
354.9115,88.2527,68.6939,83.2944
346.5389,81.0763,68.6939,83.2944
329.6462,76.3672,66.5970,80.7518
319.1991,74.6260,66.5970,80.7518
308.2682,71.5944,68.7254,83.3326
291.5232,69.8003,68.7254,83.3326
275.2289,71.6702,66.6276,80.7889
267.5400,61.2954,64.5937,78.3228
265.2890,61.2954,64.5937,78.3228
258.5360,66.3601,64.5937,78.3228
251.2204,70.8621,64.5937,78.3228
261.4431,67.9222,66.6581,80.8260
257.2369,74.9598,64.6234,78.3587
245.5121,77.0841,66.6888,80.8631
227.6150,72.3095,68.8201,83.4475
207.9761,74.5643,71.0196,86.1145
192.5349,75.7996,71.0196,86.1145
179.0470,77.5117,73.2894,88.8667
169.4882,80.0607,73.2894,88.8667
171.4000,81.3352,73.2894,88.8667
180.8029,83.3288,71.0522,86.1540
187.5970,86.4171,71.0522,86.1540
197.4794,90.7406,71.0522,86.1540
228.9794,91.9759,71.0522,86.1540
245.6558,92.5935,71.0522,86.1540
251.8323,93.2112,71.0522,86.1540
254.7697,94.5261,68.8833,83.5241
256.4210,97.0009,66.7806,80.9745
256.2795,99.9780,64.7421,78.5027
251.2148,102.2290,64.7421,78.5027
244.4619,105.0427,64.7421,78.5027
236.1116,104.3510,66.8113,81.0117
233.2096,102.6098,66.8113,81.0117
226.1039,95.1404,64.7719,78.5388
224.4156,87.8247,64.7719,78.5388
207.0609,86.5696,66.8420,81.0489
230.2105,81.4008,64.8016,78.5748
255.4819,82.6000,62.8235,76.1763
276.1349,83.7627,60.9058,73.8510
291.4879,82.7038,60.9058,73.8510
301.4174,79.0663,59.0466,71.5967
309.1233,74.9565,59.0466,71.5967
314.6481,67.8296,57.2442,69.4112
316.6402,64.8414,57.2442,69.4112
315.6441,64.8414,57.2442,69.4112
310.6638,70.8179,57.2442,69.4112
298.7108,75.7983,57.2442,69.4112
292.2363,82.7708,57.2442,69.4112
292.2363,98.2100,57.2442,69.4112
290.3255,105.5675,59.0737,71.6296
289.6859,105.6333,57.2705,69.4430
284.5835,103.2069,55.5223,67.3233
269.2257,99.2370,57.2968,69.4749
255.3611,88.6640,59.1280,71.6953
245.6003,80.4444,59.1280,71.6953
233.3535,72.6203,61.0177,73.9867
223.8764,68.2498,62.9679,76.3513
225.5176,67.7027,62.9679,76.3513
230.9882,67.1556,62.9679,76.3513
224.4235,67.7027,62.9679,76.3513
205.8235,71.5321,62.9679,76.3513
189.4117,79.1909,62.9679,76.3513
174.0941,89.0380,62.9679,76.3513
170.2647,96.1498,62.9679,76.3513
178.3375,97.8621,61.0457,74.0207
183.6512,96.2680,61.0457,74.0207
183.2071,94.5538,62.9968,76.3864
183.7561,95.1028,62.9968,76.3864
184.8541,101.6911,62.9968,76.3864
193.6385,98.3969,62.9968,76.3864
199.1286,92.3577,62.9968,76.3864
201.7372,85.8373,61.0738,74.0547
204.9254,82.6491,61.0738,74.0547
219.8039,78.9295,61.0738,74.0547
226.7117,76.2726,61.0738,74.0547
222.4607,70.4275,61.0738,74.0547
220.7360,71.0264,59.2095,71.7941
222.1554,73.1535,57.4021,69.6026
224.5315,73.7159,55.6499,67.4780
232.6456,74.7458,53.9511,65.4182
232.5318,77.1501,52.3043,63.4213
230.2573,80.3344,52.3043,63.4213
230.2573,83.5187,52.3043,63.4213
234.8063,81.6991,52.3043,63.4213
241.5183,77.2083,50.7077,61.4853
252.4393,75.0585,49.1598,59.6084
264.8354,75.9134,49.1598,59.6084
271.3165,82.6549,50.7309,61.5135
276.2411,82.1131,52.3523,63.4795
251.1107,83.0820,50.7542,61.5418
266.9931,71.1702,50.7542,61.5418
252.9467,71.9515,52.3763,63.5087
250.2173,76.0456,52.3763,63.5087
254.6559,77.0149,50.7775,61.5700
252.3427,78.3958,49.2275,59.6906
253.0940,81.0167,47.7248,57.8685
242.2862,82.2637,47.7248,57.8685
226.9058,82.6794,47.7248,57.8685
193.7196,104.6174,49.2501,59.7180
175.3267,110.1043,50.8242,61.6266
159.8169,117.6376,50.8242,61.6266
150.9542,124.7278,50.8242,61.6266
151.3973,131.3749,50.8242,61.6266
156.7150,130.9317,50.8242,61.6266
164.2483,123.8416,50.8242,61.6266
174.4404,115.4219,50.8242,61.6266
183.3032,106.5592,50.8242,61.6266
191.7228,97.6965,50.8242,61.6266
200.2165,84.7470,52.4485,63.5962
217.5773,76.5234,52.4485,63.5962
230.9019,67.2836,54.1248,65.6287
237.5664,61.9996,55.8546,67.7262
242.5091,63.3487,57.6397,69.8907
243.0111,66.8624,57.6397,69.8907
239.4974,71.8820,57.6397,69.8907
227.4503,76.9016,57.6397,69.8907
212.9763,77.2907,59.4819,72.1244
200.6375,86.4911,61.3829,74.4295
194.7709,94.4911,61.3829,74.4295
189.9709,101.9577,61.3829,74.4295
188.9900,106.6350,63.3447,76.8083
188.9900,106.0840,63.3447,76.8083
191.7449,103.3291,63.3447,76.8083
193.3978,99.4723,63.3447,76.8083
200.5606,97.2683,63.3447,76.8083
213.2331,86.7997,63.3447,76.8083
221.3627,73.6465,61.4111,74.4637
223.9059,76.3889,59.5365,72.1907
228.0470,87.2595,59.5365,72.1907
236.3294,90.8830,59.5365,72.1907
243.6603,94.9059,61.4393,74.4979
248.4780,94.9059,61.4393,74.4979
248.4780,94.3706,61.4393,74.4979
244.5981,90.6900,59.5638,72.2238
234.3286,90.5712,61.4675,74.5321
231.2052,88.3095,63.4320,76.9141
224.5934,89.4115,63.4320,76.9141
216.4170,90.3863,65.4593,79.3723
213.4357,95.5782,63.4611,76.9494
211.8687,96.5603,65.4893,79.4087
211.3927,95.8619,67.5824,81.9466
213.8422,97.4936,69.7423,84.5657
213.3336,100.9893,71.9713,87.2684
214.0599,98.3438,74.2715,90.0575
215.4613,95.6105,76.6452,92.9357
215.4613,95.6105,76.6452,92.9357
212.9032,93.4587,79.0948,95.9059
208.1981,87.1085,81.6226,98.9711
199.7957,81.2681,84.2313,102.1342
193.3164,65.7027,86.9233,105.3984
190.2889,52.8360,86.9233,105.3984
187.2615,42.2399,86.9233,105.3984
186.5046,40.7262,86.9233,105.3984
187.2615,39.9694,86.9233,105.3984
186.5046,39.2125,86.9233,105.3984
184.9909,39.2125,86.9233,105.3984
182.7203,39.2125,86.9233,105.3984
180.4497,40.7262,86.9233,105.3984
181.9634,40.7262,86.9233,105.3984
178.9360,41.4831,86.9233,105.3984
173.7626,47.3674,89.7014,108.7669
162.1841,51.8725,92.5683,112.2431
145.2606,55.0960,92.5683,112.2431
135.3910,58.4209,89.7426,108.8169
135.3910,56.8601,89.7426,108.8169
140.0734,48.2758,89.7426,108.8169
151.1256,45.7565,92.6107,112.2947
167.2432,40.9212,92.6107,112.2947
182.3567,38.6057,89.7838,108.8668
197.1842,39.3861,89.7838,108.8668
210.5769,47.0111,92.6533,112.3462
231.6610,53.2747,95.6145,115.9368
240.8061,66.5766,95.6145,115.9368
249.2546,67.2181,98.6703,119.6422
245.9602,64.4474,101.8238,123.4659
245.7418,46.8338,98.7156,119.6971
241.5878,53.5092,101.8706,123.5226
235.5286,58.6255,105.1263,127.4704
232.0212,52.9337,108.4862,131.5443
229.3445,53.6610,111.9534,135.7485
227.5554,56.3643,115.5314,140.0870
226.5496,58.3760,115.5314,140.0870
211.4613,60.3878,115.5314,140.0870
199.3907,65.4172,115.5314,140.0870
194.3613,72.4584,115.5314,140.0870
190.0893,81.6377,112.0048,135.8108
187.9008,85.6595,108.5858,131.6651
196.4067,85.6595,108.5858,131.6651
205.8577,72.4282,108.5858,131.6651
222.6365,84.8338,105.2712,127.6460
236.1472,84.9506,102.0578,123.7496
236.1472,76.9565,102.0578,123.7496
235.9284,75.2923,98.9424,119.9721
236.5777,76.2626,95.9222,116.3099
238.0417,78.8731,92.9941,112.7595
237.2319,75.6339,92.9941,112.7595
226.0282,63.3046,95.9662,116.3633
198.6006,48.9157,99.0333,120.0823
173.6378,54.9412,99.0333,120.0823
166.5415,59.3563,96.0103,116.4167
162.5014,58.3312,99.0788,120.1374
173.7171,54.8803,99.0788,120.1374
189.2465,46.2528,99.0788,120.1374
222.0308,47.9783,99.0788,120.1374
269.4818,50.5665,99.0788,120.1374
286.7367,46.2528,99.0788,120.1374
286.7367,41.0763,99.0788,120.1374
266.6803,38.5962,96.0543,116.4702
239.9509,41.1021,96.0543,116.4702
200.4875,57.0798,93.1223,112.9149
180.0441,81.4776,90.2797,109.4681
179.2578,93.2718,90.2797,109.4681
180.8303,103.4933,90.2797,109.4681
189.6092,102.5303,93.1650,112.9667
192.0387,92.8127,93.1650,112.9667
204.9955,66.8989,93.1650,112.9667
222.8112,56.3715,93.1650,112.9667
226.9911,52.9467,96.1426,116.5771
216.2449,52.7583,99.2153,120.3029
205.0292,52.7583,99.2153,120.3029
195.5390,54.4838,99.2153,120.3029
193.8135,57.0720,99.2153,120.3029
193.9536,63.7770,102.3862,124.1478
200.1849,92.2633,102.3862,124.1478
205.3084,100.3895,99.2608,120.3582
186.1175,103.9520,96.2309,116.6842
188.4235,105.7329,93.2934,113.1224
190.8588,104.9211,93.2934,113.1224
188.5562,103.9252,96.2750,116.7378
186.6766,105.7069,93.3362,113.1743
190.7354,104.8951,93.3362,113.1743
187.2894,105.8107,90.4871,109.7196
185.7129,113.6931,90.4871,109.7196
176.8469,125.6147,87.7250,106.3704
176.6603,140.2049,85.0471,103.1234
178.6976,145.4749,82.4510,99.9756
177.2623,146.1926,82.4510,99.9756
178.6976,139.7337,82.4510,99.9756
185.2742,136.7008,85.0862,103.1708
189.1027,132.0874,87.8055,106.4681
192.1615,109.9110,87.8055,106.4681
186.1702,98.2684,90.6118,109.8708
171.3222,83.1127,93.5077,113.3823
152.6065,74.9755,93.5077,113.3823
138.0926,73.9773,96.4962,117.0060
127.1828,81.5303,96.4962,117.0060
130.5397,82.3695,96.4962,117.0060
144.8064,80.6911,96.4962,117.0060
156.3497,73.2455,93.5507,113.4344
