1
762.0000,240.0000,149.0000,93.0000
765.0000,240.0000,147.0000,92.0000
765.9999,240.0000,149.0000,93.0000
768.9999,238.0000,151.0000,94.0000
769.9999,238.0001,154.9999,96.0000
778.9999,237.0002,153.0000,95.0000
784.9999,237.0002,149.0000,93.0000
785.9999,236.0003,151.0000,94.0000
785.9999,235.0004,155.0000,96.0000
788.9999,234.0005,156.0000,97.0000
794.9998,235.0005,151.0000,94.0000
794.9998,233.0006,155.0000,96.0000
793.9997,232.0007,156.0000,97.0000
798.9997,230.0008,153.0000,95.0000
803.9996,229.0009,148.0001,92.0000
809.9996,228.0010,144.0001,90.0001
815.0002,228.0012,141.0002,88.0001
816.0002,229.0013,138.0001,86.0001
819.0002,229.0013,136.0001,85.0001
823.0001,227.0013,132.0001,82.0001
831.0001,223.0014,128.0001,80.0001
835.0008,223.0015,125.0001,78.0001
839.0016,223.0016,122.0001,76.0001
841.0024,222.0016,122.0001,76.0000
843.0032,221.0017,122.0000,76.0000
849.0040,219.0018,118.0000,73.0000
850.0040,218.0018,119.0000,74.0000
852.0049,217.0019,118.0000,73.0000
853.0057,216.0020,119.0000,74.0000
854.0065,217.0022,118.0001,73.0001
856.0074,217.0025,122.0001,76.0000
861.0082,218.0027,120.0001,75.0000
864.0090,217.0029,123.0001,76.0000
866.0098,216.0031,123.0001,76.0000
871.0107,216.0033,119.0001,74.0000
875.0116,212.0035,119.0000,74.0000
876.0125,211.0038,123.0000,76.0000
881.0133,210.0039,120.0000,75.0000
882.0142,210.0040,120.0000,75.0000
883.0151,210.0042,123.0000,76.0000
883.0159,208.0044,120.0000,75.0000
885.0168,208.0047,117.0001,73.0000
885.0176,207.0049,119.0000,74.0000
887.0186,207.0051,120.0000,75.0000
890.0195,207.0053,117.0001,73.0000
890.0204,208.0055,117.0001,73.0000
893.0212,209.0057,117.0001,73.0000
892.0221,210.0059,116.0001,72.0000
896.0230,208.0061,119.0000,74.0000
895.0239,209.0063,116.0001,72.0000
896.0248,209.0064,115.0001,71.0000
897.0257,208.0066,115.0001,71.0000
898.0266,206.0068,117.0001,73.0000
900.0274,203.0070,119.0000,74.0000
901.0283,203.0071,123.0000,76.0000
897.0292,200.0074,127.0000,79.0000
898.0301,200.0076,123.0000,76.0000
900.0310,200.0078,120.0000,75.0000
898.0319,201.0081,117.0001,73.0000
899.0327,200.0083,120.0001,75.0000
903.0336,202.0085,117.0001,73.0000
901.0345,202.0085,119.0000,74.0000
901.0353,204.0087,118.0001,73.0000
901.0362,204.0089,119.0001,74.0000
902.0370,204.0090,117.0000,73.0000
903.0378,205.0090,115.0000,71.0000
903.0386,205.0091,115.0001,71.0000
901.0394,204.0093,118.0000,73.0000
901.0401,206.0093,118.0000,73.0000
903.0408,206.0094,115.0000,71.0000
904.0416,208.0094,111.0001,69.0000
903.0422,209.0094,109.0001,68.0001
901.0430,210.0094,108.0001,67.0001
902.0436,208.0094,107.0001,66.0001
904.0443,208.0094,104.0001,65.0001
904.0449,208.0094,102.0001,63.0001
905.0455,207.0094,105.0001,65.0001
905.0461,207.0094,104.0001,65.0000
904.0468,207.0094,102.0001,63.0000
904.0473,205.0095,105.0001,65.0000
901.0479,203.0095,107.0000,66.0000
902.0484,203.0096,108.0000,67.0000
903.0490,202.0096,109.0000,68.0000
903.0495,200.0097,108.0000,67.0000
903.0500,200.0098,110.0000,68.0000
904.0507,200.0100,109.0001,68.0000
905.0513,200.0102,107.0001,66.0000
905.0513,199.0103,108.0000,67.0000
904.0519,199.0104,108.0000,67.0000
906.0519,198.0105,108.0000,67.0000
906.0519,198.0107,109.0000,68.0000
904.0519,200.0108,107.0000,66.0000
903.0519,200.0109,109.0000,68.0000
903.0519,201.0110,106.0000,66.0000
904.0526,200.0112,107.0001,66.0000
907.0532,202.0114,105.0001,65.0000
907.0532,202.0116,105.0000,65.0000
905.0532,200.0117,108.0000,67.0000
907.0539,198.0119,109.0000,68.0000
908.0546,198.0121,111.0000,69.0000
908.0552,197.0123,109.0000,68.0000
908.0558,198.0125,108.0000,67.0000
908.0565,197.0126,110.0000,68.0000
908.0573,201.0127,107.0000,66.0000
908.0580,204.0128,105.0000,65.0000
907.0587,204.0129,105.0000,65.0000
907.0594,204.0130,104.0000,65.0000
908.0602,204.0131,105.0000,65.0000
907.0609,205.0132,105.0000,65.0000
907.0616,205.0133,105.0000,65.0000
906.0624,205.0134,104.0001,65.0000
904.0630,206.0135,107.0000,66.0000
904.0637,208.0135,105.0000,65.0000
904.0644,209.0136,104.0001,65.0000
906.0651,210.0137,103.0001,64.0000
906.0659,210.0137,103.0001,64.0000
906.0666,212.0138,105.0001,65.0000
905.0673,210.0138,106.0001,66.0000
904.0681,211.0140,107.0001,66.0000
905.0688,212.0141,105.0001,65.0000
903.0695,211.0143,108.0001,67.0000
902.0703,211.0145,108.0001,67.0000
904.0710,210.0146,106.0001,66.0000
904.0717,210.0148,107.0001,66.0000
903.0724,211.0149,108.0001,67.0000
903.0731,211.0150,108.0001,67.0000
904.0737,209.0152,107.0001,66.0000
903.0744,207.0153,109.0000,68.0000
902.0751,206.0155,110.0000,68.0000
904.0751,206.0155,108.0000,67.0000
903.0751,206.0155,108.0000,67.0000
903.0751,207.0154,110.0000,68.0000
903.0751,207.0154,111.0000,69.0000
904.0751,206.0154,112.0000,70.0000
904.0751,206.0154,112.0000,70.0000
904.0751,206.0154,111.0000,69.0000
903.0751,207.0154,108.0000,67.0000
905.0751,208.0154,105.0000,65.0000
905.0751,209.0154,103.0000,64.0000
904.0751,208.0154,104.0000,65.0000
905.0751,208.0154,105.0000,65.0000
905.0751,208.0154,105.0000,65.0000
904.0751,208.0154,103.0000,64.0000
904.0751,208.0154,104.0000,65.0000
904.0757,208.0154,105.0001,65.0001
904.0764,207.0155,105.0001,65.0001
904.0770,207.0156,104.0001,65.0001
905.0776,207.0157,103.0001,64.0001
904.0782,206.0157,105.0001,65.0001
903.0788,206.0158,104.0001,65.0000
903.0793,205.0159,106.0001,66.0000
904.0799,206.0160,103.0001,64.0000
906.0799,207.0160,101.0001,63.0000
906.0799,206.0161,103.0000,64.0000
906.0806,205.0163,103.0001,64.0001
905.0813,203.0165,106.0001,66.0000
906.0820,205.0167,104.0001,65.0000
907.0826,205.0169,103.0001,64.0001
905.0826,203.0169,106.0000,66.0000
907.0826,204.0169,103.0000,64.0000
907.0826,204.0170,103.0000,64.0000
906.0826,203.0170,105.0000,65.0000
907.0826,202.0171,103.0000,64.0000
905.0826,200.0172,106.0000,66.0000
906.0826,199.0173,106.0000,66.0000
906.0827,199.0174,108.0000,67.0000
907.0827,201.0175,105.0000,65.0000
907.0833,201.0177,103.0001,64.0001
907.0839,201.0179,103.0001,64.0001
908.0846,202.0181,105.0001,65.0000
907.0853,202.0183,103.0001,64.0001
906.0853,204.0184,105.0000,65.0000
905.0853,203.0184,108.0000,67.0000
906.0854,202.0185,108.0000,67.0000
905.0861,203.0187,106.0001,66.0000
906.0867,204.0189,104.0001,65.0000
907.0874,203.0191,103.0001,64.0001
907.0881,203.0193,105.0001,65.0000
906.0887,203.0195,104.0001,65.0000
906.0895,203.0197,104.0001,65.0000
905.0902,201.0199,106.0000,66.0000
907.0909,203.0201,104.0001,65.0000
906.0916,203.0203,104.0001,65.0000
906.0916,204.0203,103.0000,64.0000
905.0917,204.0204,101.0000,63.0000
905.0917,205.0204,101.0000,63.0000
901.0918,206.0204,104.0000,65.0000
900.0918,207.0205,103.0000,64.0000
897.0919,209.0205,102.0000,63.0000
897.0919,210.0204,104.0000,65.0000
895.0920,211.0204,107.0000,66.0000
896.0920,213.0204,108.0000,67.0000
896.0920,214.0203,110.9999,69.0000
892.0920,214.0202,108.0000,67.0000
889.0920,215.0201,110.0000,68.0000
894.0920,215.0201,112.9999,71.0000
889.0920,215.0200,115.9999,72.0000
887.0920,215.0201,117.9999,73.0000
883.0921,215.0201,118.9999,74.0000
879.0921,215.0201,121.9999,75.9999
882.0927,216.0201,118.0000,73.0000
874.0931,216.0201,117.0000,73.0000
877.0937,216.0201,117.0000,73.0000
872.0937,218.0200,113.0000,71.0000
866.0942,217.0200,117.0000,73.0000
865.0947,215.0201,120.0000,75.0000
865.0952,215.0202,123.0000,76.0000
865.0956,213.0203,124.0000,77.0000
860.0962,211.0205,125.0000,78.0000
859.0967,213.0206,122.0000,76.0000
855.0974,214.0207,124.0000,77.0000
851.0979,212.0209,127.0000,79.0000
849.0984,211.0210,130.0000,81.0000
849.0991,212.0211,127.0000,79.0000
848.0998,212.0213,128.0000,80.0000
849.1004,213.0215,128.0000,80.0000
853.1010,217.0216,124.0001,77.0000
856.1017,219.0218,123.0001,76.0001
860.1023,221.0219,119.0001,74.0001
861.1030,226.0219,116.0001,72.0001
861.1037,230.0219,112.0001,70.0001
859.1044,233.0219,113.0001,71.0001
854.1052,233.0219,116.0001,72.0001
854.1060,234.0220,113.0001,71.0001
850.1066,232.0220,116.0001,72.0001
848.1074,233.0220,112.0001,70.0001
840.1081,232.0220,116.0001,72.0001
835.1088,231.0220,116.0001,72.0001
833.1096,232.0220,115.0001,71.0001
826.1102,229.0220,116.0001,72.0001
822.1109,230.0220,112.0001,70.0001
819.1116,233.0222,109.0001,68.0001
813.1122,238.0223,110.0001,68.0001
804.1129,234.0225,112.0001,70.0001
799.1135,232.0226,112.0001,70.0001
792.1141,231.0228,115.0001,71.0001
787.1147,231.0228,111.0001,69.0001
781.1154,231.0229,108.0001,67.0001
771.1160,230.0230,109.0001,68.0001
759.1166,226.0232,112.0001,70.0000
755.1172,226.0233,112.0001,70.0000
746.1178,226.0234,113.0001,71.0000
737.1184,231.0236,111.0001,69.0000
725.1190,238.0237,108.0001,67.0000
724.1196,247.0239,105.0001,65.0001
695.1201,249.0239,108.0001,67.0000
721.1207,277.0238,107.0001,66.0000
713.1212,254.0238,110.0001,68.0000
703.1218,262.0238,112.0000,70.0000
705.1223,262.0238,111.0001,69.0000
705.1229,260.0238,115.0000,71.0000
702.1235,259.0237,118.0000,73.0000
702.1241,261.0237,117.0000,73.0000
702.1247,261.0237,116.0001,72.0000
705.1252,262.0237,112.0001,70.0000
706.1258,264.0237,111.0001,69.0000
706.1263,264.0237,111.0001,69.0000
706.1269,262.0238,111.0001,69.0001
706.1274,262.0240,112.0001,70.0000
706.1279,264.0240,111.0001,69.0000
704.1284,262.0240,112.0000,70.0000
705.1289,264.0240,110.0000,68.0000
704.1294,263.0240,112.0000,70.0000
704.1299,263.0240,112.0001,70.0000
704.1304,264.0240,112.0001,70.0000
705.1309,264.0240,112.0001,70.0000
707.1313,266.0240,109.0000,68.0000
706.1318,265.0239,108.0000,67.0000
705.1323,263.0239,111.0000,69.0000
705.1328,262.0239,112.0000,70.0000
706.1333,264.0239,111.0001,69.0000
704.1338,263.0239,112.0000,70.0000
704.1343,263.0239,113.0000,71.0000
704.1347,263.0239,113.0000,71.0000
705.1351,264.0239,112.0000,70.0000
707.1356,265.0239,109.0001,68.0000
704.1360,264.0239,112.0000,70.0000
705.1364,265.0239,111.0001,69.0000
705.1368,265.0239,110.0001,68.0000
705.1371,264.0239,111.0001,69.0000
705.1375,264.0239,111.0001,69.0000
704.1379,264.0239,111.0000,69.0000
704.1383,263.0239,112.0000,70.0000
705.1387,264.0239,111.0000,69.0000
704.1387,264.0239,113.0000,71.0000
705.1389,265.0239,110.0000,68.0000
704.1392,263.0239,112.0000,70.0000
704.1392,264.0239,110.0000,68.0000
703.1392,263.0239,113.0000,71.0000
704.1393,264.0239,111.0000,69.0000
704.1393,264.0239,112.0000,70.0000
705.1393,264.0239,111.0000,69.0000
706.1393,264.0239,109.0000,68.0000
705.1393,264.0239,110.0000,68.0000
705.1393,264.0239,111.0000,69.0000
705.1393,265.0239,110.0000,68.0000
704.1393,263.0239,113.0000,71.0000
705.1393,264.0239,111.0000,69.0000
705.1393,265.0239,110.0000,68.0000
705.1393,264.0239,111.0000,69.0000
705.1393,265.0239,111.0000,69.0000
704.1393,264.0239,110.0000,68.0000
704.1393,264.0239,112.0000,70.0000
706.1393,265.0239,109.0000,68.0000
706.1393,264.0239,109.0000,68.0000
705.1393,264.0239,112.0000,70.0000
705.1393,265.0239,112.0000,70.0000
704.1393,263.0239,113.0000,71.0000
705.1393,265.0239,110.0000,68.0000
704.1393,263.0239,113.0000,71.0000
704.1393,264.0239,112.0000,70.0000
704.1393,264.0239,112.0000,70.0000
704.1393,263.0239,112.0000,70.0000
705.1393,264.0239,110.0000,68.0000
704.1393,264.0239,111.0000,69.0000
704.1394,264.0239,112.0000,70.0000
704.1394,264.0239,112.0000,70.0000
705.1394,264.0239,111.0000,69.0000
705.1394,264.0239,112.0000,70.0000
705.1394,264.0239,112.0000,70.0000
706.1394,265.0239,109.0000,68.0000
706.1394,265.0239,109.0000,68.0000
706.1394,265.0239,109.0000,68.0000
705.1394,265.0239,110.0000,68.0000
705.1394,265.0239,110.0000,68.0000
706.1394,265.0239,109.0000,68.0000
705.1394,265.0239,110.0000,68.0000
705.1394,264.0239,111.0000,69.0000
705.1394,265.0239,111.0000,69.0000
706.1393,266.0239,108.0000,67.0000
706.1393,266.0239,108.0000,67.0000
706.1393,266.0239,108.0000,67.0000
705.1393,265.0239,109.0000,68.0000
706.1393,266.0239,108.0000,67.0000
705.1393,264.0239,111.0000,69.0000
705.1393,265.0239,111.0000,69.0000
706.1393,265.0239,109.0000,68.0000
706.1393,266.0239,108.0000,67.0000
706.1393,266.0239,108.0000,67.0000
706.1393,265.0239,109.0000,68.0000
706.1393,265.0239,109.0000,68.0000
705.1393,264.0239,112.0000,70.0000
705.1393,265.0239,111.0000,69.0000
705.1393,265.0239,111.0000,69.0000
705.1393,265.0239,111.0000,69.0000
705.1393,265.0239,110.0000,68.0000
706.1393,266.0239,108.0000,67.0000
706.1393,265.0239,109.0000,68.0000
705.1393,265.0239,110.0000,68.0000
705.1393,265.0239,110.0000,68.0000
706.1393,265.0239,109.0000,68.0000
706.1393,266.0239,108.0000,67.0000
705.1393,265.0239,110.0000,68.0000
705.1393,265.0239,110.0000,68.0000
706.1393,265.0239,109.0000,68.0000
705.1393,265.0239,110.0000,68.0000
706.1393,265.0239,109.0000,68.0000
705.1393,264.0239,112.0000,70.0000
705.1393,265.0239,112.0000,70.0000
704.1393,263.0239,113.0000,71.0000
705.1393,265.0239,111.0000,69.0000
706.1393,266.0239,108.0000,67.0000
706.1393,265.0239,109.0000,68.0000
705.1393,265.0239,110.0000,68.0000
706.1393,265.0239,109.0000,68.0000
705.1393,265.0239,112.0000,70.0000
704.1393,265.0239,111.0000,69.0000
702.1393,263.0239,115.0000,71.0000
704.1393,264.0239,112.0000,70.0000
702.1394,264.0239,115.0000,71.0000
704.1394,265.0239,112.0000,70.0000
704.1394,265.0239,112.0000,70.0000
705.1394,265.0239,110.0000,68.0000
705.1394,265.0239,110.0000,68.0000
705.1394,265.0239,110.0000,68.0000
706.1393,266.0239,108.0000,67.0000
706.1393,265.0239,109.0000,68.0000
706.1393,266.0239,108.0000,67.0000
706.1393,265.0239,109.0000,68.0000
706.1392,266.0239,108.0000,67.0000
705.1392,265.0239,111.0000,69.0000
705.1392,265.0239,111.0000,69.0000
705.1392,265.0239,112.0000,70.0000
705.1392,265.0239,110.0000,68.0000
706.1392,265.0239,109.0000,68.0000
705.1392,265.0239,111.0000,69.0000
706.1392,265.0239,109.0000,68.0000
705.1392,265.0239,111.0000,69.0000
705.1392,265.0239,110.0000,68.0000
705.1392,265.0239,111.0000,69.0000
705.1392,265.0239,111.0000,69.0000
706.1392,265.0239,109.0000,68.0000
705.1392,265.0239,112.0000,70.0000
705.1392,265.0239,112.0000,70.0000
706.1392,265.0239,109.0000,68.0000
706.1392,266.0239,108.0000,67.0000
706.1391,266.0239,108.0000,67.0000
706.1390,266.0239,108.0000,67.0000
706.1390,266.0239,108.0000,67.0000
706.1390,265.0239,109.0000,68.0000
706.1389,266.0239,108.0000,67.0000
706.1389,266.0239,108.0000,67.0000
706.1388,266.0239,108.0000,67.0000
706.1387,266.0239,108.0000,67.0000
705.1387,265.0239,110.0000,68.0000
706.1387,265.0239,109.0000,68.0000
706.1387,266.0239,108.0000,67.0000
706.1386,266.0239,108.0000,67.0000
706.1385,266.0239,108.0000,67.0000
706.1385,266.0239,108.0000,67.0000
706.1384,266.0239,108.0000,67.0000
706.1384,266.0239,108.0000,67.0000
706.1383,266.0239,108.0000,67.0000
706.1382,266.0239,108.0000,67.0000
706.1382,266.0239,108.0000,67.0000
706.1382,265.0239,109.0000,68.0000
706.1381,266.0239,108.0000,67.0000
709.1381,268.0239,105.0000,65.0000
709.1381,268.0239,105.0000,65.0000
709.1381,268.0239,105.0000,65.0000
709.1381,268.0239,105.0000,65.0000
709.1381,268.0239,105.0000,65.0000
709.1381,268.0239,105.0000,65.0000
709.1381,268.0239,105.0000,65.0000
709.1381,268.0239,105.0000,65.0000
709.1381,268.0239,105.0000,65.0000
709.1381,268.0239,105.0000,65.0000
709.1381,268.0239,105.0000,65.0000
709.1381,268.0239,105.0000,65.0000
709.1381,268.0239,105.0000,65.0000
709.1381,268.0239,105.0000,65.0000
709.1381,268.0239,105.0000,65.0000
709.1381,268.0239,105.0000,65.0000
709.1381,268.0239,105.0000,65.0000
709.1381,268.0239,105.0000,65.0000
709.1381,268.0239,105.0000,65.0000
709.1381,268.0239,105.0000,65.0000
709.1381,268.0239,105.0000,65.0000
709.1381,268.0239,105.0000,65.0000
709.1381,268.0239,105.0000,65.0000
709.1381,268.0239,105.0000,65.0000
709.1381,268.0239,105.0000,65.0000
709.1381,268.0239,105.0000,65.0000
709.1381,268.0239,105.0000,65.0000
709.1381,268.0239,105.0000,65.0000
709.1381,268.0239,105.0000,65.0000
709.1381,268.0239,105.0000,65.0000
709.1381,268.0239,105.0000,65.0000
709.1381,268.0239,105.0000,65.0000
709.1381,268.0239,105.0000,65.0000
709.1381,268.0239,105.0000,65.0000
709.1381,268.0239,105.0000,65.0000
709.1381,268.0239,105.0000,65.0000
709.1381,268.0239,105.0000,65.0000
709.1381,268.0239,105.0000,65.0000
709.1381,268.0239,105.0000,65.0000
709.1381,268.0239,105.0000,65.0000
709.1381,268.0239,105.0000,65.0000
709.1381,268.0239,105.0000,65.0000
709.1381,268.0239,105.0000,65.0000
709.1381,268.0239,105.0000,65.0000
709.1381,268.0239,105.0000,65.0000
709.1381,268.0239,105.0000,65.0000
709.1381,268.0239,105.0000,65.0000
707.1381,268.0239,107.0000,66.0000
706.1381,266.0239,109.0000,68.0000
707.1381,267.0239,107.0000,66.0000
708.1381,267.0239,106.0000,66.0000
707.1381,266.0239,108.0000,67.0000
706.1381,267.0239,109.0000,68.0000
707.1381,266.0239,108.0000,67.0000
707.1381,266.0239,108.0000,67.0000
706.1381,266.0239,109.0000,68.0000
707.1381,268.0239,107.0000,66.0000
707.1381,267.0239,108.0000,67.0000
707.1381,268.0239,107.0000,66.0000
707.1381,266.0239,108.0000,67.0000
707.1381,267.0239,107.0000,66.0000
706.1381,266.0239,109.0000,68.0000
707.1381,266.0239,108.0000,67.0000
706.1381,266.0239,109.0000,68.0000
706.1381,266.0239,109.0000,68.0000
707.1381,267.0239,107.0000,66.0000
706.1381,266.0239,109.0000,68.0000
706.1381,267.0239,109.0000,68.0000
707.1381,267.0239,108.0000,67.0000
707.1381,267.0239,108.0000,67.0000
707.1381,267.0239,108.0000,67.0000
707.1381,267.0239,108.0000,67.0000
707.1381,267.0239,108.0000,67.0000
707.1381,267.0239,107.0000,66.0000
707.1381,266.0239,108.0000,67.0000
707.1381,266.0239,106.0000,66.0000
707.1381,266.0239,107.0000,66.0000
706.1381,266.0239,109.0000,68.0000
707.1381,267.0239,106.0000,66.0000
706.1381,267.0239,109.0000,68.0000
707.1381,267.0239,108.0000,67.0000
707.1381,267.0239,107.0000,66.0000
706.1381,267.0239,109.0000,68.0000
706.1381,267.0239,109.0000,68.0000
706.1381,267.0239,109.0000,68.0000
707.1381,267.0239,107.0000,66.0000
706.1381,267.0239,109.0000,68.0000
706.1381,267.0239,109.0000,68.0000
706.1381,267.0239,109.0000,68.0000
706.1381,267.0239,109.0000,68.0000
706.1381,267.0239,109.0000,68.0000
707.1381,267.0239,107.0000,66.0000
706.1381,267.0239,109.0000,68.0000
707.1381,267.0239,108.0000,67.0000
706.1381,267.0239,109.0000,68.0000
706.1381,267.0239,109.0000,68.0000
706.1381,267.0239,109.0000,68.0000
706.1381,267.0239,108.0000,67.0000
706.1381,267.0239,109.0000,68.0000
706.1381,267.0239,109.0000,68.0000
706.1381,267.0239,109.0000,68.0000
706.1381,267.0239,109.0000,68.0000
706.1381,267.0239,109.0000,68.0000
706.1381,267.0239,108.0000,67.0000
707.1381,267.0239,107.0000,66.0000
706.1381,267.0239,108.0000,67.0000
706.1381,267.0239,108.0000,67.0000
706.1381,267.0239,108.0000,67.0000
707.1381,267.0239,107.0000,66.0000
706.1381,267.0239,109.0000,68.0000
706.1381,267.0239,109.0000,68.0000
706.1381,267.0239,109.0000,68.0000
706.1381,267.0239,109.0000,68.0000
706.1381,267.0239,108.0000,67.0000
706.1381,267.0239,109.0000,68.0000
706.1381,267.0239,109.0000,68.0000
706.1381,267.0239,108.0000,67.0000
706.1381,267.0239,109.0000,68.0000
706.1381,267.0239,108.0000,67.0000
706.1381,267.0239,108.0000,67.0000
706.1381,267.0239,109.0000,68.0000
706.1381,267.0239,109.0000,68.0000
706.1381,267.0239,109.0000,68.0000
706.1381,267.0239,108.0000,67.0000
706.1381,267.0239,109.0000,68.0000
706.1381,267.0239,108.0000,67.0000
706.1381,267.0239,108.0000,67.0000
706.1381,267.0239,108.0000,67.0000
706.1381,267.0239,109.0000,68.0000
706.1381,267.0239,108.0000,67.0000
706.1381,267.0239,108.0000,67.0000
706.1381,267.0239,108.0000,67.0000
706.1381,267.0239,108.0000,67.0000
706.1381,267.0239,108.0000,67.0000
706.1381,267.0239,108.0000,67.0000
706.1381,267.0239,108.0000,67.0000
706.1381,267.0239,108.0000,67.0000
706.1381,267.0239,108.0000,67.0000
706.1381,267.0239,108.0000,67.0000
706.1381,267.0239,109.0000,68.0000
706.1381,267.0239,109.0000,68.0000
706.1381,267.0239,108.0000,67.0000
706.1381,267.0239,108.0000,67.0000
706.1381,267.0239,108.0000,67.0000
706.1381,267.0239,108.0000,67.0000
706.1381,267.0239,108.0000,67.0000
706.1381,267.0239,108.0000,67.0000
706.1381,267.0239,108.0000,67.0000
706.1381,267.0239,108.0000,67.0000
706.1381,267.0239,108.0000,67.0000
706.1381,267.0239,108.0000,67.0000
706.1381,267.0239,108.0000,67.0000
706.1381,267.0239,108.0000,67.0000
706.1381,267.0239,108.0000,67.0000
706.1381,267.0239,108.0000,67.0000
706.1381,267.0239,108.0000,67.0000
706.1381,267.0239,108.0000,67.0000
706.1381,267.0239,108.0000,67.0000
706.1381,267.0239,108.0000,67.0000
706.1381,267.0239,109.0000,68.0000
706.1381,267.0239,108.0000,67.0000
706.1381,267.0239,108.0000,67.0000
706.1381,267.0239,109.0000,68.0000
706.1381,267.0239,108.0000,67.0000
707.1381,267.0239,109.0000,68.0000
708.1381,267.0239,106.0000,66.0000
708.1381,267.0239,106.0000,66.0000
708.1381,267.0239,106.0000,66.0000
708.1381,267.0239,107.0000,66.0000
708.1381,267.0239,107.0000,66.0000
708.1381,267.0239,107.0000,66.0000
707.1381,267.0239,109.0000,68.0000
707.1381,267.0239,110.0000,68.0000
707.1381,267.0239,109.0000,68.0000
707.1381,267.0239,109.0000,68.0000
707.1381,267.0239,109.0000,68.0000
707.1381,267.0239,109.0000,68.0000
707.1381,267.0239,109.0000,68.0000
708.1381,267.0239,107.0000,66.0000
708.1381,267.0239,107.0000,66.0000
708.1381,267.0239,107.0000,66.0000
708.1381,267.0239,107.0000,66.0000
708.1381,267.0239,107.0000,66.0000
708.1381,267.0239,107.0000,66.0000
707.1381,267.0239,108.0000,67.0000
708.1381,267.0239,107.0000,66.0000
707.1381,267.0239,108.0000,67.0000
708.1381,267.0239,107.0000,66.0000
708.1381,267.0239,107.0000,66.0000
708.1381,267.0239,107.0000,66.0000
708.1381,267.0239,106.0000,66.0000
708.1381,267.0239,106.0000,66.0000
708.1381,267.0239,107.0000,66.0000
707.1381,267.0239,109.0000,68.0000
707.1381,267.0239,109.0000,68.0000
707.1381,267.0239,109.0000,68.0000
708.1381,267.0239,108.0000,67.0000
708.1381,267.0239,108.0000,67.0000
708.1381,267.0239,107.0000,66.0000
708.1381,267.0239,107.0000,66.0000
708.1381,267.0239,108.0000,67.0000
708.1381,267.0239,107.0000,66.0000
708.1381,267.0239,108.0000,67.0000
708.1381,267.0239,108.0000,67.0000
708.1381,267.0239,108.0000,67.0000
708.1381,267.0239,108.0000,67.0000
708.1381,267.0239,108.0000,67.0000
708.1381,267.0239,108.0000,67.0000
708.1381,267.0239,108.0000,67.0000
708.1381,267.0239,108.0000,67.0000
708.1381,267.0239,108.0000,67.0000
708.1381,267.0239,108.0000,67.0000
708.1381,267.0239,108.0000,67.0000
708.1381,267.0239,108.0000,67.0000
708.1381,267.0239,108.0000,67.0000
708.1381,267.0239,108.0000,67.0000
708.1381,267.0239,108.0000,67.0000
708.1381,267.0239,108.0000,67.0000
708.1381,267.0239,107.0000,66.0000
708.1381,267.0239,107.0000,66.0000
708.1381,267.0239,108.0000,67.0000
708.1381,267.0239,108.0000,67.0000
708.1381,267.0239,108.0000,67.0000
708.1381,267.0239,108.0000,67.0000
708.1381,267.0239,108.0000,67.0000
708.1381,267.0239,108.0000,67.0000
708.1381,267.0239,108.0000,67.0000
708.1381,267.0239,108.0000,67.0000
708.1381,267.0239,108.0000,67.0000
708.1381,267.0239,108.0000,67.0000
707.1381,267.0239,109.0000,68.0000
708.1381,267.0239,108.0000,67.0000
708.1381,267.0239,108.0000,67.0000
708.1381,267.0239,108.0000,67.0000
708.1381,267.0239,108.0000,67.0000
708.1381,267.0239,107.0000,66.0000
708.1381,267.0239,107.0000,66.0000
708.1381,267.0239,108.0000,67.0000
708.1381,267.0239,108.0000,67.0000
708.1381,267.0239,108.0000,67.0000
708.1381,267.0239,108.0000,67.0000
708.1381,267.0239,108.0000,67.0000
708.1381,267.0239,108.0000,67.0000
708.1381,267.0239,108.0000,67.0000
708.1381,267.0239,108.0000,67.0000
708.1381,267.0239,108.0000,67.0000
708.1381,267.0239,108.0000,67.0000
708.1381,267.0239,107.0000,66.0000
708.1381,267.0239,108.0000,67.0000
708.1381,267.0239,108.0000,67.0000
708.1381,267.0239,108.0000,67.0000
708.1381,267.0239,108.0000,67.0000
708.1381,267.0239,108.0000,67.0000
708.1381,267.0239,108.0000,67.0000
708.1381,267.0239,108.0000,67.0000
708.1381,267.0239,108.0000,67.0000
708.1381,267.0239,108.0000,67.0000
708.1381,267.0239,108.0000,67.0000
708.1381,267.0239,108.0000,67.0000
708.1381,267.0239,108.0000,67.0000
708.1381,267.0239,108.0000,67.0000
707.1381,267.0239,110.0000,68.0000
708.1381,267.0239,108.0000,67.0000
707.1381,267.0239,108.0000,67.0000
708.1381,267.0239,107.0000,66.0000
707.1381,267.0239,108.0000,67.0000
708.1381,267.0239,108.0000,67.0000
708.1381,267.0239,108.0000,67.0000
708.1381,267.0239,108.0000,67.0000
707.1381,267.0239,108.0000,67.0000
707.1381,267.0239,108.0000,67.0000
708.1381,267.0239,107.0000,66.0000
707.1381,267.0239,108.0000,67.0000
707.1381,267.0239,108.0000,67.0000
707.1381,267.0239,108.0000,67.0000
707.1381,267.0239,108.0000,67.0000
707.1381,267.0239,108.0000,67.0000
707.1381,267.0239,108.0000,67.0000
707.1381,267.0239,108.0000,67.0000
707.1381,267.0239,109.0000,68.0000
707.1381,267.0239,108.0000,67.0000
707.1381,267.0239,108.0000,67.0000
707.1381,267.0239,108.0000,67.0000
707.1381,267.0239,110.0000,68.0000
708.1381,267.0239,107.0000,66.0000
707.1381,267.0239,108.0000,67.0000
707.1381,267.0239,110.0000,68.0000
707.1381,267.0239,108.0000,67.0000
707.1381,267.0239,109.0000,68.0000
707.1381,267.0239,108.0000,67.0000
707.1381,267.0239,108.0000,67.0000
708.1381,267.0239,107.0000,66.0000
707.1381,267.0239,109.0000,68.0000
707.1381,267.0239,109.0000,68.0000
707.1381,267.0239,109.0000,68.0000
707.1381,267.0239,108.0000,67.0000
707.1381,267.0239,108.0000,67.0000
707.1381,267.0239,108.0000,67.0000
707.1381,267.0239,110.0000,68.0000
707.1381,267.0239,108.0000,67.0000
707.1381,267.0239,110.0000,68.0000
708.1381,267.0239,107.0000,66.0000
707.1381,267.0239,110.0000,68.0000
707.1381,267.0239,110.0000,68.0000
707.1381,267.0239,110.0000,68.0000
707.1381,267.0239,110.0000,68.0000
707.1381,267.0239,110.0000,68.0000
707.1381,267.0239,108.0000,67.0000
709.1381,267.0239,107.0000,66.0000
707.1381,267.0239,110.0000,68.0000
707.1381,267.0239,110.0000,68.0000
707.1381,267.0239,110.0000,68.0000
707.1381,267.0239,110.0000,68.0000
708.1381,267.0239,108.0000,67.0000
707.1381,266.0239,111.0000,69.0000
708.1381,267.0239,108.0000,67.0000
708.1381,267.0239,109.0000,68.0000
708.1381,267.0239,110.0000,68.0000
708.1381,267.0239,109.0000,68.0000
708.1381,267.0239,108.0000,67.0000
709.1381,267.0239,107.0000,66.0000
709.1381,267.0239,107.0000,66.0000
707.1381,267.0239,108.0000,67.0000
708.1381,267.0239,109.0000,68.0000
708.1381,267.0239,110.0000,68.0000
708.1381,267.0239,108.0000,67.0000
708.1381,267.0239,110.0000,68.0000
708.1381,267.0239,108.0000,67.0000
708.1381,267.0239,108.0000,67.0000
708.1381,266.0239,110.0000,68.0000
707.1381,266.0239,111.0000,69.0000
708.1381,267.0239,108.0000,67.0000
709.1381,267.0239,107.0000,66.0000
709.1381,267.0239,107.0000,66.0000
708.1381,267.0239,109.0000,68.0000
708.1381,267.0239,108.0000,67.0000
707.1381,266.0239,111.0000,69.0000
708.1381,267.0239,108.0000,67.0000
708.1381,267.0239,108.0000,67.0000
708.1381,267.0239,108.0000,67.0000
709.1381,267.0239,107.0000,66.0000
709.1381,267.0239,107.0000,66.0000
708.1381,267.0239,108.0000,67.0000
709.1381,267.0239,107.0000,66.0000
709.1381,267.0239,107.0000,66.0000
709.1381,267.0239,107.0000,66.0000
708.1381,267.0239,108.0000,67.0000
709.1381,267.0239,107.0000,66.0000
709.1381,267.0239,107.0000,66.0000
709.1381,267.0239,107.0000,66.0000
709.1381,267.0239,107.0000,66.0000
709.1381,267.0239,107.0000,66.0000
709.1381,267.0239,107.0000,66.0000
709.1381,267.0239,107.0000,66.0000
709.1381,267.0239,107.0000,66.0000
708.1381,267.0239,108.0000,67.0000
709.1381,267.0239,107.0000,66.0000
709.1381,267.0239,107.0000,66.0000
708.1381,267.0239,108.0000,67.0000
709.1381,267.0239,107.0000,66.0000
709.1381,267.0239,107.0000,66.0000
709.1381,267.0239,107.0000,66.0000
709.1381,267.0239,107.0000,66.0000
709.1381,267.0239,107.0000,66.0000
709.1381,267.0239,107.0000,66.0000
709.1381,267.0239,107.0000,66.0000
709.1381,267.0239,107.0000,66.0000
709.1381,267.0239,107.0000,66.0000
709.1381,267.0239,107.0000,66.0000
709.1381,267.0239,107.0000,66.0000
709.1381,267.0239,107.0000,66.0000
709.1381,267.0239,107.0000,66.0000
709.1381,267.0239,107.0000,66.0000
709.1381,267.0239,107.0000,66.0000
709.1381,267.0239,107.0000,66.0000
709.1381,267.0239,107.0000,66.0000
709.1381,267.0239,107.0000,66.0000
709.1381,267.0239,107.0000,66.0000
709.1381,267.0239,107.0000,66.0000
709.1381,267.0239,107.0000,66.0000
709.1381,267.0239,107.0000,66.0000
709.1381,267.0239,107.0000,66.0000
708.1381,267.0239,109.0000,68.0000
709.1381,267.0239,108.0000,67.0000
708.1381,267.0239,109.0000,68.0000
709.1381,267.0239,107.0000,66.0000
709.1381,267.0239,107.0000,66.0000
709.1381,267.0239,107.0000,66.0000
709.1381,267.0239,107.0000,66.0000
709.1381,267.0239,107.0000,66.0000
709.1381,267.0239,107.0000,66.0000
709.1381,267.0239,107.0000,66.0000
709.1381,267.0239,107.0000,66.0000
709.1381,267.0239,107.0000,66.0000
709.1381,267.0239,107.0000,66.0000
709.1381,267.0239,107.0000,66.0000
709.1381,267.0239,107.0000,66.0000
709.1381,267.0239,107.0000,66.0000
709.1381,267.0239,107.0000,66.0000
709.1381,267.0239,107.0000,66.0000
709.1381,267.0239,107.0000,66.0000
709.1381,267.0239,107.0000,66.0000
709.1381,267.0239,107.0000,66.0000
709.1381,267.0239,107.0000,66.0000
709.1381,267.0239,108.0000,67.0000
709.1381,267.0239,107.0000,66.0000
709.1381,267.0239,107.0000,66.0000
709.1381,267.0239,107.0000,66.0000
709.1381,267.0239,107.0000,66.0000
709.1381,267.0239,107.0000,66.0000
709.1381,267.0239,108.0000,67.0000
709.1381,267.0239,108.0000,67.0000
709.1381,267.0239,107.0000,66.0000
709.1381,267.0239,107.0000,66.0000
709.1381,267.0239,108.0000,67.0000
709.1381,267.0239,107.0000,66.0000
709.1381,267.0239,107.0000,66.0000
709.1381,267.0239,107.0000,66.0000
709.1381,267.0239,107.0000,66.0000
709.1381,267.0239,108.0000,67.0000
709.1381,267.0239,107.0000,66.0000
709.1381,267.0239,107.0000,66.0000
709.1381,267.0239,107.0000,66.0000
709.1381,267.0239,107.0000,66.0000
709.1381,267.0239,107.0000,66.0000
709.1381,267.0239,107.0000,66.0000
709.1381,267.0239,107.0000,66.0000
709.1381,267.0239,107.0000,66.0000
709.1381,267.0239,107.0000,66.0000
709.1381,267.0239,108.0000,67.0000
709.1381,267.0239,108.0000,67.0000
708.1381,267.0239,109.0000,68.0000
709.1381,267.0239,107.0000,66.0000
709.1381,267.0239,107.0000,66.0000
709.1381,267.0239,107.0000,66.0000
709.1381,267.0239,107.0000,66.0000
709.1381,267.0239,107.0000,66.0000
709.1381,267.0239,107.0000,66.0000
709.1381,267.0239,107.0000,66.0000
709.1381,267.0239,107.0000,66.0000
709.1381,267.0239,108.0000,67.0000
709.1381,267.0239,107.0000,66.0000
709.1381,267.0239,107.0000,66.0000
709.1381,267.0239,107.0000,66.0000
709.1381,267.0239,107.0000,66.0000
709.1381,267.0239,108.0000,67.0000
709.1381,267.0239,108.0000,67.0000
709.1381,267.0239,108.0000,67.0000
709.1381,267.0239,108.0000,67.0000
709.1381,267.0239,108.0000,67.0000
709.1381,267.0239,108.0000,67.0000
709.1381,267.0239,107.0000,66.0000
709.1381,267.0239,107.0000,66.0000
709.1381,267.0239,108.0000,67.0000
709.1381,267.0239,108.0000,67.0000
709.1381,267.0239,108.0000,67.0000
708.1381,267.0239,109.0000,68.0000
709.1381,267.0239,108.0000,67.0000
709.1381,267.0239,108.0000,67.0000
709.1381,267.0239,107.0000,66.0000
709.1381,267.0239,107.0000,66.0000
709.1381,267.0239,107.0000,66.0000
709.1381,267.0239,107.0000,66.0000
709.1381,267.0239,108.0000,67.0000
709.1381,267.0239,108.0000,67.0000
709.1381,267.0239,107.0000,66.0000
709.1381,267.0239,108.0000,67.0000
709.1381,267.0239,108.0000,67.0000
709.1381,267.0239,107.0000,66.0000
709.1381,267.0239,107.0000,66.0000
709.1381,267.0239,107.0000,66.0000
709.1381,267.0239,107.0000,66.0000
709.1381,267.0239,107.0000,66.0000
709.1381,267.0239,108.0000,67.0000
709.1381,267.0239,108.0000,67.0000
709.1381,267.0239,108.0000,67.0000
709.1381,267.0239,107.0000,66.0000
709.1381,267.0239,107.0000,66.0000
709.1381,267.0239,108.0000,67.0000
709.1381,267.0239,108.0000,67.0000
709.1381,267.0239,108.0000,67.0000
709.1381,267.0239,108.0000,67.0000
709.1381,267.0239,108.0000,67.0000
709.1381,267.0239,108.0000,67.0000
709.1381,267.0239,108.0000,67.0000
709.1381,267.0239,107.0000,66.0000
709.1381,267.0239,108.0000,67.0000
709.1381,267.0239,108.0000,67.0000
709.1381,267.0239,108.0000,67.0000
709.1381,267.0239,108.0000,67.0000
709.1381,267.0239,108.0000,67.0000
709.1381,267.0239,108.0000,67.0000
709.1381,267.0239,108.0000,67.0000
709.1381,267.0239,108.0000,67.0000
709.1381,267.0239,108.0000,67.0000
708.1381,267.0239,109.0000,68.0000
709.1381,267.0239,108.0000,67.0000
709.1381,267.0239,108.0000,67.0000
709.1381,267.0239,108.0000,67.0000
709.1381,267.0239,108.0000,67.0000
709.1381,267.0239,108.0000,67.0000
709.1381,267.0239,108.0000,67.0000
709.1381,267.0239,108.0000,67.0000
709.1381,267.0239,108.0000,67.0000
709.1381,267.0239,108.0000,67.0000
708.1381,267.0239,109.0000,68.0000
709.1381,267.0239,108.0000,67.0000
709.1381,267.0239,108.0000,67.0000
709.1381,267.0239,108.0000,67.0000
709.1381,267.0239,108.0000,67.0000
709.1381,267.0239,108.0000,67.0000
709.1381,267.0239,108.0000,67.0000
709.1381,267.0239,108.0000,67.0000
709.1381,267.0239,108.0000,67.0000
709.1381,267.0239,108.0000,67.0000
709.1381,267.0239,108.0000,67.0000
709.1381,267.0239,108.0000,67.0000
709.1381,267.0239,108.0000,67.0000
709.1381,267.0239,108.0000,67.0000
709.1381,267.0239,108.0000,67.0000
709.1381,267.0239,108.0000,67.0000
709.1381,267.0239,108.0000,67.0000
708.1381,267.0239,108.0000,67.0000
708.1381,267.0239,108.0000,67.0000
708.1381,267.0239,108.0000,67.0000
708.1381,267.0239,108.0000,67.0000
708.1381,267.0239,108.0000,67.0000
708.1381,267.0239,108.0000,67.0000
708.1381,267.0239,108.0000,67.0000
708.1381,267.0239,108.0000,67.0000
708.1381,267.0239,108.0000,67.0000
708.1381,267.0239,108.0000,67.0000
708.1381,267.0239,109.0000,68.0000
708.1381,267.0239,109.0000,68.0000
708.1381,267.0239,109.0000,68.0000
708.1381,267.0239,109.0000,68.0000
708.1381,267.0239,108.0000,67.0000
708.1381,267.0239,108.0000,67.0000
708.1381,267.0239,108.0000,67.0000
708.1381,266.0239,111.0000,69.0000
709.1381,267.0239,109.0000,68.0000
709.1381,267.0239,109.0000,68.0000
709.1381,267.0239,108.0000,67.0000
710.1381,267.0239,107.0000,66.0000
709.1381,268.0239,108.0000,67.0000
710.1381,268.0239,108.0000,67.0000
710.1381,269.0239,108.0000,67.0000
710.1381,269.0239,109.0000,68.0000
710.1381,269.0239,109.0000,68.0000
709.1381,268.0239,109.0000,68.0000
709.1381,268.0238,109.0000,68.0000
710.1381,269.0238,106.0000,66.0000
709.1381,268.0238,108.0000,67.0000
709.1381,268.0238,109.0000,68.0000
711.1381,269.0238,107.0000,66.0000
709.1381,268.0238,109.0000,68.0000
709.1381,268.0238,109.0000,68.0000
709.1381,268.0238,110.0000,68.0000
709.1381,269.0238,109.0000,68.0000
709.1381,269.0238,108.0000,67.0000
709.1381,269.0238,108.0000,67.0000
708.1381,269.0237,108.0000,67.0000
709.1381,269.0237,108.0000,67.0000
709.1381,269.0237,108.0000,67.0000
709.1381,269.0237,109.0000,68.0000
708.1381,270.0237,108.0000,67.0000
708.1381,270.0237,109.0000,68.0000
709.1381,270.0237,107.0000,66.0000
708.1381,270.0237,108.0000,67.0000
708.1381,270.0237,109.0000,68.0000
708.1381,270.0237,109.0000,68.0000
709.1381,270.0237,107.0000,66.0000
708.1381,269.0237,109.0000,68.0000
708.1381,269.0237,109.0000,68.0000
708.1381,268.0237,110.0000,68.0000
708.1381,268.0237,109.0000,68.0000
708.1381,268.0237,110.0000,68.0000
708.1381,268.0237,109.0000,68.0000
708.1381,267.0238,110.0000,68.0000
708.1381,267.0238,108.0000,67.0000
708.1381,267.0238,108.0000,67.0000
