1
286.2000,250.2000,331.8000,250.2000,331.8000,295.8000,286.2000,295.8000
286.1000,251.2000,332.9000,251.2000,332.9000,296.8000,286.1000,296.8000
291.6000,255.3000,332.4000,255.3000,332.4000,299.7000,291.6000,299.7000
289.9000,255.2000,327.1000,255.2000,327.1000,300.8000,289.9000,300.8000
291.2000,257.1000,324.8000,257.1000,324.8000,303.9000,291.2000,303.9000
290.1000,259.1000,324.9000,259.1000,324.9000,305.9000,290.1000,305.9000
290.1000,262.2000,324.9000,262.2000,324.9000,307.8000,290.1000,307.8000
289.0000,264.1000,325.0000,264.1000,325.0000,310.9000,289.0000,310.9000
287.9000,263.9000,325.1000,263.9000,325.1000,313.1000,287.9000,313.1000
283.8000,268.0000,322.2000,268.0000,322.2000,316.0000,283.8000,316.0000
281.8000,262.8000,320.2000,262.8000,320.2000,313.2000,281.8000,313.2000
282.4000,271.2000,325.6000,271.2000,325.6000,316.8000,282.4000,316.8000
275.8000,239.3000,314.2000,239.3000,314.2000,283.7000,275.8000,283.7000
282.2000,271.5000,327.8000,271.5000,327.8000,313.5000,282.2000,313.5000
281.6000,273.7000,322.4000,273.7000,322.4000,313.3000,281.6000,313.3000
281.9000,273.5000,319.1000,273.5000,319.1000,315.5000,281.9000,315.5000
282.8000,274.6000,321.2000,274.6000,321.2000,315.4000,282.8000,315.4000
281.8000,275.6000,320.2000,275.6000,320.2000,316.4000,281.8000,316.4000
280.8000,274.3000,319.2000,274.3000,319.2000,318.7000,280.8000,318.7000
279.6000,273.1000,320.4000,273.1000,320.4000,319.9000,279.6000,319.9000
280.8000,269.9000,319.2000,269.9000,319.2000,319.1000,280.8000,319.1000
281.1000,269.8000,315.9000,269.8000,315.9000,320.2000,281.1000,320.2000
282.0000,269.8000,318.0000,269.8000,318.0000,320.2000,282.0000,320.2000
276.7000,257.8000,316.3000,257.8000,316.3000,308.2000,276.7000,308.2000
261.7000,218.7000,301.3000,218.7000,301.3000,270.3000,261.7000,270.3000
272.9000,252.8000,310.1000,252.8000,310.1000,303.2000,272.9000,303.2000
271.9000,252.5000,309.1000,252.5000,309.1000,306.5000,271.9000,306.5000
271.1000,251.1000,305.9000,251.1000,305.9000,309.9000,271.1000,309.9000
271.8000,251.0000,310.2000,251.0000,310.2000,311.0000,271.8000,311.0000
269.8000,252.1000,308.2000,252.1000,308.2000,310.9000,269.8000,310.9000
271.4000,259.1000,314.6000,259.1000,314.6000,317.9000,271.4000,317.9000
269.3000,258.0000,313.7000,258.0000,313.7000,318.0000,269.3000,318.0000
268.3000,257.0000,312.7000,257.0000,312.7000,317.0000,268.3000,317.0000
270.3000,259.1000,314.7000,259.1000,314.7000,317.9000,270.3000,317.9000
270.2000,260.3000,315.8000,260.3000,315.8000,316.7000,270.2000,316.7000
272.3000,263.4000,316.7000,263.4000,316.7000,318.6000,272.3000,318.6000
270.2000,263.3000,315.8000,263.3000,315.8000,319.7000,270.2000,319.7000
269.9000,262.4000,319.1000,262.4000,319.1000,317.6000,269.9000,317.6000
267.2000,259.1000,312.8000,259.1000,312.8000,317.9000,267.2000,317.9000
244.4000,268.6000,299.6000,268.6000,299.6000,321.4000,244.4000,321.4000
243.7000,287.9000,307.3000,287.9000,307.3000,337.1000,243.7000,337.1000
242.6000,285.9000,307.4000,285.9000,307.4000,335.1000,242.6000,335.1000
217.3000,307.6000,285.7000,307.6000,285.7000,348.4000,217.3000,348.4000
213.0000,305.7000,285.0000,305.7000,285.0000,345.3000,213.0000,345.3000
219.3000,306.5000,287.7000,306.5000,287.7000,348.5000,219.3000,348.5000
213.3000,303.5000,281.7000,303.5000,281.7000,345.5000,213.3000,345.5000
213.5000,304.7000,279.5000,304.7000,279.5000,344.3000,213.5000,344.3000
209.4000,303.5000,276.6000,303.5000,276.6000,345.5000,209.4000,345.5000
210.4000,304.4000,277.6000,304.4000,277.6000,347.6000,210.4000,347.6000
210.5000,308.6000,276.5000,308.6000,276.5000,349.4000,210.5000,349.4000
208.4000,307.5000,275.6000,307.5000,275.6000,349.5000,208.4000,349.5000
2
0
0
0
0
1
264.9000,266.3000,314.1000,266.3000,314.1000,322.7000,264.9000,322.7000
262.8000,266.4000,313.2000,266.4000,313.2000,321.6000,262.8000,321.6000
263.9000,266.2000,313.1000,266.2000,313.1000,323.8000,263.9000,323.8000
262.1000,267.3000,308.9000,267.3000,308.9000,323.7000,262.1000,323.7000
256.9000,267.2000,306.1000,267.2000,306.1000,324.8000,256.9000,324.8000
257.9000,267.1000,307.1000,267.1000,307.1000,325.9000,257.9000,325.9000
258.2000,267.0000,303.8000,267.0000,303.8000,327.0000,258.2000,327.0000
257.2000,267.8000,302.8000,267.8000,302.8000,330.2000,257.2000,330.2000
256.2000,268.6000,301.8000,268.6000,301.8000,333.4000,256.2000,333.4000
253.1000,265.4000,299.9000,265.4000,299.9000,332.6000,253.1000,332.6000
246.2000,268.7000,291.8000,268.7000,291.8000,332.3000,246.2000,332.3000
248.4000,266.9000,291.6000,266.9000,291.6000,328.1000,248.4000,328.1000
247.2000,269.0000,292.8000,269.0000,292.8000,329.0000,247.2000,329.0000
246.2000,267.2000,291.8000,267.2000,291.8000,324.8000,246.2000,324.8000
244.2000,268.0000,289.8000,268.0000,289.8000,328.0000,244.2000,328.0000
244.2000,267.9000,289.8000,267.9000,289.8000,329.1000,244.2000,329.1000
243.2000,265.9000,288.8000,265.9000,288.8000,327.1000,243.2000,327.1000
241.3000,266.1000,285.7000,266.1000,285.7000,324.9000,241.3000,324.9000
242.3000,268.9000,286.7000,268.9000,286.7000,330.1000,242.3000,330.1000
242.4000,267.6000,285.6000,267.6000,285.6000,332.4000,242.4000,332.4000
244.3000,269.6000,288.7000,269.6000,288.7000,334.4000,244.3000,334.4000
272.2000,270.7000,317.8000,270.7000,317.8000,334.3000,272.2000,334.3000
249.2000,270.8000,294.8000,270.8000,294.8000,333.2000,249.2000,333.2000
248.2000,269.8000,293.8000,269.8000,293.8000,332.2000,248.2000,332.2000
250.3000,271.7000,294.7000,271.7000,294.7000,335.3000,250.3000,335.3000
251.4000,274.0000,294.6000,274.0000,294.6000,334.0000,251.4000,334.0000
252.3000,276.0000,296.7000,276.0000,296.7000,336.0000,252.3000,336.0000
250.2000,274.9000,295.8000,274.9000,295.8000,336.1000,250.2000,336.1000
251.0000,272.6000,299.0000,272.6000,299.0000,337.4000,251.0000,337.4000
249.2000,271.6000,294.8000,271.6000,294.8000,336.4000,249.2000,336.4000
250.4000,272.5000,293.6000,272.5000,293.6000,338.5000,250.4000,338.5000
250.3000,274.8000,294.7000,274.8000,294.7000,337.2000,250.3000,337.2000
249.4000,273.8000,292.6000,273.8000,292.6000,336.2000,249.4000,336.2000
248.1000,271.6000,294.9000,271.6000,294.9000,336.4000,248.1000,336.4000
247.9000,273.6000,297.1000,273.6000,297.1000,338.4000,247.9000,338.4000
246.9000,271.6000,296.1000,271.6000,296.1000,336.4000,246.9000,336.4000
245.8000,272.7000,296.2000,272.7000,296.2000,336.3000,245.8000,336.3000
263.1000,267.4000,309.9000,267.4000,309.9000,334.6000,263.1000,334.6000
241.9000,271.9000,291.1000,271.9000,291.1000,333.1000,241.9000,333.1000
240.7000,267.6000,292.3000,267.6000,292.3000,332.4000,240.7000,332.4000
237.6000,263.6000,290.4000,263.6000,290.4000,328.4000,237.6000,328.4000
231.2000,267.9000,288.8000,267.9000,288.8000,329.1000,231.2000,329.1000
233.2000,268.9000,290.8000,268.9000,290.8000,330.1000,233.2000,330.1000
280.2000,288.5000,337.8000,288.5000,337.8000,354.5000,280.2000,354.5000
299.4000,303.6000,354.6000,303.6000,354.6000,380.4000,299.4000,380.4000
317.0000,311.5000,377.0000,311.5000,377.0000,389.5000,317.0000,389.5000
332.8000,322.6000,395.2000,322.6000,395.2000,399.4000,332.8000,399.4000
355.0000,337.0000,415.0000,337.0000,415.0000,409.0000,355.0000,409.0000
366.3000,345.4000,434.7000,345.4000,434.7000,400.6000,366.3000,400.6000
339.7000,311.6000,415.3000,311.6000,415.3000,364.4000,339.7000,364.4000
382.7000,341.3000,446.3000,341.3000,446.3000,397.7000,382.7000,397.7000
388.0000,341.3000,448.0000,341.3000,448.0000,397.7000,388.0000,397.7000
393.0000,334.4000,453.0000,334.4000,453.0000,389.6000,393.0000,389.6000
396.2000,326.3000,453.8000,326.3000,453.8000,382.7000,396.2000,382.7000
396.7000,329.3000,460.3000,329.3000,460.3000,385.7000,396.7000,385.7000
399.1000,333.5000,469.9000,333.5000,469.9000,387.5000,399.1000,387.5000
385.6000,330.4000,462.4000,330.4000,462.4000,385.6000,385.6000,385.6000
378.8000,335.5000,465.2000,335.5000,465.2000,389.5000,378.8000,389.5000
390.8000,342.7000,477.2000,342.7000,477.2000,394.3000,390.8000,394.3000
387.9000,344.6000,473.1000,344.6000,473.1000,397.4000,387.9000,397.4000
384.3000,345.7000,464.7000,345.7000,464.7000,397.3000,384.3000,397.3000
385.7000,343.3000,461.3000,343.3000,461.3000,399.7000,385.7000,399.7000
374.2000,345.5000,455.8000,345.5000,455.8000,399.5000,374.2000,399.5000
384.6000,353.4000,461.4000,353.4000,461.4000,408.6000,384.6000,408.6000
347.0000,318.9000,419.0000,318.9000,419.0000,380.1000,347.0000,380.1000
356.3000,342.1000,436.7000,342.1000,436.7000,400.9000,356.3000,400.9000
352.0000,345.4000,436.0000,345.4000,436.0000,400.6000,352.0000,400.6000
335.7000,338.5000,423.3000,338.5000,423.3000,392.5000,335.7000,392.5000
334.8000,337.5000,421.2000,337.5000,421.2000,391.5000,334.8000,391.5000
333.3000,342.6000,425.7000,342.6000,425.7000,395.4000,333.3000,395.4000
332.1000,343.9000,426.9000,343.9000,426.9000,393.1000,332.1000,393.1000
326.4000,342.9000,429.6000,342.9000,429.6000,392.1000,326.4000,392.1000
321.4000,341.8000,424.6000,341.8000,424.6000,392.2000,321.4000,392.2000
320.5000,339.7000,422.5000,339.7000,422.5000,391.3000,320.5000,391.3000
323.5000,342.9000,425.5000,342.9000,425.5000,392.1000,323.5000,392.1000
319.0000,343.2000,427.0000,343.2000,427.0000,388.8000,319.0000,388.8000
298.8000,305.7000,397.2000,305.7000,397.2000,357.3000,298.8000,357.3000
314.4000,330.3000,417.6000,330.3000,417.6000,374.7000,314.4000,374.7000
307.9000,330.5000,417.1000,330.5000,417.1000,372.5000,307.9000,372.5000
308.8000,333.3000,419.2000,333.3000,419.2000,377.7000,308.8000,377.7000
306.8000,339.4000,417.2000,339.4000,417.2000,382.6000,306.8000,382.6000
296.7000,342.2000,408.3000,342.2000,408.3000,387.8000,296.7000,387.8000
294.9000,342.1000,404.1000,342.1000,404.1000,388.9000,294.9000,388.9000
297.0000,343.0000,405.0000,343.0000,405.0000,391.0000,297.0000,391.0000
299.7000,345.2000,411.3000,345.2000,411.3000,390.8000,299.7000,390.8000
298.9000,346.1000,408.1000,346.1000,408.1000,392.9000,298.9000,392.9000
298.5000,344.1000,412.5000,344.1000,412.5000,390.9000,298.5000,390.9000
297.0000,339.2000,417.0000,339.2000,417.0000,384.8000,297.0000,384.8000
296.9000,334.1000,418.1000,334.1000,418.1000,380.9000,296.9000,380.9000
299.1000,331.4000,417.9000,331.4000,417.9000,374.6000,299.1000,374.6000
298.9000,326.0000,420.1000,326.0000,420.1000,374.0000,298.9000,374.0000
247.5000,305.1000,361.5000,305.1000,361.5000,363.9000,247.5000,363.9000
245.5000,305.6000,359.5000,305.6000,359.5000,370.4000,245.5000,370.4000
243.3000,307.7000,359.7000,307.7000,359.7000,371.3000,243.3000,371.3000
249.7000,306.6000,361.3000,306.6000,361.3000,371.4000,249.7000,371.4000
311.5000,304.7000,425.5000,304.7000,425.5000,368.3000,311.5000,368.3000
301.6000,318.5000,414.4000,318.5000,414.4000,372.5000,301.6000,372.5000
306.9000,317.7000,416.1000,317.7000,416.1000,369.3000,306.9000,369.3000
313.1000,314.7000,419.9000,314.7000,419.9000,366.3000,313.1000,366.3000
316.9000,308.5000,414.1000,308.5000,414.1000,362.5000,316.9000,362.5000
320.0000,306.4000,416.0000,306.4000,416.0000,361.6000,320.0000,361.6000
322.1000,303.2000,416.9000,303.2000,416.9000,360.8000,322.1000,360.8000
323.3000,302.3000,415.7000,302.3000,415.7000,358.7000,323.3000,358.7000
311.2000,290.4000,404.8000,290.4000,404.8000,345.6000,311.2000,345.6000
254.0000,284.4000,350.0000,284.4000,350.0000,339.6000,254.0000,339.6000
281.3000,291.9000,373.7000,291.9000,373.7000,353.1000,281.3000,353.1000
316.1000,287.0000,410.9000,287.0000,410.9000,347.0000,316.1000,347.0000
329.9000,301.0000,427.1000,301.0000,427.1000,361.0000,329.9000,361.0000
333.1000,295.7000,427.9000,295.7000,427.9000,359.3000,333.1000,359.3000
337.0000,292.5000,433.0000,292.5000,433.0000,358.5000,337.0000,358.5000
336.8000,290.3000,435.2000,290.3000,435.2000,358.7000,336.8000,358.7000
340.7000,290.4000,440.3000,290.4000,440.3000,357.6000,340.7000,357.6000
341.6000,290.3000,442.4000,290.3000,442.4000,358.7000,341.6000,358.7000
341.7000,291.4000,441.3000,291.4000,441.3000,358.6000,341.7000,358.6000
342.4000,290.1000,445.6000,290.1000,445.6000,360.9000,342.4000,360.9000
342.1000,289.9000,448.9000,289.9000,448.9000,363.1000,342.1000,363.1000
338.8000,290.0000,449.2000,290.0000,449.2000,362.0000,338.8000,362.0000
339.9000,282.7000,449.1000,282.7000,449.1000,358.3000,339.9000,358.3000
311.0000,250.2000,419.0000,250.2000,419.0000,319.8000,311.0000,319.8000
331.7000,276.4000,443.3000,276.4000,443.3000,343.6000,331.7000,343.6000
333.6000,280.1000,446.4000,280.1000,446.4000,350.9000,333.6000,350.9000
340.8000,276.9000,451.2000,276.9000,451.2000,350.1000,340.8000,350.1000
345.6000,276.5000,458.4000,276.5000,458.4000,354.5000,345.6000,354.5000
351.8000,276.6000,462.2000,276.6000,462.2000,353.4000,351.8000,353.4000
350.8000,281.1000,461.2000,281.1000,461.2000,351.9000,350.8000,351.9000
351.9000,274.6000,461.1000,274.6000,461.1000,351.4000,351.9000,351.4000
350.4000,271.3000,465.6000,271.3000,465.6000,351.7000,350.4000,351.7000
356.9000,271.3000,466.1000,271.3000,466.1000,351.7000,356.9000,351.7000
361.0000,276.5000,469.0000,276.5000,469.0000,354.5000,361.0000,354.5000
364.9000,273.7000,474.1000,273.7000,474.1000,349.3000,364.9000,349.3000
350.7000,258.0000,462.3000,258.0000,462.3000,330.0000,350.7000,330.0000
353.1000,216.6000,459.9000,216.6000,459.9000,293.4000,353.1000,293.4000
369.9000,267.3000,479.1000,267.3000,479.1000,347.7000,369.9000,347.7000
368.6000,273.8000,481.4000,273.8000,481.4000,348.2000,368.6000,348.2000
371.2000,278.0000,488.8000,278.0000,488.8000,350.0000,371.2000,350.0000
371.7000,278.7000,495.3000,278.7000,495.3000,354.3000,371.7000,354.3000
370.3000,281.8000,498.7000,281.8000,498.7000,356.2000,370.3000,356.2000
375.2000,277.8000,504.8000,277.8000,504.8000,352.2000,375.2000,352.2000
374.6000,286.0000,511.4000,286.0000,511.4000,358.0000,374.6000,358.0000
370.9000,286.9000,504.1000,286.9000,504.1000,360.1000,370.9000,360.1000
372.6000,284.8000,509.4000,284.8000,509.4000,359.2000,372.6000,359.2000
374.4000,277.4000,513.6000,277.4000,513.6000,356.6000,374.4000,356.6000
385.5000,278.7000,523.5000,278.7000,523.5000,366.3000,385.5000,366.3000
389.9000,275.4000,523.1000,275.4000,523.1000,366.6000,389.9000,366.6000
392.8000,276.1000,527.2000,276.1000,527.2000,370.9000,392.8000,370.9000
2
0
0
0
0
1
362.6000,240.9000,403.4000,240.9000,403.4000,290.1000,362.6000,290.1000
359.5000,245.8000,401.5000,245.8000,401.5000,296.2000,359.5000,296.2000
359.4000,244.5000,402.6000,244.5000,402.6000,298.5000,359.4000,298.5000
355.4000,248.6000,398.6000,248.6000,398.6000,301.4000,355.4000,301.4000
350.3000,247.6000,394.7000,247.6000,394.7000,300.4000,350.3000,300.4000
351.4000,245.8000,394.6000,245.8000,394.6000,296.2000,351.4000,296.2000
351.5000,242.0000,393.5000,242.0000,393.5000,290.0000,351.5000,290.0000
374.4000,208.2000,417.6000,208.2000,417.6000,253.8000,374.4000,253.8000
356.2000,244.4000,401.8000,244.4000,401.8000,287.6000,356.2000,287.6000
351.5000,243.4000,393.5000,243.4000,393.5000,286.6000,351.5000,286.6000
348.7000,241.0000,388.3000,241.0000,388.3000,289.0000,348.7000,289.0000
343.6000,239.9000,384.4000,239.9000,384.4000,289.1000,343.6000,289.1000
341.7000,237.8000,381.3000,237.8000,381.3000,288.2000,341.7000,288.2000
340.1000,236.6000,374.9000,236.6000,374.9000,289.4000,340.1000,289.4000
339.8000,235.7000,378.2000,235.7000,378.2000,287.3000,339.8000,287.3000
338.1000,235.8000,372.9000,235.8000,372.9000,286.2000,338.1000,286.2000
334.6000,235.9000,375.4000,235.9000,375.4000,285.1000,334.6000,285.1000
332.4000,234.0000,375.6000,234.0000,375.6000,282.0000,332.4000,282.0000
331.5000,234.8000,373.5000,234.8000,373.5000,285.2000,331.5000,285.2000
331.4000,233.9000,374.6000,233.9000,374.6000,283.1000,331.4000,283.1000
363.9000,248.9000,413.1000,248.9000,413.1000,298.1000,363.9000,298.1000
348.4000,208.7000,403.6000,208.7000,403.6000,260.3000,348.4000,260.3000
329.7000,225.6000,381.3000,225.6000,381.3000,278.4000,329.7000,278.4000
334.3000,222.5000,378.7000,222.5000,378.7000,276.5000,334.3000,276.5000
335.3000,221.4000,379.7000,221.4000,379.7000,276.6000,335.3000,276.6000
336.5000,221.5000,378.5000,221.5000,378.5000,275.5000,336.5000,275.5000
338.6000,220.2000,379.4000,220.2000,379.4000,277.8000,338.6000,277.8000
339.6000,221.1000,380.4000,221.1000,380.4000,279.9000,339.6000,279.9000
338.6000,221.9000,379.4000,221.9000,379.4000,283.1000,338.6000,283.1000
339.7000,221.7000,379.3000,221.7000,379.3000,285.3000,339.7000,285.3000
341.1000,221.9000,375.9000,221.9000,375.9000,283.1000,341.1000,283.1000
341.1000,224.0000,375.9000,224.0000,375.9000,284.0000,341.1000,284.0000
345.1000,228.6000,379.9000,228.6000,379.9000,281.4000,345.1000,281.4000
321.6000,239.7000,362.4000,239.7000,362.4000,291.3000,321.6000,291.3000
299.4000,225.9000,354.6000,225.9000,354.6000,263.1000,299.4000,263.1000
293.0000,231.9000,353.0000,231.9000,353.0000,269.1000,293.0000,269.1000
291.6000,238.2000,356.4000,238.2000,356.4000,271.8000,291.6000,271.8000
290.4000,240.2000,357.6000,240.2000,357.6000,273.8000,290.4000,273.8000
310.9000,234.7000,372.1000,234.7000,372.1000,274.3000,310.9000,274.3000
311.1000,234.6000,369.9000,234.6000,369.9000,275.4000,311.1000,275.4000
349.6000,251.7000,414.4000,251.7000,414.4000,291.3000,349.6000,291.3000
348.5000,253.8000,414.5000,253.8000,414.5000,292.2000,348.5000,292.2000
350.4000,259.8000,417.6000,259.8000,417.6000,298.2000,350.4000,298.2000
349.2000,258.8000,418.8000,258.8000,418.8000,297.2000,349.2000,297.2000
360.5000,259.5000,426.5000,259.5000,426.5000,301.5000,360.5000,301.5000
366.3000,261.8000,434.7000,261.8000,434.7000,300.2000,366.3000,300.2000
369.3000,262.7000,437.7000,262.7000,437.7000,302.3000,369.3000,302.3000
2
0
0
0
0
1
349.7000,228.6000,389.3000,228.6000,389.3000,269.4000,349.7000,269.4000
344.7000,230.6000,384.3000,230.6000,384.3000,271.4000,344.7000,271.4000
343.6000,230.5000,384.4000,230.5000,384.4000,272.5000,343.6000,272.5000
365.8000,212.7000,404.2000,212.7000,404.2000,252.3000,365.8000,252.3000
364.9000,213.6000,402.1000,213.6000,402.1000,254.4000,364.9000,254.4000
367.0000,211.9000,403.0000,211.9000,403.0000,249.1000,367.0000,249.1000
364.9000,212.9000,402.1000,212.9000,402.1000,250.1000,364.9000,250.1000
364.9000,214.2000,402.1000,214.2000,402.1000,247.8000,364.9000,247.8000
2
0
0
0
0
1
354.3000,236.2000,386.7000,236.2000,386.7000,269.8000,354.3000,269.8000
357.4000,231.9000,388.6000,231.9000,388.6000,269.1000,357.4000,269.1000
355.2000,234.1000,388.8000,234.1000,388.8000,268.9000,355.2000,268.9000
354.1000,237.2000,388.9000,237.2000,388.9000,270.8000,354.1000,270.8000
372.4000,248.5000,403.6000,248.5000,403.6000,278.5000,372.4000,278.5000
376.9000,251.0000,402.1000,251.0000,402.1000,275.0000,376.9000,275.0000
378.3000,253.4000,398.7000,253.4000,398.7000,272.6000,378.3000,272.6000
383.7000,259.8000,399.3000,259.8000,399.3000,274.2000,383.7000,274.2000
394.9000,252.0000,408.1000,252.0000,408.1000,264.0000,394.9000,264.0000
388.2000,256.9000,397.8000,256.9000,397.8000,270.1000,388.2000,270.1000
389.2000,257.7000,398.8000,257.7000,398.8000,273.3000,389.2000,273.3000
390.1000,258.8000,400.9000,258.8000,400.9000,273.2000,390.1000,273.2000
391.2000,259.9000,400.8000,259.9000,400.8000,273.1000,391.2000,273.1000
392.2000,259.9000,401.8000,259.9000,401.8000,273.1000,392.2000,273.1000
393.2000,258.8000,402.8000,258.8000,402.8000,273.2000,393.2000,273.2000
394.1000,261.0000,404.9000,261.0000,404.9000,273.0000,394.1000,273.0000
393.8000,243.9000,408.2000,243.9000,408.2000,257.1000,393.8000,257.1000
398.4000,236.5000,417.6000,236.5000,417.6000,254.5000,398.4000,254.5000
397.3000,246.8000,417.7000,246.8000,417.7000,261.2000,397.3000,261.2000
392.3000,257.8000,412.7000,257.8000,412.7000,272.2000,392.3000,272.2000
397.1000,267.9000,419.9000,267.9000,419.9000,281.1000,397.1000,281.1000
402.4000,260.9000,421.6000,260.9000,421.6000,274.1000,402.4000,274.1000
409.9000,261.0000,423.1000,261.0000,423.1000,273.0000,409.9000,273.0000
410.1000,259.9000,420.9000,259.9000,420.9000,273.1000,410.1000,273.1000
410.1000,258.8000,420.9000,258.8000,420.9000,273.2000,410.1000,273.2000
409.8000,260.0000,424.2000,260.0000,424.2000,272.0000,409.8000,272.0000
412.1000,260.1000,422.9000,260.1000,422.9000,270.9000,412.1000,270.9000
412.1000,260.1000,422.9000,260.1000,422.9000,270.9000,412.1000,270.9000
414.0000,259.1000,426.0000,259.1000,426.0000,269.9000,414.0000,269.9000
414.0000,259.1000,426.0000,259.1000,426.0000,269.9000,414.0000,269.9000
416.1000,256.1000,426.9000,256.1000,426.9000,266.9000,416.1000,266.9000
414.0000,254.1000,426.0000,254.1000,426.0000,264.9000,414.0000,264.9000
414.0000,254.1000,426.0000,254.1000,426.0000,264.9000,414.0000,264.9000
414.2000,254.0000,423.8000,254.0000,423.8000,266.0000,414.2000,266.0000
412.2000,256.2000,421.8000,256.2000,421.8000,265.8000,412.2000,265.8000
413.2000,256.2000,422.8000,256.2000,422.8000,265.8000,413.2000,265.8000
412.2000,258.1000,421.8000,258.1000,421.8000,268.9000,412.2000,268.9000
410.1000,259.1000,420.9000,259.1000,420.9000,269.9000,410.1000,269.9000
411.2000,259.1000,420.8000,259.1000,420.8000,269.9000,411.2000,269.9000
412.1000,256.1000,422.9000,256.1000,422.9000,266.9000,412.1000,266.9000
412.1000,257.2000,422.9000,257.2000,422.9000,266.8000,412.1000,266.8000
411.2000,258.1000,420.8000,258.1000,420.8000,268.9000,411.2000,268.9000
412.0000,256.9000,424.0000,256.9000,424.0000,270.1000,412.0000,270.1000
410.8000,255.9000,425.2000,255.9000,425.2000,269.1000,410.8000,269.1000
410.9000,259.0000,424.1000,259.0000,424.1000,271.0000,410.9000,271.0000
411.9000,254.8000,425.1000,254.8000,425.1000,269.2000,411.9000,269.2000
412.0000,256.9000,424.0000,256.9000,424.0000,270.1000,412.0000,270.1000
411.0000,256.0000,423.0000,256.0000,423.0000,268.0000,411.0000,268.0000
405.0000,251.9000,417.0000,251.9000,417.0000,265.1000,405.0000,265.1000
411.1000,254.2000,421.9000,254.2000,421.9000,263.8000,411.1000,263.8000
414.1000,250.1000,424.9000,250.1000,424.9000,260.9000,414.1000,260.9000
408.8000,247.9000,423.2000,247.9000,423.2000,261.1000,408.8000,261.1000
397.9000,254.0000,411.1000,254.0000,411.1000,266.0000,397.9000,266.0000
392.1000,258.2000,402.9000,258.2000,402.9000,267.8000,392.1000,267.8000
391.2000,258.0000,400.8000,258.0000,400.8000,270.0000,391.2000,270.0000
388.1000,255.9000,398.9000,255.9000,398.9000,269.1000,388.1000,269.1000
388.1000,255.9000,398.9000,255.9000,398.9000,269.1000,388.1000,269.1000
388.1000,256.0000,398.9000,256.0000,398.9000,268.0000,388.1000,268.0000
387.2000,258.1000,396.8000,258.1000,396.8000,268.9000,387.2000,268.9000
388.2000,259.2000,397.8000,259.2000,397.8000,268.8000,388.2000,268.8000
386.1000,257.1000,396.9000,257.1000,396.9000,267.9000,386.1000,267.9000
385.0000,257.1000,397.0000,257.1000,397.0000,267.9000,385.0000,267.9000
392.0000,256.1000,404.0000,256.1000,404.0000,266.9000,392.0000,266.9000
385.2000,255.1000,394.8000,255.1000,394.8000,265.9000,385.2000,265.9000
385.1000,254.2000,395.9000,254.2000,395.9000,263.8000,385.1000,263.8000
