1
701.0272,243.0888,33.0000,71.0000
698.1888,242.3087,33.0000,71.0000
698.1888,242.3087,33.0000,71.0000
696.1232,241.6454,31.7186,68.2430
696.1232,241.6454,31.7186,68.2430
696.1232,241.6454,31.7186,68.2430
690.1232,239.4633,31.7186,68.2430
690.1232,239.4633,31.7186,68.2430
690.1232,239.4633,31.7186,68.2430
683.4434,236.8152,32.3529,69.6078
683.4434,236.8152,32.3529,69.6078
677.6616,242.2642,32.3529,69.6078
669.7549,246.4746,31.7186,68.2430
669.7549,246.4746,31.7186,68.2430
664.8118,245.9496,31.7186,68.2430
664.8118,245.9496,31.7186,68.2430
655.5753,245.4264,31.0966,66.9049
655.5753,245.4264,31.0966,66.9049
646.6763,246.7441,30.4869,65.5930
646.6763,246.7441,30.4869,65.5930
639.5870,245.9375,30.4869,65.5930
639.5870,245.9375,30.4869,65.5930
632.0792,245.6902,30.4869,65.5930
632.0792,245.6902,30.4869,65.5930
624.5242,244.2136,31.0966,66.9049
624.5242,244.2136,31.0966,66.9049
618.0052,243.6273,31.7186,68.2430
618.0052,243.6273,31.7186,68.2430
612.1834,244.1524,32.3529,69.6078
612.1834,244.1524,32.3529,69.6078
605.4763,245.2661,31.0966,66.9049
605.4763,245.2661,31.0966,66.9049
599.3588,243.8690,31.0966,66.9049
599.3588,243.8690,31.0966,66.9049
596.2716,243.6955,29.8891,64.3069
596.2716,243.6955,29.8891,64.3069
590.5269,244.6956,29.8891,64.3069
590.5269,244.6956,29.8891,64.3069
583.1104,245.5265,30.4869,65.5930
583.1104,245.5265,30.4869,65.5930
574.9407,245.0148,31.0966,66.9049
574.9407,245.0148,31.0966,66.9049
567.7531,246.7168,31.0966,66.9049
567.7531,246.7168,31.0966,66.9049
561.5434,245.8453,31.0966,66.9049
561.5434,245.8453,31.0966,66.9049
554.2870,245.7497,30.4869,65.5930
554.2870,245.7497,30.4869,65.5930
546.7197,246.2992,30.4869,65.5930
546.7197,246.2992,30.4869,65.5930
543.2199,245.3815,30.4869,65.5930
543.2199,245.3815,30.4869,65.5930
539.9801,245.2469,30.4869,65.5930
539.9801,245.2469,30.4869,65.5930
537.3079,244.6246,30.4869,65.5930
537.3079,244.6246,30.4869,65.5930
535.5502,246.0164,29.8891,64.3069
535.5502,246.0164,29.8891,64.3069
534.3383,246.6208,29.8891,64.3069
534.3383,246.6208,29.8891,64.3069
533.5787,246.5186,29.3031,63.0460
533.5787,246.5186,29.3031,63.0460
531.9332,245.2819,29.8891,64.3069
531.9332,245.2819,29.8891,64.3069
531.9214,244.5819,29.8891,64.3069
531.9214,244.5819,29.8891,64.3069
529.8561,245.5839,29.3031,63.0460
529.8561,245.5839,29.3031,63.0460
527.3260,245.0183,29.3031,63.0460
527.3916,243.8520,29.3031,63.0460
527.3916,243.8520,29.3031,63.0460
527.5148,242.3379,28.7285,61.8098
527.5148,242.3379,28.7285,61.8098
528.3618,242.3117,28.7285,61.8098
528.3618,242.3117,28.7285,61.8098
528.6747,242.0836,28.7285,61.8098
528.6747,242.0836,28.7285,61.8098
531.9320,242.6740,28.1652,60.5978
531.9320,242.6740,28.1652,60.5978
536.1389,243.6875,28.1652,60.5978
536.1389,243.6875,28.1652,60.5978
537.6672,244.4914,28.1652,60.5978
537.6672,244.4914,28.1652,60.5978
540.9528,244.3840,28.1652,60.5978
540.9528,244.3840,28.1652,60.5978
544.7562,245.1089,28.1652,60.5978
544.7562,245.1089,28.1652,60.5978
549.5078,245.3446,28.1652,60.5978
555.3181,244.4262,28.1652,60.5978
555.3181,244.4262,28.1652,60.5978
558.3519,244.7137,27.6129,59.4096
558.3519,244.7137,27.6129,59.4096
563.3021,245.6005,27.6129,59.4096
563.3021,245.6005,27.6129,59.4096
569.9094,244.7622,27.6129,59.4096
569.9094,244.7622,27.6129,59.4096
575.8834,244.2340,27.0715,58.2447
575.8834,244.2340,27.0715,58.2447
579.2480,243.9289,27.0715,58.2447
579.2480,243.9289,27.0715,58.2447
583.0466,243.0089,27.6129,59.4096
583.0466,243.0089,27.6129,59.4096
586.1236,243.6902,27.6129,59.4096
586.1236,243.6902,27.6129,59.4096
588.4013,243.5284,28.1652,60.5978
588.4013,243.5284,28.1652,60.5978
590.7756,244.8007,27.6129,59.4096
590.7756,244.8007,27.6129,59.4096
592.6816,245.6754,27.0715,58.2447
592.6816,245.6754,27.0715,58.2447
595.8573,244.9141,27.0715,58.2447
595.8573,244.9141,27.0715,58.2447
597.2468,243.1935,27.0715,58.2447
597.2468,243.1935,27.0715,58.2447
596.2874,241.7701,27.0715,58.2447
588.6543,239.0960,27.0715,58.2447
588.6543,239.0960,27.0715,58.2447
582.7935,238.5682,27.6129,59.4096
582.7935,238.5682,27.6129,59.4096
572.3340,235.9734,27.6129,59.4096
572.3340,235.9734,27.6129,59.4096
559.4589,233.7105,28.1652,60.5978
559.4589,233.7105,28.1652,60.5978
546.7588,234.0693,28.1652,60.5978
546.7588,234.0693,28.1652,60.5978
531.7318,234.0417,28.1652,60.5978
531.7318,234.0417,28.1652,60.5978
517.3336,232.9290,27.6129,59.4096
517.3336,232.9290,27.6129,59.4096
499.8514,233.9522,27.6129,59.4096
499.8514,233.9522,27.6129,59.4096
480.4292,233.6290,27.6129,59.4096
480.4292,233.6290,27.6129,59.4096
457.4171,238.5722,27.6129,59.4096
457.4171,238.5722,27.6129,59.4096
434.4429,243.6599,27.0715,58.2447
434.4429,243.6599,27.0715,58.2447
2
0
0
0
0
1
289.7626,255.7791,28.0000,36.0000
271.7978,258.8712,26.9127,34.6021
271.7978,258.8712,26.9127,34.6021
251.2558,257.3116,28.0000,36.0000
0
0
2
0
0
0
0
1
92.6100,255.4516,30.0000,43.0000
84.8903,255.7618,30.0000,43.0000
84.8903,255.7618,30.0000,43.0000
80.0519,256.2681,31.8362,45.6319
80.0519,256.2681,31.8362,45.6319
80.0519,256.2681,31.8362,45.6319
78.8411,257.3377,32.4730,46.5446
81.4412,259.7125,33.7849,48.4250
81.4412,259.7125,33.7849,48.4250
85.6884,260.1021,34.4606,49.3935
85.6884,260.1021,34.4606,49.3935
91.9174,264.8051,35.8528,51.3890
91.9174,264.8051,35.8528,51.3890
92.7776,266.6909,35.8528,51.3890
93.4841,265.8359,35.8528,51.3890
93.4841,265.8359,35.8528,51.3890
93.0784,265.6550,35.8528,51.3890
93.0784,265.6550,35.8528,51.3890
95.7191,266.8522,37.3012,53.4651
95.7191,266.8522,37.3012,53.4651
103.5379,269.2654,37.3012,53.4651
111.8119,269.5730,37.3012,53.4651
111.8119,269.5730,37.3012,53.4651
118.7208,267.7922,35.8528,51.3890
118.7208,267.7922,35.8528,51.3890
136.1485,266.9195,34.4606,49.3935
158.1676,264.3809,33.7849,48.4250
158.1676,264.3809,33.7849,48.4250
167.3808,263.7914,35.1498,50.3814
167.3808,263.7914,35.1498,50.3814
184.8671,263.0826,35.8528,51.3890
202.1192,265.5815,36.5698,52.4168
202.1192,265.5815,36.5698,52.4168
210.3370,266.5265,36.5698,52.4168
210.3370,266.5265,36.5698,52.4168
223.9640,266.9768,36.5698,52.4168
237.3534,267.3708,37.3012,53.4651
237.3534,267.3708,37.3012,53.4651
243.8178,266.3874,36.5698,52.4168
243.8178,266.3874,36.5698,52.4168
256.3572,264.6858,36.5698,52.4168
256.3572,264.6858,36.5698,52.4168
270.4353,262.6819,36.5698,52.4168
285.7287,263.0969,35.8528,51.3890
285.7287,263.0969,35.8528,51.3890
294.6292,263.5920,35.8528,51.3890
294.6292,263.5920,35.8528,51.3890
311.4880,262.4116,37.3012,53.4651
311.4880,262.4116,37.3012,53.4651
326.1476,259.6877,38.0473,54.5344
339.8904,259.1154,38.0473,54.5344
339.8904,259.1154,38.0473,54.5344
349.0650,258.1691,37.3012,53.4651
349.0650,258.1691,37.3012,53.4651
363.1348,260.2917,37.3012,53.4651
363.1348,260.2917,37.3012,53.4651
377.8181,257.0764,37.3012,53.4651
389.9258,257.5036,37.3012,53.4651
389.9258,257.5036,37.3012,53.4651
400.1169,257.7824,37.3012,53.4651
400.1169,257.7824,37.3012,53.4651
415.0775,257.3048,36.5698,52.4168
423.3419,252.4319,36.5698,52.4168
423.3419,252.4319,36.5698,52.4168
432.3217,250.4563,36.5698,52.4168
432.3217,250.4563,36.5698,52.4168
450.3559,255.3073,36.5698,52.4168
467.7710,257.2325,35.8528,51.3890
467.7710,257.2325,35.8528,51.3890
474.2845,258.4722,36.5698,52.4168
474.2845,258.4722,36.5698,52.4168
479.0407,263.7120,36.5698,52.4168
479.0407,263.7120,36.5698,52.4168
478.9297,265.2491,37.3012,53.4651
485.2559,262.4922,37.3012,53.4651
485.2559,262.4922,37.3012,53.4651
486.9583,259.1408,37.3012,53.4651
486.9583,259.1408,37.3012,53.4651
486.1943,258.5153,37.3012,53.4651
485.9792,257.3405,37.3012,53.4651
485.9792,257.3405,37.3012,53.4651
487.5318,258.2388,35.8528,51.3890
488.2762,260.3590,35.1498,50.3814
488.2762,260.3590,35.1498,50.3814
489.8939,261.1238,34.4606,49.3935
489.8939,261.1238,34.4606,49.3935
486.0807,260.8752,34.4606,49.3935
467.1839,259.6973,34.4606,49.3935
467.1839,259.6973,34.4606,49.3935
449.2788,257.8914,35.1498,50.3814
420.9304,254.0876,35.8528,51.3890
420.9304,254.0876,35.8528,51.3890
403.0790,254.3872,35.8528,51.3890
2
378.0654,255.8795,35.8528,51.3890
0
0
0
0
1
292.1627,270.6754,30.0000,47.0000
286.4121,272.3112,27.7154,43.4207
286.4121,272.3112,27.7154,43.4207
283.5873,272.5268,27.7154,43.4207
283.5873,272.5268,27.7154,43.4207
283.5873,272.5268,27.7154,43.4207
274.3628,276.1676,28.2697,44.2892
274.3628,276.1676,28.2697,44.2892
255.6746,286.6523,27.7154,43.4207
255.6746,286.6523,27.7154,43.4207
239.4740,289.8309,27.7154,43.4207
239.4740,289.8309,27.7154,43.4207
217.6511,292.2818,30.0000,47.0000
217.6511,292.2818,30.0000,47.0000
198.7337,296.1378,30.0000,47.0000
198.7337,296.1378,30.0000,47.0000
179.5529,300.2681,30.0000,47.0000
167.0022,301.2063,30.0000,47.0000
167.0022,301.2063,30.0000,47.0000
166.9174,296.7893,29.4118,46.0784
166.9174,296.7893,29.4118,46.0784
157.9098,284.7419,29.4118,46.0784
157.9098,284.7419,29.4118,46.0784
173.6568,287.9742,28.8351,45.1749
173.6568,287.9742,28.8351,45.1749
2
0
0
0
0
1
233.3910,307.1725,32.0000,39.0000
234.2744,307.6070,33.2928,40.5756
234.2744,307.6070,33.2928,40.5756
234.4041,308.1257,33.2928,40.5756
234.4041,308.1257,33.2928,40.5756
234.4041,308.1257,33.2928,40.5756
237.0585,303.3481,35.3306,43.0592
237.0585,303.3481,35.3306,43.0592
240.5593,299.0869,35.3306,43.0592
249.4385,296.9502,34.6378,42.2149
249.4385,296.9502,34.6378,42.2149
256.1802,294.9474,36.0372,43.9203
266.7269,300.0689,36.0372,43.9203
266.7269,300.0689,36.0372,43.9203
272.8818,299.9840,35.3306,43.0592
272.8818,299.9840,35.3306,43.0592
2
0
0
0
0
1
341.8503,294.5838,41.0000,47.0000
345.9174,296.5041,41.0000,47.0000
345.9174,296.5041,41.0000,47.0000
349.9412,299.8390,41.0000,47.0000
349.9412,299.8390,41.0000,47.0000
349.9412,299.8390,41.0000,47.0000
354.3094,299.9713,42.6564,48.8988
354.3094,299.9713,42.6564,48.8988
344.5048,295.6572,41.0000,47.0000
344.5048,295.6572,41.0000,47.0000
343.5316,291.8809,40.1961,46.0784
343.5316,291.8809,40.1961,46.0784
352.9095,286.2753,40.1961,46.0784
352.9095,286.2753,40.1961,46.0784
364.7085,286.2364,40.1961,46.0784
364.7085,286.2364,40.1961,46.0784
373.4482,283.9847,41.0000,47.0000
373.4482,283.9847,41.0000,47.0000
376.4143,285.1177,40.1961,46.0784
376.4143,285.1177,40.1961,46.0784
377.5001,285.5258,40.1961,46.0784
377.5001,285.5258,40.1961,46.0784
379.1645,284.9870,40.1961,46.0784
379.1645,284.9870,40.1961,46.0784
379.4793,281.7705,38.6352,44.2892
379.4793,281.7705,38.6352,44.2892
381.1098,280.6805,39.4079,45.1749
381.1098,280.6805,39.4079,45.1749
381.3217,278.6386,37.8777,43.4207
381.3217,278.6386,37.8777,43.4207
377.5039,285.4001,37.8777,43.4207
377.5039,285.4001,37.8777,43.4207
374.4912,287.7654,37.8777,43.4207
374.4912,287.7654,37.8777,43.4207
371.3313,288.0127,37.8777,43.4207
371.3313,288.0127,37.8777,43.4207
367.1069,295.2864,37.1350,42.5693
367.1069,295.2864,37.1350,42.5693
359.2112,295.9913,37.1350,42.5693
359.2112,295.9913,37.1350,42.5693
355.1551,295.9646,37.1350,42.5693
355.1551,295.9646,37.1350,42.5693
349.1765,294.8389,37.1350,42.5693
341.7313,293.7047,37.8777,43.4207
341.7313,293.7047,37.8777,43.4207
336.7952,293.0995,37.8777,43.4207
336.7952,293.0995,37.8777,43.4207
326.8707,290.9396,37.1350,42.5693
326.8707,290.9396,37.1350,42.5693
311.1608,283.5077,37.8777,43.4207
2
292.2237,282.3633,37.8777,43.4207
0
0
0
0
1
207.7156,294.3219,33.0000,23.0000
197.8733,293.4050,33.0000,23.0000
197.8733,293.4050,33.0000,23.0000
189.8192,293.4177,33.0000,23.0000
189.8192,293.4177,33.0000,23.0000
189.8192,293.4177,33.0000,23.0000
183.5794,292.5236,33.0000,23.0000
183.5794,292.5236,33.0000,23.0000
183.5794,292.5236,33.0000,23.0000
164.7731,296.4037,33.0000,23.0000
164.7731,296.4037,33.0000,23.0000
161.6341,296.2634,34.3332,23.9292
161.6341,296.2634,34.3332,23.9292
2
0
0
0
0
1
135.7290,294.8734,28.0000,57.0000
135.3981,292.8523,29.7138,60.4889
135.3981,292.8523,29.7138,60.4889
136.0769,294.0312,29.1312,59.3028
136.0769,294.0312,29.1312,59.3028
136.0769,294.0312,29.1312,59.3028
135.9910,297.8472,28.0000,57.0000
135.9910,297.8472,28.0000,57.0000
135.6839,294.1091,27.4510,55.8824
135.6839,294.1091,27.4510,55.8824
139.8246,287.0971,25.8677,52.6592
154.3089,310.7536,25.3605,51.6267
154.3089,310.7536,25.3605,51.6267
158.2135,310.6062,24.8632,50.6144
158.2135,310.6062,24.8632,50.6144
159.1960,310.2358,25.3605,51.6267
152.3139,308.4069,25.3605,51.6267
