1.9068
0.31208
0.19005
0.17662
0.27031
0.21823
0.19028
0.19472
0.13891
0.11984
0.12783
0.11937
0.11405
0.12415
0.13675
0.11543
0.11525
0.11486
0.114
0.11489
0.13354
0.11348
0.11681
0.12693
0.11531
0.11554
0.13331
0.11688
0.11492
0.11501
0.13094
0.11603
0.14251
0.11619
0.11716
0.11348
0.11625
0.11521
0.13323
0.1141
0.11738
0.11476
0.12959
0.11678
0.1339
0.11929
0.11922
0.11542
0.11503
0.11449
0.13584
0.13328
0.12636
0.11621
0.11485
0.11522
0.23358
0.11457
0.11488
0.11738
0.11749
0.11589
0.13382
0.12286
0.11579
0.11763
0.11631
0.11614
0.13106
0.1193
0.13473
0.11483
0.12194
0.11355
0.13397
0.12005
0.12703
0.11465
0.11727
0.11885
0.13292
0.11466
0.14196
0.14637
0.13488
0.11403
0.13802
0.11473
0.12103
0.11707
0.12119
0.14444
0.1607
0.12731
0.12041
0.11921
0.1188
0.12013
0.14213
0.12394
0.14069
0.12993
0.1194
0.11785
0.14129
0.11845
0.11598
0.12068
0.12968
0.11429
0.13321
0.12097
0.13053
0.11952
0.11732
0.11877
0.1871
0.17384
0.12782
0.11546
0.12369
0.11683
0.13715
0.119
0.12755
0.12432
0.17978
0.12179
0.1348
0.16547
0.16812
0.14831
0.12173
0.12457
0.14457
0.13207
0.12739
0.11898
0.12341
0.11724
0.13748
0.11676
0.11817
0.1244
0.12452
0.11609
0.1365
0.11639
0.11475
0.11449
0.11429
0.11415
0.15388
0.12231
0.11621
0.11586
0.11744
0.11464
0.13331
0.11482
0.11502
0.11748
0.13194
0.11737
0.13972
0.11951
0.12011
0.11808
0.11534
0.11607
0.13534
0.11441
0.12229
0.11354
0.11528
0.12748
0.14234
0.12244
0.12477
0.13589
0.11731
0.12387
0.1353
0.11603
0.12114
0.12023
0.11714
0.12184
0.1345
0.11517
0.11772
0.11691
0.11545
0.1167
0.13616
0.11797
0.11523
0.11724
0.1322
0.13553
0.16074
0.12376
0.12088
0.11863
0.12042
0.15922
0.14055
0.11705
0.11605
0.12476
0.13764
0.12548
0.14754
0.11492
0.12047
0.12144
0.11789
0.11472
0.15596
0.11785
0.11523
0.1235
0.13523
0.12011
0.136
0.11858
0.11662
0.11906
0.12297
0.11414
0.13486
0.11653
0.11767
0.1225
0.11564
0.11951
0.13763
0.1213
0.1161
0.11817
0.12071
0.11621
0.13548
0.1204
0.11833
0.11446
0.11638
0.1157
0.13153
0.11674
0.12221
0.13842
0.13814
0.11767
0.14041
0.12492
0.116
0.12048
0.11932
0.11998
0.1374
0.11827
0.11782
0.11989
0.14501
0.12812
0.13782
0.12247
0.11558
0.11567
0.11887
0.12147
0.14099
0.12109
0.11487
0.11646
0.11666
0.12293
0.136
0.15911
0.11574
0.12154
0.12498
0.115
0.13486
0.11812
0.11709
0.11696
0.11744
0.11712
0.13322
0.12344
0.11803
0.1159
0.1243
0.11953
0.1409
0.11838
0.11723
0.1176
0.12392
0.12101
0.13803
0.13143
0.12918
0.11721
0.1191
0.1217
0.13541
0.1281
0.12064
0.12427
0.12709
0.12096
0.13434
0.1155
0.11634
0.11782
0.12128
0.11625
0.13903
0.11754
0.12089
0.11632
0.11691
0.12364
0.14168
0.12688
0.13337
0.13181
0.11811
0.11987
0.13717
0.11876
0.14071
0.11879
0.25645
0.12482
0.15543
0.15694
0.17711
0.15477
0.12684
0.12044
0.13645
